GS01,92/01/01,177,196,210,218,220,218,213,209,207,210,217,225,232,236,235,227,212,190,166,145,131,127,132,145
GS01,92/01/02,165,187,207,222,230,229,224,216,208,204,206,213,222,231,237,236,225,204,178,152,131,119,117,127
GS01,92/01/03,145,170,196,217,232,237,234,224,213,204,201,205,214,226,237,242,237,221,195,166,139,118,108,110
GS01,92/01/04,126,150,178,204,225,236,237,229,216,203,195,193,200,213,228,239,240,230,209,180,149,122,103,98
GS01,92/01/05,107,128,157,187,212,228,233,228,215,200,188,183,187,199,215,230,239,236,221,195,164,133,108,96
GS01,92/01/06,97,112,138,168,196,219,230,229,219,203,186,175,174,183,199,218,232,237,229,210,183,151,122,103
GS01,92/01/07,98,108,129,158,188,213,228,233,226,212,194,180,173,177,190,209,227,237,236,222,199,170,140,117
GS01,92/01/08,106,109,124,148,177,203,222,230,227,215,197,180,168,166,174,190,208,221,225,218,202,178,150,125
GS01,92/01/09,109,105,114,133,159,188,212,226,228,221,206,189,175,169,174,187,205,221,231,231,221,202,178,154
GS01,92/01/10,136,128,130,143,164,190,213,228,233,229,215,198,181,169,166,171,183,198,210,215,213,202,184,164
GS01,92/01/11,145,132,129,136,152,174,196,214,223,223,213,197,178,162,154,155,162,175,188,199,204,200,189,174
GS01,92/01/12,158,146,140,143,153,170,190,207,219,223,218,206,189,172,160,154,155,162,172,183,191,195,193,186
GS01,92/01/13,176,166,160,159,164,175,189,205,218,225,225,218,205,189,174,162,156,154,159,168,179,188,194,197
GS01,92/01/14,196,191,186,184,184,190,199,210,219,226,228,224,214,200,184,167,153,143,139,141,149,160,171,180
GS01,92/01/15,186,189,188,185,182,182,186,191,200,207,211,212,209,201,188,172,153,136,124,118,121,130,144,161
GS01,92/01/16,177,190,197,200,199,197,195,194,196,201,207,213,216,215,209,195,176,154,133,118,111,113,126,146
GS01,92/01/17,170,191,209,220,224,224,219,213,209,209,213,220,228,235,237,231,215,190,162,135,117,108,111,127
GS01,92/01/18,152,181,208,229,241,243,237,227,216,207,205,209,219,232,242,243,233,212,180,145,114,92,83,90
GS01,92/01/19,111,141,175,204,225,234,233,224,209,196,187,187,195,210,226,237,238,225,200,164,127,94,73,68
GS01,92/01/20,79,106,142,179,209,228,234,228,212,194,179,172,175,190,211,231,244,243,227,198,160,122,89,72
GS01,92/01/21,72,90,121,158,193,221,236,235,222,202,182,167,164,174,193,218,239,251,248,230,200,163,126,100
GS01,92/01/22,88,95,118,152,189,222,244,251,243,225,203,183,171,172,186,208,233,253,262,257,237,205,169,137
GS01,92/01/23,116,111,123,147,178,211,237,250,247,232,210,187,168,160,166,183,206,230,246,251,244,225,195,163
GS01,92/01/24,139,127,129,144,170,199,225,242,245,235,216,191,168,153,150,157,174,194,213,226,229,221,204,183
GS01,92/01/25,162,147,142,150,168,191,215,233,240,236,222,201,177,158,148,147,156,172,188,202,211,213,206,194
GS01,92/01/26,181,169,162,164,174,191,211,227,237,238,229,212,191,170,155,148,149,157,168,180,191,199,201,199
GS01,92/01/27,193,187,182,182,186,197,211,225,234,238,235,224,209,192,175,162,155,154,157,164,173,182,189,194
GS01,92/01/28,195,195,193,192,192,196,203,211,219,224,224,219,209,196,181,167,155,146,142,143,147,156,166,176
GS01,92/01/29,186,194,200,203,202,204,208,214,219,224,226,224,218,209,198,184,169,154,141,133,131,135,145,158
GS01,92/01/30,173,187,199,206,209,208,206,204,204,205,209,212,215,215,211,202,188,171,154,139,129,127,134,147
GS01,92/01/31,165,185,203,216,222,223,219,213,208,206,208,213,220,225,228,225,215,198,176,156,141,132,133,145
GS01,92/02/01,165,190,216,236,246,247,241,231,221,212,210,214,223,234,242,243,237,221,197,170,145,127,119,122
GS01,92/02/02,137,160,185,207,223,229,227,217,204,191,185,185,194,207,220,230,230,220,199,172,143,119,105,103
GS01,92/02/03,115,138,166,193,215,227,229,221,207,191,180,177,184,197,214,230,238,234,219,195,166,138,119,112
GS01,92/02/04,119,139,167,197,222,239,247,242,228,209,192,182,183,194,211,230,243,245,234,212,184,154,127,111
GS01,92/02/05,109,122,146,175,203,224,234,232,218,199,179,166,162,170,187,209,229,240,238,224,199,169,140,120
GS01,92/02/06,111,118,137,165,193,218,233,235,223,204,181,162,153,156,171,193,216,232,238,231,212,185,157,134
GS01,92/02/07,121,123,138,162,191,218,236,242,234,216,193,171,156,152,161,179,201,221,233,232,220,198,171,147
GS01,92/02/08,132,128,137,156,181,206,225,235,231,217,195,172,153,145,147,161,182,202,218,224,219,204,184,163
GS01,92/02/09,146,139,142,155,175,198,218,230,230,219,200,178,156,141,136,142,157,176,194,206,210,205,193,177
GS01,92/02/10,162,152,151,159,174,193,212,225,229,223,210,191,169,151,140,139,148,163,180,195,205,207,203,194
GS01,92/02/11,183,175,171,173,181,195,209,221,227,225,215,199,178,158,142,134,134,140,151,164,176,184,189,189
GS01,92/02/12,185,180,178,179,183,192,203,214,221,222,219,209,194,177,160,147,139,136,139,147,158,170,181,189
GS01,92/02/13,195,197,198,197,198,201,206,211,216,220,220,217,208,196,180,164,148,136,129,128,133,144,159,174
GS01,92/02/14,187,197,205,208,208,207,207,206,207,209,212,214,213,208,198,182,164,143,125,112,107,111,123,142
GS01,92/02/15,163,182,198,207,211,209,203,196,195,191,197,201,209,214,212,203,188,165,140,118,103,98,105,123
GS01,92/02/16,149,178,204,222,232,232,225,215,205,198,198,205,217,229,238,239,230,208,177,144,116,96,90,98
GS01,92/02/17,119,149,181,207,223,227,221,206,188,174,167,170,182,199,217,231,234,223,198,164,129,100,84,83
GS01,92/02/18,98,127,162,197,222,234,233,218,199,9999,9999,9999,9999,188,209,232,248,249,235,206,170,134,107,94
GS01,92/02/19,98,120,154,190,221,240,244,234,211,184,161,147,146,160,184,212,236,249,247,229,199,162,129,106
GS01,92/02/20,100,111,138,171,204,229,240,235,217,190,162,141,132,139,158,185,214,236,244,239,219,190,158,132
GS01,92/02/21,118,120,137,165,196,224,240,241,227,202,173,147,130,127,138,160,188,213,230,235,228,208,182,157
GS01,92/02/22,140,135,144,163,189,215,234,240,232,211,183,154,131,119,121,135,158,182,203,216,217,208,191,171
GS01,92/02/23,155,146,149,161,182,204,223,232,230,215,192,166,141,124,119,124,138,158,178,195,204,204,197,185
GS01,92/02/24,173,166,165,172,186,205,222,233,235,227,211,190,168,149,138,136,143,155,170,185,196,202,203,199
GS01,92/02/25,192,186,183,185,192,203,215,224,228,224,213,196,177,159,145,136,134,138,146,156,166,174,180,183
GS01,92/02/26,183,182,182,183,187,193,201,208,211,211,206,196,183,169,156,145,137,133,134,138,145,154,163,171
GS01,92/02/27,179,185,189,190,191,194,197,200,203,205,204,202,197,189,178,166,155,144,137,134,136,142,152,164
GS01,92/02/28,176,187,195,199,199,197,194,192,191,191,193,194,193,191,186,176,163,149,136,125,120,122,130,144
GS01,92/02/29,161,180,194,203,207,205,200,194,191,190,191,195,202,207,208,203,193,178,160,144,131,126,130,141
GS01,92/03/01,159,181,201,215,221,220,213,202,192,186,185,190,199,209,217,219,212,197,176,153,133,120,118,126
GS01,92/03/02,143,166,189,208,218,218,210,196,181,169,164,169,180,195,209,219,219,209,189,165,140,122,113,117
GS01,92/03/03,132,155,182,205,221,226,219,205,186,169,159,159,170,187,207,223,230,225,209,184,156,131,115,112
GS01,92/03/04,122,144,170,196,215,224,220,206,184,162,146,141,148,166,189,211,226,230,220,199,171,144,123,115
GS01,92/03/05,120,138,165,193,218,232,233,221,200,175,154,143,145,160,185,213,236,248,247,232,209,182,158,143
GS01,92/03/06,143,156,180,208,234,252,257,247,226,198,170,151,145,154,174,201,227,245,250,241,221,194,167,147
GS01,92/03/07,140,146,164,190,215,235,244,238,218,191,162,138,126,128,143,169,197,221,234,234,220,198,174,153
GS01,92/03/08,141,142,156,177,201,222,236,236,221,196,166,139,122,117,126,146,173,200,219,227,222,207,187,167
GS01,92/03/09,153,149,156,172,193,214,229,232,223,204,177,150,129,117,118,132,154,179,201,216,221,214,202,187
GS01,92/03/10,175,170,173,185,202,220,235,242,238,223,201,175,152,134,126,130,144,164,185,202,213,214,210,201
GS01,92/03/11,191,185,184,189,199,212,225,233,233,224,208,187,164,144,130,125,129,140,156,173,187,196,200,199
GS01,92/03/12,195,192,190,190,194,202,211,218,221,219,210,196,179,160,143,131,126,127,134,146,160,174,186,193
GS01,92/03/13,198,200,200,198,199,201,205,209,212,212,210,205,195,182,167,152,139,130,126,130,139,153,169,184
GS01,92/03/14,197,206,211,211,208,206,203,202,202,204,206,207,207,202,192,178,161,145,131,122,121,129,144,163
GS01,92/03/15,183,201,214,221,221,215,207,199,195,194,198,206,215,221,222,215,200,180,157,137,126,125,135,154
GS01,92/03/16,179,203,223,235,237,229,216,201,187,179,180,189,203,218,229,232,223,204,177,149,126,112,111,123
GS01,92/03/17,146,174,200,219,227,223,209,189,168,153,147,152,167,189,210,224,228,218,197,167,137,113,101,105
GS01,92/03/18,123,152,183,209,224,226,215,194,169,147,134,134,148,173,202,228,244,246,233,206,175,145,125,118
GS01,92/03/19,128,150,179,207,227,234,225,203,174,144,121,112,117,136,165,195,220,233,231,214,188,159,134,120
GS01,92/03/20,121,138,164,192,216,229,227,210,183,151,123,105,102,115,139,170,200,221,230,225,209,184,159,141
GS01,92/03/21,136,146,167,193,218,236,241,231,208,178,147,124,112,114,129,152,180,205,222,225,216,198,177,158
GS01,92/03/22,148,149,160,179,200,218,227,222,204,177,146,118,99,93,101,121,147,175,196,209,210,201,185,169
GS01,92/03/23,157,153,159,173,191,208,219,219,207,186,159,132,111,99,99,111,131,155,179,195,203,203,196,186
GS01,92/03/24,176,172,175,184,198,213,225,229,223,208,186,162,140,124,118,121,132,149,167,183,195,200,199,195
GS01,92/03/25,189,185,184,188,198,210,220,225,225,216,202,183,164,148,137,134,137,146,159,173,186,195,200,201
GS01,92/03/26,200,199,198,197,200,206,213,218,218,214,205,193,178,163,150,141,137,139,144,152,162,171,179,185
GS01,92/03/27,190,193,193,193,192,193,195,197,198,197,195,189,181,171,161,151,142,136,134,136,143,151,162,173
GS01,92/03/28,184,191,194,195,193,190,188,186,185,186,187,187,185,182,177,167,156,145,137,133,134,140,150,163
GS01,92/03/29,177,191,200,202,200,195,188,182,178,178,180,185,191,195,196,191,182,169,156,145,140,141,150,165
GS01,92/03/30,184,202,216,222,222,214,203,191,181,177,180,188,199,209,217,217,210,195,177,160,147,141,144,155
GS01,92/03/31,172,192,209,219,220,212,197,180,165,156,156,163,178,195,209,216,214,203,185,165,147,136,134,144
GS01,92/04/01,163,186,207,223,228,223,209,188,167,153,148,154,169,190,211,227,233,229,214,193,171,154,148,152
GS01,92/04/02,167,189,213,233,243,239,225,202,176,154,142,143,157,179,204,226,239,239,227,207,183,161,147,144
GS01,92/04/03,154,174,197,218,231,232,220,197,169,142,123,118,127,147,175,203,224,233,229,213,191,167,148,141
GS01,92/04/04,146,163,185,208,226,231,224,204,176,146,121,109,111,127,155,186,213,232,237,229,212,190,170,159
GS01,92/04/05,158,169,189,213,233,245,244,228,201,170,141,120,113,122,144,174,204,229,241,241,229,209,188,172
GS01,92/04/06,166,171,184,203,223,237,239,229,207,177,145,118,103,103,117,142,172,201,222,230,227,215,198,182
GS01,92/04/07,172,171,180,196,214,229,236,231,215,189,158,130,108,98,101,117,141,169,192,207,212,206,195,181
GS01,92/04/08,171,166,170,180,194,209,219,220,211,193,168,141,117,100,95,103,121,145,169,189,203,208,205,198
GS01,92/04/09,190,184,183,189,199,212,222,228,225,214,197,175,152,133,121,118,124,139,157,177,194,205,208,207
GS01,92/04/10,203,199,196,196,199,205,212,219,220,216,207,192,175,157,143,132,128,133,143,159,177,193,206,214
GS01,92/04/11,218,218,216,213,212,212,214,218,222,224,224,220,211,198,183,167,154,147,146,152,165,181,198,211
GS01,92/04/12,221,227,227,222,215,209,204,202,205,209,215,219,220,217,210,197,182,168,157,152,157,169,183,200
GS01,92/04/13,217,229,234,232,223,211,198,188,183,184,191,201,211,218,219,212,197,179,159,144,137,141,153,172
GS01,92/04/14,194,213,225,228,222,208,190,172,160,157,163,178,196,213,225,228,221,204,182,160,143,138,143,159
GS01,92/04/15,181,204,221,229,226,212,191,168,148,136,136,148,168,193,215,231,234,225,207,182,161,147,145,155
GS01,92/04/16,175,199,221,237,240,229,207,180,153,133,125,131,150,177,207,232,246,248,238,217,193,173,162,163
GS01,92/04/17,177,198,221,240,247,241,221,192,160,132,114,111,122,146,177,208,232,244,242,228,207,184,167,161
GS01,92/04/18,168,185,208,229,242,243,230,206,173,140,115,104,107,125,153,185,214,235,243,238,223,204,185,173
GS01,92/04/19,172,184,203,225,242,249,243,225,196,163,133,113,106,114,135,164,195,220,236,240,232,218,200,185
GS01,92/04/20,179,184,196,214,232,243,243,230,207,176,146,121,107,107,120,144,173,202,222,232,232,222,208,193
GS01,92/04/21,184,182,190,203,219,232,237,231,215,190,161,135,116,108,113,129,152,178,203,219,226,225,217,206
GS01,92/04/22,197,193,195,204,218,232,241,241,232,214,191,168,149,138,138,148,164,184,203,220,230,233,229,220
GS01,92/04/23,211,204,201,204,212,221,229,231,226,214,197,177,156,140,130,130,137,152,169,186,201,209,212,210
GS01,92/04/24,205,200,197,197,200,207,214,220,220,215,206,192,175,159,148,143,146,154,166,181,196,208,216,220
GS01,92/04/25,220,217,212,207,204,205,208,211,213,212,208,201,191,179,168,159,153,153,158,166,177,188,198,206
GS01,92/04/26,210,211,207,202,196,192,190,191,192,195,197,198,196,190,182,173,165,159,158,161,169,180,193,205
GS01,92/04/27,215,220,220,215,206,197,189,186,185,189,195,202,207,209,207,200,190,180,172,169,171,179,191,205
GS01,92/04/28,219,229,232,228,219,205,192,181,176,177,185,196,208,218,222,220,213,201,189,179,175,179,188,203
GS01,92/04/29,219,233,241,241,233,216,197,179,167,164,169,182,199,216,227,231,227,216,200,186,175,173,179,193
GS01,92/04/30,211,229,242,246,240,225,203,181,163,155,159,175,197,222,243,257,260,253,238,221,205,195,194,202
GS01,92/05/01,217,237,252,259,255,241,218,189,162,144,139,147,166,192,219,240,251,251,240,222,202,187,181,186
GS01,92/05/02,200,220,239,253,255,246,224,195,165,139,126,128,145,173,205,235,255,264,260,246,226,208,195,193
GS01,92/05/03,202,219,239,255,263,258,240,211,177,144,121,113,121,144,175,209,237,256,261,254,238,218,202,193
GS01,92/05/04,196,209,228,246,260,262,250,226,193,158,128,110,108,122,149,183,216,242,256,256,245,228,209,195
GS01,92/05/05,191,197,212,230,245,253,249,232,204,170,136,110,98,101,120,150,183,214,236,246,244,233,217,201
GS01,92/05/06,191,192,201,216,232,245,247,238,217,187,154,124,104,96,103,124,152,184,211,230,237,234,223,210
GS01,92/05/07,200,196,200,211,226,240,248,248,236,215,187,159,134,118,115,124,144,171,199,223,239,245,242,233
GS01,92/05/08,222,214,212,217,227,239,250,255,252,239,219,195,170,149,137,135,143,159,181,203,222,234,238,234
GS01,92/05/09,226,217,209,206,208,214,221,228,231,229,220,205,186,165,148,137,135,141,156,175,195,212,223,226
GS01,92/05/10,224,217,208,200,193,191,193,197,202,206,206,202,193,179,164,149,138,134,138,149,165,184,200,211
GS01,92/05/11,215,213,205,193,180,170,165,165,170,179,188,196,199,196,186,173,158,147,141,143,153,168,185,201
GS01,92/05/12,212,216,211,200,184,168,155,147,147,154,166,180,193,201,202,195,183,169,156,148,149,158,172,188
GS01,92/05/13,203,212,213,205,190,170,149,132,124,125,135,153,173,191,203,207,201,188,172,159,151,153,162,178
GS01,92/05/14,196,211,218,216,204,183,158,135,118,112,117,133,156,182,204,218,222,215,201,185,171,164,166,177
GS01,92/05/15,193,210,222,224,215,196,169,142,115,99,96,105,127,155,184,207,220,222,214,198,181,169,165,171
GS01,92/05/16,185,203,219,229,227,215,192,162,132,108,96,98,115,142,172,202,224,235,233,222,206,191,180,180
GS01,92/05/17,189,204,221,234,239,232,213,186,152,121,100,92,100,120,149,181,208,227,233,229,216,199,184,177
GS01,92/05/18,180,192,209,225,235,235,224,202,172,141,115,100,98,111,136,166,197,222,236,238,230,217,201,190
GS01,92/05/19,187,193,206,221,235,240,234,217,191,160,131,109,100,104,119,144,173,199,219,228,226,217,204,191
GS01,92/05/20,184,185,194,208,222,232,234,224,204,178,149,124,109,105,114,133,158,185,207,221,226,221,211,198
GS01,92/05/21,189,185,190,199,212,223,229,226,213,193,169,145,125,115,115,127,147,171,194,211,222,224,218,207
GS01,92/05/22,196,188,187,192,202,213,222,225,219,205,186,165,146,132,126,131,145,164,185,202,215,220,219,212
GS01,92/05/23,202,192,187,186,192,200,209,214,214,207,194,179,162,147,138,137,144,157,174,191,205,214,216,213
GS01,92/05/24,206,198,191,186,184,189,196,202,205,205,201,192,180,167,156,150,150,156,168,183,199,211,219,221
GS01,92/05/25,218,211,201,192,185,183,185,189,194,198,200,199,193,185,175,167,162,162,168,176,187,199,209,214
GS01,92/05/26,215,210,201,189,177,169,165,166,170,177,185,190,192,191,185,178,170,165,164,168,177,189,201,210
GS01,92/05/27,216,216,209,198,184,170,160,155,156,162,172,185,194,199,200,196,189,180,174,172,176,185,196,207
GS01,92/05/28,217,221,218,207,191,173,156,143,139,143,154,170,188,202,211,213,208,199,189,182,179,183,193,205
GS01,92/05/29,217,226,228,221,206,185,163,144,132,129,137,153,174,195,211,220,220,214,202,194,183,181,185,196
GS01,92/05/30,209,222,230,229,218,198,173,151,125,114,115,128,151,178,205,224,234,234,226,213,200,192,190,196
GS01,92/05/31,208,223,235,239,233,216,189,159,130,110,101,107,126,154,185,212,231,239,235,222,207,193,186,187
GS01,92/06/01,197,211,226,236,238,227,204,173,139,109,91,87,99,123,155,188,216,233,238,232,218,203,190,185
GS01,92/06/02,189,200,216,231,239,237,222,194,159,124,96,81,82,98,127,162,197,224,238,239,230,214,198,187
GS01,92/06/03,184,192,207,224,238,243,235,215,184,149,115,91,80,84,104,135,170,202,225,235,232,221,206,191
GS01,92/06/04,183,184,194,210,226,238,240,229,207,176,143,113,93,87,96,118,149,182,210,229,235,230,217,201
GS01,92/06/05,189,185,189,199,215,229,238,237,226,205,176,146,121,106,104,115,138,167,196,219,232,234,225,211
GS01,92/06/06,197,186,181,185,194,206,218,225,224,213,194,169,145,126,114,114,126,146,171,196,214,223,221,212
GS01,92/06/07,199,185,176,172,176,185,196,206,213,214,207,193,174,155,140,132,134,145,163,185,206,220,226,224
GS01,92/06/08,214,201,188,177,172,174,181,191,202,210,214,212,204,190,176,164,158,159,168,183,202,219,230,232
GS01,92/06/09,228,217,201,185,171,164,162,166,175,185,194,202,204,200,192,182,172,166,167,174,186,200,213,220
GS01,92/06/10,222,216,204,187,168,152,142,138,140,149,163,179,193,200,202,197,189,181,176,175,181,192,204,216
GS01,92/06/11,224,224,217,203,184,163,146,134,131,136,149,167,187,204,215,219,217,210,201,195,194,199,210,223
GS01,92/06/12,234,240,238,228,210,187,163,142,128,125,132,148,171,195,214,227,231,226,217,205,197,195,199,208
GS01,92/06/13,220,230,234,229,216,195,169,142,121,109,109,121,141,167,193,214,226,228,222,211,199,192,191,197
GS01,92/06/14,207,220,231,234,227,211,186,156,129,109,101,105,122,148,178,206,226,236,236,227,214,201,193,193
GS01,92/06/15,202,215,229,238,239,229,209,181,150,122,105,101,110,131,159,189,216,233,239,234,222,208,195,189
GS01,92/06/16,193,206,221,235,241,239,225,200,169,139,115,102,103,117,142,173,202,224,237,237,228,214,199,189
GS01,92/06/17,188,195,209,224,237,243,237,219,192,161,132,113,107,114,133,161,191,218,236,241,237,225,210,197
GS01,92/06/18,191,193,203,218,234,244,244,232,210,182,153,129,116,117,129,151,178,205,227,238,239,230,217,201
GS01,92/06/19,190,186,191,203,220,234,238,232,216,193,166,142,124,117,122,138,161,187,210,225,231,227,216,201
GS01,92/06/20,187,180,179,187,200,214,224,226,218,201,180,157,137,126,125,134,153,176,199,218,229,230,222,209
GS01,92/06/21,195,184,180,182,191,203,215,222,221,212,197,179,160,146,141,145,158,176,196,215,228,233,229,218
GS01,92/06/22,204,191,181,177,181,190,201,210,213,211,204,192,177,163,154,152,158,172,188,205,219,228,229,223
GS01,92/06/23,211,198,185,176,173,176,184,193,201,206,206,200,191,181,172,168,169,176,189,205,220,231,238,237
GS01,92/06/24,230,219,205,191,183,181,184,191,200,208,213,214,211,204,196,189,184,184,188,197,209,220,228,231
GS01,92/06/25,228,220,206,190,174,163,158,160,167,178,190,200,206,209,207,204,199,195,194,199,207,218,229,235
GS01,92/06/26,236,232,221,204,185,167,154,148,149,158,172,188,203,214,220,220,215,209,203,200,202,209,218,226
GS01,92/06/27,233,234,228,214,194,171,150,134,126,129,142,161,183,204,219,227,226,220,211,203,199,201,208,218
GS01,92/06/28,228,236,237,229,211,187,160,135,118,112,118,136,161,189,213,231,239,238,229,217,206,202,204,211
GS01,92/06/29,223,235,243,242,231,209,179,147,119,102,98,108,130,161,193,220,237,243,238,226,212,201,197,200
GS01,92/06/30,210,223,236,244,242,228,202,168,132,104,88,88,103,132,167,202,231,247,251,245,232,219,210,210
GS01,92/07/01,217,232,249,262,267,262,243,213,175,138,108,94,97,117,148,184,218,241,253,252,239,219,200,188
GS01,92/07/02,187,198,215,234,249,255,248,228,196,159,123,98,89,98,122,155,192,225,246,252,245,229,211,194
GS01,92/07/03,185,188,201,219,238,253,259,249,226,193,157,125,107,105,117,142,175,208,236,252,254,243,224,203
GS01,92/07/04,187,181,185,199,217,236,249,251,241,219,189,157,131,118,119,135,162,193,222,242,249,244,229,210
GS01,92/07/05,190,177,173,178,192,211,229,240,241,231,212,187,162,144,136,142,160,185,212,235,248,251,242,226
GS01,92/07/06,205,186,174,173,180,194,210,224,232,232,225,211,193,175,163,161,168,184,206,227,243,249,246,234
GS01,92/07/07,216,197,179,167,164,170,183,197,209,218,220,216,208,197,186,179,180,189,204,221,237,247,250,244
GS01,92/07/08,231,213,193,175,164,161,165,174,186,198,208,214,216,214,208,201,197,197,205,216,229,240,246,245
GS01,92/07/09,238,226,209,190,172,160,155,157,165,177,191,204,214,221,223,220,215,211,210,213,220,229,236,241
GS01,92/07/10,240,232,219,202,182,163,148,140,140,147,161,178,195,209,219,224,223,219,213,210,211,218,226,232
GS01,92/07/11,236,236,230,218,201,179,158,141,131,131,140,156,176,197,214,225,230,228,221,214,209,208,211,218
GS01,92/07/12,226,233,235,229,214,193,168,145,127,118,121,133,154,178,201,219,230,232,227,217,206,201,201,207
GS01,92/07/13,217,228,236,236,227,209,185,157,132,115,110,116,134,159,186,211,228,235,233,223,210,199,194,195
GS01,92/07/14,204,218,231,239,238,226,205,177,148,124,110,109,121,143,171,200,224,236,238,231,217,202,191,189
GS01,92/07/15,195,208,224,237,243,238,222,196,166,137,116,107,112,131,158,188,215,234,240,235,223,207,192,184
GS01,92/07/16,186,198,215,232,244,246,236,214,186,155,128,111,109,122,145,176,205,227,237,236,226,210,193,180
GS01,92/07/17,175,181,195,213,230,240,237,222,196,166,138,117,109,115,132,158,188,213,230,235,229,214,195,178
GS01,92/07/18,169,171,182,199,218,234,240,234,217,191,164,140,127,126,138,159,185,210,229,238,235,222,204,185
GS01,92/07/19,170,164,169,182,200,217,228,228,217,196,171,147,130,123,127,143,166,192,213,225,226,217,199,179
GS01,92/07/20,162,153,153,161,176,193,207,214,209,196,178,157,139,128,128,139,157,179,201,216,221,216,203,185
GS01,92/07/21,167,153,146,147,158,174,190,201,205,199,188,172,157,145,141,146,160,178,198,214,224,224,215,198
GS01,92/07/22,179,162,150,145,149,160,174,187,195,197,192,183,172,162,156,157,165,179,194,209,219,222,218,205
GS01,92/07/23,188,170,154,143,140,144,154,166,176,184,187,185,180,174,168,166,169,176,187,200,210,217,218,213
GS01,92/07/24,203,190,175,152,141,136,139,146,157,161,175,185,188,188,186,184,183,186,191,198,207,214,217,215
GS01,92/07/25,209,198,183,165,148,135,129,129,136,148,162,177,189,198,203,203,201,198,198,200,205,211,218,221
GS01,92/07/26,221,216,205,188,167,147,131,121,119,126,141,160,181,199,212,218,219,215,209,204,202,204,209,216
GS01,92/07/27,223,225,222,210,191,167,142,122,109,107,117,136,161,186,207,222,229,227,219,209,201,197,200,207
GS01,92/07/28,219,229,234,230,216,193,164,134,109,96,96,109,133,164,194,218,233,238,233,221,207,196,191,194
GS01,92/07/29,205,220,234,241,236,220,193,159,126,100,87,89,107,137,172,204,228,241,241,230,213,195,183,181
GS01,92/07/30,189,206,226,242,249,244,224,192,155,121,95,85,91,114,148,186,218,239,245,238,221,200,181,171
GS01,92/07/31,172,185,206,229,246,253,247,225,193,155,121,99,93,105,133,168,204,232,246,246,233,211,187,169
GS01,92/08/01,162,167,184,207,231,248,254,244,220,187,153,124,108,109,126,156,190,220,240,246,237,218,192,169
GS01,92/08/02,154,151,160,179,203,226,241,244,233,211,181,152,131,123,131,152,181,211,234,246,245,230,206,180
GS01,92/08/03,158,147,148,160,181,204,225,237,238,226,205,180,159,147,148,161,182,207,230,246,250,241,222,196
GS01,92/08/04,171,154,146,149,161,179,199,215,223,223,214,199,183,170,165,170,183,201,221,237,245,242,228,207
GS01,92/08/05,184,163,148,143,147,158,174,191,204,211,211,206,196,188,183,184,192,203,217,230,239,240,233,219
GS01,92/08/06,201,182,164,152,146,149,157,169,181,191,197,201,202,200,197,196,198,204,212,222,230,234,232,223
GS01,92/08/07,211,196,179,163,150,144,144,149,157,168,179,189,196,201,203,204,204,204,206,211,217,222,224,221
GS01,92/08/08,215,205,191,175,159,146,137,135,138,146,158,171,185,196,205,210,211,208,205,204,207,212,217,220
GS01,92/08/09,221,219,213,201,186,168,153,143,138,141,150,165,182,199,212,221,223,220,212,205,201,201,204,210
GS01,92/08/10,217,221,220,212,198,178,157,136,121,115,120,133,153,175,195,210,216,214,207,197,188,184,184,190
GS01,92/08/11,200,210,216,216,208,191,168,143,122,108,106,115,134,158,182,203,215,218,212,200,186,176,172,176
GS01,92/08/12,187,201,215,222,220,207,187,161,135,116,107,109,124,148,175,201,219,226,221,209,194,179,170,170
GS01,92/08/13,180,196,215,229,235,229,212,187,160,134,118,114,124,145,173,201,224,235,235,224,207,189,174,168
GS01,92/08/14,173,188,208,227,239,240,228,207,178,150,128,117,120,136,161,190,215,232,235,227,210,189,170,158
GS01,92/08/15,158,169,189,212,230,238,234,217,192,163,139,122,118,129,151,180,207,227,234,229,214,193,171,154
GS01,92/08/16,147,154,171,192,213,228,232,223,202,175,149,129,121,126,144,169,196,218,230,230,217,197,174,153
GS01,92/08/17,141,141,154,174,197,217,228,226,212,190,165,145,133,133,144,165,190,213,228,232,225,207,184,161
GS01,92/08/18,144,137,142,157,179,201,218,224,218,203,183,163,149,143,149,164,186,209,226,234,231,217,196,173
GS01,92/08/19,153,140,139,148,166,187,206,218,220,213,200,184,171,163,165,174,191,210,226,237,239,230,213,191
GS01,92/08/20,169,152,143,145,156,173,191,206,215,215,209,199,188,180,177,182,194,208,223,234,238,234,221,203
GS01,92/08/21,183,164,150,143,145,155,169,184,195,203,205,202,197,192,189,189,194,202,212,221,227,227,220,206
GS01,92/08/22,190,174,157,144,137,137,144,156,170,183,193,198,200,200,199,199,200,203,208,213,219,224,224,219
GS01,92/08/23,209,194,177,160,146,136,134,138,148,163,178,191,201,208,212,213,211,209,207,208,213,217,221,222
GS01,92/08/24,219,212,199,182,162,144,130,125,126,136,153,173,191,207,217,221,220,214,207,201,199,201,206,212
GS01,92/08/25,218,220,216,204,184,160,136,118,108,109,120,141,166,190,210,222,226,221,210,197,187,184,187,196
GS01,92/08/26,209,220,226,224,210,186,157,129,107,95,98,114,140,171,200,221,231,229,217,200,183,171,168,176
GS01,92/08/27,192,210,227,235,232,216,188,154,122,99,91,98,120,152,186,215,234,239,229,211,189,169,157,157
GS01,92/08/28,171,193,217,238,248,243,223,191,155,122,102,97,109,136,171,205,231,243,239,222,196,169,149,142
GS01,92/08/29,150,169,196,224,244,252,244,221,187,152,123,108,110,129,158,193,223,241,243,231,207,177,150,132
GS01,92/08/30,130,143,167,196,223,242,247,236,212,181,150,128,121,130,152,182,213,236,246,239,220,191,160,135
GS01,92/08/31,123,127,144,170,199,226,242,243,230,207,181,157,144,145,158,182,209,233,246,245,231,205,174,145
GS01,92/09/01,125,120,129,147,170,196,218,229,227,215,196,176,162,157,164,180,202,223,238,244,237,217,190,161
GS01,92/09/02,137,124,123,133,152,174,195,211,218,215,206,193,181,175,176,186,203,223,238,246,245,233,212,188
GS01,92/09/03,164,146,137,138,148,165,183,200,211,216,215,209,202,197,195,199,208,221,233,242,244,237,223,205
GS01,92/09/04,184,165,151,145,145,152,163,176,188,198,204,206,205,203,202,204,208,215,223,230,235,234,228,216
GS01,92/09/05,202,187,172,159,151,149,153,161,171,182,192,200,207,210,212,213,212,213,214,216,219,220,219,215
GS01,92/09/06,209,199,186,173,160,150,145,145,150,159,171,184,196,206,213,215,213,209,204,202,203,206,210,213
GS01,92/09/07,213,210,203,192,178,163,151,143,142,148,160,175,192,208,220,226,225,219,211,204,200,200,204,211
GS01,92/09/08,219,225,225,218,205,187,169,154,144,143,150,164,184,205,223,234,237,231,219,206,196,191,193,201
GS01,92/09/09,213,224,232,233,225,208,187,165,148,139,141,154,174,198,220,235,242,238,226,209,194,184,182,190
GS01,92/09/10,205,222,236,244,243,231,211,185,162,146,142,151,170,194,220,240,252,251,240,223,203,188,181,185
GS01,92/09/11,200,220,242,257,262,255,237,212,185,165,155,157,172,197,225,249,263,265,255,235,211,188,175,175
GS01,92/09/12,188,210,235,255,267,266,253,229,201,175,159,154,164,185,213,242,262,268,260,241,215,190,170,163
GS01,92/09/13,170,189,215,241,261,269,263,244,217,190,169,159,163,179,204,231,253,264,261,245,219,189,165,151
GS01,92/09/14,150,164,188,216,242,258,259,246,224,197,174,160,157,168,189,215,240,256,258,245,221,191,164,145
GS01,92/09/15,139,147,167,195,223,244,255,251,235,211,188,171,164,170,187,209,233,251,257,251,232,204,173,149
GS01,92/09/16,136,138,152,175,203,228,243,246,239,223,204,187,177,178,190,210,231,249,258,255,240,218,191,165
GS01,92/09/17,147,140,145,163,186,211,230,241,241,232,218,202,191,187,192,205,222,238,249,252,244,225,200,173
GS01,92/09/18,151,138,137,146,163,185,206,222,228,226,218,207,195,188,188,194,207,221,233,239,238,227,208,185
GS01,92/09/19,162,144,133,132,140,155,174,191,204,211,212,209,204,198,195,196,202,213,223,230,233,230,221,206
GS01,92/09/20,187,167,151,140,137,142,155,171,187,200,210,213,213,210,207,206,206,209,214,220,224,224,220,213
GS01,92/09/21,201,187,170,154,142,137,138,146,159,175,191,204,213,217,218,216,212,209,206,207,209,212,215,216
GS01,92/09/22,215,207,194,177,158,141,130,127,132,145,164,184,202,215,222,221,215,205,196,190,188,191,198,207
GS01,92/09/23,216,220,216,204,183,161,140,126,121,126,141,164,189,212,227,232,227,214,198,184,175,174,180,194
GS01,92/09/24,211,226,234,232,218,195,167,142,125,120,128,148,175,204,229,244,244,232,212,191,173,163,164,177
GS01,92/09/25,199,223,244,255,252,236,209,178,151,134,132,145,169,200,230,252,261,254,234,206,179,159,151,157
GS01,92/09/26,176,204,232,254,265,261,239,207,173,146,133,135,151,178,208,234,248,247,231,204,171,142,123,119
GS01,92/09/27,132,158,190,221,243,252,245,224,196,166,144,135,143,166,196,227,247,252,240,215,182,148,120,106
GS01,92/09/28,109,130,162,197,228,248,251,240,218,191,166,152,151,165,189,218,241,253,250,231,200,165,134,112
GS01,92/09/29,105,113,136,168,202,229,245,246,233,210,186,170,163,169,186,211,235,251,255,245,222,190,158,131
GS01,92/09/30,118,118,132,156,188,219,241,250,246,9999,216,199,188,187,198,215,235,251,257,251,234,208,179,151
GS01,92/10/01,130,120,123,138,161,185,207,220,225,222,212,199,190,186,191,202,217,231,240,241,231,214,190,166
GS01,92/10/02,144,131,128,135,149,169,189,206,216,219,217,210,203,197,197,203,213,224,234,239,236,225,208,189
GS01,92/10/03,169,153,144,142,148,161,176,192,205,214,218,218,215,212,210,212,216,223,230,236,237,233,224,210
GS01,92/10/04,194,179,167,159,158,162,170,181,193,205,214,221,224,224,223,220,219,219,222,225,229,229,226,219
GS01,92/10/05,209,197,184,172,164,160,161,166,174,184,195,205,214,219,220,218,212,206,202,201,203,207,210,213
GS01,92/10/06,213,209,201,190,179,169,162,160,165,174,187,202,216,226,231,230,223,214,204,197,193,194,199,206
GS01,92/10/07,213,216,214,206,194,180,166,157,153,157,168,184,201,215,225,227,222,210,195,183,175,174,180,191
GS01,92/10/08,204,215,220,218,208,194,177,161,151,150,158,173,193,213,227,233,230,217,199,180,166,160,165,179
GS01,92/10/09,197,217,234,241,239,229,212,191,174,164,166,177,197,221,241,253,253,241,220,197,175,160,157,166
GS01,92/10/10,185,208,229,242,244,235,218,197,176,162,157,164,181,204,228,244,248,238,217,190,163,144,136,140
GS01,92/10/11,157,183,211,233,244,242,229,208,185,166,156,158,172,196,222,242,251,246,229,202,171,145,130,131
GS01,92/10/12,146,172,202,232,252,258,250,231,206,182,166,162,171,190,215,238,252,253,240,214,181,149,126,116
GS01,92/10/13,123,145,175,208,235,250,250,238,218,195,175,164,166,180,202,224,242,249,242,222,191,158,130,113
GS01,92/10/14,112,128,154,186,218,242,252,248,233,212,191,177,174,182,200,222,243,255,254,239,213,181,149,126
GS01,92/10/15,117,123,144,174,207,237,254,258,251,236,218,201,193,195,207,226,246,261,266,258,238,207,174,145
GS01,92/10/16,128,125,136,158,187,217,240,252,253,244,229,215,204,201,206,219,236,252,260,258,244,221,192,164
GS01,92/10/17,141,129,129,142,165,191,215,233,242,241,233,221,211,205,205,212,223,236,246,250,244,230,208,183
GS01,92/10/18,158,140,132,133,145,164,186,206,221,228,229,224,216,209,205,206,211,219,228,235,236,230,217,199
GS01,92/10/19,178,159,144,137,138,147,163,181,198,212,220,223,222,218,212,208,208,209,214,220,226,228,226,218
GS01,92/10/20,206,191,175,161,154,153,159,172,190,208,223,234,239,240,236,229,222,216,214,215,219,225,231,234
GS01,92/10/21,231,223,210,194,178,165,159,161,171,187,205,223,237,244,244,237,225,211,199,192,192,199,211,224
GS01,92/10/22,234,238,234,222,204,184,168,159,159,170,188,210,231,246,252,248,235,216,195,178,170,172,183,201
GS01,92/10/23,220,236,245,242,229,209,186,166,156,157,170,191,216,238,252,256,246,224,198,172,155,148,155,173
GS01,92/10/24,199,227,249,259,257,243,220,196,177,168,172,188,212,238,259,270,267,249,220,188,161,144,143,156
GS01,92/10/25,180,212,242,265,276,272,255,231,206,188,183,190,208,232,256,274,279,267,239,203,167,139,124,126
GS01,92/10/26,143,172,206,237,259,266,258,238,214,193,179,177,188,208,233,255,267,263,243,211,174,141,118,110
GS01,92/10/27,118,142,175,210,241,260,264,253,234,212,194,185,188,203,224,247,263,266,254,228,194,158,128,111
GS01,92/10/28,110,124,151,185,218,244,257,256,245,229,211,197,194,202,219,241,259,267,263,245,216,182,149,126
GS01,92/10/29,116,121,139,167,198,226,247,255,252,240,224,210,202,204,215,232,250,262,264,255,233,204,174,148
GS01,92/10/30,131,127,136,155,181,209,233,248,252,249,239,227,218,214,219,231,247,261,268,265,252,230,203,177
GS01,92/10/31,156,145,144,153,172,195,217,234,242,243,237,229,221,216,215,220,230,240,248,249,243,230,211,190
GS01,92/11/01,169,155,149,151,162,179,198,216,229,235,235,231,226,220,216,216,219,225,230,233,232,224,212,196
GS01,92/11/02,179,165,154,149,151,160,173,188,204,214,219,219,216,212,208,205,205,206,209,213,216,215,211,204
GS01,92/11/03,193,181,170,161,158,161,168,179,191,204,213,219,221,220,215,209,203,199,198,199,202,206,209,209
GS01,92/11/04,205,199,190,180,173,170,170,176,185,196,208,218,223,224,221,213,203,193,185,181,181,186,193,200
GS01,92/11/05,203,202,198,189,179,170,163,162,166,175,188,201,212,220,221,216,204,189,175,165,161,165,175,187
GS01,92/11/06,200,209,213,210,201,190,179,171,170,176,188,203,219,230,235,232,221,203,183,167,157,157,166,182
GS01,92/11/07,201,218,230,232,227,216,202,189,181,181,189,204,222,239,249,250,239,220,196,172,154,148,153,169
GS01,92/11/08,191,215,235,246,246,237,222,205,191,186,189,201,218,236,249,253,245,225,199,170,146,132,132,145
GS01,92/11/09,168,197,224,242,250,245,232,214,196,183,181,188,204,224,242,252,249,234,207,174,144,122,115,122
GS01,92/11/10,144,174,206,233,249,253,245,229,209,192,184,187,199,218,239,254,259,249,225,192,157,128,110,108
GS01,92/11/11,122,148,181,213,238,250,247,233,212,192,177,172,178,192,211,229,240,237,221,193,156,122,95,83
GS01,92/11/12,87,106,137,171,203,226,235,231,218,200,185,176,177,187,204,223,237,242,233,212,180,144,112,91
GS01,92/11/13,84,94,117,148,182,210,229,235,227,212,195,182,176,181,193,210,226,236,236,224,199,167,134,107
GS01,92/11/14,92,92,105,128,158,188,212,226,228,219,205,192,183,181,187,200,215,227,233,228,212,187,156,127
GS01,92/11/15,105,95,97,112,137,167,194,215,223,222,215,204,194,189,189,196,208,221,231,234,228,213,190,164
GS01,92/11/16,141,124,117,120,135,157,183,206,222,228,226,218,207,197,191,191,195,202,210,216,217,212,199,181
GS01,92/11/17,160,140,125,119,122,134,153,174,193,207,214,214,208,198,189,182,179,181,187,194,199,203,201,194
GS01,92/11/18,182,166,150,138,132,134,144,159,178,195,207,213,212,206,196,184,173,166,163,166,172,180,188,193
GS01,92/11/19,192,185,174,160,147,139,139,147,161,177,193,206,212,212,204,191,176,161,152,148,152,161,174,188
GS01,92/11/20,200,206,205,197,184,172,164,165,172,186,203,220,233,240,239,229,213,192,173,161,157,162,175,192
GS01,92/11/21,210,225,233,232,223,209,194,184,180,184,196,211,226,236,239,232,214,189,162,140,126,123,133,152
GS01,92/11/22,176,200,219,229,229,219,203,188,178,176,183,197,213,229,240,240,227,204,173,143,120,109,111,126
GS01,92/11/23,152,182,211,232,242,240,229,212,196,187,187,196,210,227,242,248,242,222,192,158,127,104,95,101
GS01,92/11/24,120,148,180,208,228,235,231,218,201,186,178,180,191,208,225,236,238,226,202,171,138,110,92,89
GS01,92/11/25,101,125,157,189,216,234,239,233,219,203,190,185,190,205,224,241,250,246,229,201,168,135,110,98
GS01,92/11/26,101,119,147,179,211,234,246,246,236,220,205,195,195,203,219,237,249,250,238,215,182,148,117,96
GS01,92/11/27,88,95,116,144,175,203,221,226,221,209,193,179,172,174,185,201,216,224,222,208,184,153,122,97
GS01,92/11/28,83,83,96,119,148,176,199,213,214,206,193,180,170,168,174,187,202,215,220,214,198,175,148,123
GS01,92/11/29,105,98,103,119,142,168,192,210,218,217,208,196,185,178,179,186,197,208,216,216,207,191,169,146
GS01,92/11/30,126,114,111,118,134,154,175,193,207,211,206,197,185,177,173,174,181,190,198,203,201,193,179,162
GS01,92/12/01,144,131,125,127,136,151,169,188,203,212,213,209,201,192,184,180,180,184,190,197,201,201,196,187
GS01,92/12/02,175,164,155,150,152,160,173,189,204,215,222,222,217,208,198,189,182,179,180,184,188,192,193,190
GS01,92/12/03,184,175,166,159,155,156,162,171,183,195,205,209,209,202,193,182,171,162,159,160,166,173,179,184
GS01,92/12/04,186,184,179,173,167,164,166,171,180,191,202,211,214,212,203,190,176,162,151,145,146,152,160,170
GS01,92/12/05,179,184,184,180,174,168,163,163,166,175,187,198,205,208,205,194,178,161,145,133,128,131,141,155
GS01,92/12/06,170,183,193,197,193,186,179,173,171,174,183,195,207,215,216,209,194,173,150,130,117,115,123,138
GS01,92/12/07,158,179,197,208,210,204,196,186,179,178,184,194,207,219,227,226,215,194,168,142,122,112,114,128
GS01,92/12/08,151,176,201,221,232,234,228,218,207,199,199,207,220,232,242,244,235,214,185,152,122,104,99,108
GS01,92/12/09,129,157,186,210,225,229,223,211,196,183,177,179,189,202,215,226,229,216,190,158,125,98,84,84
GS01,92/12/10,100,128,161,193,217,231,234,227,213,197,186,182,189,204,222,238,245,240,220,190,155,123,100,91
GS01,92/12/11,99,123,157,192,224,245,254,251,239,223,208,198,197,205,220,237,248,250,238,213,178,140,107,84
GS01,92/12/12,76,86,110,143,178,207,225,231,224,210,193,179,173,177,189,208,225,235,234,219,193,161,127,100
GS01,92/12/13,84,83,98,125,158,190,217,230,231,222,207,192,182,180,188,203,222,238,244,240,225,200,168,137
GS01,92/12/14,114,104,108,124,150,180,207,227,235,232,219,202,187,177,176,184,197,213,225,229,222,206,182,155
GS01,92/12/15,131,113,107,113,131,156,182,205,219,223,216,201,185,171,164,165,172,183,195,204,208,203,191,172
GS01,92/12/16,151,134,122,120,128,145,167,190,209,219,219,211,197,182,170,163,163,168,177,188,197,202,200,193
GS01,92/12/17,181,166,154,146,145,152,168,186,204,218,224,222,212,199,185,171,161,157,158,165,175,185,192,196
GS01,92/12/18,195,188,179,170,164,163,170,182,196,210,219,222,218,208,195,179,163,150,142,142,148,159,171,183
GS01,92/12/19,191,196,195,189,182,176,174,177,185,197,208,215,216,212,202,187,169,150,134,125,123,130,144,162
GS01,92/12/20,179,193,202,205,202,196,191,188,189,196,206,216,225,228,225,215,197,174,152,135,125,124,131,146
GS01,92/12/21,166,188,208,221,227,224,216,206,200,201,206,214,224,233,236,231,216,193,166,139,119,110,112,123
GS01,92/12/22,142,167,194,215,228,232,228,217,206,200,199,204,214,226,236,240,232,213,186,157,130,111,105,111
GS01,92/12/23,127,152,181,210,232,244,245,237,223,211,204,206,216,231,246,256,257,245,220,189,156,129,113,111
GS01,92/12/24,123,147,177,208,232,247,251,244,230,215,202,198,203,215,230,243,250,244,226,197,164,132,108,96
GS01,92/12/25,98,113,136,166,195,219,232,233,222,207,191,182,181,189,204,221,235,239,229,207,176,144,116,99
GS01,92/12/26,94,101,120,148,179,207,227,232,226,211,194,180,173,176,188,205,223,234,233,219,195,165,135,112
GS01,92/12/27,100,102,116,139,168,197,220,233,234,224,207,189,178,177,187,202,219,234,241,234,217,192,163,137
GS01,92/12/28,122,119,127,144,169,197,223,240,246,240,226,209,193,186,189,200,214,229,238,238,227,208,184,159
GS01,92/12/29,139,129,131,142,161,184,207,224,234,232,221,205,188,177,174,178,188,202,214,222,220,209,191,170
GS01,92/12/30,151,138,134,139,152,173,195,215,228,232,226,212,195,181,173,172,179,189,202,213,217,214,203,188
GS01,92/12/31,172,158,150,150,158,172,190,208,222,229,226,216,201,185,172,166,166,170,178,187,194,197,195,186
