GS01,34/01/01,91,116,142,171,193,209,214,209,199,187,175,171,173,184,200,214,221,218,202,177,145,114,88,76
GS01,34/01/02,79,97,122,152,178,199,212,211,203,192,179,169,169,177,191,209,220,225,216,193,167,135,106,86
GS01,34/01/03,80,80,88,111,138,166,192,208,213,195,179,168,163,167,178,195,208,215,218,203,179,151,121,96
GS01,34/01/04,82,84,99,123,149,177,198,207,208,200,184,170,159,157,165,180,196,207,212,205,186,164,135,108
GS01,34/01/05,90,85,94,113,139,168,191,205,210,203,189,173,158,153,155,166,182,197,206,206,197,178,154,129
GS01,34/01/06,106,96,97,108,129,154,178,197,206,205,194,177,161,150,145,153,163,177,189,194,195,183,167,147
GS01,34/01/07,126,111,109,113,126,147,169,187,201,203,197,184,166,151,142,141,148,156,169,178,184,183,172,159
GS01,34/01/08,146,129,121,118,128,145,162,179,193,202,200,190,174,159,146,139,138,142,153,162,172,177,177,172
GS01,34/01/09,162,152,142,138,140,147,160,172,184,194,201,197,183,168,150,136,128,125,127,135,145,154,164,167
GS01,34/01/10,168,163,157,154,150,153,159,172,184,195,202,201,192,181,166,149,135,125,120,120,133,142,155,170
GS01,34/01/11,180,187,188,186,183,179,178,187,193,200,208,211,208,200,191,171,152,133,116,105,107,116,129,145
GS01,34/01/12,161,175,187,193,194,191,185,182,185,188,196,200,204,204,197,183,164,140,116,98,89,90,100,120
GS01,34/01/13,143,167,186,200,208,206,201,196,189,188,191,197,204,211,212,204,190,167,138,110,88,76,77,88
GS01,34/01/14,112,137,163,183,200,210,212,201,192,183,179,183,190,200,209,213,204,185,157,126,94,67,53,55
GS01,34/01/15,70,98,126,152,178,196,204,202,188,175,165,162,167,177,191,203,207,198,180,143,108,74,49,38
GS01,34/01/16,47,68,98,131,163,187,201,205,195,183,167,157,157,166,179,198,212,218,211,190,158,123,90,64
GS01,34/01/17,58,69,89,121,153,184,208,220,219,205,186,168,159,161,174,190,208,220,223,210,184,153,121,91
GS01,34/01/18,68,59,73,98,128,156,183,199,203,196,178,157,143,134,141,158,178,196,207,203,189,167,134,102
GS01,34/01/19,78,68,74,91,120,148,175,194,204,203,189,167,147,136,137,148,168,188,206,215,213,200,177,154
GS01,34/01/20,127,113,109,122,142,166,190,212,224,224,210,193,169,153,145,148,158,174,193,205,208,204,190,171
GS01,34/01/21,150,132,125,128,144,159,182,200,213,218,209,197,173,153,140,136,141,150,165,179,190,191,187,176
GS01,34/01/22,163,149,143,142,149,163,182,198,212,218,216,203,184,167,152,139,137,142,151,162,174,182,185,184
GS01,34/01/23,177,170,164,163,166,172,184,197,207,213,214,207,193,176,159,146,137,138,136,142,151,162,169,173
GS01,34/01/24,175,175,174,173,174,180,185,193,202,208,213,209,200,190,174,161,148,139,131,131,136,144,153,163
GS01,34/01/25,170,177,183,184,185,188,190,194,197,200,204,204,201,195,185,172,157,142,127,118,116,120,128,141
GS01,34/01/26,156,167,178,185,188,190,189,186,187,188,192,193,195,195,191,183,168,150,133,114,104,100,105,120
GS01,34/01/27,137,154,171,183,192,195,192,188,184,181,180,185,188,192,196,192,183,165,143,120,102,90,90,101
GS01,34/01/28,118,138,159,178,188,194,193,187,177,171,168,170,176,183,191,197,193,179,156,132,104,90,82,85
GS01,34/01/29,99,120,143,161,179,190,195,190,178,169,163,164,168,179,191,201,206,200,181,157,127,104,86,82
GS01,34/01/30,93,112,136,158,181,195,203,203,190,174,162,158,159,170,183,197,207,207,192,167,138,106,84,69
GS01,34/01/31,73,91,116,142,168,186,198,198,186,170,155,146,144,155,168,183,197,207,204,185,158,128,103,83
GS01,34/02/01,78,88,109,135,161,186,202,207,198,182,163,149,140,147,159,178,194,207,212,202,182,153,121,97
GS01,34/02/02,87,91,110,134,163,188,207,216,211,196,175,157,145,146,156,177,195,212,220,218,200,175,147,124
GS01,34/02/03,108,109,124,144,169,197,218,230,229,213,191,173,153,148,153,167,183,201,216,221,215,198,171,144
GS01,34/02/04,125,114,115,129,151,174,196,212,217,208,190,167,147,133,132,141,156,173,191,202,205,198,178,156
GS01,34/02/05,136,125,124,134,148,167,187,203,213,213,199,178,154,137,128,130,140,155,172,184,194,195,186,171
GS01,34/02/06,156,143,135,138,148,163,181,195,205,207,198,180,158,137,123,118,123,133,146,160,172,179,179,174
GS01,34/02/07,166,157,149,148,153,163,176,188,195,202,203,191,172,153,134,123,117,119,128,138,149,162,169,173
GS01,34/02/08,174,171,169,167,168,173,183,190,198,203,204,198,186,170,153,137,124,116,113,117,125,136,145,156
GS01,34/02/09,165,172,177,178,180,181,183,188,194,197,200,200,194,183,169,153,138,124,110,105,105,114,125,140
GS01,34/02/10,154,167,179,188,190,193,192,191,190,192,193,195,196,193,188,176,158,138,119,103,92,90,98,112
GS01,34/02/11,130,148,167,183,192,197,198,194,188,184,185,188,193,198,202,200,189,167,144,117,96,83,83,94
GS01,34/02/12,112,132,153,172,189,199,203,200,189,189,174,175,182,189,197,203,204,193,166,136,103,79,77,68
GS01,34/02/13,83,102,127,152,174,188,198,200,189,172,160,158,163,173,188,199,208,210,195,168,137,107,84,70
GS01,34/02/14,75,92,116,145,169,193,206,209,200,179,163,153,156,165,183,199,215,224,225,205,173,142,110,89
GS01,34/02/15,82,91,112,137,162,183,200,208,203,182,159,141,133,138,150,167,187,203,211,207,184,150,117,92
GS01,34/02/16,78,84,101,122,147,169,189,200,201,182,156,135,119,119,129,150,170,191,204,210,201,175,148,122
GS01,34/02/17,103,99,108,127,148,169,189,202,205,192,168,141,121,112,116,129,149,169,187,198,201,188,167,145
GS01,34/02/18,124,117,118,133,151,172,190,204,210,203,183,157,134,120,117,127,143,160,176,190,198,200,188,170
GS01,34/02/19,154,143,142,148,161,178,192,203,209,205,188,165,141,123,112,113,124,140,155,168,179,183,178,166
GS01,34/02/20,154,145,143,146,157,170,184,196,203,202,190,172,149,131,118,112,115,126,139,152,163,170,173,171
GS01,34/02/21,166,159,160,160,167,176,187,195,202,203,196,183,167,150,134,124,120,123,129,139,150,159,166,167
GS01,34/02/22,170,169,170,170,176,183,190,198,204,206,203,196,186,171,158,147,138,133,130,132,139,147,156,163
GS01,34/02/23,169,173,178,182,184,185,188,190,193,194,192,189,182,172,160,148,135,125,116,113,115,120,132,142
GS01,34/02/24,154,163,172,178,183,185,185,185,184,184,184,186,185,183,177,167,155,142,126,116,110,111,119,131
GS01,34/02/25,145,159,172,182,188,190,188,183,178,175,174,178,182,185,186,184,173,154,138,120,105,101,104,116
GS01,34/02/26,132,152,168,182,192,196,193,185,176,171,168,170,177,184,193,197,195,183,163,141,117,101,97,106
GS01,34/02/27,120,140,161,180,196,204,204,194,181,167,160,160,169,179,193,204,207,204,187,161,136,112,98,97
GS01,34/02/28,110,127,148,169,188,200,205,198,183,165,152,148,153,165,180,195,206,210,199,175,147,120,98,92
GS01,34/03/01,115,117,132,152,178,200,217,223,215,191,163,138,120,119,130,148,170,193,211,220,219,203,179,155
GS01,34/03/02,95,108,128,152,176,194,210,209,190,162,140,125,123,132,148,169,189,206,215,208,185,157,128,106
GS01,34/03/03,99,108,127,152,176,197,211,215,202,177,153,130,121,124,139,159,180,202,217,220,208,182,154,130
GS01,34/03/04,115,117,132,152,178,200,217,223,215,191,163,138,120,119,130,148,170,193,211,220,219,203,179,155
GS01,34/03/05,138,133,140,159,184,205,221,227,216,199,172,144,122,111,114,127,147,170,188,202,209,204,188,166
GS01,34/03/06,148,138,141,152,168,187,203,214,217,204,182,153,128,109,105,112,125,146,164,181,193,198,192,179
GS01,34/03/07,163,152,149,155,166,180,195,206,211,205,186,163,139,118,105,102,110,126,141,156,170,181,184,181
GS01,34/03/08,173,166,163,165,172,181,192,202,206,206,195,177,157,138,119,108,107,113,123,135,148,160,169,177
GS01,34/03/09,179,178,177,176,178,183,190,195,201,203,197,183,169,152,135,122,111,108,107,112,122,133,144,154
GS01,34/03/10,164,172,177,179,180,181,183,185,187,188,187,182,177,166,151,137,122,106,96,92,94,101,113,128
GS01,34/03/11,143,157,168,177,182,182,179,176,173,172,172,174,175,174,167,157,142,125,105,93,86,84,92,107
GS01,34/03/12,124,143,159,173,182,187,183,174,163,159,159,162,169,176,179,179,172,154,130,109,91,80,79,93
GS01,34/03/13,110,133,153,173,187,194,193,181,167,153,151,156,166,178,191,201,204,196,173,148,122,103,93,98
GS01,34/03/14,114,136,161,187,206,217,220,208,188,170,156,157,165,179,194,209,222,227,218,189,160,131,110,105
GS01,34/03/15,113,132,155,180,200,213,217,208,185,162,141,133,139,153,172,193,210,222,227,209,181,151,125,110
GS01,34/03/16,112,127,148,173,197,213,222,217,196,167,141,124,120,132,151,172,193,214,225,223,201,173,143,122
GS01,34/03/17,115,122,138,161,182,200,213,212,192,163,134,107,95,98,114,134,156,179,196,204,198,179,149,127
GS01,34/03/18,114,115,126,143,164,182,194,200,187,160,132,104,83,78,89,108,128,152,172,185,189,181,162,143
GS01,34/03/19,131,127,134,148,165,182,197,204,202,181,153,122,97,83,85,98,118,138,161,175,185,186,174,156
GS01,34/03/20,143,136,138,148,162,177,191,198,197,182,156,129,104,88,79,87,104,123,142,156,170,175,174,163
GS01,34/03/21,152,149,151,158,171,183,195,204,206,196,180,162,141,125,116,120,130,144,160,174,187,191,192,184
GS01,34/03/22,177,172,168,170,179,187,196,203,202,194,181,164,146,128,115,108,109,115,129,139,149,157,162,165
GS01,34/03/23,164,162,162,162,166,171,177,182,183,180,172,160,148,134,121,111,106,105,109,117,126,135,143,151
GS01,34/03/24,155,159,161,162,164,165,169,173,175,175,173,167,161,152,142,131,121,116,112,113,117,126,133,145
GS01,34/03/25,154,162,168,172,173,172,171,170,169,167,166,167,166,163,156,147,137,125,113,105,104,109,117,128
GS01,34/03/26,141,154,164,172,174,174,169,163,158,157,157,160,163,168,169,167,159,147,132,118,110,108,116,126
GS01,34/03/27,139,156,170,182,187,188,181,169,159,153,153,156,165,173,181,185,184,171,153,133,116,105,103,112
GS01,34/03/28,129,147,164,179,187,191,185,166,152,141,135,138,147,159,172,183,188,184,168,145,122,106,98,104
GS01,34/03/29,119,139,150,178,190,196,189,173,153,136,124,125,136,151,167,183,196,200,192,169,146,122,106,104
GS01,34/03/30,115,135,156,176,193,199,195,179,153,131,112,106,114,129,147,167,185,196,197,181,157,132,111,100
GS01,34/03/31,106,122,144,165,185,196,194,178,151,123,97,85,88,104,127,152,174,192,199,195,175,149,126,110
GS01,34/04/01,110,124,144,169,190,205,210,199,174,140,113,94,92,104,125,152,177,199,214,217,203,180,156,138
GS01,34/04/02,130,137,152,172,190,204,212,207,182,152,121,95,83,85,100,125,149,173,193,203,203,185,165,145
GS01,34/04/03,132,134,144,161,179,197,206,203,185,155,123,95,74,69,79,98,119,146,168,186,194,193,178,162
GS01,34/04/04,149,146,150,163,179,193,205,209,198,177,148,119,95,80,80,91,108,130,153,173,187,193,190,179
GS01,34/04/05,168,163,162,169,181,193,204,209,207,190,168,143,114,98,88,89,98,114,136,154,170,183,188,185
GS01,34/04/06,178,174,173,175,182,189,197,204,205,197,181,160,140,118,100,93,91,98,112,127,142,157,166,173
GS01,34/04/07,176,176,172,173,173,175,179,186,187,186,179,167,150,133,118,102,94,92,95,103,114,129,142,153
GS01,34/04/08,163,168,172,173,171,169,168,167,168,168,169,166,160,150,138,123,110,97,90,90,95,105,118,134
GS01,34/04/09,149,163,172,175,175,168,163,156,153,153,156,162,165,167,163,155,142,124,110,99,94,99,108,126
GS01,34/04/10,144,162,177,185,187,180,168,156,145,140,144,154,165,174,180,178,168,150,130,112,98,94,100,113
GS01,34/04/11,131,151,168,179,185,179,163,142,127,117,115,125,141,154,169,178,181,170,149,128,108,96,93,104
GS01,34/04/12,121,142,162,180,188,188,171,148,127,110,104,113,128,144,163,179,192,197,187,167,144,126,115,119
GS01,34/04/13,132,150,170,188,202,206,193,170,143,117,102,102,112,128,148,169,189,201,203,186,159,140,124,121
GS01,34/04/14,128,145,163,179,195,201,196,173,142,111,88,78,83,99,121,145,167,183,192,191,174,153,136,124
GS01,34/04/15,125,136,153,172,188,198,198,180,153,119,92,73,68,80,101,125,148,171,188,194,188,173,153,139
GS01,34/04/16,137,142,157,172,188,199,205,198,174,144,113,88,77,83,99,120,142,163,184,196,199,193,173,159
GS01,34/04/17,152,154,163,176,189,203,207,205,184,158,125,99,80,74,83,100,121,142,162,177,186,187,173,158
GS01,34/04/18,149,147,151,159,172,183,193,196,186,164,136,110,88,74,75,87,102,121,143,158,172,178,176,167
GS01,34/04/19,158,154,155,160,169,179,188,192,189,169,147,123,101,87,82,88,99,116,118,153,165,173,174,169
GS01,34/04/20,162,158,158,162,168,176,182,186,187,175,159,141,120,105,97,97,103,116,132,145,157,167,174,177
GS01,34/04/21,178,176,175,177,182,187,193,198,200,197,188,174,158,143,131,125,124,130,139,148,158,170,177,181
GS01,34/04/22,183,184,182,180,181,181,183,184,186,184,179,173,161,150,139,126,122,120,122,128,138,148,157,166
GS01,34/04/23,171,175,177,175,173,169,168,167,166,167,167,167,164,160,152,142,132,124,121,122,128,138,146,158
GS01,34/04/24,168,175,182,184,183,176,168,164,162,162,165,170,175,178,177,171,161,150,140,134,131,136,147,158
GS01,34/04/25,173,185,192,195,193,182,168,157,148,144,149,157,167,175,180,181,171,158,140,126,118,118,125,137
GS01,34/04/26,152,166,177,183,183,170,152,135,121,115,117,128,143,157,169,178,181,173,156,139,124,118,122,133
GS01,34/04/27,149,165,179,189,193,183,165,144,124,110,109,118,132,148,166,183,193,197,185,167,147,134,130,135
GS01,34/04/28,147,161,177,189,195,192,173,147,121,98,89,93,109,126,147,166,181,193,196,180,159,142,131,132
GS01,34/04/29,143,158,176,190,199,201,187,159,131,105,86,83,93,109,130,154,176,193,203,203,187,167,148,142
GS01,34/04/30,148,158,174,189,200,206,204,181,151,119,93,79,80,93,116,139,161,184,199,204,203,185,166,152
GS01,34/05/01,151,157,171,186,198,206,206,188,159,128,95,72,60,65,83,105,130,156,177,190,197,191,176,162
GS01,34/05/02,153,154,163,175,189,198,205,199,179,148,115,88,68,62,69,88,108,135,158,176,187,191,187,173
GS01,34/05/03,160,157,159,167,178,188,194,196,184,161,130,101,76,60,57,68,86,104,127,145,160,170,176,175
GS01,34/05/04,166,159,158,161,167,175,183,187,188,174,149,123,98,79,69,68,79,94,111,128,144,158,168,174
GS01,34/05/05,175,173,168,167,171,175,182,191,194,187,173,154,134,113,97,88,87,98,113,130,148,162,173,180
GS01,34/05/06,183,179,174,169,167,168,170,175,178,179,174,165,150,134,117,103,95,94,101,111,123,135,146,156
GS01,34/05/07,165,170,172,167,160,156,153,155,159,163,166,167,161,154,141,128,115,107,104,106,114,124,136,147
GS01,34/05/08,157,166,172,173,164,153,144,140,140,143,148,154,159,163,163,154,143,130,119,114,116,122,131,143
GS01,34/05/09,154,165,173,178,173,160,144,132,126,128,134,144,154,163,171,174,170,157,143,132,124,128,133,143
GS01,34/05/10,153,164,174,180,182,167,147,127,112,107,112,124,141,154,168,178,182,177,162,148,137,131,134,143
GS01,34/05/11,154,167,177,184,187,178,154,130,108,95,93,102,117,133,150,166,178,184,183,170,153,145,143,147
GS01,34/05/12,156,167,178,188,194,193,173,145,118,95,84,88,103,120,137,158,173,184,190,188,174,159,153,153
GS01,34/05/13,159,170,179,189,198,200,193,167,139,112,93,88,98,114,133,154,173,191,203,206,199,185,173,167
GS01,34/05/14,170,179,190,202,209,214,208,185,158,125,99,85,86,98,118,140,162,183,197,203,203,193,178,167
GS01,34/05/15,167,173,183,193,203,209,212,196,171,141,113,91,81,86,101,123,142,163,183,194,199,199,185,173
GS01,34/05/16,167,168,174,180,190,198,207,202,181,154,124,98,78,76,88,107,125,147,167,182,189,192,186,173
GS01,34/05/17,163,163,167,178,191,199,206,201,185,158,129,105,84,78,84,99,120,142,164,181,191,193,186,176
GS01,34/05/18,168,164,166,176,184,193,200,199,188,172,149,126,105,91,85,94,109,128,147,163,175,184,187,183
GS01,34/05/19,174,168,167,169,175,184,192,197,193,181,164,144,124,107,97,98,106,121,139,154,168,178,183,183
GS01,34/05/20,176,169,163,163,167,171,177,182,185,182,171,158,142,128,115,102,102,114,129,144,157,168,177,180
GS01,34/05/21,179,174,169,163,162,163,167,172,174,176,173,166,155,145,133,123,116,116,123,134,144,155,165,173
GS01,34/05/22,177,179,177,170,163,158,155,157,162,168,171,173,170,166,156,147,138,133,134,140,148,158,167,176
GS01,34/05/23,183,186,187,182,172,164,157,154,155,159,164,169,174,176,173,165,156,148,143,140,145,153,163,172
GS01,34/05/24,183,189,192,188,177,165,153,144,142,143,149,158,166,173,178,180,175,167,157,151,149,153,161,170
GS01,34/05/25,180,188,193,193,185,171,153,140,129,125,129,139,152,165,175,182,185,184,175,164,156,154,159,168
GS01,34/05/26,178,189,196,200,194,179,160,143,125,115,111,119,133,147,161,174,183,188,187,177,166,158,158,164
GS01,34/05/27,173,183,193,200,200,187,163,141,121,103,93,95,111,128,148,165,180,190,194,191,178,165,159,160
GS01,34/05/28,170,180,191,199,205,198,178,155,132,111,93,82,87,103,123,143,164,183,194,200,197,183,172,166
GS01,34/05/29,169,178,192,203,210,209,194,169,141,121,90,73,69,83,106,128,150,171,188,198,202,196,182,172
GS01,34/05/30,169,177,188,199,210,215,209,187,158,130,107,87,75,70,87,109,140,169,190,203,208,198,185,172
GS01,34/05/31,163,165,173,183,193,203,206,194,171,139,108,82,64,54,62,83,108,134,161,179,194,200,196,183
GS01,34/06/01,171,166,171,179,192,203,212,209,194,170,143,115,91,76,70,81,98,118,140,161,177,189,195,190
GS01,34/06/02,178,169,166,170,178,190,200,204,202,187,165,140,114,95,84,82,93,111,130,148,164,178,188,191
GS01,34/06/03,187,176,169,166,168,175,183,189,194,195,184,164,142,121,104,98,102,112,128,143,159,174,187,195
GS01,34/06/04,197,190,180,172,167,169,175,182,188,193,195,189,174,159,142,129,125,129,138,149,161,173,185,193
GS01,34/06/05,198,197,187,174,168,157,157,163,171,176,182,185,182,173,158,147,139,137,139,146,157,168,181,190
GS01,34/06/06,197,200,193,177,163,150,146,147,152,159,168,177,184,187,183,175,166,157,154,158,163,173,182,193
GS01,34/06/07,201,203,198,183,164,146,132,123,125,131,143,157,171,181,184,183,176,169,161,159,160,166,175,185
GS01,34/06/08,196,203,203,194,178,159,139,123,114,113,122,133,148,162,175,184,189,190,184,176,172,173,178,184
GS01,34/06/09,191,198,202,202,188,169,146,122,106,97,102,112,128,143,157,171,183,188,190,183,175,169,171,178
GS01,34/06/10,186,194,200,203,196,182,155,130,105,90,85,94,109,126,141,158,173,184,190,192,185,176,172,174
GS01,34/06/11,181,190,198,205,207,197,175,147,120,98,86,86,98,115,136,160,179,192,200,202,192,180,173,172
GS01,34/06/12,176,186,196,206,209,207,189,167,139,113,92,82,88,102,122,143,164,181,195,201,202,191,180,173
GS01,34/06/13,175,184,193,206,215,218,208,185,157,130,105,91,87,99,118,139,161,180,195,204,207,205,198,182
GS01,34/06/14,180,184,192,202,212,218,219,202,177,151,124,102,89,92,105,126,148,168,187,199,205,206,194,182
GS01,34/06/15,174,174,180,188,198,206,211,202,181,154,129,105,90,86,94,109,128,147,168,182,192,196,190,177
GS01,34/06/16,167,165,170,178,188,197,203,205,191,169,146,118,100,93,98,110,129,147,166,183,194,200,200,188
GS01,34/06/17,175,168,166,172,181,190,198,202,198,182,161,136,118,103,101,108,121,136,153,169,183,192,194,184
GS01,34/06/18,171,161,157,158,166,175,184,191,192,183,171,153,133,118,109,110,121,135,152,168,181,191,195,192
GS01,34/06/19,179,167,158,154,156,162,171,178,183,184,178,166,149,135,122,120,123,133,149,164,180,192,197,197
GS01,34/06/20,187,174,163,155,152,156,163,172,181,187,187,183,174,164,153,146,146,152,162,175,188,199,209,212
GS01,34/06/21,204,192,178,165,155,151,152,156,162,171,177,183,183,179,170,162,157,155,158,166,175,185,195,201
GS01,34/06/22,202,195,181,165,150,138,130,128,131,144,154,166,175,181,181,178,171,159,155,156,162,170,178,187
GS01,34/06/23,193,195,189,177,161,145,130,119,114,114,124,137,151,164,174,181,183,179,172,167,167,171,177,187
GS01,34/06/24,196,201,202,193,177,157,135,117,102,98,107,121,136,153,167,179,187,192,192,183,178,176,178,183
GS01,34/06/25,190,197,201,202,193,175,150,127,107,92,88,97,113,132,152,171,186,196,202,200,189,181,180,182
GS01,34/06/26,187,194,201,206,207,193,170,142,114,94,80,77,102,109,129,152,172,184,196,203,204,194,186,184
GS01,34/06/27,188,194,195,203,212,217,219,203,181,152,122,107,82,82,95,112,135,158,179,196,207,213,211,200
GS01,34/06/28,191,188,193,200,210,218,224,223,205,180,143,110,84,71,78,94,116,142,166,189,204,213,215,202
GS01,34/06/29,188,182,183,191,200,210,219,224,220,198,166,132,99,80,82,102,122,144,165,183,196,202,203,187
GS01,34/06/30,175,171,175,184,194,206,216,220,214,189,159,129,103,87,88,102,120,141,162,183,199,209,212,201
GS01,34/07/01,184,173,168,174,183,196,206,212,216,206,183,155,127,106,98,103,117,131,147,167,183,196,203,203
GS01,34/07/02,184,168,159,158,163,173,184,194,203,205,197,175,151,131,117,113,122,135,149,166,181,194,202,203
GS01,34/07/03,191,173,159,149,147,153,163,172,181,187,191,185,170,154,139,132,133,141,152,164,175,187,196,200
GS01,34/07/04,197,182,166,149,141,140,145,152,162,170,177,182,180,170,159,152,150,154,164,173,183,196,206,210
GS01,34/07/05,206,193,178,161,147,137,135,140,148,157,166,173,180,183,180,173,169,168,171,177,185,193,200,205
GS01,34/07/06,210,205,192,176,159,142,130,126,128,137,151,165,177,183,188,188,185,184,183,184,189,196,203,209
GS01,34/07/07,213,211,203,191,176,157,140,127,119,121,132,145,157,170,181,188,194,197,194,189,189,190,196,201
GS01,34/07/08,208,210,210,201,188,170,149,131,113,107,111,123,138,154,171,184,193,199,201,197,191,188,189,193
GS01,34/07/09,201,208,214,213,205,188,167,144,123,107,101,109,122,139,157,177,193,202,209,207,199,190,187,190
GS01,34/07/10,197,205,215,221,220,210,195,174,149,127,112,107,116,129,146,163,185,201,211,215,213,204,196,191
GS01,34/07/11,194,200,206,214,219,220,208,187,159,130,109,99,105,119,137,155,175,191,202,210,212,208,197,189
GS01,34/07/12,191,194,202,211,218,224,225,208,184,153,127,106,98,112,129,149,171,190,204,212,214,205,191,180
GS01,34/07/13,176,179,185,194,202,211,216,215,193,166,136,114,102,104,116,137,158,176,194,206,212,213,199,183
GS01,34/07/14,174,177,185,197,210,222,227,229,210,186,157,130,110,105,115,134,157,174,189,201,210,215,206,192
GS01,34/07/15,178,172,177,186,199,210,216,221,221,202,182,158,138,127,121,132,146,161,179,194,207,213,213,198
GS01,34/07/16,184,172,172,179,189,204,215,222,226,212,193,170,151,132,124,130,142,155,171,186,200,208,211,202
GS01,34/07/17,184,171,163,166,174,183,192,200,207,209,202,181,160,142,132,134,142,151,163,176,189,207,218,208
GS01,34/07/18,188,172,161,157,160,169,179,189,197,202,203,190,174,158,146,142,147,157,170,182,194,203,208,208
GS01,34/07/19,194,177,162,151,148,155,162,171,178,185,189,191,184,173,162,156,157,162,170,178,188,196,202,205
GS01,34/07/20,198,186,169,155,143,137,142,150,162,174,180,184,184,178,172,166,164,166,176,184,195,202,206,209
GS01,34/07/21,204,190,175,161,147,137,133,135,142,149,158,166,174,178,183,185,186,184,185,187,191,196,201,205
GS01,34/07/22,207,204,194,179,160,143,129,124,123,129,137,147,156,166,176,183,188,192,193,192,192,197,200,203
GS01,34/07/23,206,206,199,187,172,151,132,116,106,104,110,122,139,155,169,183,193,199,201,198,192,193,197,202
GS01,34/07/24,208,210,211,209,196,178,157,135,115,101,97,105,117,131,148,167,182,192,200,203,200,193,190,190
GS01,34/07/25,196,201,205,207,206,193,171,145,117,97,80,76,87,102,118,138,158,175,187,193,195,187,178,175
GS01,34/07/26,178,183,190,197,202,205,192,166,134,100,77,64,67,87,108,132,154,172,187,196,199,192,179,168
GS01,34/07/27,167,173,182,194,203,211,212,196,165,129,96,74,66,73,91,111,134,157,176,188,195,196,183,165
GS01,34/07/28,156,157,166,179,191,203,211,213,194,161,127,96,78,77,88,103,124,144,165,182,193,197,192,173
GS01,34/07/29,158,153,158,169,180,192,203,210,211,193,162,130,106,96,96,109,123,143,163,180,192,197,192,172
GS01,34/07/30,151,140,136,142,151,163,177,186,193,193,175,147,121,105,102,110,126,142,158,173,186,193,195,175
GS01,34/07/31,150,133,124,123,134,148,162,173,182,187,183,162,142,127,118,119,130,143,158,170,183,191,194,183
GS01,34/08/01,161,140,124,116,120,130,143,155,165,172,176,172,158,146,138,135,141,148,160,170,180,188,192,190
GS01,34/08/02,172,153,135,122,116,120,131,143,154,162,168,172,169,162,157,155,158,163,171,179,188,194,198,199
GS01,34/08/03,186,168,151,136,124,120,126,133,142,149,157,163,168,170,172,171,173,176,179,184,189,194,198,199
GS01,34/08/04,196,184,171,155,140,127,123,126,133,144,155,161,168,172,176,180,182,184,186,194,201,205,208,208
GS01,34/08/05,203,198,187,174,159,144,132,124,121,126,137,148,163,172,177,182,186,188,189,190,192,193,194,197
GS01,34/08/06,198,199,195,187,173,156,139,123,112,107,115,125,135,146,156,167,176,194,197,191,187,185,184,187
GS01,34/08/07,191,195,197,195,186,173,154,135,117,104,97,103,119,133,148,154,172,180,185,186,182,175,173,173
GS01,34/08/08,178,184,187,192,192,184,168,149,129,112,99,94,105,117,131,149,162,172,182,187,185,174,166,165
GS01,34/08/09,168,172,179,186,190,193,184,162,138,117,96,87,94,108,123,139,156,169,179,184,183,172,158,152
GS01,34/08/10,154,162,171,181,189,194,197,182,158,131,106,91,87,97,112,128,147,164,179,187,189,182,168,157
GS01,34/08/11,153,158,166,177,186,196,202,201,184,152,129,110,100,106,118,134,152,168,181,189,192,187,170,154
GS01,34/08/12,147,150,158,169,179,190,198,201,189,163,135,112,96,100,110,123,140,156,172,183,189,188,171,154
GS01,34/08/13,141,138,147,156,167,180,190,195,194,174,147,124,107,100,109,121,136,152,166,178,185,187,169,149
GS01,34/08/14,133,126,130,139,149,163,173,183,187,182,158,133,113,104,109,122,138,151,166,178,185,188,173,151
GS01,34/08/15,131,118,117,126,136,148,162,173,180,183,168,150,132,120,118,126,138,151,167,180,188,191,184,166
GS01,34/08/16,146,130,119,119,132,145,160,172,181,184,181,167,151,139,132,138,147,160,174,185,193,196,193,175
GS01,34/08/17,153,134,121,115,122,134,147,161,172,177,180,180,170,161,153,154,160,168,176,185,192,197,200,190
GS01,34/08/18,172,155,138,127,123,123,134,145,156,165,173,177,181,178,176,173,175,182,186,192,196,201,203,200
GS01,34/08/19,189,172,156,140,128,122,121,128,136,145,154,162,169,175,179,182,184,186,187,191,194,199,212,210
GS01,34/08/20,201,191,178,166,151,137,128,125,127,138,151,168,182,194,203,206,207,205,203,200,204,207,209,211
GS01,34/08/21,209,205,197,187,169,147,131,116,108,109,120,135,155,177,194,203,207,210,206,201,196,192,193,194
GS01,34/08/22,197,202,203,201,191,177,157,137,115,101,99,109,121,136,153,169,182,193,197,199,192,183,182,182
GS01,34/08/23,187,193,199,203,205,197,179,152,125,106,92,92,104,120,137,156,176,190,199,201,193,182,172,168
GS01,34/08/24,173,182,191,201,210,213,205,182,152,120,98,90,97,112,128,149,167,182,194,200,197,184,168,159
GS01,34/08/25,158,164,173,184,197,206,211,204,177,145,111,90,84,102,123,141,160,176,191,199,200,186,163,146
GS01,34/08/26,139,144,156,167,182,195,204,209,200,174,144,123,108,107,121,136,155,173,189,199,203,197,173,149
GS01,34/08/27,134,131,139,151,165,181,195,204,207,196,167,140,121,114,124,138,153,170,187,198,203,199,175,146
GS01,34/08/28,124,114,117,131,146,162,178,189,196,197,178,156,137,125,130,140,153,168,182,194,201,203,185,157
GS01,34/08/29,136,119,113,123,138,153,169,182,194,199,196,180,163,151,148,156,166,177,188,199,207,211,204,182
GS01,34/08/30,157,137,123,122,140,147,161,173,185,193,197,196,187,177,172,175,181,189,199,207,213,217,212,190
GS01,34/08/31,166,145,130,122,125,135,147,158,170,180,185,187,185,179,177,177,183,189,197,203,209,213,212,197
GS01,34/09/01,181,161,146,133,129,131,142,151,160,168,177,182,186,187,189,189,191,195,199,203,207,210,212,209
GS01,34/09/02,198,185,168,153,142,135,133,139,146,154,162,169,175,179,184,186,188,191,192,193,195,197,199,199
GS01,34/09/03,197,190,180,167,153,142,133,130,129,135,142,152,160,168,176,182,187,190,191,191,190,190,191,192
GS01,34/09/04,193,192,188,181,169,154,140,129,122,121,127,135,145,155,166,176,183,187,189,188,183,180,179,181
GS01,34/09/05,185,189,192,194,189,177,157,142,127,119,119,128,145,157,170,182,192,198,201,198,189,184,181,181
GS01,34/09/06,185,191,198,202,206,203,189,168,147,130,121,127,139,152,167,184,196,204,208,207,196,184,177,176
GS01,34/09/07,182,190,200,209,215,217,207,187,162,137,123,120,131,146,164,182,197,209,214,209,193,178,166,160
GS01,34/09/08,164,174,186,199,211,216,211,195,169,144,124,113,115,131,149,169,186,199,207,206,189,168,152,142
GS01,34/09/09,143,154,170,186,202,212,216,207,188,160,132,117,117,129,148,165,178,193,204,209,203,181,159,142
GS01,34/09/10,139,150,167,185,200,214,223,224,202,175,148,130,122,130,147,168,187,204,217,220,208,183,157,140
GS01,34/09/11,129,132,147,164,181,197,210,217,214,192,166,145,132,132,144,160,176,195,207,212,210,185,157,133
GS01,34/09/12,116,116,126,142,160,178,196,205,208,193,167,147,132,134,146,163,180,196,206,208,192,171,141,113
GS01,34/09/13,100,103,117,137,157,172,186,195,198,184,165,147,138,138,148,162,177,190,202,207,203,182,156,130
GS01,34/09/14,112,104,107,123,142,160,181,193,200,197,185,173,159,151,154,163,178,191,202,210,213,204,187,162
GS01,34/09/15,140,121,109,106,115,132,151,165,180,188,189,182,172,165,164,169,177,190,203,211,212,204,190,172
GS01,34/09/16,152,136,121,113,112,120,133,145,160,172,182,186,186,182,180,181,185,189,196,202,206,208,203,188
GS01,34/09/17,174,157,142,130,124,121,127,138,148,159,168,177,183,188,192,194,196,198,201,203,206,209,210,208
GS01,34/09/18,199,188,174,160,147,136,130,130,135,144,153,165,176,186,196,201,203,204,204,200,199,202,204,205
GS01,34/09/19,206,204,198,188,170,147,133,126,121,126,136,147,161,174,186,196,203,207,208,202,194,193,196,198
GS01,34/09/20,203,207,210,208,200,186,164,144,128,116,120,133,147,162,177,191,202,207,209,197,182,173,173,179
GS01,34/09/21,188,199,208,215,218,208,184,160,140,127,130,142,169,191,218,236,248,248,228,206,180,166,161,166
GS01,34/09/22,183,202,222,234,236,223,198,166,135,105,97,102,122,149,179,203,219,226,216,192,164,142,129,127
GS01,34/09/23,143,164,185,206,222,230,225,197,164,132,112,107,118,142,165,189,209,221,221,199,169,139,115,104
GS01,34/09/24,112,130,150,172,191,207,216,215,188,157,134,118,120,135,155,177,197,214,222,212,184,151,120,97
GS01,34/09/25,92,104,126,152,177,198,211,214,197,172,148,133,123,129,147,165,184,200,211,208,186,157,123,96
GS01,34/09/26,81,83,98,123,148,172,191,202,203,187,166,148,138,140,150,165,182,198,212,216,201,177,145,116
GS01,34/09/27,94,85,90,108,130,151,173,187,196,194,180,166,153,148,153,164,177,192,203,208,204,186,159,133
GS01,34/09/28,108,93,88,96,114,132,150,166,178,184,184,173,162,157,157,164,174,186,197,203,205,194,174,147
GS01,34/09/29,125,108,99,99,109,124,143,159,172,180,183,182,176,171,169,173,181,188,197,203,206,202,189,170
GS01,34/09/30,152,135,122,116,116,125,137,151,162,173,180,183,185,183,182,185,190,196,201,205,208,208,203,193
GS01,34/10/01,181,166,156,143,137,138,144,153,161,169,178,185,191,193,196,197,198,197,198,198,199,197,192,186
GS01,34/10/02,177,166,156,144,134,127,123,124,130,138,146,157,164,173,177,181,183,182,178,176,174,175,177,180
GS01,34/10/03,181,180,176,167,159,147,137,131,130,137,146,155,167,178,187,194,198,197,192,187,180,179,182,187
GS01,34/10/04,192,195,198,195,185,170,155,142,135,135,144,154,168,182,192,201,206,204,192,179,171,164,166,172
GS01,34/10/05,180,189,197,201,199,182,163,144,128,122,124,137,156,176,192,204,208,202,187,168,153,141,141,147
GS01,34/10/06,160,178,193,204,206,193,176,153,131,116,114,123,140,159,180,196,205,207,193,171,151,135,127,132
GS01,34/10/07,144,162,184,198,210,215,205,183,160,140,127,127,141,159,179,197,210,216,216,195,172,147,131,128
GS01,34/10/08,139,157,175,194,211,222,226,214,186,160,143,139,148,165,184,204,220,228,227,210,183,155,136,125
GS01,34/10/09,128,146,166,191,214,227,234,232,209,184,160,151,153,167,187,207,225,235,238,223,193,160,131,115
GS01,34/10/10,113,128,151,181,208,230,243,243,222,197,174,154,152,160,176,195,214,230,236,225,198,164,132,107
GS01,34/10/11,97,106,125,148,173,194,211,220,225,212,190,170,158,160,174,194,215,231,240,237,215,182,149,120
GS01,34/10/12,105,103,117,139,164,188,210,222,229,230,211,192,179,172,177,189,207,215,229,232,220,192,162,132
GS01,34/10/13,107,94,96,112,133,155,175,187,198,208,203,189,178,172,175,188,202,215,226,226,215,198,178,154
GS01,34/10/14,132,112,103,103,119,138,157,175,190,199,205,201,193,187,184,189,200,209,218,220,215,202,186,166
GS01,34/10/15,146,130,116,110,111,124,144,161,181,194,202,203,204,201,198,199,200,205,212,217,217,212,203,192
GS01,34/10/16,177,162,147,134,126,123,128,138,150,162,173,183,191,195,197,197,197,195,195,197,199,201,200,195
GS01,34/10/17,187,178,166,153,143,133,129,129,138,151,165,179,192,201,207,204,197,187,181,176,174,176,183,187
GS01,34/10/18,191,188,180,168,152,140,130,119,116,125,141,157,176,191,204,210,205,194,180,169,164,165,174,183
GS01,34/10/19,193,201,204,199,187,167,149,133,122,123,135,147,161,174,187,198,204,203,183,165,150,144,149,160
GS01,34/10/20,172,186,198,206,209,197,175,152,136,129,132,145,162,180,194,206,214,212,191,166,143,127,121,132
GS01,34/10/21,148,165,182,196,206,209,197,176,151,133,126,132,145,157,175,190,200,204,196,167,141,118,103,107
GS01,34/10/22,120,141,160,178,194,204,207,196,172,151,137,134,143,157,172,186,197,203,202,176,144,113,89,80
GS01,34/10/23,90,109,130,153,174,190,200,203,190,170,154,143,142,153,167,182,196,206,209,195,169,139,112,94
GS01,34/10/24,87,93,115,140,162,182,199,206,209,195,178,165,159,165,177,192,206,217,223,219,191,157,128,106
GS01,34/10/25,92,98,116,138,160,180,197,209,215,214,198,183,173,173,182,192,204,218,226,223,201,170,135,107
GS01,34/10/26,88,83,94,116,142,163,180,192,201,203,193,178,170,165,169,182,198,212,219,218,205,181,150,120
GS01,34/10/27,96,88,88,105,128,156,183,199,210,207,200,187,178,172,176,188,201,214,221,223,215,197,172,148
GS01,34/10/28,126,109,105,113,129,151,172,190,203,206,204,197,187,183,182,188,195,205,214,218,212,201,183,160
GS01,34/10/29,139,120,108,107,113,126,145,162,176,185,188,187,182,177,175,172,177,183,188,194,193,189,181,177
GS01,34/10/30,150,132,120,115,111,119,131,143,158,172,181,184,183,180,176,173,172,171,174,177,178,181,177,170
GS01,34/10/31,160,151,137,127,120,117,122,132,144,162,172,182,187,188,185,181,177,173,171,169,173,176,179,180
GS01,34/11/01,177,173,165,156,146,138,137,139,147,158,169,180,179,198,203,202,194,186,177,172,170,175,180,189
GS01,34/11/02,197,201,201,193,182,172,165,160,162,172,183,196,210,218,221,216,206,190,176,162,156,156,161,171
GS01,34/11/03,183,191,194,192,183,169,153,142,137,139,151,165,181,193,203,206,198,182,162,144,131,125,129,140
GS01,34/11/04,154,168,182,188,187,178,161,146,131,129,134,148,164,176,188,204,197,187,169,151,133,117,109,119
GS01,34/11/05,138,152,168,179,189,193,184,168,152,137,136,148,160,172,196,208,210,199,179,157,131,109,99,106
GS01,34/11/06,124,141,159,177,189,200,205,196,178,162,152,156,164,176,201,218,223,218,201,171,152,126,107,100
GS01,34/11/07,115,138,163,181,197,209,217,219,208,192,177,172,178,188,199,210,220,226,224,206,182,156,130,107
GS01,34/11/08,101,120,143,164,190,208,222,227,217,198,182,169,172,184,199,214,224,228,225,205,180,152,123,100
GS01,34/11/09,89,101,126,156,183,207,223,231,222,207,192,178,174,182,195,212,226,232,228,210,184,151,118,95
GS01,34/11/10,80,81,98,122,148,172,194,209,216,212,201,186,177,177,186,198,212,222,227,218,198,172,145,116
GS01,34/11/11,93,82,87,107,129,151,171,186,199,206,207,197,185,182,184,192,199,205,211,213,206,189,170,147
GS01,34/11/12,122,104,92,88,104,127,146,161,174,183,189,190,181,174,169,172,180,188,196,201,197,187,172,156
GS01,34/11/13,137,119,105,97,96,108,125,137,150,163,173,179,182,183,178,176,177,180,187,193,196,195,188,177
GS01,34/11/14,162,148,132,122,117,123,134,145,154,165,174,183,189,193,194,189,183,180,181,184,187,191,193,189
GS01,34/11/15,181,174,159,146,135,127,128,135,146,155,165,174,183,189,193,191,183,172,163,159,161,167,174,180
GS01,34/11/16,183,183,177,167,156,145,136,133,138,148,158,168,177,185,189,189,182,171,159,147,141,139,147,156
GS01,34/11/17,164,170,176,178,174,165,154,146,141,142,151,161,169,177,183,187,186,176,162,146,132,124,126,139
GS01,34/11/18,149,160,170,177,182,182,173,164,155,151,156,165,174,184,192,197,199,189,174,155,138,125,119,127
GS01,34/11/19,142,153,173,183,191,196,198,189,177,172,174,184,194,203,212,218,221,205,181,154,128,107,97,106
GS01,34/11/20,130,152,166,177,187,193,197,197,182,167,163,169,183,199,215,224,223,208,186,159,131,105,87,85
GS01,34/11/21,101,128,161,187,207,219,221,211,195,180,169,169,177,193,208,221,228,219,198,169,137,107,82,76
GS01,34/11/22,86,109,138,162,182,196,206,210,200,185,172,165,167,181,196,207,217,222,210,184,152,119,92,75
GS01,34/11/23,76,91,118,148,173,187,199,206,208,196,181,172,170,178,189,199,209,215,217,201,179,154,128,104
GS01,34/11/24,88,85,102,127,149,168,182,192,196,199,187,176,167,171,180,191,202,209,213,207,186,159,131,104
GS01,34/11/25,87,83,94,117,144,168,183,194,201,204,197,184,174,172,179,188,197,206,213,214,199,178,154,127
GS01,34/11/26,109,97,97,114,134,157,181,197,208,211,206,197,185,183,182,192,204,214,221,221,215,201,182,160
GS01,34/11/27,137,124,122,129,143,163,183,198,210,218,221,217,207,200,199,201,209,216,226,229,225,216,200,181
GS01,34/11/28,164,148,140,137,144,157,174,193,209,216,217,212,202,191,184,177,178,181,187,192,192,192,185,176
GS01,34/11/29,162,148,137,131,132,139,153,167,178,188,196,199,199,193,185,177,173,172,173,177,182,184,184,182
GS01,34/11/30,174,164,154,143,140,139,147,157,167,175,185,191,194,196,186,174,167,157,152,154,157,166,173,177
GS01,34/12/01,181,177,171,164,155,151,152,156,165,177,191,199,202,202,196,183,169,153,140,135,134,141,148,159
GS01,34/12/02,169,174,176,172,165,156,148,148,151,161,172,184,192,198,196,187,171,153,135,120,117,122,131,147
GS01,34/12/03,161,173,182,190,186,177,166,161,157,162,169,184,194,206,206,198,187,164,140,121,107,105,108,129
GS01,34/12/04,149,169,188,197,201,193,184,173,162,161,167,178,190,203,210,209,196,176,150,128,104,89,92,105
GS01,34/12/05,131,154,180,201,212,215,206,192,179,167,168,174,187,203,214,219,213,195,169,136,109,87,77,84
GS01,34/12/06,105,131,157,183,206,219,219,208,191,177,168,169,178,194,209,219,218,205,180,147,116,89,69,64
GS01,34/12/07,79,103,134,165,192,212,222,217,203,187,175,172,177,190,206,220,229,223,206,177,146,112,93,66
GS01,34/12/08,63,81,109,139,169,197,215,221,216,201,183,173,169,176,189,206,219,226,219,197,171,143,117,92
GS01,34/12/09,75,69,87,112,142,169,192,209,213,210,196,182,172,174,184,197,212,223,225,212,190,162,132,104
GS01,34/12/10,86,75,82,102,129,157,181,197,210,214,206,191,178,173,179,187,198,206,213,217,209,191,165,137
GS01,34/12/11,115,96,86,94,112,130,146,162,177,188,194,193,178,166,163,166,174,182,191,197,201,190,171,147
GS01,34/12/12,121,101,90,88,103,123,141,158,174,187,193,194,182,168,158,153,157,163,171,181,187,189,179,163
GS01,34/12/13,145,127,113,103,106,120,137,156,173,189,198,197,191,177,165,156,151,152,159,167,174,181,184,181
GS01,34/12/14,171,158,146,136,133,137,147,161,173,184,193,199,202,196,182,167,155,147,145,148,156,161,167,171
GS01,34/12/15,174,174,165,156,147,144,143,153,159,168,176,184,188,191,184,172,157,146,135,127,124,133,143,152
GS01,34/12/16,162,169,174,174,168,161,159,160,164,169,176,183,189,192,193,182,165,147,132,117,109,110,120,131
GS01,34/12/17,143,153,163,171,173,173,167,162,162,166,171,178,184,189,192,190,175,157,139,119,103,96,102,116
GS01,34/12/18,130,142,155,166,175,181,184,184,181,179,182,186,192,197,202,205,200,187,172,153,133,117,109,106
GS01,34/12/19,117,128,142,155,167,176,182,184,181,175,172,174,179,185,193,198,199,192,179,162,145,126,110,99
GS01,34/12/20,98,110,128,147,163,178,187,192,192,182,174,173,177,182,191,197,204,205,194,177,159,140,121,107
GS01,34/12/21,99,103,115,131,147,162,176,184,187,185,175,169,169,175,182,191,197,202,198,182,164,145,124,105
GS01,34/12/22,93,91,108,131,149,167,183,193,198,194,183,172,168,174,182,190,201,208,211,197,177,158,135,113
GS01,34/12/23,98,91,104,118,134,150,163,176,184,189,190,181,177,179,184,192,200,207,211,212,201,181,159,141
GS01,34/12/24,122,109,108,126,147,165,180,192,199,202,194,181,168,166,171,177,187,196,203,206,197,177,158,135
GS01,34/12/25,116,103,101,115,130,146,161,173,185,192,196,189,177,171,174,179,188,196,203,207,206,191,173,147
GS01,34/12/26,126,110,107,116,132,147,163,178,189,197,199,188,174,163,160,163,169,178,187,193,196,189,172,152
GS01,34/12/27,133,118,110,113,125,142,157,172,184,194,196,188,173,160,154,152,157,163,172,179,185,186,177,163
GS01,34/12/28,146,131,121,119,127,136,149,162,172,181,186,185,173,161,149,143,142,146,152,158,164,167,169,164
GS01,34/12/29,155,144,137,131,133,141,152,161,171,182,189,192,186,174,162,149,143,141,143,148,156,163,168,170
GS01,34/12/30,167,163,156,149,147,149,154,162,170,178,186,190,191,182,172,158,146,135,131,129,137,144,150,156
GS01,34/12/31,161,166,167,163,159,157,158,162,167,174,179,186,188,188,180,171,162,149,138,129,125,129,139,148
