GS01,05/01/01,222,210,208,217,236,258,283,302,312,314,306,293,278,267,264,266,274,285,294,299,298,287,271,250
GS01,05/01/02,228,212,204,206,215,236,259,280,296,302,300,291,277,265,255,252,257,265,274,282,287,286,279,265
GS01,05/01/03,248,230,218,214,219,230,250,270,285,297,299,293,284,271,259,252,248,250,255,264,273,278,280,276
GS01,05/01/04,267,255,244,237,237,243,255,270,288,301,311,310,302,291,277,264,254,248,247,248,257,266,273,276
GS01,05/01/05,275,270,263,255,246,245,250,258,269,282,291,295,292,282,270,252,236,223,214,212,218,228,242,256
GS01,05/01/06,267,272,274,271,264,258,257,260,268,279,292,300,303,300,290,274,254,233,220,210,208,216,231,248
GS01,05/01/07,268,283,294,297,296,289,283,279,279,284,293,303,311,314,310,299,279,255,230,208,194,192,199,218
GS01,05/01/08,242,267,289,300,305,304,293,284,276,274,278,285,295,304,307,300,285,260,230,200,177,167,168,183
GS01,05/01/09,208,240,272,297,314,320,316,306,293,286,284,289,300,312,323,326,319,298,268,231,196,173,161,163
GS01,05/01/10,182,211,247,280,306,322,325,317,304,290,279,278,284,297,313,325,330,321,298,262,225,190,166,155
GS01,05/01/11,162,184,219,257,291,317,329,329,317,302,287,276,275,284,300,318,329,329,315,286,250,211,178,154
GS01,05/01/12,150,161,185,221,259,292,314,324,321,308,292,276,267,269,280,297,316,326,323,305,276,241,202,172
GS01,05/01/13,156,154,168,196,231,265,293,308,310,301,288,269,254,251,260,275,295,313,320,314,297,270,236,203
GS01,05/01/14,178,166,170,187,215,246,275,298,304,303,291,274,255,244,242,250,272,286,301,308,298,282,256,228
GS01,05/01/15,204,184,183,191,209,238,265,286,301,304,296,282,263,247,241,244,256,272,289,300,303,299,285,267
GS01,05/01/16,246,228,221,223,234,254,277,297,312,319,317,304,286,270,255,250,252,261,275,287,296,298,292,281
GS01,05/01/17,266,252,242,239,246,257,274,290,304,311,311,303,290,272,256,244,240,241,248,257,268,275,280,278
GS01,05/01/18,272,264,257,253,254,261,272,285,299,306,311,308,296,283,267,251,240,234,235,240,248,258,266,273
GS01,05/01/19,275,275,273,269,269,272,277,284,294,299,304,305,299,290,277,262,247,235,227,224,227,236,247,259
GS01,05/01/20,270,279,284,285,283,283,284,287,292,297,301,305,304,301,293,277,262,244,228,217,214,218,226,240
GS01,05/01/21,254,269,280,286,289,288,286,283,281,284,288,293,296,298,295,285,269,250,228,210,197,193,200,213
GS01,05/01/22,231,253,271,282,290,292,287,281,276,275,276,281,287,292,294,291,279,261,237,212,192,183,181,192
GS01,05/01/23,211,233,257,278,290,295,292,286,276,270,268,271,279,288,298,302,297,283,259,232,206,188,181,184
GS01,05/01/24,200,224,251,275,296,305,305,300,288,278,270,271,278,289,303,314,316,308,290,264,236,209,194,191
GS01,05/01/25,200,223,251,278,304,318,322,318,303,289,279,274,277,289,303,315,325,321,307,281,248,219,196,184
GS01,05/01/26,188,205,232,263,290,311,320,319,307,292,276,266,265,275,289,307,319,322,314,292,262,229,200,183
GS01,05/01/27,179,189,213,242,272,298,313,316,305,291,273,259,254,259,273,292,310,321,319,306,282,251,219,196
GS01,05/01/28,184,186,203,230,259,289,307,314,309,295,276,259,248,248,259,277,296,309,315,309,290,265,234,206
GS01,05/01/29,189,185,194,216,245,273,297,309,309,297,281,262,246,242,250,264,284,303,314,318,308,290,265,241
GS01,05/01/30,219,211,218,232,255,280,302,317,321,312,295,275,256,245,244,253,265,284,299,306,306,294,273,251
GS01,05/01/31,228,215,214,220,238,263,287,306,315,310,301,282,262,249,243,243,257,274,288,301,305,302,292,277
GS01,05/02/01,260,246,238,241,253,270,289,308,321,323,316,300,282,262,250,244,246,256,269,279,291,294,292,284
GS01,05/02/02,272,259,253,248,252,262,278,293,304,309,306,294,276,258,240,227,223,225,230,241,254,265,271,274
GS01,05/02/03,272,267,262,258,257,262,270,282,293,299,299,294,282,265,248,232,219,213,211,214,225,236,249,261
GS01,05/02/04,268,273,274,271,270,269,272,278,283,291,296,295,290,279,265,248,231,218,205,201,202,212,227,244
GS01,05/02/05,262,277,288,292,293,290,287,284,286,290,292,296,297,294,285,271,252,231,210,193,186,187,197,216
GS01,05/02/06,237,260,282,296,300,299,295,287,279,278,279,283,290,292,294,287,270,247,220,194,175,163,164,178
GS01,05/02/07,202,230,260,283,298,303,300,289,277,266,265,268,278,287,298,300,294,276,248,214,183,162,152,156
GS01,05/02/08,175,206,239,272,296,309,310,301,286,271,262,261,268,284,301,314,318,308,284,252,215,181,158,150
GS01,05/02/09,159,180,214,250,283,303,311,308,292,273,255,248,251,265,285,306,321,324,312,286,251,214,183,166
GS01,05/02/10,164,179,209,243,281,310,325,327,314,293,270,254,249,254,275,299,319,332,329,311,281,243,206,180
GS01,05/02/11,166,169,189,219,253,283,303,309,302,282,258,236,222,223,236,259,288,307,316,312,293,262,229,199
GS01,05/02/12,180,177,188,209,239,270,293,303,299,283,260,235,215,207,213,231,254,278,296,302,294,275,249,221
GS01,05/02/13,201,191,196,212,237,263,288,302,303,292,272,246,224,209,208,217,235,259,277,289,291,282,266,244
GS01,05/02/14,225,212,210,218,235,255,276,290,296,289,274,253,230,212,202,201,213,230,249,264,273,273,266,254
GS01,05/02/15,240,230,225,229,241,257,276,289,297,294,282,265,244,224,210,203,206,217,230,245,256,262,264,259
GS01,05/02/16,254,247,243,246,252,265,279,290,296,299,295,281,266,246,231,221,215,219,226,237,247,258,264,268
GS01,05/02/17,269,268,267,267,273,277,286,294,298,300,295,288,277,260,246,233,222,218,216,219,226,234,244,253
GS01,05/02/18,260,265,271,272,275,276,279,282,283,284,283,280,275,266,255,242,229,216,208,204,206,211,222,235
GS01,05/02/19,250,260,272,278,282,283,283,283,284,284,287,287,288,287,283,275,262,249,233,221,217,218,225,238
GS01,05/02/20,257,275,292,303,310,309,304,299,294,290,288,291,294,297,298,293,282,265,243,222,208,199,202,211
GS01,05/02/21,229,251,271,289,298,297,293,286,275,268,265,268,275,284,292,293,289,274,251,226,202,186,183,189
GS01,05/02/22,203,228,252,274,288,294,289,280,266,254,247,248,9999,9999,9999,9999,292,281,261,234,206,184,172,173
GS01,05/02/23,187,211,239,266,287,298,298,291,275,259,250,247,254,266,286,299,307,303,285,259,228,198,179,172
GS01,05/02/24,180,200,227,256,280,294,297,286,269,250,233,227,231,244,264,283,299,304,293,271,243,213,188,175
GS01,05/02/25,177,192,218,251,278,298,304,298,280,259,237,225,223,232,253,275,298,309,309,293,267,236,207,187
GS01,05/02/26,180,189,211,238,268,291,303,299,284,261,237,217,212,215,231,256,279,296,304,296,276,247,218,193
GS01,05/02/27,179,183,198,224,252,278,294,296,285,264,238,215,201,200,211,233,259,283,295,298,288,266,241,216
GS01,05/02/28,198,194,203,225,251,275,295,302,295,276,251,227,209,198,204,221,243,269,288,297,295,282,263,240
GS01,05/03/01,222,214,215,227,249,273,292,301,298,283,260,234,212,195,192,200,216,238,258,272,279,274,265,249
GS01,05/03/02,234,224,221,229,241,262,280,292,294,285,268,245,221,203,193,194,203,219,238,256,267,272,269,264
GS01,05/03/03,253,244,239,240,249,263,275,286,291,287,274,254,234,213,197,189,191,197,210,224,237,249,258,261
GS01,05/03/04,260,259,257,258,262,268,277,288,291,292,288,275,260,241,225,210,202,198,199,208,220,234,247,256
GS01,05/03/05,264,271,273,273,274,275,276,280,284,283,280,274,267,253,239,223,209,197,189,187,193,200,216,234
GS01,05/03/06,250,265,276,283,284,281,279,277,275,275,277,276,277,273,264,252,234,215,197,183,176,176,187,206
GS01,05/03/07,228,251,271,283,288,286,278,269,261,258,259,264,272,278,279,273,260,240,216,192,176,166,169,183
GS01,05/03/08,206,234,261,281,293,295,287,272,258,248,245,249,260,275,286,292,286,268,243,212,186,165,158,163
GS01,05/03/09,183,212,248,274,294,302,296,279,260,241,231,232,242,260,282,296,302,294,272,240,206,176,157,154
GS01,05/03/10,165,190,224,257,282,296,296,282,260,236,218,213,221,239,264,290,307,310,298,273,240,205,180,167
GS01,05/03/11,171,190,219,253,283,303,308,297,275,248,224,211,213,227,253,284,310,324,326,311,283,252,223,203
GS01,05/03/12,198,211,235,265,293,316,325,318,298,270,241,218,211,216,237,266,292,314,320,314,296,266,238,216
GS01,05/03/13,204,210,224,250,276,299,312,310,292,267,238,210,197,196,208,234,261,289,305,309,300,281,258,236
GS01,05/03/14,222,221,231,249,271,293,307,309,298,274,245,217,196,186,190,206,230,256,277,287,286,275,259,240
GS01,05/03/15,227,220,227,239,259,277,291,296,288,269,244,216,194,178,177,186,202,226,247,261,269,265,258,247
GS01,05/03/16,236,232,235,242,258,273,286,291,287,274,253,229,207,189,180,182,192,207,224,240,251,254,253,248
GS01,05/03/17,243,239,240,245,255,267,277,283,284,276,264,247,229,212,200,198,201,210,224,237,251,262,266,269
GS01,05/03/18,270,270,270,275,279,285,292,295,294,290,280,267,254,238,225,216,209,210,211,217,226,234,241,248
GS01,05/03/19,252,257,259,261,262,263,266,267,266,264,260,254,247,238,226,215,206,200,195,196,200,207,218,230
GS01,05/03/20,244,255,261,266,267,268,265,262,262,261,259,260,261,257,252,244,233,222,211,204,202,206,217,230
GS01,05/03/21,245,259,271,278,278,273,268,259,254,250,250,252,257,261,258,255,244,229,212,196,186,185,191,206
GS01,05/03/22,225,246,263,274,279,277,270,258,248,242,241,247,258,266,274,276,269,256,236,216,199,190,192,204
GS01,05/03/23,223,250,273,289,297,296,286,272,257,245,240,245,258,273,286,297,296,286,267,239,214,195,189,196
GS01,05/03/24,212,238,264,284,296,298,287,270,252,235,226,229,242,260,282,299,307,304,288,266,240,219,206,206
GS01,05/03/25,221,244,272,296,311,313,305,285,260,238,220,215,224,242,265,289,303,305,294,272,243,215,194,186
GS01,05/03/26,193,214,240,268,289,299,294,277,252,224,203,193,198,214,240,266,290,301,297,282,255,224,199,186
GS01,05/03/27,185,200,225,252,275,290,288,275,250,221,195,177,176,190,214,243,272,292,299,292,273,247,221,201
GS01,05/03/28,196,205,224,250,276,292,298,288,266,236,207,186,178,183,203,230,263,291,307,310,301,283,261,241
GS01,05/03/29,231,234,246,269,291,311,320,313,294,265,233,206,189,184,195,216,243,271,292,304,303,290,273,255
GS01,05/03/30,241,239,248,261,280,300,311,310,297,274,245,216,196,184,186,197,219,245,269,285,291,290,279,267
GS01,05/03/31,255,248,250,259,271,287,297,301,294,276,253,226,203,186,179,182,196,215,235,254,268,272,273,268
GS01,05/04/01,261,255,253,257,265,274,285,289,286,276,259,238,216,196,183,177,180,190,205,221,238,250,257,262
GS01,05/04/02,263,263,262,263,265,271,276,280,280,276,266,252,235,219,203,192,186,184,188,200,213,229,242,255
GS01,05/04/03,265,273,277,277,279,278,278,282,282,282,280,276,269,257,244,231,219,208,203,203,209,219,235,253
GS01,05/04/04,268,283,292,293,292,286,280,274,271,271,271,274,276,273,268,255,238,222,204,193,189,193,206,225
GS01,05/04/05,248,269,285,293,293,285,274,262,253,251,255,263,274,283,287,282,270,250,228,207,193,188,194,210
GS01,05/04/06,234,260,284,295,299,292,277,259,243,234,235,246,261,278,294,299,292,279,255,228,207,192,191,201
GS01,05/04/07,223,250,276,296,305,300,283,261,238,220,214,221,238,259,284,301,305,298,278,252,226,205,194,199
GS01,05/04/08,217,244,275,299,312,311,297,271,243,218,203,202,217,240,267,293,307,308,296,272,243,217,199,195
GS01,05/04/09,205,227,254,280,297,300,290,266,236,206,184,177,184,205,236,267,291,303,302,287,264,239,216,206
GS01,05/04/10,210,227,251,277,297,305,300,281,251,219,191,175,175,189,219,250,279,302,311,305,289,266,246,229
GS01,05/04/11,229,238,258,282,300,313,310,294,268,235,205,181,171,177,196,225,256,282,296,300,290,273,254,241
GS01,05/04/12,233,237,252,270,289,301,306,296,275,245,215,189,169,169,182,206,233,263,285,295,296,288,274,260
GS01,05/04/13,251,253,260,276,294,307,313,309,293,269,240,213,192,182,187,202,223,248,270,285,290,288,277,266
GS01,05/04/14,259,254,258,267,280,291,298,297,287,265,243,219,197,182,179,186,200,221,241,257,270,272,270,265
GS01,05/04/15,259,256,257,262,272,281,288,290,283,271,254,235,214,198,191,190,197,210,227,242,256,264,266,266
GS01,05/04/16,265,263,262,264,269,274,279,282,279,272,261,247,232,216,205,198,197,202,210,221,232,243,251,256
GS01,05/04/17,260,261,262,262,262,265,267,270,269,266,263,255,247,237,227,217,211,209,209,214,221,232,242,251
GS01,05/04/18,260,266,268,267,265,262,257,256,254,252,251,250,249,244,238,228,216,207,201,199,203,213,225,238
GS01,05/04/19,253,263,270,271,268,261,254,247,242,242,245,249,254,255,254,248,237,224,211,202,199,204,214,231
GS01,05/04/20,248,264,274,278,276,266,254,243,234,232,236,244,255,266,271,270,262,247,231,216,206,210,218,235
GS01,05/04/21,260,281,295,302,301,291,274,256,243,233,233,243,258,275,289,294,292,280,261,240,222,212,214,225
GS01,05/04/22,246,268,289,301,302,294,276,254,233,217,213,219,237,260,282,296,301,294,277,253,232,213,207,215
GS01,05/04/23,233,256,278,296,301,293,276,250,223,202,192,196,211,235,263,287,299,301,289,269,244,223,211,210
GS01,05/04/24,222,245,268,287,297,293,277,250,219,192,174,171,182,205,235,266,289,298,297,283,259,237,219,212
GS01,05/04/25,220,238,261,283,298,300,288,264,232,200,177,164,169,188,216,252,281,301,308,303,287,266,245,233
GS01,05/04/26,233,247,266,288,306,313,307,288,257,221,193,174,168,179,203,235,267,293,308,310,301,284,265,250
GS01,05/04/27,244,249,263,280,297,307,305,292,266,232,200,174,160,161,173,200,230,261,285,296,299,292,278,265
GS01,05/04/28,257,257,265,279,293,307,311,304,286,259,228,200,178,171,174,188,214,240,268,286,295,298,291,280
GS01,05/04/29,273,271,272,281,292,303,310,308,297,278,252,226,202,186,182,185,199,219,242,263,279,288,289,285
GS01,05/04/30,281,277,275,277,282,288,294,294,290,279,261,240,218,198,185,181,184,192,208,228,246,261,271,277
GS01,05/05/01,277,277,276,274,275,277,282,286,286,283,276,264,248,232,216,205,199,199,204,216,232,250,267,278
GS01,05/05/02,289,293,292,290,286,283,281,280,282,281,281,281,273,262,248,233,221,210,207,208,215,230,247,264
GS01,05/05/03,279,287,289,285,277,266,258,252,252,255,261,268,273,273,268,256,242,227,214,208,209,218,234,254
GS01,05/05/04,274,288,296,295,287,272,257,245,239,239,247,260,273,284,289,286,274,260,242,227,221,223,232,249
GS01,05/05/05,271,290,301,306,299,282,260,241,225,219,226,241,258,277,291,295,291,278,259,240,226,222,225,239
GS01,05/05/06,259,281,298,305,302,287,264,239,216,204,204,215,237,261,284,300,304,298,282,264,245,236,233,243
GS01,05/05/07,261,283,302,316,317,307,284,256,229,207,200,206,225,252,280,303,317,319,308,289,269,253,243,247
GS01,05/05/08,259,277,297,312,316,307,287,259,226,198,184,182,195,220,251,281,304,315,315,303,286,268,256,254
GS01,05/05/09,261,276,297,312,322,320,304,276,245,214,189,179,185,205,233,266,295,313,320,318,303,286,272,263
GS01,05/05/10,262,273,287,304,316,318,308,286,255,221,192,176,172,181,206,236,264,289,301,304,297,283,268,257
GS01,05/05/11,252,258,269,286,299,305,302,286,260,230,199,178,165,169,184,210,239,267,287,295,294,288,275,264
GS01,05/05/12,258,260,268,281,295,304,306,297,277,252,224,198,180,176,183,201,226,251,274,289,295,292,286,276
GS01,05/05/13,267,266,269,278,288,298,302,298,285,265,240,215,194,183,182,191,208,229,250,269,280,283,280,273
GS01,05/05/14,266,262,261,265,273,282,288,289,282,270,250,228,209,194,187,189,200,217,236,254,269,277,281,279
GS01,05/05/15,274,269,268,268,271,279,282,285,285,278,265,250,233,218,208,203,207,216,229,245,259,271,277,277
GS01,05/05/16,277,273,269,266,264,266,269,271,273,271,266,258,247,233,221,212,209,210,215,225,239,252,263,269
GS01,05/05/17,270,271,267,262,257,253,252,253,255,256,256,256,252,243,234,223,216,211,210,216,228,241,258,269
GS01,05/05/18,277,281,280,274,266,258,251,248,249,252,257,264,267,267,263,254,244,233,227,226,231,244,258,271
GS01,05/05/19,286,293,293,288,276,263,249,241,236,238,245,256,267,275,276,271,261,247,235,227,225,231,244,260
GS01,05/05/20,276,286,290,285,271,256,237,220,211,210,217,231,248,266,274,277,272,261,246,232,225,225,234,250
GS01,05/05/21,268,283,293,292,282,264,242,219,203,196,199,214,235,258,277,290,291,284,271,254,239,232,236,247
GS01,05/05/22,265,283,296,302,294,277,252,223,199,185,182,192,212,241,270,291,304,303,292,276,259,246,244,250
GS01,05/05/23,265,283,301,310,308,294,270,237,208,184,172,175,192,220,254,283,306,315,314,301,283,267,255,254
GS01,05/05/24,263,277,296,308,312,305,283,252,219,188,167,161,170,191,222,257,288,307,316,311,296,279,265,255
GS01,05/05/25,258,268,286,301,310,309,295,269,235,201,171,153,151,164,188,222,256,283,300,306,301,289,274,261
GS01,05/05/26,258,262,275,289,302,308,302,284,256,221,187,162,148,149,164,192,224,255,280,295,297,293,283,271
GS01,05/05/27,262,262,269,279,293,303,305,297,275,246,214,185,165,155,159,177,201,230,258,277,290,293,289,280
GS01,05/05/28,270,265,267,272,282,293,299,298,287,267,240,212,187,171,163,168,182,205,230,253,271,280,282,279
GS01,05/05/29,271,263,260,259,265,273,279,284,282,272,256,235,212,192,179,174,179,191,210,232,253,269,278,280
GS01,05/05/30,278,271,265,260,260,262,269,277,281,281,277,264,249,230,214,204,201,204,215,233,253,272,287,296
GS01,05/05/31,298,295,285,278,269,265,266,270,276,282,285,284,279,266,251,238,227,221,223,231,244,263,278,290
GS01,05/06/01,296,295,288,275,261,251,242,242,245,253,262,270,276,274,266,256,243,233,230,228,236,250,265,280
GS01,05/06/02,290,293,290,279,263,245,231,222,220,226,239,252,267,277,278,274,264,252,242,237,238,246,260,275
GS01,05/06/03,290,299,299,291,274,252,231,215,204,205,217,234,252,271,283,288,284,273,262,252,246,248,257,268
GS01,05/06/04,285,297,301,297,284,263,236,212,196,189,196,209,233,258,279,293,296,292,281,266,257,253,255,267
GS01,05/06/05,281,296,305,305,297,277,249,221,196,179,178,187,209,236,261,284,295,297,291,278,264,256,252,256
GS01,05/06/06,268,282,294,300,296,282,257,228,198,174,163,166,181,207,236,265,283,293,294,283,270,259,250,250
GS01,05/06/07,258,269,284,292,294,287,267,239,207,178,160,154,163,185,212,244,271,287,294,289,280,266,254,250
GS01,05/06/08,253,263,276,288,296,293,280,255,224,194,168,155,155,169,193,222,253,276,288,291,284,273,263,254
GS01,05/06/09,253,259,271,282,294,299,293,274,246,215,187,168,159,165,182,209,239,266,284,292,289,281,271,261
GS01,05/06/10,255,257,266,280,293,302,303,291,268,241,212,189,176,175,186,206,234,259,283,295,299,294,285,273
GS01,05/06/11,267,265,271,281,294,305,307,302,285,263,238,214,196,186,188,202,223,247,271,287,297,297,290,281
GS01,05/06/12,274,269,270,276,284,295,301,301,293,276,255,233,212,199,193,198,214,233,256,276,288,295,292,284
GS01,05/06/13,273,266,262,262,269,277,283,289,285,276,262,244,227,210,202,201,206,221,238,259,274,284,286,282
GS01,05/06/14,273,264,257,253,253,259,264,270,272,270,264,254,238,224,212,206,206,214,228,244,262,275,283,283
GS01,05/06/15,278,270,261,249,246,247,250,254,259,265,265,262,256,245,234,225,219,219,230,242,258,274,285,288
GS01,05/06/16,286,280,270,257,247,240,238,239,246,253,260,263,265,261,253,244,235,229,231,239,251,266,278,287
GS01,05/06/17,289,286,276,262,247,235,227,224,227,234,246,256,265,270,269,264,254,244,240,239,246,258,272,283
GS01,05/06/18,290,292,286,272,255,237,221,210,207,211,224,240,258,273,280,282,276,266,258,251,251,258,269,281
GS01,05/06/19,292,299,296,287,268,246,223,204,193,192,202,221,244,267,284,295,295,289,279,268,261,263,268,279
GS01,05/06/20,293,303,309,302,289,265,237,210,190,180,183,197,221,250,277,295,305,305,297,284,273,265,268,273
GS01,05/06/21,285,298,307,307,299,279,251,220,190,171,162,167,187,217,250,280,300,311,310,299,286,275,267,270
GS01,05/06/22,278,290,304,312,311,299,276,243,208,182,164,161,172,195,227,261,290,310,317,315,304,289,277,272
GS01,05/06/23,275,286,300,311,319,316,297,271,234,198,171,155,153,167,194,228,263,292,311,317,312,302,287,276
GS01,05/06/24,274,279,292,306,316,322,316,297,267,232,196,170,158,159,175,202,236,269,295,310,314,308,295,282
GS01,05/06/25,273,272,278,289,304,316,318,310,288,259,226,194,172,164,169,187,215,247,276,297,306,306,297,284
GS01,05/06/26,272,265,264,271,283,296,306,307,297,278,252,223,198,180,176,183,200,225,256,279,295,302,299,289
GS01,05/06/27,276,264,258,259,264,277,288,296,297,289,274,253,230,210,200,197,205,223,246,270,287,299,301,295
GS01,05/06/28,285,272,261,255,255,260,272,282,289,291,285,273,256,238,223,217,218,227,243,261,280,293,298,296
GS01,05/06/29,287,273,258,246,239,238,243,253,264,270,274,272,264,253,242,233,227,230,238,252,266,282,291,293
GS01,05/06/30,288,279,265,248,235,227,225,230,238,251,261,268,270,269,263,256,249,246,249,256,268,280,290,295
GS01,05/07/01,296,289,278,260,243,227,217,214,219,228,243,256,267,274,276,274,270,266,265,268,272,281,291,299
GS01,05/07/02,303,303,296,281,261,241,224,211,209,214,225,241,261,274,283,289,289,284,278,275,273,277,285,292
GS01,05/07/03,299,301,298,288,271,250,228,209,196,195,204,219,242,264,282,295,299,298,293,286,282,281,285,292
GS01,05/07/04,301,308,312,308,297,276,251,227,208,198,200,212,234,259,283,303,313,316,312,303,293,289,288,292
GS01,05/07/05,301,311,319,321,315,297,274,245,219,199,191,196,213,239,267,290,309,319,317,309,297,287,282,281
GS01,05/07/06,290,301,311,317,318,307,287,260,229,204,187,183,194,214,242,272,294,310,315,309,300,289,276,274
GS01,05/07/07,277,286,300,310,315,312,296,273,242,212,190,176,180,195,222,251,279,300,308,310,301,288,276,267
GS01,05/07/08,266,273,284,298,309,311,301,283,255,224,197,178,173,181,201,228,257,281,298,302,297,286,273,261
GS01,05/07/09,257,260,271,283,297,306,305,292,272,240,211,189,175,177,190,216,244,272,292,302,302,295,282,272
GS01,05/07/10,261,261,268,282,296,309,312,306,291,265,238,213,193,189,194,213,238,265,288,302,307,300,289,273
GS01,05/07/11,259,254,256,263,276,291,300,300,291,275,251,225,205,192,191,203,224,248,273,290,297,296,286,273
GS01,05/07/12,260,250,247,252,264,276,289,296,294,282,266,245,223,208,202,206,222,242,262,281,293,296,290,276
GS01,05/07/13,259,247,237,236,239,250,264,274,280,277,268,251,234,219,208,208,216,230,250,269,284,291,290,279
GS01,05/07/14,264,250,235,229,228,233,244,257,266,270,269,261,250,236,224,219,221,228,246,262,278,287,289,282
GS01,05/07/15,270,255,238,225,217,216,220,229,240,249,256,257,255,248,238,231,229,231,240,251,265,277,283,282
GS01,05/07/16,276,262,245,228,215,206,203,207,216,227,240,250,256,259,257,252,248,245,246,253,264,275,283,287
GS01,05/07/17,285,275,261,243,224,208,198,194,197,207,221,238,253,264,270,271,268,263,259,259,263,271,279,287
GS01,05/07/18,290,289,279,261,241,220,201,188,183,186,199,217,240,263,280,289,292,289,282,275,274,274,279,286
GS01,05/07/19,293,297,294,283,265,241,216,193,178,172,177,194,219,248,273,294,305,305,299,289,279,274,274,280
GS01,05/07/20,288,298,303,301,289,266,237,206,179,162,157,166,187,218,250,278,300,309,309,300,288,276,270,271
GS01,05/07/21,280,293,305,312,309,295,270,236,201,172,153,150,162,189,223,258,287,307,316,310,298,283,270,264
GS01,05/07/22,267,280,296,310,316,314,297,266,229,192,163,149,149,164,192,230,265,293,308,311,302,286,268,255
GS01,05/07/23,253,260,275,296,310,317,313,295,261,224,188,163,151,158,179,209,244,278,299,311,310,295,275,257
GS01,05/07/24,247,248,260,277,299,315,320,313,291,259,222,190,172,166,174,198,228,261,289,306,309,302,284,263
GS01,05/07/25,246,238,241,255,275,296,311,315,305,285,255,224,199,187,188,200,224,253,282,301,311,309,295,274
GS01,05/07/26,255,242,237,244,260,279,301,315,317,307,290,268,246,231,227,234,250,276,302,324,337,336,324,305
GS01,05/07/27,281,262,249,244,251,264,281,296,305,304,296,282,264,248,237,236,244,259,277,294,307,310,305,292
GS01,05/07/28,275,254,236,224,223,228,241,256,268,276,278,274,266,256,247,245,249,258,270,285,298,306,304,296
GS01,05/07/29,282,263,246,230,221,219,223,232,243,256,265,270,271,270,267,264,264,269,274,282,292,300,303,299
GS01,05/07/30,289,277,260,242,227,216,214,215,222,233,245,256,264,270,273,274,273,274,277,279,284,292,295,295
GS01,05/07/31,291,284,271,257,239,221,211,205,203,210,223,237,251,265,276,281,283,281,279,279,278,282,284,288
GS01,05/08/01,289,289,284,272,255,234,216,203,195,194,203,217,237,257,273,285,290,289,286,280,276,275,275,280
GS01,05/08/02,286,289,291,286,272,252,230,209,193,184,186,199,219,241,264,281,292,295,290,282,273,267,266,270
GS01,05/08/03,279,287,294,295,288,271,248,222,199,182,177,184,200,225,251,274,291,298,296,287,275,265,259,261
GS01,05/08/04,268,280,290,295,294,283,262,235,207,184,171,171,184,206,234,263,283,295,297,288,275,261,251,251
GS01,05/08/05,255,270,282,295,301,296,280,254,224,197,175,169,177,194,219,250,275,293,300,295,280,264,252,245
GS01,05/08/06,248,259,275,290,302,304,295,277,246,216,190,175,173,188,210,240,270,291,303,302,291,273,255,244
GS01,05/08/07,242,248,264,283,298,309,306,292,267,236,207,187,178,184,204,230,261,287,302,305,296,279,258,242
GS01,05/08/08,235,237,249,268,285,299,304,297,279,251,222,200,184,184,196,222,250,277,295,303,297,283,261,242
GS01,05/08/09,228,226,233,248,268,285,297,298,287,268,242,217,197,189,197,215,241,267,289,300,300,290,270,247
GS01,05/08/10,229,222,225,236,253,272,288,298,297,284,263,240,219,208,212,224,243,266,289,303,309,300,282,259
GS01,05/08/11,239,224,220,224,236,253,269,283,288,284,272,254,236,222,220,225,239,259,278,294,303,299,287,266
GS01,05/08/12,245,227,216,214,219,231,248,264,275,279,275,266,252,240,235,236,244,260,276,290,301,303,295,279
GS01,05/08/13,259,240,224,213,212,217,227,241,255,264,269,269,266,259,256,252,254,261,272,283,293,298,294,284
GS01,05/08/14,269,251,233,219,209,207,211,220,233,247,259,266,272,275,274,272,271,273,278,285,295,300,301,298
GS01,05/08/15,288,274,257,240,226,215,209,210,217,230,245,261,276,285,292,295,295,292,290,291,293,298,299,301
GS01,05/08/16,297,291,279,262,242,222,206,197,193,199,213,232,252,273,291,300,302,300,293,286,283,283,287,292
GS01,05/08/17,296,298,296,284,265,241,216,195,182,177,186,202,227,256,281,300,312,311,304,293,282,275,275,282
GS01,05/08/18,292,300,306,305,293,269,240,209,182,167,164,173,195,226,260,289,308,315,312,298,281,268,261,264
GS01,05/08/19,276,290,305,314,313,299,272,238,202,173,158,156,171,198,234,269,297,314,317,306,287,267,251,248
GS01,05/08/20,256,273,294,312,322,320,303,272,234,197,170,158,161,182,214,249,282,306,316,311,293,269,247,234
GS01,05/08/21,235,250,271,295,316,324,320,299,267,228,194,173,167,176,201,235,269,297,314,314,300,275,249,228
GS01,05/08/22,219,225,245,269,295,315,320,313,292,259,226,198,182,186,202,229,263,292,310,316,307,286,259,232
GS01,05/08/23,213,210,222,245,272,296,312,315,304,284,255,227,208,202,212,232,258,285,304,311,308,292,263,236
GS01,05/08/24,212,199,200,215,237,264,284,297,295,282,263,243,225,215,218,232,253,277,295,307,305,295,274,247
GS01,05/08/25,222,203,197,204,218,242,264,281,288,287,280,266,252,243,242,251,268,286,303,315,321,317,303,283
GS01,05/08/26,263,247,241,236,240,248,262,275,284,287,287,280,273,268,265,266,274,285,296,307,311,307,296,278
GS01,05/08/27,257,236,218,209,209,215,226,240,251,262,267,269,269,269,269,272,278,285,294,299,302,300,294,286
GS01,05/08/28,275,260,246,231,220,216,217,225,235,246,256,264,271,278,283,285,286,288,289,292,295,296,293,290
GS01,05/08/29,283,274,261,246,230,219,214,214,217,225,237,250,264,276,284,289,289,290,288,286,286,285,286,287
GS01,05/08/30,288,285,279,266,252,236,223,213,209,211,220,235,252,270,286,295,298,298,292,286,280,278,277,283
GS01,05/08/31,287,290,291,284,271,253,233,214,202,196,201,215,236,256,277,292,298,298,291,284,274,266,265,269
GS01,05/09/01,276,286,294,294,288,270,248,223,201,189,190,201,219,242,267,286,298,300,293,281,268,255,252,255
GS01,05/09/02,266,281,292,301,297,286,266,239,212,193,184,188,205,230,258,284,300,306,301,288,271,255,245,243
GS01,05/09/03,255,272,290,304,310,303,286,260,231,205,189,186,199,222,251,279,301,311,307,295,277,255,240,236
GS01,05/09/04,242,260,279,298,310,311,301,280,251,223,199,187,194,213,242,272,296,310,311,301,280,258,238,227
GS01,05/09/05,228,244,265,289,308,319,315,296,271,241,214,197,196,209,232,265,291,308,314,305,287,262,238,220
GS01,05/09/06,216,227,249,273,298,315,318,309,288,260,234,210,204,213,232,259,286,308,320,315,300,273,246,224
GS01,05/09/07,215,219,234,257,284,306,319,319,306,284,257,236,224,225,239,261,289,311,325,325,312,288,259,233
GS01,05/09/08,215,213,221,240,264,286,304,311,307,291,269,247,230,226,234,251,272,292,304,309,300,281,255,227
GS01,05/09/09,206,193,194,207,226,249,270,280,282,276,261,246,232,225,226,237,256,275,290,295,291,277,256,231
GS01,05/09/10,207,193,187,192,207,227,247,263,272,274,269,260,252,246,245,249,262,277,290,298,297,287,271,250
GS01,05/09/11,229,209,199,193,198,211,227,243,255,263,266,267,266,262,261,261,264,270,280,288,290,286,276,260
GS01,05/09/12,243,224,209,198,194,197,206,219,231,242,252,262,267,272,272,272,274,276,279,284,287,287,283,275
GS01,05/09/13,265,252,237,220,210,202,199,202,211,222,237,253,268,279,287,289,288,286,284,282,284,285,286,284
GS01,05/09/14,282,274,262,247,230,213,203,195,194,202,214,235,256,277,295,305,305,301,293,285,281,280,281,287
GS01,05/09/15,292,295,292,281,262,239,217,197,183,179,187,204,230,257,280,296,302,298,288,273,260,253,254,259
GS01,05/09/16,272,286,295,295,283,262,235,206,184,170,169,181,206,238,270,296,310,309,298,277,258,243,238,247
GS01,05/09/17,262,283,302,314,313,297,269,238,205,181,172,174,194,223,257,289,308,313,303,283,257,235,221,220
GS01,05/09/18,233,256,282,304,316,314,297,268,233,201,180,176,187,211,242,274,301,314,309,290,263,234,212,204
GS01,05/09/19,211,233,261,292,313,321,318,298,264,231,206,192,195,212,240,270,298,316,316,302,277,244,215,196
GS01,05/09/20,195,210,237,267,296,317,322,312,290,261,233,215,210,221,242,268,295,315,319,309,286,256,223,199
GS01,05/09/21,187,192,211,239,270,297,313,314,302,282,258,239,230,232,245,267,290,310,318,314,296,269,236,208
GS01,05/09/22,191,186,195,216,243,271,293,303,301,289,273,255,244,243,251,265,286,305,316,315,305,281,252,222
GS01,05/09/23,199,188,191,203,224,249,272,287,293,290,281,270,261,256,260,272,286,301,310,313,306,291,268,242
GS01,05/09/24,218,202,195,199,212,230,249,265,276,281,279,274,267,265,266,273,284,295,304,308,305,295,280,261
GS01,05/09/25,243,225,215,212,215,227,240,257,269,278,284,285,285,283,283,287,292,298,305,309,310,305,297,283
GS01,05/09/26,270,255,244,235,232,236,243,253,265,275,283,291,296,299,301,303,304,303,305,305,305,303,298,290
GS01,05/09/27,280,269,257,246,236,229,225,228,234,244,256,267,276,285,290,293,292,290,286,285,282,281,282,281
GS01,05/09/28,279,275,268,257,245,233,221,216,216,224,235,252,267,283,292,298,298,292,283,276,270,269,270,274
GS01,05/09/29,280,284,282,276,262,244,228,215,207,209,219,235,256,276,291,298,298,292,278,266,257,252,254,261
GS01,05/09/30,273,284,290,288,279,261,240,220,205,200,203,219,239,263,284,297,300,294,279,262,246,238,236,245
GS01,05/10/01,259,275,290,296,291,279,258,233,213,199,198,207,227,254,279,298,307,302,286,266,245,230,225,232
GS01,05/10/02,245,267,289,306,308,300,281,255,228,208,200,206,223,250,276,300,311,308,294,271,246,224,213,213
GS01,05/10/03,224,249,272,294,307,306,291,265,236,211,195,193,206,229,257,283,301,303,291,267,238,214,196,192
GS01,05/10/04,202,224,251,281,302,311,304,285,258,234,214,207,213,234,262,290,312,317,308,284,254,225,201,189
GS01,05/10/05,192,208,236,267,291,310,312,301,278,252,229,217,216,229,252,279,301,314,312,295,265,232,204,183
GS01,05/10/06,181,192,215,247,278,301,312,310,295,271,249,234,228,234,251,276,298,312,312,301,276,244,213,188
GS01,05/10/07,177,181,195,222,252,279,296,303,298,283,264,248,240,241,253,271,291,306,314,307,291,263,232,203
GS01,05/10/08,185,182,191,209,236,262,286,300,305,299,288,273,262,259,263,276,292,305,312,311,299,277,248,220
GS01,05/10/09,196,183,182,191,208,228,250,267,277,281,277,270,261,255,256,263,274,284,291,293,287,271,253,229
GS01,05/10/10,206,189,180,180,189,202,221,237,253,263,269,269,267,265,265,268,273,280,283,288,287,280,267,251
GS01,05/10/11,232,214,201,194,191,195,203,218,234,248,262,270,276,279,279,280,280,279,281,282,282,282,277,271
GS01,05/10/12,259,246,231,217,206,201,200,204,214,228,245,262,276,285,291,291,287,284,278,274,272,274,276,277
GS01,05/10/13,276,271,261,246,229,215,203,197,199,208,225,247,267,286,298,301,296,285,273,263,258,258,263,272
GS01,05/10/14,281,286,286,276,261,241,220,205,196,199,211,233,259,284,301,310,307,294,276,257,242,239,244,258
GS01,05/10/15,276,294,305,303,292,272,247,223,204,197,202,219,246,275,299,314,315,304,281,256,233,221,224,237
GS01,05/10/16,258,282,304,319,317,304,279,248,222,204,200,211,233,260,289,309,315,307,283,253,222,199,193,200
GS01,05/10/17,220,253,284,308,320,316,296,269,242,219,208,211,229,258,285,311,323,317,297,266,231,201,185,186
GS01,05/10/18,199,230,265,295,318,326,316,298,271,247,228,223,231,252,279,304,319,322,307,280,243,208,181,170
GS01,05/10/19,175,198,233,267,299,317,318,309,287,264,242,231,235,248,272,298,317,324,315,293,260,223,192,172
GS01,05/10/20,169,182,210,243,277,305,317,317,305,286,266,253,250,257,275,297,315,327,325,309,281,246,213,186
GS01,05/10/21,173,179,196,224,256,284,304,313,310,299,283,268,262,264,277,294,313,324,327,319,298,269,239,210
GS01,05/10/22,191,186,198,215,242,269,290,305,311,307,297,286,278,277,283,297,311,322,329,325,311,290,263,237
GS01,05/10/23,216,203,204,214,230,254,275,289,299,299,295,289,284,279,281,287,295,303,309,310,301,286,266,242
GS01,05/10/24,222,207,198,198,207,221,240,258,270,279,281,281,279,278,278,281,286,292,296,298,297,289,276,261
GS01,05/10/25,243,229,217,210,211,216,226,239,253,263,272,275,278,278,278,277,279,278,279,281,279,277,273,265
GS01,05/10/26,253,242,232,221,215,214,216,222,233,246,256,266,272,275,277,276,272,268,265,260,260,261,263,265
GS01,05/10/27,263,260,253,241,230,221,215,216,221,231,246,262,275,282,285,285,279,270,261,253,249,250,255,262
GS01,05/10/28,267,272,269,261,249,235,222,217,216,222,235,251,268,282,290,291,286,275,260,248,241,240,244,255
GS01,05/10/29,271,281,288,286,275,261,243,229,225,224,234,252,272,291,305,309,304,289,270,250,237,231,234,246
GS01,05/10/30,263,282,295,300,294,279,261,239,223,218,225,238,258,279,298,305,302,288,265,239,219,206,207,217
GS01,05/10/31,238,264,284,298,304,293,276,252,232,218,219,229,249,271,291,305,307,293,270,240,213,194,190,196
GS01,05/11/01,215,242,270,293,306,304,289,267,244,226,218,223,239,260,285,303,310,300,277,246,214,189,176,178
GS01,05/11/02,194,220,253,282,302,308,301,285,261,241,228,226,237,257,281,302,313,308,292,260,225,194,172,167
GS01,05/11/03,176,198,230,264,294,310,312,304,284,263,247,239,243,259,281,301,317,319,306,279,245,208,183,168
GS01,05/11/04,169,185,212,246,279,304,318,316,305,288,268,254,254,263,280,298,314,321,314,296,266,231,198,175
GS01,05/11/05,165,172,191,219,252,282,302,311,309,299,283,268,263,267,278,293,309,316,316,305,282,251,220,191
GS01,05/11/06,174,170,179,198,225,254,278,296,303,299,291,280,272,269,276,288,299,311,316,310,300,276,250,224
GS01,05/11/07,200,190,191,200,220,243,267,288,302,307,306,299,291,285,286,291,298,304,308,305,297,283,264,240
GS01,05/11/08,216,197,187,186,196,209,230,251,269,281,289,291,289,285,282,284,286,289,294,295,295,288,278,261
GS01,05/11/09,243,225,210,199,198,201,212,228,246,260,274,281,287,288,283,278,273,271,273,274,275,275,274,267
GS01,05/11/10,256,244,229,215,205,200,202,210,224,242,258,273,284,289,288,281,272,263,256,254,255,262,268,274
GS01,05/11/11,277,271,263,250,234,222,216,214,220,233,251,270,287,298,302,298,284,267,254,243,241,247,258,272
GS01,05/11/12,284,293,294,284,271,255,239,228,224,231,247,263,283,300,306,304,291,270,247,228,217,216,226,243
GS01,05/11/13,263,282,292,294,284,268,249,234,224,224,234,252,276,297,310,313,303,280,256,229,209,204,210,226
GS01,05/11/14,251,277,299,311,311,300,283,262,248,240,243,257,276,300,318,326,319,299,271,237,210,194,190,203
GS01,05/11/15,227,257,287,310,321,320,307,289,269,255,251,257,275,296,317,330,329,315,288,253,221,194,182,187
GS01,05/11/16,207,237,272,304,326,332,326,310,292,275,264,264,274,292,312,330,334,325,302,269,232,200,180,174
GS01,05/11/17,185,210,244,278,305,325,328,320,305,289,275,268,272,286,303,322,330,329,315,289,253,216,189,173
GS01,05/11/18,175,193,219,253,288,312,324,323,312,297,283,273,271,279,295,312,325,330,322,303,272,238,205,182
GS01,05/11/19,174,182,201,232,263,292,309,315,313,302,289,276,269,273,284,299,314,321,320,309,285,253,223,197
GS01,05/11/20,182,181,191,213,241,269,292,305,310,304,292,282,274,273,277,288,301,311,314,309,293,270,243,217
GS01,05/11/21,196,187,189,202,224,248,272,289,299,299,294,284,277,275,276,284,293,303,310,309,300,285,263,240
GS01,05/11/22,220,207,203,207,222,241,261,280,294,299,298,294,287,281,278,279,284,288,293,295,293,284,271,253
GS01,05/11/23,235,219,209,206,211,223,241,258,274,284,289,289,286,281,276,274,275,276,280,283,284,284,278,269
GS01,05/11/24,256,245,233,225,225,228,238,253,266,282,290,293,295,293,286,281,274,271,270,271,274,276,278,276
GS01,05/11/25,271,264,253,244,236,232,237,245,9999,9999,9999,9999,9999,9999,9999,285,275,265,257,255,255,259,266,272
GS01,05/11/26,274,274,267,258,248,239,234,237,243,255,271,284,294,297,296,289,275,260,247,238,237,241,252,263
GS01,05/11/27,275,282,284,279,271,258,248,243,246,255,269,284,297,306,308,302,287,266,246,229,222,222,232,247
GS01,05/11/28,264,281,291,292,285,272,260,249,242,247,255,271,286,300,308,304,290,271,245,224,208,206,213,230
GS01,05/11/29,255,280,300,311,315,305,291,278,269,265,271,284,300,316,325,326,314,292,264,235,212,199,198,211
GS01,05/11/30,233,261,289,307,317,316,304,287,272,261,259,268,283,301,315,322,315,297,268,234,203,181,172,180
GS01,05/12/01,198,229,260,290,307,314,310,294,278,263,254,256,266,284,301,313,315,302,278,244,209,181,164,161
GS01,05/12/02,174,201,232,269,297,315,318,313,298,280,266,260,267,281,297,311,318,313,293,264,230,195,169,154
GS01,05/12/03,157,175,205,240,272,298,312,316,308,294,279,268,269,277,292,310,320,322,311,286,256,219,186,163
GS01,05/12/04,157,163,185,216,248,280,302,314,315,305,292,279,271,276,289,303,317,327,325,312,289,257,223,196
GS01,05/12/05,178,175,186,208,238,271,299,318,325,321,311,297,287,284,287,298,312,322,325,319,302,278,247,217
GS01,05/12/06,195,180,180,191,211,237,266,290,304,310,308,300,288,279,277,280,289,298,305,307,302,288,266,240
GS01,05/12/07,216,196,186,190,198,218,244,267,287,300,304,301,291,283,276,274,275,280,287,292,294,289,279,261
GS01,05/12/08,240,221,205,197,198,207,224,245,265,281,294,296,291,283,273,264,260,260,263,270,275,282,282,275
GS01,05/12/09,263,249,234,221,216,216,226,239,255,273,288,296,296,293,282,270,258,249,246,248,255,262,271,277
GS01,05/12/10,277,271,262,250,238,232,233,239,250,265,282,293,298,301,293,280,263,246,234,228,232,242,254,267
GS01,05/12/11,278,284,285,278,267,258,250,249,252,265,278,289,300,304,300,289,268,250,227,214,211,213,226,245
GS01,05/12/12,262,279,290,293,289,278,270,263,261,269,280,292,304,315,318,310,293,270,243,221,207,205,213,231
GS01,05/12/13,254,275,292,301,304,299,289,277,270,268,273,282,293,305,313,310,297,276,247,217,195,182,183,194
GS01,05/12/14,217,245,272,292,304,304,298,286,274,266,267,272,282,296,308,310,304,286,258,224,195,173,164,169
GS01,05/12/15,188,215,245,272,291,300,299,291,280,268,262,262,269,283,297,305,304,294,271,240,207,179,164,159
GS01,05/12/16,169,192,225,256,282,297,304,300,290,277,266,262,265,276,291,304,309,305,287,259,228,195,171,157
GS01,05/12/17,161,178,206,238,267,290,303,303,299,287,274,266,267,273,286,302,311,312,301,278,250,218,189,171
GS01,05/12/18,164,173,192,221,252,277,293,300,296,285,271,260,254,257,267,280,294,301,298,283,260,232,203,178
GS01,05/12/19,164,164,178,201,230,259,282,294,297,292,282,268,260,259,264,275,288,298,299,291,275,249,220,193
GS01,05/12/20,175,166,172,187,211,240,265,280,288,287,279,266,256,252,254,263,275,287,293,292,281,264,241,217
GS01,05/12/21,197,184,184,192,210,236,261,281,294,297,292,284,272,265,266,270,278,291,298,302,300,292,275,256
GS01,05/12/22,238,224,219,220,233,255,274,292,306,314,312,304,294,282,275,273,273,277,284,286,287,282,273,257
GS01,05/12/23,241,227,218,213,219,230,247,263,280,290,295,290,282,272,264,258,257,260,262,269,274,276,275,267
GS01,05/12/24,257,246,237,231,229,234,246,260,274,285,292,290,284,274,263,254,244,238,239,238,245,252,256,257
GS01,05/12/25,256,250,246,238,233,232,239,247,261,274,285,288,286,281,272,260,249,239,230,230,236,244,254,264
GS01,05/12/26,272,275,275,271,264,256,255,256,264,274,285,291,294,289,280,268,253,233,219,209,208,215,226,241
GS01,05/12/27,255,266,273,274,270,263,258,255,257,265,276,285,292,295,9999,9999,261,241,218,201,193,193,205,221
GS01,05/12/28,241,263,277,285,288,280,273,267,263,262,271,280,290,297,298,290,274,250,221,197,179,174,179,194
GS01,05/12/29,218,247,271,289,298,298,291,279,271,266,267,276,286,299,304,304,292,269,239,208,182,165,162,172
GS01,05/12/30,192,223,255,282,301,308,306,297,284,274,269,272,282,295,309,316,310,296,268,232,199,174,159,158
GS01,05/12/31,173,200,233,266,294,311,315,307,294,279,267,264,268,279,295,308,311,302,280,248,210,174,148,137
