GS01,63/01/01,133,117,112,118,135,159,186,210,225,233,228,216,200,188,179,179,186,196,208,216,219,214,200,180
GS01,63/01/02,160,141,131,127,135,153,176,198,218,230,233,228,215,202,191,184,183,187,196,206,215,219,214,202
GS01,63/01/03,186,170,155,147,147,152,167,184,203,219,226,225,218,205,191,177,168,164,165,172,183,192,198,200
GS01,63/01/04,196,188,177,164,156,154,160,172,187,204,216,221,220,212,200,184,169,156,150,149,156,168,180,190
GS01,63/01/05,195,196,192,184,176,169,169,172,181,194,209,218,224,221,217,202,184,164,148,138,141,149,164,181
GS01,63/01/06,201,214,221,220,214,206,199,195,196,203,215,227,237,240,238,228,207,184,158,138,128,128,139,156
GS01,63/01/07,179,200,217,224,226,219,211,199,193,192,198,208,220,232,238,235,222,196,167,139,120,110,112,127
GS01,63/01/08,151,179,204,222,232,231,222,211,199,192,193,201,214,229,241,246,238,219,190,158,129,108,100,105
GS01,63/01/09,126,154,187,214,233,241,238,227,211,198,191,192,203,218,234,245,246,235,210,177,142,114,95,90
GS01,63/01/10,100,126,158,191,218,233,237,229,215,199,186,183,187,200,218,236,244,241,224,196,161,128,102,88
GS01,63/01/11,92,105,135,171,204,227,239,237,228,212,196,185,184,193,210,229,242,246,240,218,188,155,121,98
GS01,63/01/12,91,97,120,151,183,212,230,236,232,219,202,187,179,184,196,215,232,241,241,228,204,174,141,115
GS01,63/01/13,98,97,112,136,166,197,221,233,231,223,207,191,178,176,183,197,214,228,233,228,213,189,160,132
GS01,63/01/14,110,102,106,123,148,177,204,221,227,222,208,192,178,169,173,183,197,212,224,227,220,204,180,156
GS01,63/01/15,134,118,117,127,147,171,197,217,226,225,215,202,185,175,174,176,186,199,212,219,218,211,196,177
GS01,63/01/16,157,142,135,138,149,166,187,206,217,221,214,202,186,174,166,164,167,175,185,193,197,196,188,175
GS01,63/01/17,161,146,138,136,141,153,171,190,203,212,212,205,192,180,168,161,157,159,165,171,178,183,181,176
GS01,63/01/18,167,158,151,146,146,154,165,181,194,206,212,209,201,189,178,167,160,157,157,160,167,175,183,188
GS01,63/01/19,188,184,180,176,173,173,177,184,194,205,212,212,207,196,184,172,159,149,143,141,144,151,160,168
GS01,63/01/20,173,176,176,172,168,165,165,168,176,185,194,199,200,196,188,176,161,147,134,129,127,134,144,157
GS01,63/01/21,172,183,194,197,197,194,191,190,191,197,205,212,215,214,209,196,180,161,140,125,115,115,122,136
GS01,63/01/22,153,171,185,193,193,189,183,175,170,171,176,185,194,202,205,201,187,168,145,125,109,100,103,116
GS01,63/01/23,138,162,185,200,209,209,201,191,181,175,176,183,194,208,218,221,213,193,167,139,114,96,90,99
GS01,63/01/24,117,144,174,198,213,218,214,204,190,178,172,174,185,200,215,223,220,207,182,151,120,95,81,80
GS01,63/01/25,95,121,154,184,209,223,226,217,201,184,171,167,175,191,209,226,233,226,206,177,143,113,89,81
GS01,63/01/26,89,110,139,173,205,227,237,232,218,197,181,170,171,184,204,224,238,240,228,203,169,133,101,80
GS01,63/01/27,77,90,114,147,182,213,230,234,224,205,185,168,163,170,188,212,231,241,238,223,193,157,123,95
GS01,63/01/28,81,84,101,132,162,196,220,229,226,210,188,166,151,152,165,184,208,224,232,228,208,180,148,118
GS01,63/01/29,97,90,99,120,151,182,212,228,232,223,205,183,164,157,159,173,194,214,229,234,226,207,181,151
GS01,63/01/30,128,114,114,124,147,175,205,226,236,233,219,198,177,162,158,163,179,196,211,225,227,218,201,178
GS01,63/01/31,154,139,130,133,147,168,191,212,226,230,222,205,183,165,152,148,153,164,179,193,204,208,201,188
GS01,63/02/01,176,161,152,147,153,166,185,203,219,228,227,217,199,180,162,150,147,149,157,169,181,190,196,194
GS01,63/02/02,187,178,170,163,161,167,178,191,203,215,219,214,203,189,172,154,144,137,137,142,152,165,178,187
GS01,63/02/03,192,193,190,186,182,182,185,192,200,209,217,219,216,206,193,176,159,144,133,128,130,140,153,169
GS01,63/02/04,184,194,200,201,198,194,192,191,194,199,206,212,215,215,208,195,178,157,139,125,118,120,130,146
GS01,63/02/05,168,186,200,209,211,206,200,193,188,188,193,200,208,214,214,208,193,171,146,121,105,98,101,114
GS01,63/02/06,135,160,183,199,208,208,201,191,181,175,174,180,191,202,212,214,206,188,163,133,108,92,86,94
GS01,63/02/07,112,139,167,191,207,212,207,196,183,170,164,165,174,189,203,213,214,201,179,148,118,93,77,77
GS01,63/02/08,88,113,143,173,196,209,209,201,186,171,159,156,163,179,198,214,224,221,205,180,148,118,97,86
GS01,63/02/09,94,111,143,174,203,222,228,222,206,187,170,161,161,173,191,211,225,229,219,197,167,134,104,85
GS01,63/02/10,82,93,118,148,178,203,215,214,200,181,162,147,142,149,165,187,207,219,219,206,181,150,121,97
GS01,63/02/11,87,90,108,136,166,194,212,217,207,189,169,149,140,142,155,174,197,214,223,218,200,177,149,123
GS01,63/02/12,107,104,115,137,166,193,215,224,220,206,184,164,149,144,150,165,186,205,218,220,211,192,168,143
GS01,63/02/13,121,114,118,132,156,181,205,219,220,208,190,169,151,140,142,151,168,186,200,208,205,194,174,153
GS01,63/02/14,133,120,119,127,146,167,188,203,209,202,187,168,148,133,128,132,143,158,174,186,190,185,175,159
GS01,63/02/15,141,130,125,127,140,157,177,193,202,200,195,177,158,141,132,129,137,147,160,172,181,184,182,173
GS01,63/02/16,161,151,144,141,148,160,175,189,199,202,197,185,170,155,142,135,133,136,145,154,164,170,173,172
GS01,63/02/17,167,161,156,153,154,160,170,181,189,195,194,188,178,163,151,140,133,131,133,138,146,156,165,171
GS01,63/02/18,175,176,175,173,171,172,178,182,189,195,197,197,192,182,170,158,146,136,129,127,130,138,149,160
GS01,63/02/19,171,179,184,185,184,181,180,181,183,187,191,194,195,192,184,173,159,143,129,121,118,121,132,146
GS01,63/02/20,161,177,189,195,195,193,187,182,178,179,181,186,192,195,192,185,170,151,130,114,101,98,103,117
GS01,63/02/21,138,159,180,193,198,197,190,180,170,164,166,173,182,192,198,196,187,169,145,121,99,87,87,98
GS01,63/02/22,118,145,173,193,206,209,203,189,174,161,159,163,175,191,205,212,209,195,170,140,113,90,79,82
GS01,63/02/23,98,125,156,185,205,215,212,199,180,162,151,150,161,178,197,213,220,214,194,164,133,102,82,75
GS01,63/02/24,85,110,140,173,203,220,225,216,196,174,156,148,153,169,193,216,233,235,221,195,160,126,96,79
GS01,63/02/25,77,91,119,153,183,208,219,215,197,171,149,132,127,140,160,189,212,226,224,209,181,148,114,89
GS01,63/02/26,78,84,105,136,169,199,219,221,209,185,159,137,125,127,144,171,198,221,233,229,215,186,154,127
GS01,63/02/27,109,104,116,138,167,198,221,230,225,206,179,152,131,122,130,149,175,199,217,224,215,196,170,144
GS01,63/02/28,121,112,114,127,150,176,200,214,215,203,180,155,129,115,112,119,140,164,186,201,206,199,185,166
GS01,63/03/01,146,133,130,138,154,174,195,212,218,211,195,174,150,129,119,119,128,143,163,179,189,191,186,174
GS01,63/03/02,161,149,143,142,152,165,180,194,202,201,191,173,152,131,114,105,106,114,127,143,158,169,173,173
GS01,63/03/03,168,163,158,158,161,168,179,191,200,203,201,192,180,163,148,135,128,126,128,137,149,163,173,181
GS01,63/03/04,186,186,184,183,183,183,188,193,197,200,202,198,192,179,165,151,136,126,119,118,124,133,145,159
GS01,63/03/05,171,180,186,187,186,184,182,179,181,183,185,187,188,185,177,165,149,132,117,105,102,108,119,135
GS01,63/03/06,154,170,182,189,189,187,182,175,171,169,171,177,184,187,187,182,169,150,129,112,99,94,100,115
GS01,63/03/07,134,157,177,190,194,192,184,173,163,156,157,162,172,183,191,192,185,169,145,121,99,86,84,96
GS01,63/03/08,114,138,164,183,193,194,187,173,159,147,142,147,160,175,189,199,200,187,166,139,114,93,82,85
GS01,63/03/09,101,125,154,177,194,200,195,180,162,144,133,134,144,162,180,198,206,202,186,161,133,106,88,84
GS01,63/03/10,96,117,146,173,195,208,207,194,174,153,137,132,140,154,176,199,215,220,209,189,159,129,105,93
GS01,63/03/11,96,112,138,166,191,206,209,197,178,154,133,119,119,132,153,177,198,210,207,193,169,139,111,93
GS01,63/03/12,88,99,122,149,176,196,204,197,180,157,133,116,111,119,137,161,185,203,208,201,185,159,133,112
GS01,63/03/13,101,108,125,151,177,200,212,210,196,175,150,129,116,119,131,153,176,196,208,207,195,176,152,130
GS01,63/03/14,114,112,122,141,163,185,202,203,192,172,148,123,108,102,108,126,149,171,186,194,190,178,158,139
GS01,63/03/15,124,117,122,136,155,175,192,199,193,177,155,132,112,102,102,114,136,157,175,187,189,182,170,154
GS01,63/03/16,139,131,131,140,156,174,192,200,199,188,168,148,128,116,111,118,130,148,166,181,188,189,184,174
GS01,63/03/17,163,156,153,157,168,181,195,204,206,199,185,166,147,133,124,123,128,138,151,165,175,181,183,179
GS01,63/03/18,173,167,163,165,169,177,187,195,199,195,188,176,160,145,132,125,124,129,137,148,159,170,177,181
GS01,63/03/19,182,181,179,177,177,180,187,191,195,196,193,186,176,163,150,139,132,128,128,133,141,151,161,170
GS01,63/03/20,179,184,188,186,184,182,181,181,182,183,184,183,180,173,163,151,138,128,121,117,119,127,139,155
GS01,63/03/21,170,183,192,195,193,189,182,176,173,173,177,181,185,185,181,171,158,142,126,114,109,111,121,137
GS01,63/03/22,157,176,192,200,202,196,186,172,163,158,159,167,177,185,190,187,178,158,135,113,97,89,93,108
GS01,63/03/23,9999,9999,9999,9999,9999,9999,9999,9999,9999,9999,9999,9999,9999,9999,9999,9999,9999,9999,9999,9999,9999,9999,9999,9999
GS01,63/03/24,9999,9999,9999,9999,9999,9999,9999,9999,9999,9999,9999,9999,9999,9999,9999,9999,9999,9999,9999,9999,9999,9999,9999,9999
GS01,63/03/25,9999,9999,9999,9999,9999,9999,9999,9999,9999,9999,9999,9999,9999,9999,9999,9999,9999,9999,9999,9999,9999,9999,9999,9999
GS01,63/03/26,9999,9999,9999,9999,9999,9999,9999,9999,9999,9999,9999,9999,9999,9999,9999,9999,9999,9999,9999,9999,9999,9999,9999,9999
GS01,63/03/27,97,109,134,165,194,215,222,214,188,157,126,104,94,101,124,155,187,214,227,225,207,180,151,127
GS01,63/03/28,114,117,133,158,184,208,221,218,201,172,140,110,93,90,102,128,159,190,212,222,219,201,178,156
GS01,63/03/29,141,136,146,166,189,213,230,235,225,204,175,145,120,105,109,126,148,176,203,216,220,213,198,178
GS01,63/03/30,161,150,151,161,176,192,208,213,207,193,167,140,114,93,85,89,104,127,149,171,185,189,185,175
GS01,63/03/31,164,156,152,158,168,180,193,202,201,194,179,158,135,115,100,95,100,112,129,147,165,176,179,179
GS01,63/04/01,173,166,163,163,168,175,185,189,193,192,183,170,155,135,120,109,104,104,115,128,143,157,168,176
GS01,63/04/02,181,183,182,180,177,176,178,181,182,182,179,173,165,152,137,124,112,104,100,103,111,122,136,148
GS01,63/04/03,159,166,169,168,165,161,158,156,157,158,160,161,162,158,151,140,128,115,105,100,103,112,125,140
GS01,63/04/04,156,170,179,182,178,173,165,158,153,153,156,162,169,173,173,167,154,139,122,108,101,102,109,125
GS01,63/04/05,146,166,178,186,185,177,167,154,143,138,139,147,158,170,179,180,174,160,140,120,105,98,100,113
GS01,63/04/06,133,156,174,188,192,185,173,155,140,130,127,134,147,165,181,192,192,182,164,140,118,104,98,107
GS01,63/04/07,124,148,173,190,198,196,183,163,140,124,113,115,128,145,166,182,188,185,170,146,123,101,90,92
GS01,63/04/08,108,129,156,179,191,193,184,164,141,120,107,106,116,136,161,184,201,209,202,184,161,138,122,118
GS01,63/04/09,126,146,167,192,210,216,211,193,168,139,119,109,114,133,158,183,204,214,212,196,174,146,125,113
GS01,63/04/10,114,128,150,174,193,203,201,184,158,129,104,88,87,97,121,148,174,191,197,190,173,149,125,109
GS01,63/04/11,106,114,133,156,176,190,191,180,157,128,102,83,75,82,101,126,153,178,191,193,181,160,139,122
GS01,63/04/12,112,114,129,149,169,184,191,186,167,140,114,89,77,77,88,111,137,163,181,188,185,174,153,137
GS01,63/04/13,125,122,129,144,163,179,189,189,177,154,128,105,85,78,82,98,122,145,166,180,184,180,167,152
GS01,63/04/14,139,133,136,146,160,175,186,190,182,165,142,118,98,84,83,91,109,131,152,168,177,179,172,162
GS01,63/04/15,152,144,143,149,160,173,184,187,183,171,154,134,114,98,92,95,105,122,140,157,171,178,178,174
GS01,63/04/16,168,161,156,157,164,173,182,186,186,178,165,150,133,117,104,100,102,111,124,140,154,165,171,175
GS01,63/04/17,175,173,169,166,166,169,174,179,181,178,173,163,150,137,124,114,109,110,116,125,138,152,164,173
GS01,63/04/18,180,183,183,179,176,172,172,174,176,177,177,176,171,163,151,139,130,121,119,121,129,141,156,172
GS01,63/04/19,186,196,202,198,194,186,178,172,169,169,172,177,180,178,172,161,146,131,120,111,110,118,133,150
GS01,63/04/20,170,188,196,200,194,183,168,156,148,146,150,161,173,181,185,180,169,152,131,115,105,105,113,130
GS01,63/04/21,156,178,196,205,203,192,173,154,138,129,132,145,163,180,193,199,194,178,157,132,112,102,103,115
GS01,63/04/22,137,163,188,203,208,199,178,154,131,112,108,116,134,159,183,200,206,198,178,151,125,105,97,100
GS01,63/04/23,117,144,171,194,206,203,187,158,129,102,87,88,104,129,160,188,207,212,203,180,155,129,113,108
GS01,63/04/24,119,141,169,196,215,221,212,186,154,122,97,87,94,115,147,181,210,227,230,217,194,168,145,132
GS01,63/04/25,133,147,171,196,218,227,221,203,171,134,102,83,77,89,116,150,185,211,224,222,209,187,164,144
GS01,63/04/26,137,144,161,182,205,219,222,209,183,149,113,83,67,67,83,111,144,176,199,207,204,192,173,153
GS01,63/04/27,141,141,150,168,186,201,209,204,186,159,125,96,74,63,69,87,115,144,174,191,197,195,184,168
GS01,63/04/28,156,150,153,164,179,193,202,204,194,174,148,121,95,78,73,81,99,123,149,170,183,189,185,177
GS01,63/04/29,168,161,159,164,173,185,194,198,196,183,166,145,122,102,91,89,95,112,133,152,169,182,184,183
GS01,63/04/30,179,174,170,169,174,179,186,190,192,188,179,165,147,129,114,105,106,111,124,138,156,170,181,187
GS01,63/05/01,189,187,183,179,178,179,182,185,188,189,187,181,172,159,147,134,127,125,128,136,147,162,175,185
GS01,63/05/02,192,194,192,188,183,178,174,174,174,177,179,181,179,175,168,156,144,134,128,127,132,143,158,171
GS01,63/05/03,184,191,193,188,181,171,161,154,151,150,156,162,168,171,171,164,152,138,125,117,115,123,135,149
GS01,63/05/04,166,179,186,186,178,165,152,139,131,129,134,144,157,169,175,176,168,156,141,126,118,118,126,141
GS01,63/05/05,160,178,191,196,192,180,164,146,132,123,126,137,152,168,184,191,190,181,166,149,133,126,129,139
GS01,63/05/06,158,177,193,203,203,191,173,152,132,118,115,122,139,160,181,197,203,199,185,167,148,137,133,140
GS01,63/05/07,156,176,196,209,212,202,183,160,134,113,103,105,120,141,165,186,198,201,192,174,152,135,123,125
GS01,63/05/08,139,156,178,195,204,199,184,158,133,109,93,90,100,122,148,175,196,208,206,191,173,155,140,136
GS01,63/05/09,144,161,181,200,213,211,198,175,148,119,99,89,95,112,137,167,193,211,214,206,189,171,152,143
GS01,63/05/10,145,155,174,193,207,211,202,185,157,127,102,86,82,93,115,142,171,194,205,205,195,178,161,146
GS01,63/05/11,139,148,162,180,196,205,204,191,167,136,107,87,75,80,98,124,153,178,195,202,196,184,169,152
GS01,63/05/12,144,144,153,168,184,196,199,190,172,145,116,92,75,73,81,101,127,155,177,191,195,189,177,163
GS01,63/05/13,152,148,151,163,177,191,197,195,182,160,135,111,91,81,82,95,117,142,166,184,194,193,188,177
GS01,63/05/14,167,162,160,167,176,188,197,199,192,179,158,137,115,102,96,102,113,133,155,176,192,202,202,198
GS01,63/05/15,191,184,180,181,185,193,201,205,204,196,181,164,143,126,115,109,112,124,140,160,178,191,197,198
GS01,63/05/16,194,188,182,177,176,177,182,187,190,189,183,174,159,143,129,120,116,118,128,141,159,176,190,198
GS01,63/05/17,204,203,197,190,183,180,180,184,188,191,194,191,185,174,161,148,136,131,130,137,149,167,183,198
GS01,63/05/18,210,213,211,203,192,181,174,169,169,172,180,187,190,187,179,167,154,139,130,128,133,144,161,177
GS01,63/05/19,194,203,206,200,188,171,153,143,141,143,154,167,181,190,193,187,175,160,144,133,130,137,152,172
GS01,63/05/20,193,211,221,219,208,190,168,148,135,133,141,158,180,200,213,217,211,196,178,159,147,145,154,171
GS01,63/05/21,193,214,229,233,225,204,177,150,127,119,121,137,161,188,212,226,230,221,203,181,164,152,152,164
GS01,63/05/22,184,208,226,238,237,220,193,164,133,106,101,109,132,165,197,221,238,241,229,209,186,167,160,164
GS01,63/05/23,178,199,221,237,242,233,209,176,139,106,85,81,94,123,158,191,219,232,234,222,203,182,165,158
GS01,63/05/24,163,179,200,220,232,233,217,190,154,116,86,72,73,90,121,158,193,219,232,231,219,203,185,172
GS01,63/05/25,171,179,198,219,234,243,239,221,191,154,120,95,85,88,107,136,172,203,223,229,224,210,193,177
GS01,63/05/26,168,171,181,196,213,223,226,214,192,160,126,97,78,73,82,105,136,168,195,212,218,214,204,190
GS01,63/05/27,179,176,183,193,208,222,229,227,214,193,163,133,109,96,96,108,130,159,187,206,214,216,211,201
GS01,63/05/28,188,178,180,184,193,205,212,215,209,195,173,148,124,105,95,96,108,127,150,172,190,200,200,195
GS01,63/05/29,185,177,170,170,174,181,189,194,194,188,176,160,141,122,111,104,109,120,138,158,176,189,197,197
GS01,63/05/30,192,186,178,172,170,173,178,184,188,189,185,177,166,152,139,130,125,129,138,153,168,184,195,200
GS01,63/05/31,201,196,189,180,173,170,170,173,177,181,185,186,182,176,166,155,147,143,144,153,164,179,193,202
GS01,63/06/01,207,206,200,191,179,171,164,160,160,166,171,178,182,182,176,168,158,147,141,142,147,158,172,185
GS01,63/06/02,194,198,195,185,173,161,149,139,136,140,148,159,173,182,186,183,175,165,154,147,147,155,168,182
GS01,63/06/03,197,206,209,203,192,175,158,144,134,133,140,154,171,187,200,205,201,191,179,167,160,160,170,183
GS01,63/06/04,199,212,220,218,209,191,169,148,132,125,128,139,159,179,197,210,213,207,193,180,169,164,169,179
GS01,63/06/05,195,214,227,230,225,210,190,165,144,131,128,137,155,177,199,221,229,232,222,206,190,177,172,178
GS01,63/06/06,192,209,226,234,233,219,197,168,141,119,107,112,125,151,178,204,221,229,224,211,193,178,168,169
GS01,63/06/07,178,195,212,226,232,223,204,179,146,118,101,96,107,128,156,187,213,227,231,224,207,192,179,171
GS01,63/06/08,176,189,207,222,231,231,217,192,161,129,106,94,96,113,137,166,197,221,230,228,219,202,185,175
GS01,63/06/09,174,182,197,214,227,231,224,204,177,143,114,96,91,98,122,146,179,204,223,229,223,211,195,181
GS01,63/06/10,175,179,191,207,221,230,230,217,194,164,134,110,96,95,109,131,161,189,212,225,225,219,206,192
GS01,63/06/11,180,178,182,194,207,219,224,217,201,177,149,121,99,90,93,109,134,161,186,206,217,214,207,194
GS01,63/06/12,182,173,173,178,189,202,212,213,205,189,163,138,109,95,92,99,118,144,171,191,206,212,210,199
GS01,63/06/13,188,179,172,174,184,198,204,207,206,194,179,159,138,120,108,108,118,134,157,179,198,210,214,210
GS01,63/06/14,202,192,183,177,177,184,194,203,208,205,198,187,170,153,140,130,130,138,153,172,191,207,216,218
GS01,63/06/15,214,206,193,182,175,170,174,181,186,190,191,188,179,166,152,139,130,129,135,148,164,181,195,203
GS01,63/06/16,204,200,189,174,160,149,145,146,153,162,171,179,180,176,167,155,143,133,130,135,146,161,179,193
GS01,63/06/17,201,202,196,180,164,149,135,128,129,139,152,167,180,187,187,181,170,157,148,142,145,156,169,187
GS01,63/06/18,202,210,209,199,179,156,135,118,111,113,126,146,166,186,197,200,195,183,169,158,152,156,167,182
GS01,63/06/19,200,213,218,213,197,174,146,120,101,94,98,118,144,170,192,208,210,204,192,177,166,159,164,173
GS01,63/06/20,189,207,221,221,214,193,165,133,105,89,84,94,117,144,173,198,217,220,214,199,185,172,168,172
GS01,63/06/21,184,201,218,229,227,214,189,156,122,94,82,81,91,115,145,177,207,224,226,215,200,184,172,168
GS01,63/06/22,175,189,207,222,226,222,200,160,125,104,79,66,71,87,118,155,188,211,223,222,213,196,183,171
GS01,63/06/23,170,182,196,213,228,230,223,202,171,134,100,80,71,78,102,134,167,198,218,226,221,210,194,180
GS01,63/06/24,173,177,188,204,219,229,228,214,190,159,124,96,79,77,89,114,143,173,199,214,216,211,196,181
GS01,63/06/25,170,166,172,183,199,213,219,216,200,179,152,125,103,89,92,105,129,156,182,203,214,214,206,193
GS01,63/06/26,179,170,170,177,188,203,213,217,211,194,173,149,125,109,102,108,122,144,172,193,206,212,207,196
GS01,63/06/27,183,173,166,164,172,181,191,198,197,192,177,159,139,122,110,109,116,129,149,169,187,199,199,193
GS01,63/06/28,185,175,163,158,157,163,171,179,186,187,182,172,159,144,133,126,126,134,147,165,184,197,205,205
GS01,63/06/29,199,189,179,167,160,159,163,169,175,181,184,182,178,169,159,150,145,144,152,163,179,194,202,206
GS01,63/06/30,204,197,186,172,161,154,150,153,159,168,175,180,182,181,174,167,160,157,159,165,173,186,199,205
GS01,63/07/01,206,204,196,181,167,154,145,143,146,153,163,175,184,187,189,184,177,170,164,164,171,181,192,201
GS01,63/07/02,208,208,202,189,172,156,140,130,127,131,141,154,169,182,190,192,189,183,174,168,168,173,182,193
GS01,63/07/03,204,209,208,200,184,166,146,130,120,119,129,142,160,178,192,200,202,196,187,178,170,172,178,187
GS01,63/07/04,199,210,212,209,197,178,155,134,118,109,112,125,145,166,186,205,212,211,204,192,181,175,177,184
GS01,63/07/05,197,210,219,222,216,200,179,155,131,114,108,117,133,157,180,200,215,221,222,215,202,189,183,186
GS01,63/07/06,196,212,226,235,235,224,204,175,147,123,108,107,121,143,170,199,222,234,237,229,214,200,187,183
GS01,63/07/07,192,203,217,231,237,232,214,188,155,123,102,94,102,120,147,177,207,224,234,231,219,202,187,178
GS01,63/07/08,179,188,205,221,232,235,226,206,174,140,114,94,91,102,125,154,187,213,229,232,225,212,195,181
GS01,63/07/09,174,178,192,209,224,234,230,216,190,159,128,103,88,92,107,133,163,191,214,226,225,216,200,183
GS01,63/07/10,168,165,173,188,205,219,224,218,201,173,143,114,93,86,92,111,137,167,194,211,220,214,203,187
GS01,63/07/11,169,162,163,172,187,204,218,221,213,196,172,145,122,108,105,115,137,160,187,209,222,225,217,203
GS01,63/07/12,184,171,164,162,173,187,200,210,210,202,185,162,139,120,108,108,118,138,163,185,204,214,214,206
GS01,63/07/13,190,174,160,154,157,167,181,194,202,204,196,184,165,148,133,125,126,138,157,178,197,212,219,215
GS01,63/07/14,205,190,173,159,152,152,161,173,184,195,198,196,187,173,160,150,145,149,159,177,193,209,218,220
GS01,63/07/15,214,202,188,177,166,160,158,162,169,176,187,194,195,192,183,172,164,160,160,170,183,196,209,216
GS01,63/07/16,217,210,194,176,160,144,133,129,133,144,159,176,189,195,195,190,183,175,170,168,174,184,196,210
GS01,63/07/17,218,217,209,193,173,149,129,118,114,122,137,156,180,196,207,212,210,203,194,187,184,187,195,207
GS01,63/07/18,218,226,226,216,196,173,144,119,104,102,107,126,151,177,197,213,216,213,204,193,182,178,180,188
GS01,63/07/19,202,213,221,220,208,186,156,127,102,85,84,93,119,148,178,200,216,219,215,203,192,180,175,177
GS01,63/07/20,186,204,218,226,225,209,183,152,120,92,78,80,94,121,154,186,209,224,225,214,200,185,174,171
GS01,63/07/21,182,195,213,226,231,223,204,174,140,106,82,75,84,104,135,168,197,218,226,221,206,190,175,166
GS01,63/07/22,167,180,196,213,225,228,216,192,159,124,95,78,73,85,109,143,175,202,218,221,212,196,179,165
GS01,63/07/23,159,165,179,197,214,225,224,211,184,153,119,94,80,83,99,128,159,189,209,219,216,204,187,170
GS01,63/07/24,158,157,166,180,199,216,222,218,200,174,142,114,95,88,96,115,144,174,199,213,216,208,193,174
GS01,63/07/25,159,152,154,165,180,198,212,214,207,190,166,140,119,105,104,117,138,163,188,207,216,213,201,184
GS01,63/07/26,168,155,152,155,166,182,196,207,207,199,182,162,141,124,117,123,137,157,178,195,207,211,203,189
GS01,63/07/27,174,160,148,144,150,159,173,185,189,188,181,167,151,136,127,124,133,147,166,183,197,205,202,192
GS01,63/07/28,177,162,147,139,138,144,154,164,173,177,177,170,162,150,142,135,139,145,158,173,187,196,200,194
GS01,63/07/29,183,169,155,143,136,135,139,147,155,164,170,172,170,165,159,153,151,152,159,169,181,192,198,197
GS01,63/07/30,193,181,166,152,140,132,128,132,139,147,158,167,172,174,173,169,165,162,161,166,176,186,193,197
GS01,63/07/31,196,189,178,164,149,135,126,121,123,130,142,154,167,177,182,183,179,173,170,170,172,178,186,193
GS01,63/08/01,198,198,191,178,163,145,129,119,112,115,125,141,160,175,187,195,195,190,182,176,172,174,180,188
GS01,63/08/02,195,201,202,195,181,161,140,121,108,103,109,123,145,167,188,201,206,206,199,188,180,175,175,182
GS01,63/08/03,191,202,210,209,199,181,157,133,112,100,96,106,126,150,177,198,213,218,212,201,189,176,172,175
GS01,63/08/04,184,197,211,217,214,202,177,150,122,97,86,89,103,130,159,188,209,220,220,210,194,179,168,166
GS01,63/08/05,173,187,204,218,220,212,194,165,135,106,87,80,88,112,141,173,200,216,224,216,201,185,169,159
GS01,63/08/06,162,175,193,209,221,222,210,188,155,121,93,78,78,94,122,154,185,210,222,223,212,195,174,159
GS01,63/08/07,153,160,177,198,218,229,228,212,184,149,115,91,81,88,107,137,170,200,221,228,222,206,184,163
GS01,63/08/08,150,150,161,182,204,221,230,223,205,175,144,114,92,89,101,125,155,185,211,226,228,213,194,171
GS01,63/08/09,153,145,148,163,184,205,220,226,218,198,171,141,117,101,102,119,144,172,199,220,226,220,202,181
GS01,63/08/10,159,143,136,143,160,182,204,217,220,210,191,167,142,125,119,126,143,165,188,210,222,224,213,195
GS01,63/08/11,173,153,140,137,144,159,178,195,207,208,200,185,166,151,140,139,148,168,184,202,217,223,220,206
GS01,63/08/12,187,168,150,139,137,145,160,176,190,199,201,195,186,175,166,161,162,171,185,199,212,221,221,213
GS01,63/08/13,197,177,158,141,130,128,133,145,158,172,183,188,190,186,181,176,173,173,179,187,197,207,211,210
GS01,63/08/14,201,190,172,153,137,123,117,121,129,143,158,172,182,189,191,192,188,185,185,188,193,198,205,209
GS01,63/08/15,209,205,194,178,159,140,123,116,115,123,138,156,176,193,204,211,210,205,197,192,191,193,198,205
GS01,63/08/16,211,214,211,200,181,158,133,116,106,103,111,130,153,176,197,209,215,212,203,194,187,179,176,178
GS01,63/08/17,184,192,199,199,190,174,150,125,107,97,97,110,131,159,186,209,222,224,220,208,194,186,182,185
GS01,63/08/18,197,211,224,229,229,214,187,159,129,106,98,100,116,142,171,201,219,228,226,215,198,184,175,171
GS01,63/08/19,180,195,214,228,235,229,210,181,148,118,97,91,98,123,155,186,213,226,228,219,204,183,166,158
GS01,63/08/20,161,175,196,215,229,232,221,198,167,134,106,90,90,104,132,165,196,215,225,221,207,187,166,152
GS01,63/08/21,148,157,176,199,218,228,227,215,187,155,125,104,95,101,122,154,182,209,223,224,213,195,173,154
GS01,63/08/22,145,147,160,180,203,220,228,222,204,177,148,124,110,109,124,149,176,204,222,227,223,206,185,165
GS01,63/08/23,150,146,153,171,192,212,225,227,218,198,175,150,132,126,132,148,172,198,218,226,225,214,191,171
GS01,63/08/24,152,143,142,154,170,191,206,216,213,200,182,162,144,136,137,149,169,191,211,223,226,217,199,179
GS01,63/08/25,157,145,141,145,159,174,193,205,208,204,193,178,163,152,148,154,167,184,203,216,223,220,208,189
GS01,63/08/26,169,153,143,140,146,159,175,189,199,200,196,188,177,167,161,162,168,179,194,206,216,216,209,196
GS01,63/08/27,179,163,148,140,139,145,159,170,181,188,191,188,184,179,174,172,175,181,191,202,211,216,214,207
GS01,63/08/28,194,180,165,153,144,144,150,161,173,180,188,193,196,195,193,191,191,195,200,207,215,221,222,221
GS01,63/08/29,215,208,198,188,178,168,163,162,167,176,186,196,205,211,214,212,210,206,204,204,209,214,219,221
GS01,63/08/30,219,214,203,190,175,163,154,148,148,154,165,182,198,213,223,228,228,223,217,210,208,208,212,219
GS01,63/08/31,226,229,226,217,201,183,167,153,143,144,152,168,190,211,231,244,242,234,223,211,200,194,194,200
GS01,63/09/01,210,217,222,218,205,185,159,137,121,112,115,129,151,176,199,218,228,227,217,202,188,180,180,186
GS01,63/09/02,200,214,226,231,225,210,185,158,131,114,110,119,140,169,198,225,239,242,235,219,201,182,175,176
GS01,63/09/03,186,206,224,238,242,231,208,178,146,118,103,101,115,141,175,204,228,240,236,222,201,177,159,154
GS01,63/09/04,162,181,205,225,238,237,222,195,161,127,102,93,98,119,150,184,213,231,235,227,205,179,156,142
GS01,63/09/05,143,158,181,207,228,239,236,220,188,152,121,101,96,110,134,166,198,223,235,233,216,188,160,139
GS01,63/09/06,129,137,158,185,211,232,239,234,212,181,150,124,111,115,131,157,187,217,234,238,229,206,175,148
GS01,63/09/07,130,127,138,160,189,215,234,237,228,206,177,150,130,124,132,152,178,207,227,235,231,214,186,157
GS01,63/09/08,131,118,121,135,159,187,210,225,226,216,195,172,153,141,141,153,174,196,216,229,232,221,199,172
GS01,63/09/09,145,125,117,122,137,160,185,205,217,216,208,192,176,164,161,167,179,194,211,223,230,227,213,192
GS01,63/09/10,167,146,130,123,129,141,159,179,197,206,209,203,195,186,180,181,184,194,204,215,222,224,218,204
GS01,63/09/11,183,163,145,131,125,125,135,148,164,179,190,196,197,194,191,189,189,193,198,203,209,212,210,205
GS01,63/09/12,198,187,173,159,148,136,129,130,138,152,169,184,194,201,205,204,201,198,196,196,198,202,205,207
GS01,63/09/13,206,200,190,174,155,138,126,120,122,132,146,164,183,198,209,214,212,207,199,193,190,190,195,201
GS01,63/09/14,209,213,210,202,187,166,144,128,120,122,135,153,176,196,214,224,227,220,207,193,185,180,183,190
GS01,63/09/15,200,210,216,214,203,182,156,133,115,108,114,128,152,177,202,219,226,224,211,195,181,170,169,176
GS01,63/09/16,192,208,223,230,227,212,188,160,136,118,115,124,145,171,200,223,238,239,232,213,194,178,170,173
GS01,63/09/17,186,204,224,241,246,240,219,191,160,132,118,120,135,158,187,216,235,243,236,217,194,172,156,152
GS01,63/09/18,160,179,201,223,237,239,228,206,176,145,125,118,126,146,172,200,224,237,234,219,196,169,146,135
GS01,63/09/19,138,153,178,204,224,234,230,216,188,158,131,116,115,128,153,182,209,226,228,218,197,170,143,125
GS01,63/09/20,121,131,152,178,203,221,226,217,198,171,144,124,115,122,143,171,199,219,226,222,204,179,151,129
GS01,63/09/21,117,123,139,163,190,210,224,225,213,193,167,145,131,132,147,170,195,219,229,228,217,194,167,142
GS01,63/09/22,125,122,133,153,175,197,216,223,219,204,184,163,148,143,151,167,188,208,219,224,217,199,174,148
GS01,63/09/23,129,118,122,135,155,177,198,210,213,207,194,177,162,155,156,168,184,201,215,220,218,204,182,158
GS01,63/09/24,136,122,117,123,138,156,176,191,200,200,194,183,170,162,160,166,178,192,204,211,212,205,189,170
GS01,63/09/25,149,133,124,124,132,145,165,179,193,202,202,197,190,184,181,183,189,198,208,215,218,214,205,190
GS01,63/09/26,173,156,145,138,138,144,157,169,182,192,197,199,199,197,194,192,193,195,199,204,207,206,202,193
GS01,63/09/27,180,166,151,140,133,130,133,140,150,161,171,180,188,192,193,191,188,186,184,185,186,187,187,186
GS01,63/09/28,183,176,166,153,141,131,125,125,130,140,153,168,182,193,200,202,198,190,183,178,177,177,182,186
GS01,63/09/29,189,190,185,175,160,144,130,120,117,123,136,153,174,193,207,214,212,204,191,179,171,168,174,183
GS01,63/09/30,193,203,206,201,188,168,147,129,116,115,123,140,164,188,211,224,228,222,205,189,174,165,166,177
GS01,63/10/01,195,212,225,229,223,205,180,155,133,120,121,135,159,187,216,237,248,245,229,206,185,166,160,165
GS01,63/10/02,183,206,228,242,245,234,210,178,149,125,113,119,137,165,195,223,238,241,228,204,176,151,134,133
GS01,63/10/03,147,173,201,226,240,239,225,196,163,134,113,108,120,144,175,207,231,242,236,216,188,153,131,119
GS01,63/10/04,128,153,184,215,239,252,253,230,198,167,142,129,130,147,176,209,236,253,254,237,209,174,143,124
GS01,63/10/05,121,134,161,196,227,250,259,251,230,198,170,149,142,149,168,197,226,247,252,244,218,184,150,122
GS01,63/10/06,107,113,131,162,196,227,243,247,235,214,188,168,155,156,168,190,215,236,248,246,228,199,166,133
GS01,63/10/07,111,103,110,132,162,194,219,233,234,224,206,187,172,165,170,184,203,221,234,237,228,208,179,148
GS01,63/10/08,120,103,99,107,127,152,177,199,210,210,202,190,179,171,171,177,187,201,214,222,220,210,188,161
GS01,63/10/09,131,110,100,103,115,134,155,177,195,204,206,204,197,191,186,187,193,198,203,206,206,203,192,179
GS01,63/10/10,165,152,142,138,138,147,160,174,189,203,212,218,219,216,212,208,205,206,210,214,217,219,217,208
GS01,63/10/11,195,181,166,150,139,133,136,145,158,173,189,201,211,215,216,214,210,207,206,206,208,211,214,215
GS01,63/10/12,211,204,193,178,161,148,139,135,141,152,167,183,200,211,218,218,213,202,192,185,181,182,186,192
GS01,63/10/13,199,201,198,189,174,157,141,129,125,129,144,162,182,200,212,218,214,201,187,173,164,162,166,175
GS01,63/10/14,190,202,208,204,193,175,153,134,123,120,129,148,169,192,211,221,220,208,190,171,155,144,148,159
GS01,63/10/15,177,195,210,217,213,198,176,153,133,120,121,135,156,181,204,221,227,219,201,177,154,138,134,141
GS01,63/10/16,158,182,206,222,227,219,202,177,152,132,127,135,155,180,206,229,238,233,217,192,168,147,134,138
GS01,63/10/17,152,176,204,226,239,241,228,206,180,158,145,144,157,180,207,231,244,245,232,210,180,153,134,128
GS01,63/10/18,136,158,186,214,234,242,238,221,197,171,150,143,148,165,190,216,234,239,230,209,180,150,126,114
GS01,63/10/19,114,130,156,186,212,229,233,223,205,180,158,144,144,157,178,201,224,235,231,215,189,157,132,115
GS01,63/10/20,110,122,146,178,208,232,242,239,224,203,180,165,159,163,181,203,224,239,242,231,206,177,147,127
GS01,63/10/21,115,122,138,165,195,220,235,241,234,218,198,182,174,176,188,207,228,242,248,240,224,196,168,143
GS01,63/10/22,128,125,134,152,177,204,224,234,235,225,211,195,183,179,184,197,214,227,235,233,223,200,175,149
GS01,63/10/23,129,121,122,134,154,177,199,216,222,220,209,197,186,180,182,189,201,214,221,224,217,202,179,155
GS01,63/10/24,134,119,117,124,139,157,175,192,204,206,205,199,191,185,183,186,192,200,208,212,210,201,187,168
GS01,63/10/25,150,134,125,121,127,138,153,170,185,196,201,202,199,194,191,189,191,194,199,204,205,203,196,185
GS01,63/10/26,172,159,146,138,135,138,147,159,174,189,200,208,213,214,210,208,204,200,199,201,204,204,204,201
GS01,63/10/27,193,183,170,158,148,142,141,146,156,169,184,198,210,217,216,212,202,193,186,181,181,183,187,192
GS01,63/10/28,193,193,185,173,160,147,136,133,139,150,165,184,201,215,223,223,214,202,187,175,171,172,181,192
GS01,63/10/29,205,212,215,208,195,178,161,147,142,149,164,185,211,233,247,253,247,231,211,192,179,176,186,199
GS01,63/10/30,213,227,238,244,240,228,207,185,163,150,158,177,203,229,249,261,257,239,215,187,163,151,152,165
GS01,63/10/31,193,220,240,251,250,236,215,186,161,145,144,156,180,208,235,253,256,243,218,187,154,131,121,127
GS01,63/11/01,149,179,210,236,248,245,230,204,177,151,140,143,162,188,215,240,252,247,228,195,159,125,103,99
GS01,63/11/02,115,143,179,214,242,250,245,228,202,173,154,146,155,175,201,227,247,252,239,208,175,137,106,90
GS01,63/11/03,94,114,148,185,221,244,252,244,227,200,176,161,160,171,193,216,236,246,244,225,192,152,113,87
GS01,63/11/04,75,84,110,144,181,212,232,237,229,211,188,171,162,166,181,200,222,235,240,231,207,174,138,106
GS01,63/11/05,85,80,92,118,153,184,212,227,229,220,205,190,177,173,179,192,208,221,230,228,215,192,160,127
GS01,63/11/06,103,85,85,98,123,152,182,204,215,216,210,199,189,181,182,188,200,212,222,224,219,205,185,159
GS01,63/11/07,133,114,104,105,118,137,162,184,203,213,213,210,203,197,193,195,200,205,212,216,218,212,200,185
GS01,63/11/08,166,148,132,124,126,136,151,171,189,206,214,219,218,215,210,207,207,209,212,214,216,215,212,204
GS01,63/11/09,191,177,160,147,140,136,141,152,166,184,197,206,211,212,208,203,197,191,187,185,186,189,192,193
GS01,63/11/10,191,186,177,164,151,142,138,141,150,163,178,191,202,206,207,202,194,183,171,165,164,166,172,180
GS01,63/11/11,187,192,189,180,169,155,144,140,144,154,167,185,202,213,220,220,212,198,183,170,163,163,169,180
GS01,63/11/12,194,205,212,210,200,186,170,156,149,152,162,178,196,213,224,227,220,205,184,163,150,144,147,160
GS01,63/11/13,178,196,212,217,216,204,186,169,155,149,155,169,188,207,223,230,227,214,191,167,145,133,131,139
GS01,63/11/14,158,183,204,219,224,219,204,186,167,155,154,162,181,202,222,235,236,225,204,178,150,131,123,128
GS01,63/11/15,145,170,195,219,231,233,221,202,182,166,159,162,175,195,216,231,235,227,209,182,152,127,112,110
GS01,63/11/16,123,148,174,201,221,229,226,211,191,170,157,154,161,178,199,219,228,226,209,184,153,124,105,95
GS01,63/11/17,105,126,155,185,212,227,230,220,200,180,162,156,159,173,194,213,227,229,216,193,163,132,106,94
GS01,63/11/18,95,110,136,166,197,217,227,225,210,192,174,162,158,170,185,207,221,228,223,207,181,149,120,100
GS01,63/11/19,93,102,123,151,181,207,225,228,223,209,192,178,170,175,187,204,219,229,231,221,200,171,141,118
GS01,63/11/20,104,104,118,142,170,197,220,230,228,222,208,194,184,182,190,203,218,227,233,224,209,183,155,130
GS01,63/11/21,111,103,110,125,149,175,198,215,222,218,210,198,187,181,184,192,203,213,220,218,209,191,168,144
GS01,63/11/22,121,110,107,115,133,155,177,196,210,214,212,203,194,187,185,188,195,203,211,215,212,200,184,164
GS01,63/11/23,144,128,119,119,129,144,163,181,197,208,213,210,205,197,191,189,190,193,197,200,200,195,186,172
GS01,63/11/24,155,139,125,118,119,126,139,155,171,185,195,200,200,197,192,185,180,179,179,182,185,188,189,184
GS01,63/11/25,175,163,151,140,134,133,140,152,169,187,205,218,224,226,224,218,210,203,199,198,202,207,212,214
GS01,63/11/26,214,210,198,186,173,163,158,161,170,182,197,212,224,229,226,218,202,186,171,161,160,165,175,187
GS01,63/11/27,198,202,200,192,179,164,150,144,146,155,171,190,208,221,226,221,207,186,163,144,135,135,147,163
GS01,63/11/28,183,201,210,210,199,185,169,155,146,149,161,180,201,220,230,234,221,197,167,140,121,114,119,139
GS01,63/11/29,162,188,209,220,218,207,189,170,153,146,150,164,184,205,221,229,224,215,177,144,115,96,92,105
GS01,63/11/30,130,161,192,215,228,227,217,197,178,162,156,162,178,199,220,233,234,222,197,160,123,92,75,77
GS01,63/12/01,105,136,168,197,222,233,229,214,194,174,159,157,166,183,205,225,234,230,209,176,136,100,73,62
GS01,63/12/02,9999,9999,9999,9999,9999,9999,9999,9999,9999,9999,9999,9999,9999,9999,9999,9999,9999,9999,9999,9999,9999,9999,9999,9999
GS01,63/12/03,9999,9999,9999,9999,9999,9999,9999,9999,9999,9999,9999,9999,9999,9999,9999,9999,9999,9999,9999,9999,9999,9999,9999,9999
GS01,63/12/04,76,75,90,115,150,181,210,226,229,222,212,197,188,186,193,206,219,231,236,234,216,192,160,126
GS01,63/12/05,104,93,93,111,137,158,192,214,225,229,223,211,197,191,193,200,209,220,226,227,221,204,181,154
GS01,63/12/06,127,109,101,105,117,139,164,185,203,210,208,201,190,183,177,178,182,188,195,199,198,191,179,160
GS01,63/12/07,140,120,108,103,109,124,143,164,183,197,202,202,197,188,180,177,176,179,184,189,194,194,189,179
GS01,63/12/08,165,150,137,127,125,131,145,161,178,193,204,207,207,202,196,190,183,180,181,184,188,193,194,194
GS01,63/12/09,191,182,170,158,149,145,147,157,169,182,194,203,204,203,196,186,174,164,156,153,155,159,166,171
GS01,63/12/10,176,177,173,165,156,149,147,153,160,173,187,198,208,213,211,202,189,175,162,153,150,155,164,176
GS01,63/12/11,192,198,203,200,189,179,171,167,167,174,188,200,212,221,221,214,202,182,162,144,136,136,143,157
GS01,63/12/12,175,191,200,200,193,187,179,172,165,167,176,189,203,216,223,223,213,194,171,150,134,126,130,142
GS01,63/12/13,160,179,198,212,216,209,198,185,174,170,173,183,196,210,220,223,214,198,174,148,125,111,108,118
GS01,63/12/14,137,161,185,202,214,214,206,192,178,169,168,176,189,207,221,228,225,212,188,160,134,116,107,112
GS01,63/12/15,126,154,180,205,221,226,222,211,194,179,170,171,181,195,211,223,222,212,192,163,132,107,89,87
GS01,63/12/16,99,122,150,181,202,216,218,209,194,178,168,164,169,183,200,216,224,220,206,180,148,118,95,84
GS01,63/12/17,89,109,138,169,199,219,229,226,215,199,184,175,179,189,205,222,233,235,224,202,172,140,114,96
GS01,63/12/18,92,105,129,161,192,217,232,238,234,222,205,190,183,187,200,215,226,233,227,209,181,150,120,95
GS01,63/12/19,82,86,101,126,154,182,205,215,216,206,191,177,169,168,176,191,206,218,220,211,191,165,133,107
GS01,63/12/20,89,83,93,113,141,169,193,209,216,212,199,186,173,168,172,183,196,210,216,213,201,183,156,129
GS01,63/12/21,107,96,97,109,131,159,184,206,220,223,218,207,195,186,183,188,198,210,219,220,215,201,179,155
GS01,63/12/22,129,113,105,108,122,143,166,186,203,212,213,205,193,181,173,172,177,183,191,198,202,195,182,167
GS01,63/12/23,149,129,116,112,117,130,149,169,186,201,208,204,196,186,176,168,166,167,173,181,188,191,189,181
GS01,63/12/24,168,152,138,129,127,133,146,162,182,198,208,211,210,201,189,177,166,160,159,163,172,180,187,188
GS01,63/12/25,184,176,166,155,146,144,148,161,176,189,203,213,215,212,202,187,171,157,148,146,151,160,173,184
GS01,63/12/26,191,193,190,182,172,163,160,162,169,182,197,211,220,224,220,207,187,164,144,129,127,135,147,167
GS01,63/12/27,184,200,207,206,196,185,173,165,163,170,182,196,209,218,219,209,192,165,139,114,103,101,112,131
GS01,63/12/28,156,179,200,212,212,204,189,175,167,164,170,182,197,211,221,217,205,182,150,118,94,80,82,94
GS01,63/12/29,120,152,181,204,215,216,206,193,178,168,167,174,188,202,218,227,221,204,174,138,104,80,69,74
GS01,63/12/30,96,126,161,190,212,223,221,208,193,178,170,168,178,192,209,223,226,215,192,156,120,85,60,53
GS01,63/12/31,62,84,121,155,188,210,219,214,202,188,176,170,171,184,201,218,229,231,216,189,154,116,84,64
