GS01,35/01/01,157,166,174,180,183,185,187,187,189,194,199,203,206,208,203,191,175,154,137,122,110,106,113,124
GS01,35/01/02,138,152,164,173,181,183,182,177,174,175,180,184,189,193,196,195,184,170,152,135,120,108,103,109
GS01,35/01/03,125,139,157,172,184,193,197,195,186,181,180,185,190,197,203,206,202,187,165,148,132,116,103,97
GS01,35/01/04,106,123,144,165,182,195,202,205,202,191,185,185,192,199,207,214,217,208,189,166,141,121,102,88
GS01,35/01/05,84,102,123,145,165,182,195,202,202,190,178,171,174,181,192,202,210,212,197,174,149,122,98,80
GS01,35/01/06,69,76,98,118,140,158,175,186,192,192,178,165,161,168,180,193,203,212,213,195,166,136,109,92
GS01,35/01/07,76,73,87,113,134,152,169,182,191,195,186,169,158,160,168,178,191,202,210,211,191,162,136,110
GS01,35/01/08,88,76,81,101,118,138,156,172,184,191,191,173,157,152,155,162,175,187,197,203,204,185,158,131
GS01,35/01/09,105,89,87,101,120,136,154,171,183,191,193,177,158,144,140,146,154,165,175,184,191,191,174,153
GS01,35/01/10,132,115,106,110,125,139,154,170,184,194,198,191,173,155,143,140,147,156,167,178,187,191,188,173
GS01,35/01/11,153,139,129,127,136,147,161,175,189,199,205,194,182,165,148,139,137,143,154,162,171,178,181,177
GS01,35/01/12,166,155,145,141,145,151,161,171,181,190,196,198,188,171,153,140,132,131,136,143,152,159,165,169
GS01,35/01/13,170,165,161,157,157,160,166,172,181,186,191,194,189,178,163,147,130,119,114,115,123,133,145,155
GS01,35/01/14,162,166,170,171,172,172,174,178,184,190,194,198,199,196,184,172,156,140,127,118,115,120,132,141
GS01,35/01/15,151,160,169,176,182,186,190,192,194,197,201,205,209,211,213,205,191,174,156,141,128,125,131,142
GS01,35/01/16,156,171,183,192,200,205,208,209,208,208,211,215,219,225,229,226,215,200,183,167,150,136,127,125
GS01,35/01/17,141,157,175,191,204,211,214,211,203,197,195,196,201,207,214,217,213,199,181,161,140,123,109,103
GS01,35/01/18,113,131,153,174,191,204,212,211,201,191,186,185,191,197,207,216,221,219,201,177,150,127,108,97
GS01,35/01/19,101,118,140,161,175,188,199,205,203,191,179,173,175,183,192,201,209,213,202,183,157,132,110,94
GS01,35/01/20,86,95,115,137,156,174,188,196,196,184,169,158,154,161,172,184,197,205,207,195,176,160,139,120
GS01,35/01/21,104,98,109,133,155,173,190,199,203,197,182,168,161,165,175,186,197,207,213,214,199,179,158,138
GS01,35/01/22,121,113,121,142,165,188,202,210,213,206,190,175,161,155,164,176,186,197,206,209,198,179,158,136
GS01,35/01/23,117,108,107,126,145,164,180,191,199,201,187,168,151,145,150,162,174,185,195,200,199,182,161,139
GS01,35/01/24,117,103,101,115,133,151,165,177,186,191,184,166,147,134,132,141,154,167,180,190,194,186,168,150
GS01,35/01/25,130,115,109,117,131,146,162,175,186,191,190,170,149,134,127,131,142,156,168,178,184,184,172,156
GS01,35/01/26,137,124,116,121,134,147,162,176,186,193,193,178,160,145,132,127,132,140,149,158,166,172,173,165
GS01,35/01/27,153,142,135,135,141,150,162,173,183,191,194,187,169,151,136,127,126,131,139,146,155,163,167,168
GS01,35/01/28,164,158,152,151,152,158,167,176,184,192,196,195,183,167,151,138,130,126,128,135,144,152,160,166
GS01,35/01/29,170,171,170,168,168,170,174,181,188,193,198,198,190,179,164,149,136,125,119,119,124,131,141,150
GS01,35/01/30,160,169,176,180,183,184,185,188,190,194,197,199,199,192,183,172,158,145,131,121,113,115,122,135
GS01,35/01/31,147,160,172,183,191,196,198,198,195,197,199,202,208,208,204,194,180,162,142,125,110,101,100,113
GS01,35/02/01,130,147,161,175,186,193,198,194,187,182,181,184,191,197,202,203,193,176,157,139,121,104,93,90
GS01,35/02/02,105,123,140,158,174,186,192,195,190,180,174,174,181,187,195,202,207,202,182,163,142,120,102,91
GS01,35/02/03,89,108,130,149,167,185,199,206,205,192,178,171,177,183,194,205,214,219,213,193,168,145,123,103
GS01,35/02/04,92,94,125,140,158,175,190,199,202,190,172,159,157,165,180,196,211,222,226,213,185,158,132,108
GS01,35/02/05,90,85,106,133,159,184,206,217,215,197,174,154,142,145,161,181,201,218,228,226,205,180,156,132
GS01,35/02/06,112,99,111,138,166,192,215,226,223,202,177,151,131,130,141,162,188,210,223,224,208,184,157,128
GS01,35/02/07,106,97,106,126,152,178,202,216,219,205,181,156,131,116,118,132,153,177,197,208,205,191,169,145
GS01,35/02/08,123,111,112,127,145,169,191,205,211,203,182,157,130,111,103,110,127,148,168,182,189,184,171,155
GS01,35/02/09,138,126,123,130,145,164,182,197,205,201,184,164,140,119,105,102,110,126,145,159,171,178,175,167
GS01,35/02/10,159,151,147,150,158,172,188,200,208,211,204,188,169,151,135,125,124,131,146,159,171,178,182,185
GS01,35/02/11,181,179,178,179,184,191,201,211,217,220,214,203,189,172,156,142,130,130,127,135,142,153,162,169
GS01,35/02/12,174,178,180,180,184,186,192,197,200,202,200,199,192,179,165,150,138,125,118,115,117,127,139,148
GS01,35/02/13,161,170,178,182,182,183,181,184,185,185,186,188,184,181,172,161,148,130,114,104,101,103,111,125
GS01,35/02/14,141,156,168,178,183,182,179,176,172,170,172,176,178,181,181,172,161,142,121,103,89,86,91,103
GS01,35/02/15,121,135,148,161,172,177,178,173,166,162,162,166,174,182,189,190,181,166,143,120,98,87,85,95
GS01,35/02/16,111,127,144,161,173,182,185,178,166,156,153,156,165,174,182,188,192,181,160,138,115,95,84,84
GS01,35/02/17,99,116,131,146,160,172,180,182,172,159,150,149,159,167,177,188,195,199,190,176,159,140,124,112
GS01,35/02/18,106,113,128,144,160,173,182,186,182,170,159,151,147,156,167,178,189,197,199,186,168,148,130,113
GS01,35/02/19,103,105,125,143,160,176,187,192,181,165,145,132,129,139,151,168,184,197,203,195,175,152,130,110
GS01,35/02/20,98,103,121,139,158,178,192,198,190,173,154,139,125,128,141,156,169,181,190,194,184,165,146,128
GS01,35/02/21,113,107,116,129,142,158,173,181,186,176,155,138,124,118,126,142,158,172,185,192,192,177,161,143
GS01,35/02/22,128,120,122,136,152,170,187,196,200,193,178,161,145,134,129,140,156,174,185,194,200,200,182,160
GS01,35/02/23,141,134,143,157,167,177,188,196,202,197,175,149,126,114,115,126,140,152,166,177,184,185,169,152
GS01,35/02/24,136,129,131,141,154,169,185,196,201,193,174,153,131,114,107,113,127,141,155,168,178,182,177,166
GS01,35/02/25,153,146,144,150,159,172,184,193,198,198,184,166,147,129,115,108,112,123,135,146,157,165,169,167
GS01,35/02/26,162,155,153,155,161,168,176,183,189,193,191,178,166,153,141,131,124,121,127,136,145,153,161,166
GS01,35/02/27,172,176,179,180,182,186,192,196,202,206,204,196,184,169,156,144,133,127,124,127,137,145,155,164
GS01,35/02/28,172,178,184,187,190,191,193,195,197,198,199,196,190,182,175,162,149,136,123,115,112,119,129,142
GS01,35/03/01,154,164,174,181,187,190,192,192,189,190,191,194,197,197,194,187,178,167,153,142,130,121,118,122
GS01,35/03/02,135,148,162,174,183,189,192,189,183,176,173,178,183,189,193,195,192,180,168,154,139,125,115,110
GS01,35/03/03,117,132,149,166,180,190,195,193,181,169,161,161,169,179,188,197,202,201,187,171,153,132,116,106
GS01,35/03/04,104,118,135,152,169,184,194,197,191,178,163,155,160,170,182,195,207,214,214,199,181,161,144,128
GS01,35/03/05,120,122,139,156,172,184,195,200,199,187,172,160,152,155,168,183,198,209,215,214,198,178,158,139
GS01,35/03/06,126,121,133,150,168,189,203,209,202,185,167,151,139,134,143,160,178,196,209,214,206,186,168,149
GS01,35/03/07,134,125,129,146,163,181,194,203,203,185,165,144,124,114,117,136,156,174,189,200,205,196,178,161
GS01,35/03/08,146,137,137,150,166,180,194,203,206,193,172,150,130,114,106,116,134,153,171,185,194,195,179,161
GS01,35/03/09,145,136,138,149,164,178,191,201,206,199,177,152,125,105,96,108,123,138,153,167,179,186,188,179
GS01,35/03/10,166,159,160,166,174,185,195,204,210,212,205,189,171,157,144,135,131,137,149,161,172,181,184,183
GS01,35/03/11,174,167,163,166,172,180,188,195,200,203,198,186,171,157,142,131,123,121,128,139,149,158,164,167
GS01,35/03/12,166,165,164,165,168,175,182,189,194,192,192,183,171,160,149,139,132,127,126,133,141,150,158,165
GS01,35/03/13,170,174,177,181,183,186,190,194,197,198,197,192,185,176,165,154,144,136,128,124,125,132,140,149
GS01,35/03/14,157,163,170,175,178,179,180,180,180,180,180,180,177,174,166,159,151,141,131,123,118,118,125,134
GS01,35/03/15,144,156,163,170,175,177,176,171,167,165,166,167,170,172,173,168,161,152,142,133,125,119,117,120
GS01,35/03/16,132,145,157,166,174,178,180,176,170,163,163,166,171,178,184,188,190,184,175,164,153,144,137,134
GS01,35/03/17,136,144,154,163,172,178,181,178,171,163,156,152,153,160,166,174,178,180,174,164,152,139,129,123
GS01,35/03/18,122,130,142,153,164,173,177,177,168,158,148,142,143,152,162,173,183,188,189,179,167,153,141,132
GS01,35/03/19,128,135,147,158,171,182,188,191,183,171,160,150,147,155,165,176,187,195,200,199,188,173,160,148
GS01,35/03/20,142,144,155,167,179,189,196,199,193,180,167,154,146,145,154,166,177,188,195,198,191,178,162,151
GS01,35/03/21,141,137,142,152,164,174,182,185,182,172,159,145,135,129,130,141,153,164,174,180,182,176,166,155
GS01,35/03/22,145,139,141,150,160,170,179,184,185,176,162,149,136,128,125,132,144,157,167,174,178,178,169,158
GS01,35/03/23,148,142,139,147,157,166,174,180,182,174,161,146,132,121,114,116,130,143,157,168,175,177,170,159
GS01,35/03/24,149,142,140,148,158,169,179,186,188,182,168,154,139,127,118,116,127,140,152,163,172,179,183,183
GS01,35/03/25,179,174,172,179,187,197,205,213,215,212,199,184,168,154,142,135,134,145,158,170,181,188,190,188
GS01,35/03/26,180,173,169,168,175,182,189,195,199,198,188,176,161,147,134,124,120,122,133,143,153,161,167,170
GS01,35/03/27,171,169,167,167,171,176,183,187,190,192,186,176,164,151,138,126,119,115,118,127,137,145,152,159
GS01,35/03/28,164,167,170,171,172,174,176,180,182,184,182,176,169,160,149,139,130,122,118,117,122,132,141,149
GS01,35/03/29,157,164,169,173,177,178,179,179,180,181,181,181,179,173,166,157,147,137,128,120,116,117,126,136
GS01,35/03/30,145,153,162,169,174,176,177,173,169,167,168,172,176,179,178,171,161,148,136,124,114,108,108,119
GS01,35/03/31,132,145,157,165,173,177,175,167,158,150,150,155,164,172,179,183,181,172,161,150,138,128,122,120
GS01,35/04/01,128,142,153,166,175,180,182,174,162,149,142,141,149,159,168,177,183,186,176,162,147,132,120,115
GS01,35/04/02,118,133,148,162,175,183,185,176,163,149,138,130,132,144,158,173,183,191,192,179,162,144,130,119
GS01,35/04/03,115,129,144,156,169,179,184,178,161,142,125,112,106,117,135,153,171,185,193,190,173,153,136,122
GS01,35/04/04,117,124,140,156,172,184,189,183,166,147,128,110,99,96,111,131,148,166,180,190,187,171,155,140
GS01,35/04/05,131,135,148,163,178,191,201,204,191,169,147,126,107,99,108,127,143,161,177,189,195,193,178,164
GS01,35/04/06,153,149,156,167,182,193,201,204,192,172,151,132,112,99,93,101,121,141,160,175,184,185,173,157
GS01,35/04/07,146,143,148,160,174,186,196,201,193,172,147,125,101,83,75,84,102,123,142,159,171,177,174,161
GS01,35/04/08,151,145,148,157,169,179,189,195,193,182,166,147,129,112,100,93,94,111,129,145,157,166,170,168
GS01,35/04/09,159,154,152,156,165,174,184,190,190,180,168,152,136,119,104,94,91,99,115,132,145,157,163,163
GS01,35/04/10,162,157,155,157,163,168,176,182,186,185,175,162,146,130,116,108,105,108,120,133,144,156,166,173
GS01,35/04/11,177,180,181,180,181,185,188,192,195,195,192,185,176,165,152,142,135,130,130,136,146,156,167,175
GS01,35/04/12,182,187,188,187,183,182,179,179,177,179,178,176,173,168,159,149,138,128,121,118,121,130,140,150
GS01,35/04/13,159,168,172,175,172,167,159,155,153,152,155,159,163,166,166,159,150,139,127,118,114,117,126,139
GS01,35/04/14,150,160,168,173,176,171,162,153,146,141,141,147,154,161,167,172,172,162,153,143,134,126,125,133
GS01,35/04/15,145,157,169,178,183,184,175,164,154,145,140,143,156,166,175,183,189,190,182,170,160,151,147,145
GS01,35/04/16,155,166,177,186,191,192,183,169,152,136,126,123,133,147,160,172,182,185,177,162,147,134,125,123
GS01,35/04/17,131,145,159,170,179,182,178,166,153,141,130,123,121,134,148,161,173,182,186,181,168,153,141,134
GS01,35/04/18,137,150,162,173,183,190,190,178,164,148,135,123,117,123,138,153,167,179,188,191,180,164,151,141
GS01,35/04/19,137,147,160,172,184,192,193,180,166,150,136,122,113,110,121,139,155,172,185,191,189,174,160,149
GS01,35/04/20,143,144,158,172,186,195,199,189,172,152,135,118,105,99,106,125,145,162,175,184,188,182,166,153
GS01,35/04/21,144,144,153,164,177,187,194,193,177,158,142,124,108,97,94,113,135,154,171,184,191,191,176,161
GS01,35/04/22,150,147,155,166,179,189,196,199,186,169,149,132,118,107,101,101,118,136,152,167,178,185,185,174
GS01,35/04/23,162,157,159,167,176,186,194,199,197,184,167,151,134,119,107,103,111,128,146,160,172,181,185,184
GS01,35/04/24,174,166,164,167,174,182,190,195,197,187,176,162,148,135,123,113,109,113,128,140,153,165,174,179
GS01,35/04/25,181,178,173,171,175,180,186,191,194,193,184,171,158,144,130,119,113,111,120,133,142,152,162,170
GS01,35/04/26,176,180,181,178,175,177,180,184,188,189,184,176,165,152,139,128,120,115,113,118,127,138,149,158
GS01,35/04/27,166,172,176,177,172,167,164,164,166,170,173,174,170,162,151,138,125,115,109,109,116,128,140,152
GS01,35/04/28,163,172,180,182,179,168,160,153,151,154,158,165,171,175,176,168,155,142,128,119,118,124,134,146
GS01,35/04/29,160,173,183,190,191,180,166,152,143,139,144,153,165,174,182,187,188,177,163,149,138,136,146,156
GS01,35/04/30,167,179,190,199,204,203,192,180,166,155,148,148,159,170,182,192,199,201,193,182,169,158,152,153
GS01,35/05/01,163,176,187,197,204,204,194,178,162,146,136,131,133,145,161,175,188,196,200,195,184,174,166,159
GS01,35/05/02,161,172,182,193,201,205,199,186,172,155,141,130,124,130,144,156,171,184,192,195,191,178,168,160
GS01,35/05/03,160,167,178,187,196,201,201,189,173,155,139,122,112,108,122,139,153,168,179,187,189,180,168,157
GS01,35/05/04,154,160,168,177,186,193,197,190,172,153,136,119,105,98,102,119,134,150,163,174,181,184,181,171
GS01,35/05/05,164,166,172,180,189,196,201,201,190,173,156,137,121,108,102,112,131,146,160,174,183,188,189,180
GS01,35/05/06,171,167,171,178,185,192,197,199,192,175,156,135,116,101,93,95,115,131,142,154,163,170,175,175
GS01,35/05/07,170,165,169,175,181,187,193,197,198,190,177,160,142,129,118,112,116,129,144,155,164,172,178,180
GS01,35/05/08,180,175,173,175,179,185,190,195,197,194,182,166,151,133,120,112,111,124,138,150,162,173,181,185
GS01,35/05/09,186,182,177,177,179,183,189,195,197,197,190,179,168,157,147,139,134,132,140,151,161,171,180,186
GS01,35/05/10,188,188,185,181,179,180,183,186,189,190,189,182,174,164,155,145,139,134,135,142,148,156,165,171
GS01,35/05/11,176,179,180,177,172,168,166,166,168,170,171,171,168,160,152,144,136,129,127,131,137,146,157,164
GS01,35/05/12,171,175,177,177,171,165,160,156,154,155,158,164,168,168,165,157,148,140,134,131,136,143,152,161
GS01,35/05/13,170,176,179,179,172,162,153,145,139,139,145,155,162,170,174,172,165,154,145,138,138,142,151,160
GS01,35/05/14,171,182,187,189,181,168,154,140,130,126,130,140,151,163,172,179,181,175,163,151,144,145,150,159
GS01,35/05/15,169,180,189,194,193,181,163,146,132,123,124,136,149,164,179,190,197,200,194,181,170,163,164,169
GS01,35/05/16,178,188,197,205,207,197,178,156,131,113,107,116,130,146,162,175,187,194,197,187,173,162,159,162
GS01,35/05/17,172,183,193,201,205,202,182,155,129,106,94,98,111,129,149,170,189,201,206,203,187,172,161,163
GS01,35/05/18,171,182,193,203,209,210,193,167,138,112,92,88,100,119,142,166,189,206,217,220,209,193,179,173
GS01,35/05/19,177,187,198,208,215,219,212,190,160,132,105,88,85,97,117,139,161,179,192,202,206,200,184,174
GS01,35/05/20,171,178,187,198,209,216,219,205,177,147,118,92,83,90,110,132,156,180,199,212,217,214,200,186
GS01,35/05/21,180,182,191,203,215,226,228,219,199,171,141,113,95,89,100,118,139,165,186,202,212,214,209,196
GS01,35/05/22,185,182,185,194,206,217,223,222,210,190,164,135,110,95,93,104,125,144,163,181,194,202,205,196
GS01,35/05/23,185,176,175,178,187,198,205,210,206,192,172,148,123,102,90,91,104,122,141,158,173,184,190,193
GS01,35/05/24,188,178,170,167,170,177,184,190,193,193,182,162,142,122,107,99,101,111,128,148,162,174,183,189
GS01,35/05/25,192,184,175,167,163,166,172,179,186,189,189,180,170,158,145,132,123,119,124,137,149,161,171,177
GS01,35/05/26,182,184,183,175,166,160,156,158,164,170,174,177,179,175,167,158,150,144,140,139,145,156,165,173
GS01,35/05/27,180,185,188,185,177,167,159,153,152,155,164,170,176,179,181,178,172,165,158,154,154,160,167,175
GS01,35/05/28,182,187,190,192,185,173,163,153,147,143,143,150,158,164,170,175,178,177,172,166,162,161,166,173
GS01,35/05/29,180,185,190,192,191,182,172,160,149,142,138,137,145,156,165,174,182,186,187,184,179,176,177,183
GS01,35/05/30,189,196,202,207,208,203,194,183,170,159,151,146,145,152,160,169,179,186,190,193,193,188,186,186
GS01,35/05/31,191,197,204,210,213,210,202,189,160,124,100,92,106,120,134,146,159,170,178,184,187,183,175,176
GS01,35/06/01,181,187,195,200,206,208,192,165,132,102,82,76,86,104,126,149,170,187,199,205,201,189,177,172
GS01,35/06/02,174,182,190,196,201,206,204,187,162,133,104,84,76,88,105,125,148,168,183,194,198,193,180,171
GS01,35/06/03,167,173,181,190,198,203,205,198,179,155,128,105,89,83,94,112,131,150,167,181,189,192,190,180
GS01,35/06/04,173,173,179,187,195,203,208,211,201,178,151,125,105,96,105,122,142,159,176,188,197,203,205,198
GS01,35/06/05,187,182,183,191,198,206,212,216,213,200,185,168,150,136,126,122,128,140,155,171,183,191,195,190
GS01,35/06/06,178,170,167,172,179,188,195,200,201,189,170,150,129,110,101,101,114,131,149,167,181,190,195,190
GS01,35/06/07,179,170,164,164,170,177,185,192,196,191,180,163,145,128,115,113,118,132,148,164,177,189,197,197
GS01,35/06/08,190,180,171,165,166,171,179,187,193,192,187,175,161,147,134,126,129,138,150,165,178,188,195,199
GS01,35/06/09,195,186,176,167,161,159,162,168,174,178,179,176,170,161,152,144,137,136,145,154,164,174,186,194
GS01,35/06/10,195,190,182,173,164,158,153,152,157,164,170,174,176,174,169,165,160,157,155,159,166,175,183,190
GS01,35/06/11,195,197,197,189,178,167,159,153,152,156,162,168,174,178,181,182,180,175,170,171,174,178,183,187
GS01,35/06/12,192,196,197,191,182,170,160,150,143,139,143,150,158,165,171,176,179,180,175,171,170,175,183,188
GS01,35/06/13,195,198,202,199,192,182,171,159,148,140,136,135,143,152,163,172,179,182,183,180,175,172,172,177
GS01,35/06/14,184,190,194,197,193,179,160,137,117,105,102,113,130,147,162,175,186,193,196,193,185,177,177,183
GS01,35/06/15,190,196,202,206,207,194,177,153,131,113,101,98,113,127,140,154,166,175,182,187,189,186,181,180
GS01,35/06/16,184,189,194,199,203,204,195,178,158,141,124,113,108,114,128,141,154,167,177,185,190,191,188,182
GS01,35/06/17,183,187,193,199,205,209,209,199,185,171,157,143,134,128,128,142,157,170,184,194,200,203,199,190
GS01,35/06/18,187,191,198,204,211,217,220,218,206,190,173,158,144,135,131,137,149,162,175,186,194,199,201,198
GS01,35/06/19,191,188,189,195,202,210,215,217,206,186,167,146,131,117,109,111,128,144,161,174,183,190,193,192
GS01,35/06/20,184,177,176,182,189,197,203,207,208,198,182,164,142,125,113,109,117,131,147,160,172,181,188,190
GS01,35/06/21,183,172,166,167,174,182,188,195,199,200,191,176,156,138,123,116,117,130,147,162,175,185,193,197
GS01,35/06/22,197,190,182,176,175,180,188,195,201,204,203,193,180,167,154,145,141,141,152,164,176,186,195,199
GS01,35/06/23,200,192,183,173,166,164,167,175,182,187,190,190,182,171,160,149,142,142,152,161,172,182,191,197
GS01,35/06/24,200,198,188,177,167,159,157,160,169,175,180,185,188,190,184,174,164,162,165,175,185,193,201,208
GS01,35/06/25,212,212,202,187,173,161,151,147,148,156,164,171,176,182,185,183,178,173,170,171,177,184,192,198
GS01,35/06/26,202,203,197,184,169,153,140,130,124,126,135,144,154,162,171,178,182,182,178,177,177,181,185,190
GS01,35/06/27,195,200,202,195,186,175,161,147,135,126,122,127,139,149,158,167,174,179,182,183,182,182,184,188
GS01,35/06/28,194,200,204,204,198,187,176,163,150,140,131,127,130,141,155,174,185,191,196,197,191,186,185,189
GS01,35/06/29,194,199,205,209,209,196,177,154,128,108,95,93,105,119,134,147,161,174,183,192,194,189,184,184
GS01,35/06/30,188,194,202,207,210,209,197,178,157,134,113,102,100,111,128,142,158,172,183,190,194,194,186,180
GS01,35/07/01,182,189,197,205,212,216,214,203,186,167,146,131,119,114,122,139,155,169,181,188,192,194,188,180
GS01,35/07/02,176,177,184,191,198,205,208,204,188,168,145,125,109,101,106,123,150,164,178,188,193,195,186,176
GS01,35/07/03,169,168,175,184,193,202,207,208,195,174,154,135,117,106,103,120,133,146,160,170,178,183,185,181
GS01,35/07/04,173,169,170,176,182,189,195,199,201,193,178,162,146,132,125,126,139,153,168,180,188,194,197,191
GS01,35/07/05,181,172,170,175,182,190,197,202,205,201,187,170,151,135,126,126,136,150,165,177,186,192,195,193
GS01,35/07/06,185,176,170,168,173,181,187,193,197,198,191,178,162,146,134,130,138,148,161,173,184,192,198,200
GS01,35/07/07,193,183,175,170,169,176,185,192,198,202,199,190,179,166,155,147,148,156,166,177,187,196,202,204
GS01,35/07/08,199,189,179,168,166,166,172,180,186,191,194,194,189,181,172,166,162,166,174,187,198,206,212,215
GS01,35/07/09,210,200,187,176,168,165,165,171,177,184,188,192,193,188,182,177,172,171,177,186,195,203,209,212
GS01,35/07/10,211,205,197,188,179,170,162,159,160,166,173,180,186,189,188,185,181,178,180,185,191,196,202,207
GS01,35/07/11,209,206,200,192,182,172,162,156,151,150,154,164,172,180,184,187,188,188,186,186,188,192,197,202
GS01,35/07/12,205,207,204,198,190,181,171,162,153,148,146,149,160,169,177,185,189,192,193,192,191,192,196,200
GS01,35/07/13,204,208,210,207,199,190,179,165,149,137,129,131,142,154,166,177,186,192,197,198,196,193,193,196
GS01,35/07/14,201,206,210,212,209,202,192,180,165,153,143,137,136,144,157,171,184,193,199,202,200,195,191,191
GS01,35/07/15,195,201,207,213,215,213,204,192,177,162,149,139,134,135,147,161,173,185,194,200,203,201,192,187
GS01,35/07/16,192,198,206,214,219,223,219,206,191,174,155,139,129,125,133,148,163,179,192,201,205,207,202,195
GS01,35/07/17,191,194,202,214,223,229,231,226,210,191,170,150,135,126,128,148,166,185,201,213,218,219,207,193
GS01,35/07/18,184,181,188,197,208,220,228,230,220,201,179,157,138,126,120,128,146,167,189,206,215,217,206,189
GS01,35/07/19,174,166,169,181,195,207,218,225,224,213,196,176,156,138,126,123,136,155,175,188,198,205,207,197
GS01,35/07/20,184,172,164,162,178,194,218,227,228,215,200,180,159,143,130,125,140,158,178,192,204,212,214,202
GS01,35/07/21,184,166,154,149,155,171,187,201,212,215,206,191,174,157,143,138,143,154,167,180,192,201,206,205
GS01,35/07/22,194,179,165,154,146,148,160,174,185,193,195,192,181,169,158,152,152,159,168,178,188,198,205,206
GS01,35/07/23,199,188,175,162,151,145,143,148,158,166,174,179,180,177,170,165,163,167,175,183,192,201,208,210
GS01,35/07/24,205,198,188,176,165,156,148,144,144,151,159,167,172,177,180,181,180,181,184,188,194,199,205,208
GS01,35/07/25,208,203,195,185,174,163,152,144,139,137,140,152,162,170,179,184,187,188,189,189,191,195,199,203
GS01,35/07/26,206,205,200,194,185,175,164,153,144,137,134,135,144,155,165,172,178,183,186,187,188,188,190,191
GS01,35/07/27,194,198,200,199,193,186,175,164,152,142,135,131,132,142,152,163,172,180,184,187,187,187,186,186
GS01,35/07/28,190,194,199,202,203,197,189,177,165,152,141,133,130,136,146,157,168,177,185,190,191,188,185,184
GS01,35/07/29,184,190,196,201,205,205,199,191,181,169,158,148,142,140,145,153,163,174,182,188,190,189,183,178
GS01,35/07/30,176,181,188,195,200,204,205,197,186,174,162,150,141,136,138,146,157,168,178,185,189,189,180,172
GS01,35/07/31,167,169,174,180,188,195,199,200,193,182,169,157,146,138,137,145,156,167,178,186,190,191,186,178
GS01,35/08/01,172,169,172,178,186,192,198,201,199,190,180,167,154,146,142,143,153,166,178,189,195,197,190,179
GS01,35/08/02,168,160,164,171,180,190,197,202,204,198,189,178,167,158,151,150,157,167,177,187,194,198,193,181
GS01,35/08/03,171,164,161,166,179,188,197,209,213,200,182,167,152,142,136,136,146,157,167,177,185,190,192,179
GS01,35/08/04,164,154,148,153,163,170,178,185,191,193,187,174,160,147,138,139,147,158,168,179,189,195,198,188
GS01,35/08/05,171,155,146,146,153,161,169,176,182,187,189,182,168,155,146,148,155,163,170,180,188,195,199,198
GS01,35/08/06,185,171,157,150,153,162,168,176,183,189,192,194,189,180,168,166,170,177,188,194,200,204,207,207
GS01,35/08/07,196,185,175,164,156,154,159,166,172,177,182,185,186,184,179,180,177,180,184,189,194,200,204,206
GS01,35/08/08,204,191,180,172,166,161,158,158,162,167,172,177,182,184,187,188,189,191,193,197,200,205,208,210
GS01,35/08/09,208,200,193,184,176,168,159,152,150,155,161,167,173,177,182,185,189,190,192,194,196,198,201,204
GS01,35/08/10,205,206,198,187,174,162,150,140,135,135,143,148,155,164,171,178,184,188,191,193,194,197,199,202
GS01,35/08/11,205,207,209,207,196,182,168,155,142,134,134,144,150,159,169,180,187,194,198,201,202,205,207,210
GS01,35/08/12,212,214,216,218,216,206,195,182,168,155,147,142,142,151,162,172,183,192,198,201,202,199,194,193
GS01,35/08/13,196,201,206,211,215,215,207,195,180,165,151,139,134,136,147,160,173,184,193,198,200,195,188,183
GS01,35/08/14,182,187,194,201,209,213,215,204,190,173,155,139,129,126,136,148,160,174,186,195,199,196,187,178
GS01,35/08/15,173,176,184,192,201,210,215,217,208,193,178,162,148,139,137,148,162,173,187,195,199,195,174,155
GS01,35/08/16,144,149,157,170,183,195,204,210,204,182,163,146,129,118,118,140,165,183,196,206,210,205,183,161
GS01,35/08/17,142,135,145,158,172,187,200,209,214,201,176,150,128,114,119,139,157,170,183,195,203,198,191,166
GS01,35/08/18,142,125,128,141,154,167,181,192,200,204,195,173,153,139,134,145,155,166,180,192,202,208,204,183
GS01,35/08/19,162,145,134,129,140,157,177,194,206,212,206,192,188,166,159,159,167,179,191,201,210,216,215,197
GS01,35/08/20,175,155,137,126,127,139,153,170,180,187,191,192,182,173,166,165,172,181,186,195,203,210,212,202
GS01,35/08/21,182,166,152,139,130,127,135,150,163,173,184,186,181,176,175,176,182,190,201,212,219,220,211,196
GS01,35/08/22,181,160,141,126,118,118,124,135,152,162,172,180,181,187,184,184,186,190,199,205,210,211,208,202
GS01,35/08/23,195,180,163,150,134,125,125,127,134,146,158,172,182,193,195,200,199,199,199,200,204,206,206,208
GS01,35/08/24,203,201,189,175,158,142,130,124,123,129,146,160,175,189,203,206,207,203,199,194,193,197,199,202
GS01,35/08/25,206,208,204,192,178,157,139,123,113,116,124,139,154,178,200,205,210,205,198,189,188,182,184,185
GS01,35/08/26,195,206,214,212,202,180,157,136,118,106,110,120,142,163,189,203,213,215,205,188,182,170,172,174
GS01,35/08/27,186,202,216,222,219,205,179,155,133,116,109,119,135,163,187,206,224,224,217,202,187,172,160,163
GS01,35/08/28,177,190,210,224,232,221,204,177,148,124,112,104,126,148,176,207,224,228,221,208,191,171,158,154
GS01,35/08/29,162,181,203,228,241,244,240,203,180,152,138,128,136,157,187,218,244,254,250,236,213,187,166,154
GS01,35/08/30,156,170,193,217,235,241,235,216,187,158,133,116,113,125,151,182,207,227,230,219,202,176,152,136
GS01,35/08/31,133,140,155,183,208,224,230,218,194,169,142,121,116,120,142,168,199,216,227,225,204,180,153,133
GS01,35/09/01,128,124,140,163,187,207,219,220,205,181,159,136,128,124,139,161,185,209,224,223,211,196,167,140
GS01,35/09/02,124,119,129,148,177,198,216,222,219,202,179,158,143,138,145,166,187,207,222,232,224,207,179,151
GS01,35/09/03,135,119,124,133,160,179,201,213,215,206,191,171,157,146,153,164,181,202,219,226,228,211,190,164
GS01,35/09/04,139,129,120,125,141,162,181,199,205,206,198,186,172,161,160,164,177,198,210,220,221,211,199,173
GS01,35/09/05,150,135,121,119,128,138,155,177,190,197,193,190,183,179,172,175,180,194,206,216,221,220,208,192
GS01,35/09/06,170,154,135,126,125,134,142,157,171,182,189,193,191,188,186,185,186,192,200,210,213,211,209,195
GS01,35/09/07,182,164,153,138,130,125,129,136,148,160,173,182,189,193,197,195,195,193,196,200,205,207,205,205
GS01,35/09/08,196,187,171,158,146,129,125,122,125,137,152,169,181,195,205,207,206,201,196,192,192,195,199,202
GS01,35/09/09,204,200,192,179,161,143,129,118,112,116,130,149,170,192,211,219,223,217,205,195,190,186,189,195
GS01,35/09/10,206,213,218,212,197,172,152,128,117,109,118,139,160,187,211,227,236,231,217,202,185,176,175,186
GS01,35/09/11,201,218,228,234,225,205,178,148,122,104,97,107,129,158,189,213,225,228,214,193,169,151,141,143
GS01,35/09/12,159,181,205,223,229,217,198,164,132,105,89,88,106,135,169,202,224,233,225,203,178,151,133,127
GS01,35/09/13,137,162,191,219,242,245,236,208,176,143,117,108,115,135,167,202,230,244,244,226,198,164,138,118
GS01,35/09/14,122,140,168,204,233,251,250,235,205,172,144,126,119,131,158,190,218,236,242,230,204,172,140,113
GS01,35/09/15,104,110,132,169,200,225,240,237,223,199,171,149,135,139,155,182,212,238,244,242,222,191,156,124
GS01,35/09/16,102,99,109,136,171,201,227,235,228,211,188,173,157,153,164,185,211,232,245,244,233,207,173,141
GS01,35/09/17,117,101,105,119,147,180,202,222,227,220,205,188,176,167,171,182,199,225,232,242,240,220,200,166
GS01,35/09/18,142,122,120,122,138,160,186,207,214,219,213,202,193,186,182,189,200,222,227,238,235,230,208,182
GS01,35/09/19,159,141,124,122,123,134,154,174,191,198,196,197,192,189,187,185,194,202,213,219,220,216,206,193
GS01,35/09/20,176,161,142,128,124,128,136,149,165,174,180,190,187,190,189,192,193,197,201,210,209,214,209,201
GS01,35/09/21,191,179,162,146,139,130,132,134,144,157,166,177,190,193,196,202,198,195,193,194,196,193,197,197
GS01,35/09/22,195,193,183,170,155,144,135,132,135,142,158,170,190,200,211,213,214,208,200,196,192,190,193,202
GS01,35/09/23,206,209,208,203,183,170,154,143,134,136,138,160,181,197,209,215,213,206,194,184,176,172,176,184
GS01,35/09/24,196,208,216,216,207,186,169,146,135,131,140,156,179,201,222,234,240,236,226,212,197,180,183,193
GS01,35/09/25,210,228,242,246,241,223,203,177,159,149,151,165,187,210,230,244,246,236,220,200,182,170,170,178
GS01,35/09/26,196,218,238,251,253,241,219,192,167,149,145,155,175,199,225,243,248,239,222,201,176,158,150,152
GS01,35/09/27,167,192,212,230,238,235,216,191,165,147,134,136,147,171,198,220,232,229,215,189,162,140,126,124
GS01,35/09/28,134,160,184,212,228,228,220,196,170,147,133,130,137,161,189,210,226,229,217,196,166,142,116,111
GS01,35/09/29,115,138,166,193,215,224,222,206,184,159,141,131,132,142,175,196,214,224,219,203,177,145,120,107
GS01,35/09/30,107,118,147,175,203,222,229,225,206,184,163,148,145,153,172,197,216,230,230,216,194,163,130,110
GS01,35/10/01,102,112,131,154,183,205,222,224,216,200,180,161,157,160,174,193,216,228,235,226,209,182,153,128
GS01,35/10/02,113,109,121,144,169,196,214,226,224,214,196,180,169,168,177,194,211,228,234,235,222,200,171,144
GS01,35/10/03,124,113,117,130,150,174,199,211,221,218,208,196,185,182,182,192,204,221,229,231,227,212,189,165
GS01,35/10/04,141,120,123,129,139,159,177,200,207,216,214,207,199,193,193,193,203,211,220,229,225,217,201,180
GS01,35/10/05,159,143,130,123,126,137,152,166,183,193,198,201,201,198,197,197,198,201,209,214,216,213,209,197
GS01,35/10/06,180,164,146,140,129,134,140,149,162,178,192,199,204,209,208,205,201,201,200,201,207,206,204,201
GS01,35/10/07,195,188,169,157,137,135,129,134,140,156,172,188,200,212,212,213,205,201,193,185,185,188,186,197
GS01,35/10/08,193,192,189,173,156,138,123,118,116,120,134,155,180,195,206,211,205,193,179,168,157,156,164,173
GS01,35/10/09,189,199,204,199,186,164,140,122,112,112,118,143,161,184,207,215,212,204,186,164,149,139,142,155
GS01,35/10/10,176,199,212,217,215,195,171,143,120,108,109,127,147,176,202,217,223,215,193,166,141,122,121,126
GS01,35/10/11,146,179,203,223,231,223,203,176,151,130,120,127,145,173,203,228,238,233,217,188,154,128,113,112
GS01,35/10/12,130,158,193,221,242,245,234,213,183,153,132,134,148,170,202,226,240,239,223,192,155,124,94,85
GS01,35/10/13,97,123,161,197,228,239,236,222,198,169,152,142,147,165,192,216,237,240,231,204,173,129,98,81
GS01,35/10/14,77,94,125,164,196,221,230,226,214,190,167,152,147,157,177,202,222,236,233,217,190,150,112,87
GS01,35/10/15,72,77,101,126,168,195,216,220,214,196,177,163,152,156,168,190,209,229,229,227,203,175,136,106
GS01,35/10/16,78,84,87,114,140,174,197,215,218,207,196,180,176,166,177,186,202,217,225,228,216,191,162,133
GS01,35/10/17,110,97,92,106,125,148,180,200,206,207,201,194,186,178,183,188,208,216,225,228,225,210,190,164
GS01,35/10/18,144,123,117,119,122,144,161,181,195,203,206,204,195,191,188,191,200,208,215,218,215,213,195,181
GS01,35/10/19,161,145,129,123,123,127,145,157,181,190,193,200,197,190,189,188,188,192,194,201,202,197,194,186
GS01,35/10/20,175,161,147,134,128,129,132,145,154,170,178,191,193,189,192,189,183,181,179,181,183,181,181,183
GS01,35/10/21,181,175,162,149,137,129,127,129,136,150,160,172,182,186,188,185,177,170,163,161,157,154,167,170
GS01,35/10/22,175,177,171,168,152,143,134,128,129,135,147,162,177,188,196,192,188,172,161,149,141,146,150,161
GS01,35/10/23,172,181,184,181,173,161,144,131,125,128,134,152,172,184,195,200,192,178,162,141,133,127,132,144
GS01,35/10/24,159,176,192,193,190,176,160,141,130,127,129,146,163,187,199,207,204,190,169,149,129,119,121,130
GS01,35/10/25,150,173,191,204,203,197,181,159,143,130,132,143,158,180,199,208,210,194,175,150,127,109,103,112
GS01,35/10/26,128,153,180,199,211,208,196,174,157,140,131,138,153,177,199,214,221,209,190,165,139,111,103,103
GS01,35/10/27,122,146,174,206,221,227,226,210,185,167,162,162,172,194,213,238,245,239,221,190,159,130,110,102
GS01,35/10/28,117,136,169,195,217,231,229,217,198,179,160,153,156,171,191,212,225,225,213,190,161,127,101,89
GS01,35/10/29,91,109,135,168,198,219,226,222,208,188,172,160,158,168,188,209,223,228,223,202,172,140,113,95
GS01,35/10/30,85,95,118,152,178,207,221,224,214,199,181,168,160,166,178,194,214,223,223,209,186,153,121,96
GS01,35/10/31,84,86,101,125,155,183,203,214,213,206,191,178,170,168,178,195,211,223,228,219,202,173,144,116
GS01,35/11/01,97,91,95,113,137,166,187,203,211,205,197,189,179,172,174,184,196,209,218,213,203,182,159,135
GS01,35/11/02,109,98,92,103,118,144,165,185,199,201,200,193,185,179,178,182,190,200,208,210,206,195,182,158
GS01,35/11/03,142,124,109,110,116,132,152,169,188,197,203,204,199,193,188,187,188,191,200,205,205,203,200,182
GS01,35/11/04,166,150,134,124,124,126,138,154,172,188,201,206,209,205,200,193,186,185,185,188,194,198,199,192
GS01,35/11/05,188,173,160,144,136,132,134,145,158,174,190,204,210,213,210,201,190,181,172,169,173,184,189,197
GS01,35/11/06,201,202,189,175,163,145,137,141,143,158,175,193,204,207,213,202,192,172,151,144,141,144,157,173
GS01,35/11/07,186,191,195,189,175,159,145,130,134,140,152,175,191,209,216,208,197,172,148,130,119,118,132,152
GS01,35/11/08,174,196,208,210,202,184,171,150,143,141,148,169,190,210,221,224,214,189,160,134,112,100,107,126
GS01,35/11/09,154,183,207,223,225,212,196,174,158,149,149,163,180,203,220,229,223,201,172,138,111,90,83,94
GS01,35/11/10,121,153,185,212,225,227,216,201,180,162,157,165,181,203,223,241,240,227,201,164,129,96,79,80
GS01,35/11/11,98,128,163,199,223,233,231,218,200,181,170,164,173,188,209,225,234,231,211,177,143,104,77,69
GS01,35/11/12,72,92,128,158,199,218,226,223,209,192,176,165,168,175,194,213,225,231,220,193,164,122,91,67
GS01,35/11/13,61,74,100,134,166,195,207,213,207,192,177,164,159,167,178,194,212,215,215,198,193,141,107,75
GS01,35/11/14,67,64,80,104,137,169,189,202,201,193,182,165,160,162,169,182,199,209,214,208,189,167,134,106
GS01,35/11/15,86,79,85,98,124,153,179,196,205,200,193,184,170,167,173,178,195,205,212,212,205,186,162,136
GS01,35/11/16,120,101,100,105,128,150,177,192,211,213,208,198,186,179,183,178,190,198,205,209,208,196,176,162
GS01,35/11/17,139,120,111,111,114,136,151,170,188,195,196,186,183,176,168,172,170,176,182,186,190,187,184,169
GS01,35/11/18,152,139,128,123,124,130,142,160,175,182,193,190,190,183,171,175,166,167,167,171,173,179,175,173
GS01,35/11/19,167,157,149,138,136,133,139,152,162,177,189,197,197,192,187,177,168,159,157,157,160,166,172,178
GS01,35/11/20,179,176,172,162,153,148,146,153,162,174,187,197,203,202,197,189,174,158,149,142,140,146,153,162
GS01,35/11/21,173,177,177,170,162,153,143,141,145,154,168,178,192,192,193,184,170,155,128,121,118,118,129,145
GS01,35/11/22,162,175,183,182,178,166,157,148,148,154,165,179,189,201,204,198,185,165,144,121,110,114,123,135
GS01,35/11/23,149,180,188,199,197,189,177,170,158,157,165,177,185,202,205,208,192,170,146,121,106,94,95,112
GS01,35/11/24,130,155,180,194,201,192,187,169,157,150,145,159,170,186,200,204,195,180,151,120,99,83,76,86
GS01,35/11/25,113,139,164,196,207,214,206,190,175,166,158,162,183,198,218,223,219,207,183,152,123,101,88,90
GS01,35/11/26,105,135,165,193,215,227,227,212,195,179,169,166,173,188,205,216,220,212,192,164,130,102,80,70
GS01,35/11/27,80,105,134,167,195,213,215,215,202,185,169,164,165,177,193,211,218,217,201,177,144,107,80,63
GS01,35/11/28,65,79,106,139,168,193,211,211,203,188,174,164,160,163,181,199,212,218,207,192,162,134,98,79
GS01,35/11/29,69,72,90,124,155,184,205,219,216,203,185,180,171,171,184,195,214,221,214,209,185,155,121,91
GS01,35/11/30,77,74,79,102,127,157,177,196,200,197,184,168,158,152,159,169,183,192,202,196,186,165,138,110
GS01,35/12/01,91,77,80,92,116,142,174,191,203,207,200,190,176,169,168,172,192,198,216,220,211,205,178,160
GS01,35/12/02,149,122,105,122,129,155,177,199,217,225,225,216,207,189,181,177,182,188,194,202,208,204,193,175
GS01,35/12/03,156,141,125,117,118,134,145,165,180,196,206,202,196,182,173,163,157,157,160,172,178,190,192,188
GS01,35/12/04,176,167,152,142,133,139,148,162,179,195,206,210,205,200,189,170,160,150,143,148,160,167,178,186
GS01,35/12/05,189,176,179,156,156,139,148,151,168,175,195,203,211,199,196,176,153,143,130,126,125,139,151,168
GS01,35/12/06,183,191,186,182,174,166,161,154,165,171,186,196,209,211,205,191,169,147,124,104,104,104,120,139
GS01,35/12/07,161,179,189,194,188,179,168,158,156,163,172,183,197,204,206,199,177,153,125,101,87,84,95,114
GS01,35/12/08,141,167,194,200,209,207,198,191,181,180,182,192,210,219,229,228,214,192,164,130,105,88,87,100
GS01,35/12/09,131,157,187,210,225,227,216,206,188,180,176,179,194,209,220,229,223,202,171,135,102,80,68,74
GS01,35/12/10,91,121,160,189,212,222,224,215,202,188,180,181,191,204,222,236,234,219,198,162,133,97,78,65
GS01,35/12/11,74,105,134,167,199,220,221,220,205,192,182,169,179,176,202,210,226,231,212,188,150,117,90,68
GS01,35/12/12,68,78,106,140,172,201,208,213,207,192,174,166,164,167,185,199,214,221,212,192,168,135,102,79
GS01,35/12/13,66,70,88,113,150,173,197,205,196,190,175,156,159,155,162,182,192,207,208,191,181,148,116,93
GS01,35/12/14,76,67,82,95,125,154,176,194,196,189,180,164,155,149,159,166,180,194,199,198,188,168,143,114
GS01,35/12/15,95,82,83,94,116,140,166,185,192,192,181,168,155,149,145,156,167,179,187,188,183,171,150,129
GS01,35/12/16,106,93,92,95,105,134,149,170,185,187,184,175,162,149,144,145,151,157,165,176,173,169,162,149
GS01,35/12/17,132,119,107,111,121,132,148,175,185,193,194,184,177,167,154,153,156,160,167,167,186,191,187,186
GS01,35/12/18,172,164,154,146,148,155,171,182,197,208,213,211,199,187,176,163,158,153,152,154,159,167,167,165
GS01,35/12/19,162,157,150,142,139,140,149,159,172,183,191,193,188,180,168,157,144,134,134,129,135,142,152,159
GS01,35/12/20,163,166,163,160,158,156,154,161,172,181,188,195,199,192,182,170,155,140,128,122,122,131,140,156
GS01,35/12/21,167,176,182,184,179,170,171,171,173,179,190,200,202,205,195,184,168,150,129,119,113,115,128,142
GS01,35/12/22,157,180,190,192,197,190,180,183,176,183,188,194,206,206,204,200,181,162,138,118,101,92,100,110
GS01,35/12/23,129,157,172,189,193,190,182,173,166,164,166,171,183,193,198,197,182,163,135,109,88,74,76,86
GS01,35/12/24,107,139,158,183,192,198,194,181,170,160,161,163,173,189,200,203,198,178,152,121,92,73,63,69
GS01,35/12/25,85,108,144,170,193,203,201,191,177,167,154,155,166,178,194,205,205,193,170,140,106,76,56,54
GS01,35/12/26,68,88,118,151,180,198,203,197,183,168,157,153,157,165,184,205,208,200,188,160,127,96,69,55
GS01,35/12/27,57,74,98,133,170,187,207,205,202,183,164,150,147,158,172,194,205,212,204,183,156,117,84,65
GS01,35/12/28,51,58,83,116,147,183,200,214,205,198,182,162,157,148,168,184,203,218,215,205,182,154,119,93
GS01,35/12/29,74,72,88,108,143,175,198,215,219,210,197,179,159,157,163,177,198,214,223,219,207,185,154,122
GS01,35/12/30,104,93,96,109,137,163,191,209,218,214,203,186,167,156,155,162,174,194,204,211,210,195,174,152
GS01,35/12/31,126,111,107,110,125,151,173,195,211,212,206,190,169,157,145,146,147,164,177,190,196,198,184,168
