GS01,16/01/01,244,228,220,220,228,245,265,284,299,305,303,294,279,265,253,248,249,254,262,270,276,277,273,264
GS01,16/01/02,252,239,228,225,228,238,254,270,287,297,299,297,286,274,262,253,248,247,250,257,264,269,271,269
GS01,16/01/03,265,258,250,242,244,246,256,268,282,294,302,301,295,286,275,262,251,244,242,243,248,257,264,269
GS01,16/01/04,270,270,265,258,254,253,254,262,273,285,293,299,299,294,284,272,258,245,235,230,231,238,247,257
GS01,16/01/05,268,274,275,274,267,260,259,257,262,270,280,289,293,295,290,278,263,243,227,214,208,213,223,237
GS01,16/01/06,253,269,278,280,278,272,263,257,257,262,270,280,290,297,296,290,275,255,233,214,200,199,207,222
GS01,16/01/07,244,265,284,295,297,294,285,274,267,264,268,277,288,299,307,305,293,273,247,220,200,187,189,199
GS01,16/01/08,219,246,273,292,302,303,295,282,269,260,258,266,279,296,309,316,310,293,264,233,204,185,175,181
GS01,16/01/09,200,226,254,282,300,305,302,288,270,256,247,248,257,274,292,305,307,296,274,243,211,183,166,163
GS01,16/01/10,175,199,232,263,288,304,306,297,281,263,248,243,248,264,284,303,312,310,294,266,230,198,171,157
GS01,16/01/11,161,180,209,241,275,299,308,305,293,273,254,242,241,252,270,294,311,317,311,289,257,223,193,168
GS01,16/01/12,163,172,196,229,262,291,312,314,308,292,269,253,244,247,262,282,304,320,322,310,286,254,218,191
GS01,16/01/13,174,175,190,216,250,281,307,319,317,305,285,263,247,244,251,269,292,311,320,319,305,280,247,215
GS01,16/01/14,194,185,189,206,235,264,291,309,315,309,293,270,253,239,239,247,264,284,299,305,302,287,264,236
GS01,16/01/15,211,194,192,198,216,242,269,292,304,305,295,277,256,239,230,230,238,254,270,282,288,285,271,253
GS01,16/01/16,231,214,206,206,215,234,255,278,295,301,299,287,269,251,236,228,228,235,248,261,271,277,275,266
GS01,16/01/17,252,237,227,220,224,231,248,265,281,291,296,289,277,259,244,228,220,216,223,231,244,255,266,268
GS01,16/01/18,265,261,254,249,248,252,261,275,292,307,317,322,317,306,291,273,255,245,237,237,246,261,274,283
GS01,16/01/19,291,293,291,285,279,274,271,277,284,292,300,306,304,299,288,271,252,232,217,209,208,216,230,247
GS01,16/01/20,261,275,283,285,283,278,273,270,271,277,282,290,297,300,295,284,264,241,218,198,188,188,197,216
GS01,16/01/21,238,258,277,286,289,283,276,267,259,259,265,273,284,296,300,295,282,260,233,204,184,176,179,192
GS01,16/01/22,217,241,268,287,296,295,288,275,265,256,256,261,272,288,300,304,298,279,251,219,191,169,164,171
GS01,16/01/23,189,217,248,275,292,299,295,284,267,255,249,251,260,277,295,310,312,302,283,251,219,191,174,172
GS01,16/01/24,186,210,242,274,298,313,315,306,289,271,258,254,257,272,291,308,319,318,301,274,241,208,181,169
GS01,16/01/25,172,190,218,250,279,298,306,300,285,265,247,235,234,245,263,283,300,308,302,281,252,218,188,167
GS01,16/01/26,162,173,197,228,260,286,299,300,289,270,250,233,227,232,248,269,290,304,307,295,273,242,210,185
GS01,16/01/27,172,175,191,218,249,276,296,302,294,277,257,237,225,224,235,251,271,288,297,291,277,253,223,197
GS01,16/01/28,179,173,184,203,231,258,281,293,291,280,261,241,226,219,223,236,255,272,285,288,281,266,242,217
GS01,16/01/29,198,188,191,204,226,252,275,291,293,286,273,251,232,221,219,226,240,256,269,278,279,270,257,236
GS01,16/01/30,221,207,205,212,228,251,272,288,296,293,282,265,248,233,226,226,232,244,259,268,273,274,265,252
GS01,16/01/31,238,228,218,221,231,245,264,281,292,293,287,276,258,243,230,224,225,231,241,253,261,265,267,259
GS01,16/02/01,251,242,234,231,234,244,257,271,283,288,286,277,265,250,238,225,222,221,225,232,239,248,252,255
GS01,16/02/02,253,250,246,243,243,246,253,263,274,281,285,282,274,264,252,240,229,222,219,220,224,233,243,249
GS01,16/02/03,257,259,257,256,252,249,252,254,261,269,274,277,274,269,260,246,233,218,208,203,202,208,220,232
GS01,16/02/04,245,256,261,264,261,257,254,253,255,259,267,273,277,279,275,264,250,233,214,201,195,197,205,221
GS01,16/02/05,240,258,273,280,281,276,269,262,255,255,261,270,279,285,288,283,272,250,227,208,191,185,188,202
GS01,16/02/06,224,250,271,288,294,294,284,273,261,254,255,262,274,289,298,301,293,276,251,223,200,182,179,189
GS01,16/02/07,207,235,263,285,300,305,298,283,268,255,247,251,262,279,295,306,307,295,270,238,207,183,168,168
GS01,16/02/08,183,209,241,272,294,306,305,291,273,253,240,237,245,263,285,305,315,313,295,265,230,199,173,165
GS01,16/02/09,171,194,224,260,291,311,318,310,291,268,249,239,242,255,276,301,318,325,316,292,259,224,191,170
GS01,16/02/10,166,177,204,236,268,295,308,306,290,267,242,223,215,222,240,264,292,307,311,298,273,239,204,179
GS01,16/02/11,165,168,186,214,248,278,301,304,296,275,249,223,207,205,217,238,266,289,302,300,285,259,226,198
GS01,16/02/12,178,172,182,203,233,264,288,301,301,286,262,236,214,202,205,220,243,270,289,299,295,281,258,232
GS01,16/02/13,211,199,200,213,235,263,289,306,313,304,286,261,236,217,209,215,231,252,275,289,297,294,280,263
GS01,16/02/14,245,231,227,232,248,269,293,310,321,320,310,291,271,248,233,228,233,245,262,279,292,297,295,287
GS01,16/02/15,275,262,255,254,259,270,285,300,309,313,306,294,278,255,238,225,219,221,231,243,255,266,273,273
GS01,16/02/16,270,265,259,255,255,262,270,281,291,297,298,295,284,269,254,238,228,220,220,225,236,247,261,270
GS01,16/02/17,277,279,280,276,274,273,274,278,285,291,294,295,292,284,271,255,235,219,208,203,205,212,226,240
GS01,16/02/18,254,265,271,273,271,266,263,261,261,264,269,274,278,279,273,263,247,227,208,195,188,192,202,218
GS01,16/02/19,238,256,271,278,282,276,268,260,256,254,257,265,275,281,284,280,268,246,221,198,182,176,179,194
GS01,16/02/20,214,238,259,274,282,280,271,260,248,243,245,251,262,276,288,295,291,277,256,229,207,193,190,200
GS01,16/02/21,220,244,270,294,305,306,297,284,266,251,243,247,258,274,289,299,301,290,270,239,209,185,170,172
GS01,16/02/22,186,209,239,264,284,289,284,270,253,233,221,219,228,246,266,285,296,294,279,255,224,193,174,167
GS01,16/02/23,175,197,226,255,280,294,294,283,264,242,224,216,220,235,257,281,301,306,299,281,251,219,195,178
GS01,16/02/24,179,195,220,249,277,296,301,292,274,250,227,212,209,218,237,262,285,298,300,287,263,235,206,185
GS01,16/02/25,177,186,206,233,263,286,297,295,279,255,231,212,202,206,220,245,269,289,297,292,276,252,223,200
GS01,16/02/26,188,189,205,227,256,280,297,300,288,267,243,220,206,205,212,233,256,278,292,295,284,266,242,217
GS01,16/02/27,201,196,202,221,246,268,287,295,288,271,249,226,207,198,203,216,238,260,277,287,285,275,256,235
GS01,16/02/28,218,210,212,223,242,263,284,293,292,279,259,235,216,203,200,207,222,241,259,273,278,273,262,247
GS01,16/02/29,232,224,223,230,244,263,281,296,301,295,282,264,246,231,224,225,235,248,264,278,287,286,281,270
GS01,16/03/01,260,249,243,242,247,260,274,285,290,287,278,263,246,230,218,212,213,218,229,240,252,258,260,258
GS01,16/03/02,252,248,244,242,245,251,261,272,279,279,276,267,253,239,226,215,210,209,212,220,230,239,247,253
GS01,16/03/03,256,256,254,253,251,253,257,263,269,272,274,272,266,255,243,230,219,211,207,208,213,221,233,244
GS01,16/03/04,253,259,264,262,258,255,253,252,254,257,261,263,263,259,251,238,225,211,197,191,190,195,206,221
GS01,16/03/05,239,254,264,268,266,259,252,244,241,242,247,255,262,267,266,259,246,228,208,192,182,179,188,204
GS01,16/03/06,225,248,267,278,281,276,264,252,240,237,238,248,262,275,283,284,274,257,232,208,188,177,179,193
GS01,16/03/07,216,243,271,291,300,298,286,269,252,237,233,239,255,275,291,303,301,288,263,234,205,184,174,181
GS01,16/03/08,199,229,261,286,303,307,298,279,256,234,222,222,237,258,282,303,312,307,290,260,228,197,179,175
GS01,16/03/09,186,212,243,277,300,311,308,291,265,238,216,209,215,234,261,289,310,317,308,286,254,218,192,179
GS01,16/03/10,182,199,228,260,289,311,313,302,278,248,220,203,198,212,237,269,297,316,319,306,279,247,216,193
GS01,16/03/11,186,194,215,247,278,303,315,310,291,262,229,204,191,192,210,241,271,298,313,312,297,271,242,216
GS01,16/03/12,200,200,213,234,263,289,306,308,296,270,240,209,188,180,188,207,237,265,287,297,294,278,257,234
GS01,16/03/13,215,208,212,227,250,273,293,300,294,278,251,224,200,182,180,191,211,237,263,281,288,284,274,258
GS01,16/03/14,241,232,232,238,254,273,290,301,303,293,276,251,227,206,195,197,206,226,245,264,280,286,283,277
GS01,16/03/15,267,258,253,255,263,274,287,297,300,298,288,271,250,228,211,202,201,208,221,236,251,263,268,268
GS01,16/03/16,264,258,254,251,252,259,267,274,280,282,277,269,256,240,222,209,200,197,202,211,224,237,249,257
GS01,16/03/17,262,263,262,260,257,258,261,262,266,269,269,267,262,252,238,226,212,202,197,198,203,214,227,241
GS01,16/03/18,253,262,267,267,264,260,257,254,254,257,260,264,268,267,261,252,238,223,210,203,200,206,218,234
GS01,16/03/19,252,267,279,284,281,276,268,260,255,255,259,267,277,286,288,284,273,256,237,220,210,208,214,228
GS01,16/03/20,248,268,284,292,294,286,275,261,247,241,241,249,262,275,286,291,286,271,250,228,209,198,199,210
GS01,16/03/21,229,252,274,290,297,292,280,264,245,232,229,234,248,266,285,297,300,291,272,247,223,203,197,202
GS01,16/03/22,218,242,267,289,301,300,288,270,251,231,221,224,236,256,280,299,309,308,294,272,244,220,207,206
GS01,16/03/23,217,239,265,289,305,309,300,281,257,233,217,212,221,238,262,287,304,310,303,283,257,230,207,201
GS01,16/03/24,205,223,249,275,295,305,303,287,262,237,215,205,207,223,245,272,296,309,309,296,274,247,222,208
GS01,16/03/25,208,222,245,270,294,307,309,298,274,246,221,205,200,209,229,255,283,301,307,302,284,260,235,217
GS01,16/03/26,209,217,234,256,280,297,302,296,276,250,222,201,191,194,210,235,261,284,298,298,289,270,248,227
GS01,16/03/27,217,216,229,249,271,290,301,298,284,259,233,210,194,191,201,220,245,270,289,296,293,280,261,244
GS01,16/03/28,231,228,234,248,269,286,299,302,292,273,248,224,205,195,199,212,233,255,274,287,290,284,272,256
GS01,16/03/29,243,236,237,245,260,276,288,294,288,274,255,232,212,199,193,201,215,233,252,268,279,281,275,266
GS01,16/03/30,254,247,245,249,258,271,283,291,290,283,270,251,233,217,206,206,213,226,242,257,271,278,278,275
GS01,16/03/31,268,262,256,254,259,265,275,282,284,282,273,261,246,229,219,211,210,216,225,239,252,263,272,275
GS01,16/04/01,277,275,271,267,266,267,271,276,279,281,279,271,262,249,237,224,215,213,214,219,230,242,254,264
GS01,16/04/02,272,276,276,272,268,261,260,259,262,265,267,269,267,262,251,239,225,214,207,206,210,221,236,252
GS01,16/04/03,267,277,284,282,277,267,257,252,248,250,256,264,271,274,273,263,250,234,218,209,204,209,222,241
GS01,16/04/04,262,282,296,302,299,288,274,261,251,249,254,267,282,293,302,297,287,268,247,226,210,205,210,226
GS01,16/04/05,248,273,294,303,304,293,273,252,233,222,223,233,254,275,292,302,300,285,262,237,214,199,197,208
GS01,16/04/06,231,260,286,306,313,305,288,262,235,215,205,213,233,259,285,307,314,309,288,261,232,206,194,198
GS01,16/04/07,214,243,273,299,317,316,302,277,244,217,200,197,214,244,274,305,328,336,330,308,281,252,229,220
GS01,16/04/08,228,248,276,302,324,331,324,302,268,232,203,189,192,210,241,276,306,325,329,317,295,266,239,223
GS01,16/04/09,221,234,257,284,309,325,325,310,282,246,213,187,181,189,213,247,280,307,325,325,312,291,265,245
GS01,16/04/10,236,239,254,277,301,319,328,321,301,269,235,205,186,184,196,222,253,285,310,319,318,305,284,265
GS01,16/04/11,251,248,256,272,291,311,321,321,308,284,253,223,198,185,185,200,224,250,276,293,301,298,286,270
GS01,16/04/12,256,247,247,256,271,286,298,304,298,284,261,236,210,191,183,190,202,224,249,270,285,292,289,281
GS01,16/04/13,271,263,258,261,270,280,293,300,299,293,277,260,238,218,205,201,206,217,235,254,271,283,289,289
GS01,16/04/14,286,283,279,277,280,285,292,297,301,299,293,282,268,252,237,226,223,224,232,244,258,271,282,288
GS01,16/04/15,290,287,284,278,275,273,274,276,278,280,279,276,269,258,246,233,223,217,216,219,229,241,254,265
GS01,16/04/16,272,276,276,270,264,258,254,250,252,254,258,264,266,264,259,249,238,227,219,215,217,228,242,256
GS01,16/04/17,269,281,285,283,277,269,259,253,248,249,259,266,280,289,288,287,274,258,243,232,228,229,240,255
GS01,16/04/18,273,288,298,300,294,282,265,252,243,237,241,253,266,278,290,292,286,271,255,236,224,219,225,235
GS01,16/04/19,255,275,289,295,294,282,264,246,230,218,220,231,246,265,285,295,296,288,271,250,232,221,220,227
GS01,16/04/20,247,267,286,298,299,288,272,249,228,211,206,213,228,250,273,290,298,297,283,261,241,226,217,223
GS01,16/04/21,239,261,282,298,307,302,285,263,238,215,204,206,221,242,270,294,310,315,306,290,267,250,238,239
GS01,16/04/22,248,270,294,313,324,323,310,289,259,232,213,206,214,232,258,285,306,316,315,301,279,257,239,230
GS01,16/04/23,234,250,272,293,309,314,305,286,259,230,206,195,197,214,239,268,296,314,321,315,299,280,259,244
GS01,16/04/24,244,254,271,293,312,321,317,302,275,245,215,197,191,199,220,248,277,299,311,311,301,282,261,244
GS01,16/04/25,238,243,257,276,294,307,310,298,277,248,220,198,187,189,204,227,254,279,298,305,301,288,270,254
GS01,16/04/26,243,242,252,267,286,301,307,302,286,263,235,210,194,188,196,215,240,266,289,300,303,296,283,268
GS01,16/04/27,255,252,255,264,281,295,303,305,295,276,250,227,206,195,195,206,225,249,271,289,297,299,293,281
GS01,16/04/28,270,262,263,269,279,293,305,310,307,296,279,260,240,225,219,221,232,251,270,289,305,311,311,305
GS01,16/04/29,296,288,282,281,285,292,300,307,308,302,290,273,254,237,225,220,222,229,244,259,273,285,292,291
GS01,16/04/30,287,282,274,268,267,267,271,276,280,282,277,270,258,243,230,220,215,217,224,235,250,266,278,286
GS01,16/05/01,290,289,283,274,266,260,258,261,265,271,274,275,272,263,251,239,226,219,216,220,230,244,259,274
GS01,16/05/02,283,287,284,276,263,250,240,235,236,241,248,259,265,266,261,251,236,222,212,206,209,220,237,256
GS01,16/05/03,273,286,291,287,275,259,242,227,223,227,236,252,268,280,285,281,269,252,234,220,213,217,230,249
GS01,16/05/04,272,293,307,309,301,285,261,240,226,221,228,244,265,286,303,310,304,289,268,245,228,224,225,238
GS01,16/05/05,261,284,302,311,307,289,263,234,207,190,189,203,225,254,281,299,305,296,279,255,232,216,213,221
GS01,16/05/06,238,263,285,301,304,292,269,235,202,177,165,171,190,221,250,282,301,306,298,280,257,237,225,225
GS01,16/05/07,237,258,283,305,316,313,295,268,233,200,176,171,179,205,240,275,305,323,325,312,291,270,250,239
GS01,16/05/08,241,254,273,295,312,316,306,283,248,212,181,162,159,173,199,235,267,294,308,308,295,277,256,240
GS01,16/05/09,237,242,258,278,298,309,308,293,267,231,198,173,159,162,179,206,240,271,294,305,303,292,277,260
GS01,16/05/10,252,253,261,277,295,308,314,309,290,263,232,201,182,173,179,196,223,252,278,297,305,301,292,278
GS01,16/05/11,267,262,264,274,288,302,312,314,306,287,262,234,210,197,191,198,217,240,264,286,298,303,297,286
GS01,16/05/12,276,268,262,266,272,282,291,296,291,280,265,243,220,203,191,192,198,214,235,253,270,280,282,279
GS01,16/05/13,272,264,258,255,259,263,269,276,278,276,268,256,240,223,210,204,205,211,225,242,258,272,280,282
GS01,16/05/14,279,274,266,260,254,255,257,261,264,266,265,261,252,241,229,218,212,212,217,227,239,255,268,274
GS01,16/05/15,277,275,269,260,253,248,245,246,248,253,257,262,261,259,252,243,233,227,225,229,237,251,264,275
GS01,16/05/16,283,288,284,276,267,257,248,243,243,247,254,264,272,276,276,269,261,250,242,240,241,251,262,277
GS01,16/05/17,290,298,299,293,282,267,252,241,234,234,242,254,268,280,286,286,277,265,251,242,238,240,249,264
GS01,16/05/18,278,290,296,293,282,266,247,231,218,214,218,231,247,266,279,287,286,276,262,248,238,236,241,253
GS01,16/05/19,270,285,296,298,290,275,254,232,214,204,204,214,233,254,274,288,294,289,277,263,247,237,238,246
GS01,16/05/20,261,279,294,302,301,288,266,240,216,199,193,199,216,239,263,286,299,300,291,275,258,244,238,242
GS01,16/05/21,253,270,289,302,305,298,278,253,224,202,189,191,203,226,254,281,301,309,306,293,275,259,247,243
GS01,16/05/22,250,268,286,302,310,307,292,268,240,211,189,183,190,208,236,267,292,307,314,307,290,273,257,248
GS01,16/05/23,250,263,281,299,314,317,307,286,257,227,200,187,185,199,223,253,283,304,316,315,303,286,269,255
GS01,16/05/24,252,258,273,292,307,316,311,295,270,239,210,190,181,187,205,232,261,288,305,312,307,294,278,262
GS01,16/05/25,253,255,265,281,297,309,311,302,282,255,226,201,186,185,195,214,243,271,292,306,308,301,288,272
GS01,16/05/26,260,258,263,273,288,303,308,306,293,272,244,219,199,190,194,207,229,255,279,298,307,307,299,287
GS01,16/05/27,274,265,263,270,281,294,305,308,302,288,266,242,219,203,197,203,217,239,262,283,299,305,303,294
GS01,16/05/28,283,271,265,265,271,279,290,298,299,293,280,261,241,223,213,210,216,232,251,271,289,302,308,304
GS01,16/05/29,296,285,274,266,265,267,274,283,290,292,288,279,264,248,233,225,221,228,241,256,276,294,303,309
GS01,16/05/30,306,298,288,275,266,261,261,267,273,281,286,287,281,271,257,244,234,230,233,243,258,275,292,303
GS01,16/05/31,307,306,297,283,267,256,248,246,252,261,273,284,288,289,282,271,258,248,243,244,252,267,284,301
GS01,16/06/01,312,317,313,302,282,262,244,234,232,239,253,270,287,297,300,296,284,269,257,248,247,254,268,287
GS01,16/06/02,303,315,317,309,292,269,244,223,212,212,223,242,266,289,303,309,304,290,274,258,247,245,253,268
GS01,16/06/03,286,303,312,312,299,277,248,218,195,186,188,206,232,260,287,305,310,305,292,274,256,247,246,256
GS01,16/06/04,273,294,311,318,315,297,267,234,202,179,172,180,203,234,267,296,312,317,310,294,274,258,249,250
GS01,16/06/05,263,283,302,316,321,311,289,255,218,187,165,162,174,200,235,271,298,312,316,307,288,269,253,247
GS01,16/06/06,252,265,286,303,314,314,298,271,236,200,171,155,156,173,204,240,273,299,312,310,300,282,263,250
GS01,16/06/07,248,257,274,292,308,316,312,295,268,230,195,172,161,167,187,218,253,284,305,313,309,296,279,263
GS01,16/06/08,255,254,265,282,300,311,315,306,285,255,223,194,175,171,179,202,232,263,289,303,307,301,287,272
GS01,16/06/09,259,253,258,268,285,298,307,305,295,276,248,220,196,182,183,196,218,246,276,296,305,304,297,283
GS01,16/06/10,269,259,256,260,271,283,294,298,295,284,263,240,218,201,193,196,209,231,254,276,291,295,293,283
GS01,16/06/11,272,258,250,249,253,262,271,279,283,277,268,253,233,218,206,203,208,222,241,260,277,288,291,288
GS01,16/06/12,278,267,257,249,248,251,258,265,271,275,272,265,255,242,230,223,223,227,240,255,273,286,294,295
GS01,16/06/13,292,284,274,265,256,254,258,263,269,275,280,282,280,273,264,255,247,245,250,258,271,286,297,301
GS01,16/06/14,303,298,289,275,265,254,249,247,250,257,265,271,276,277,272,265,256,250,248,251,259,271,284,292
GS01,16/06/15,298,299,291,278,263,247,236,230,228,234,244,255,268,276,280,278,270,262,256,252,253,262,275,287
GS01,16/06/16,296,301,299,290,276,258,240,226,220,219,231,244,261,277,289,294,290,282,272,264,258,263,272,287
GS01,16/06/17,300,308,312,307,292,275,252,231,217,212,215,229,251,272,290,301,303,297,286,272,261,257,261,270
GS01,16/06/18,283,297,304,303,292,275,251,226,205,193,191,200,221,244,268,287,295,295,285,272,258,249,246,251
GS01,16/06/19,265,281,294,299,296,282,258,231,205,185,179,183,201,225,253,278,295,302,299,284,270,259,251,252
GS01,16/06/20,263,277,297,307,311,302,282,256,226,198,184,181,191,214,242,270,295,307,310,301,286,270,257,252
GS01,16/06/21,257,270,288,303,312,309,294,268,238,208,183,173,179,197,223,253,281,300,309,306,293,276,260,249
GS01,16/06/22,249,259,274,292,305,310,302,283,255,222,192,175,170,178,200,229,260,285,302,307,300,287,270,256
GS01,16/06/23,251,254,266,285,301,313,313,303,279,251,220,198,184,186,197,222,252,279,301,313,311,302,284,266
GS01,16/06/24,253,251,257,271,287,303,310,307,291,267,238,210,191,181,189,204,232,261,287,306,313,311,298,282
GS01,16/06/25,269,259,261,269,285,301,314,318,309,293,269,242,217,203,198,208,227,250,274,296,308,313,305,291
GS01,16/06/26,275,259,252,251,258,272,283,294,295,285,272,251,230,210,199,199,208,227,249,271,288,298,298,289
GS01,16/06/27,275,260,243,235,236,242,255,266,274,276,272,260,244,226,214,205,208,219,234,252,274,287,294,294
GS01,16/06/28,283,268,253,241,233,230,239,248,260,270,273,274,268,256,243,233,227,227,234,247,264,280,292,298
GS01,16/06/29,294,284,269,251,234,223,220,224,232,244,257,267,270,270,262,252,242,236,235,240,254,267,280,290
GS01,16/06/30,297,294,283,265,245,227,213,208,211,221,237,254,270,279,282,277,268,261,251,248,253,262,274,287
GS01,16/07/01,298,301,296,283,263,238,217,200,193,195,210,230,252,273,286,291,288,279,266,258,254,254,263,277
GS01,16/07/02,291,301,306,299,283,259,232,207,186,181,187,205,231,261,285,300,307,304,293,279,268,262,264,273
GS01,16/07/03,287,303,314,315,306,285,256,224,197,179,174,186,210,239,271,296,309,314,308,292,276,264,258,262
GS01,16/07/04,272,290,305,314,314,302,276,244,210,182,166,167,180,206,239,272,297,311,310,298,282,266,253,250
GS01,16/07/05,257,271,288,304,312,307,292,263,227,192,168,154,159,178,207,242,273,293,303,300,286,268,252,241
GS01,16/07/06,242,253,268,288,302,307,300,281,251,216,186,165,160,171,195,227,261,289,306,311,303,286,268,255
GS01,16/07/07,246,250,264,281,298,310,312,301,278,247,214,186,171,173,186,211,242,272,293,303,301,289,272,254
GS01,16/07/08,242,239,246,259,274,292,300,297,283,261,232,205,185,178,183,200,226,255,279,295,303,294,282,264
GS01,16/07/09,247,238,241,250,263,278,294,298,293,280,258,233,213,198,199,210,229,254,278,296,308,307,297,282
GS01,16/07/10,265,252,245,248,257,270,282,292,293,287,272,254,236,220,211,215,226,246,267,287,300,305,299,287
GS01,16/07/11,272,257,247,243,245,254,264,275,281,282,276,266,252,238,228,226,230,243,260,277,289,299,300,293
GS01,16/07/12,281,268,253,242,240,242,249,259,266,272,273,271,264,254,245,240,241,246,256,270,283,295,300,298
GS01,16/07/13,290,278,265,252,243,239,241,245,253,261,268,272,274,271,267,261,259,257,263,272,283,294,302,307
GS01,16/07/14,305,297,286,271,258,247,241,241,243,251,262,271,280,284,285,281,277,273,271,272,279,288,296,303
GS01,16/07/15,307,305,296,282,267,251,238,229,228,232,244,258,272,284,292,293,289,282,275,270,272,276,284,292
GS01,16/07/16,301,302,301,289,275,255,235,219,212,211,219,235,254,273,286,295,296,290,282,273,267,266,272,282
GS01,16/07/17,293,302,307,302,290,269,246,225,207,201,204,218,238,262,284,300,306,306,297,284,273,267,268,276
GS01,16/07/18,288,302,310,313,304,288,262,236,212,195,193,199,219,247,273,296,310,313,308,295,280,268,262,267
GS01,16/07/19,278,294,309,316,315,303,280,252,222,199,184,185,200,225,255,284,307,317,317,306,288,272,260,257
GS01,16/07/20,265,280,296,313,319,314,297,269,236,205,184,176,183,205,233,265,293,310,317,309,295,276,259,250
GS01,16/07/21,252,265,283,303,317,319,309,289,256,222,195,177,175,187,215,246,277,302,316,316,305,287,266,249
GS01,16/07/22,245,253,268,289,309,320,319,304,281,244,211,186,175,179,198,228,259,287,310,317,309,295,273,251
GS01,16/07/23,239,239,250,269,289,307,316,310,292,265,233,204,184,180,188,212,241,271,295,308,309,299,279,259
GS01,16/07/24,239,232,234,247,267,289,304,310,301,283,257,229,206,195,195,207,231,259,285,305,311,307,293,271
GS01,16/07/25,251,234,229,234,247,266,285,298,298,291,273,251,229,215,207,212,226,248,273,292,306,308,300,285
GS01,16/07/26,263,243,230,225,232,244,261,278,288,290,283,269,254,238,227,223,228,243,261,280,295,304,303,295
GS01,16/07/27,278,259,241,227,221,225,235,250,263,272,276,273,267,256,244,239,236,242,252,268,280,291,297,294
GS01,16/07/28,285,269,250,231,219,211,213,221,233,247,259,267,270,269,262,256,252,248,253,260,270,282,289,294
GS01,16/07/29,292,283,268,248,228,214,205,203,210,222,238,254,268,276,277,276,271,264,260,261,265,274,283,293
GS01,16/07/30,297,296,287,271,249,227,208,196,194,200,214,234,253,272,285,289,289,280,272,266,262,265,272,283
GS01,16/07/31,294,299,300,290,273,250,224,202,188,186,194,212,236,262,284,296,304,300,289,278,269,264,268,277
GS01,16/08/01,288,302,310,311,302,280,251,221,198,184,183,193,216,244,275,297,311,313,305,291,275,263,258,264
GS01,16/08/02,276,294,310,320,316,303,278,247,215,192,179,182,198,226,258,288,310,318,316,303,285,268,256,256
GS01,16/08/03,265,283,302,319,327,323,303,275,239,206,186,179,187,210,239,271,300,316,319,310,292,272,254,247
GS01,16/08/04,250,263,284,304,319,324,316,294,263,228,199,184,182,198,224,254,285,306,317,315,302,279,259,243
GS01,16/08/05,238,246,263,285,305,317,316,305,280,247,217,193,184,191,209,238,270,294,310,313,303,286,263,245
GS01,16/08/06,233,234,246,265,286,304,312,308,292,267,237,212,197,196,207,230,258,282,303,312,306,293,272,251
GS01,16/08/07,235,229,235,249,269,288,299,303,297,278,254,232,213,206,210,226,248,272,294,308,311,299,282,263
GS01,16/08/08,245,234,232,241,256,274,291,302,302,294,277,257,242,232,231,240,256,275,300,316,322,318,304,285
GS01,16/08/09,268,252,245,246,257,271,288,299,305,303,293,279,264,252,247,250,261,277,296,310,319,319,311,296
GS01,16/08/10,278,262,248,244,247,255,267,280,289,293,290,284,275,264,257,256,259,269,281,296,306,311,309,299
GS01,16/08/11,285,269,254,244,240,242,250,260,268,277,281,283,280,275,269,266,267,271,279,287,297,305,306,303
GS01,16/08/12,296,283,268,255,246,241,240,246,252,261,272,278,284,286,284,280,278,279,280,285,292,300,305,305
GS01,16/08/13,303,295,283,269,256,244,236,234,235,244,256,269,282,290,295,294,292,288,285,283,286,290,297,304
GS01,16/08/14,307,305,299,286,270,254,240,231,226,228,239,256,275,292,304,308,308,302,295,288,284,284,289,298
GS01,16/08/15,308,313,314,307,291,272,251,234,222,219,225,240,261,285,305,318,322,318,308,295,285,283,284,293
GS01,16/08/16,305,317,325,324,315,295,270,247,226,215,216,227,248,274,301,323,334,334,326,311,295,286,284,291
GS01,16/08/17,306,322,336,342,338,323,299,270,242,221,214,217,234,261,290,317,336,341,332,316,294,276,266,268
GS01,16/08/18,277,294,315,330,335,326,307,276,243,215,198,194,204,227,258,290,317,330,328,314,294,271,252,245
GS01,16/08/19,252,270,292,314,329,331,319,295,261,229,202,189,192,208,237,270,299,319,327,321,303,278,253,237
GS01,16/08/20,236,249,272,298,320,332,331,317,288,255,223,201,195,204,228,261,293,317,331,331,320,294,266,242
GS01,16/08/21,233,239,252,277,302,322,331,325,306,276,244,218,203,203,216,240,269,295,314,324,318,299,272,244
GS01,16/08/22,227,223,231,249,271,297,317,324,321,305,281,257,240,235,235,246,271,297,319,332,330,314,288,261
GS01,16/08/23,240,224,222,229,248,271,292,307,309,299,284,262,242,229,225,232,248,270,292,307,314,308,292,271
GS01,16/08/24,246,226,214,213,223,239,259,277,288,291,285,274,260,247,242,243,252,267,283,298,307,308,299,285
GS01,16/08/25,265,243,226,216,215,223,238,254,268,278,282,282,273,267,261,259,264,270,280,292,301,306,305,300
GS01,16/08/26,286,269,249,235,225,223,228,237,250,265,279,286,291,290,286,283,283,283,284,290,297,306,311,310
GS01,16/08/27,304,293,276,260,243,230,224,224,231,245,261,276,288,297,303,301,298,291,287,286,289,296,302,307
GS01,16/08/28,311,307,298,284,264,247,231,222,222,229,244,264,283,301,313,317,315,308,298,291,289,291,297,306
GS01,16/08/29,317,325,326,321,306,285,262,244,231,229,238,257,283,309,329,340,342,334,322,309,299,295,297,305
GS01,16/08/30,319,336,348,352,343,322,295,267,245,232,233,248,270,299,328,344,353,349,336,319,300,287,284,289
GS01,16/08/31,303,319,335,343,340,326,303,272,242,219,209,216,233,261,293,317,334,334,325,308,288,267,256,254
GS01,16/09/01,267,288,310,328,339,336,317,287,256,226,206,203,213,239,270,301,324,333,329,311,289,266,249,242
GS01,16/09/02,246,263,287,310,330,336,327,304,272,239,214,201,206,225,255,287,313,329,328,316,295,272,248,235
GS01,16/09/03,234,247,271,297,321,333,333,318,291,260,233,214,209,222,247,278,306,325,334,325,307,281,256,237
GS01,16/09/04,228,233,252,278,303,323,332,326,306,278,249,226,217,222,239,265,293,315,328,327,314,290,263,238
GS01,16/09/05,225,225,236,258,285,307,322,325,316,294,268,245,232,230,240,260,285,308,323,328,320,301,276,251
GS01,16/09/06,234,229,234,248,272,294,312,323,324,309,289,269,253,246,252,265,287,308,325,335,334,321,298,272
GS01,16/09/07,251,239,239,246,263,284,302,316,320,317,305,288,272,262,260,266,282,299,315,326,328,320,303,281
GS01,16/09/08,260,245,238,240,248,262,279,294,9999,9999,9999,9999,9999,9999,9999,9999,288,300,312,322,329,325,315,300
GS01,16/09/09,283,266,253,248,250,258,271,282,294,9999,9999,301,295,289,284,284,286,292,300,307,312,313,306,297
GS01,16/09/10,284,269,255,245,240,240,244,254,264,273,282,286,288,288,285,282,282,282,284,288,294,297,296,294
GS01,16/09/11,286,276,263,251,239,233,231,233,240,251,262,274,281,289,290,288,285,282,278,278,280,285,288,291
GS01,16/09/12,291,286,276,266,251,236,228,221,222,231,243,258,274,287,295,299,296,289,280,272,269,271,276,284
GS01,16/09/13,290,295,292,286,270,251,235,221,214,218,229,245,266,286,302,308,308,299,284,272,262,259,262,271
GS01,16/09/14,285,295,301,300,288,269,244,223,208,201,206,221,244,270,295,310,315,309,294,276,258,247,247,258
GS01,16/09/15,277,296,310,316,312,294,270,242,217,201,198,207,230,259,290,312,324,321,305,283,260,241,234,240
GS01,16/09/16,255,279,302,319,324,315,293,263,232,205,192,193,209,236,267,298,318,325,316,293,266,240,224,223
GS01,16/09/17,236,256,284,310,326,329,317,291,256,225,202,196,204,225,254,285,312,327,325,308,281,249,223,213
GS01,16/09/18,217,234,263,292,316,329,328,312,285,254,223,208,208,220,249,279,307,326,332,322,299,267,236,213
GS01,16/09/19,207,218,239,270,300,321,331,325,307,281,250,229,217,223,241,269,298,320,330,327,311,283,249,220
GS01,16/09/20,204,203,218,243,273,302,320,327,320,304,279,255,240,237,247,266,292,315,331,336,329,303,273,240
GS01,16/09/21,215,203,204,219,243,271,296,311,316,309,291,271,254,246,247,259,277,298,315,324,323,308,282,255
GS01,16/09/22,230,213,207,212,229,251,278,298,308,310,305,294,281,272,269,273,282,296,312,321,324,317,303,284
GS01,16/09/23,259,238,223,218,223,234,253,272,290,298,302,300,294,286,282,279,282,289,294,303,307,307,302,291
GS01,16/09/24,275,257,239,226,219,220,227,241,256,272,281,288,290,288,285,283,280,281,282,288,289,294,295,292
GS01,16/09/25,286,274,260,246,232,224,221,224,233,247,262,275,286,292,294,291,288,283,278,276,276,280,285,288
GS01,16/09/26,291,290,281,267,251,234,224,218,219,227,239,258,276,289,297,300,296,287,276,268,264,265,271,280
GS01,16/09/27,289,297,298,291,276,257,238,224,217,218,229,249,271,292,307,314,313,302,285,272,263,260,263,273
GS01,16/09/28,288,302,312,313,304,285,262,242,226,219,223,237,260,286,306,320,321,313,295,276,259,248,248,257
GS01,16/09/29,272,292,310,319,318,305,284,258,235,220,218,227,247,271,296,313,321,314,297,276,253,236,229,233
GS01,16/09/30,248,269,291,310,316,312,295,269,242,221,212,214,230,255,281,305,318,319,306,285,259,236,222,221
GS01,16/10/01,232,254,282,304,319,323,310,289,261,235,217,213,222,241,269,295,314,319,308,287,261,235,215,207
GS01,16/10/02,213,232,256,284,308,318,316,302,278,251,230,218,223,238,259,288,310,319,315,298,273,244,221,207
GS01,16/10/03,207,221,242,271,299,316,320,311,293,269,248,232,228,238,259,284,307,322,324,312,291,262,237,217
GS01,16/10/04,209,217,233,257,285,306,317,317,303,284,262,245,235,236,251,272,293,308,314,308,290,262,234,212
GS01,16/10/05,199,198,209,232,256,280,296,9999,9999,9999,9999,9999,9999,9999,244,261,282,299,309,309,298,279,255,234
GS01,16/10/06,218,216,219,232,251,274,291,300,301,292,279,263,251,245,248,258,274,289,298,300,292,274,251,228
GS01,16/10/07,207,196,194,201,216,235,254,270,276,276,270,259,249,243,240,247,255,270,280,285,284,274,259,241
GS01,16/10/08,221,208,201,203,213,229,246,262,275,284,284,282,276,268,267,268,276,282,290,296,298,295,283,268
GS01,16/10/09,252,239,230,227,230,237,247,262,274,284,292,291,289,285,280,274,272,274,277,280,283,283,277,270
GS01,16/10/10,259,248,237,228,221,220,223,230,242,255,268,278,285,288,287,284,279,274,271,274,277,279,283,284
GS01,16/10/11,281,275,266,254,242,235,231,231,238,251,268,283,298,307,311,309,302,292,280,277,277,281,290,297
GS01,16/10/12,301,305,300,289,275,259,245,238,238,246,261,281,302,318,329,330,322,308,291,277,269,270,278,290
GS01,16/10/13,303,313,316,311,296,277,255,237,227,229,238,259,282,306,323,330,326,312,290,269,253,248,251,267
GS01,16/10/14,287,307,321,326,316,297,274,247,227,219,223,239,264,293,316,331,333,318,296,267,242,226,227,238
GS01,16/10/15,260,288,311,327,328,316,293,264,238,219,213,223,244,274,303,325,334,327,303,272,239,213,202,206
GS01,16/10/16,226,256,289,314,329,327,310,283,255,227,212,212,225,252,282,310,329,329,313,284,249,216,195,189
GS01,16/10/17,200,227,264,300,326,337,335,316,288,259,235,224,229,247,276,305,328,337,329,306,271,232,203,185
GS01,16/10/18,186,201,233,269,303,327,336,328,309,284,259,242,239,248,268,293,317,332,332,319,292,255,219,191
GS01,16/10/19,180,185,205,235,271,302,322,329,321,301,280,259,250,253,264,284,308,326,335,330,313,282,247,218
GS01,16/10/20,198,193,203,223,253,283,311,327,329,321,304,286,274,271,275,286,302,319,330,333,322,301,271,240
GS01,16/10/21,215,199,196,207,224,248,273,295,308,309,301,288,278,270,269,274,284,296,305,312,310,301,283,259
GS01,16/10/22,233,218,206,204,213,230,251,271,287,299,301,297,292,285,279,281,283,289,297,303,304,300,290,278
GS01,16/10/23,259,244,228,220,218,224,237,253,269,282,291,295,296,292,287,283,280,279,281,286,288,289,286,281
GS01,16/10/24,274,264,251,237,227,225,226,236,250,265,279,290,297,300,298,292,285,278,273,271,271,276,282,285
GS01,16/10/25,286,282,273,261,249,239,234,232,238,250,266,281,295,302,303,300,291,278,267,259,258,262,270,281
GS01,16/10/26,289,295,294,287,274,259,245,235,233,240,254,271,289,304,311,310,302,285,269,254,245,242,248,261
GS01,16/10/27,273,286,296,297,286,271,253,235,225,223,231,247,267,285,299,302,297,281,260,239,224,216,218,231
GS01,16/10/28,250,270,287,295,294,282,266,248,231,223,225,241,263,285,304,314,315,303,283,257,236,223,223,233
GS01,16/10/29,253,277,301,317,324,319,302,278,257,240,237,245,260,284,303,316,322,310,290,263,235,212,202,204
GS01,16/10/30,220,243,271,294,309,313,302,283,260,240,231,232,246,266,288,310,321,317,299,272,241,214,198,195
GS01,16/10/31,207,231,262,291,312,320,316,298,277,256,240,235,243,262,286,309,323,325,314,290,258,228,206,197
GS01,16/11/01,203,223,252,283,309,325,328,318,300,278,261,250,250,263,281,304,322,328,320,301,270,236,211,193
GS01,16/11/02,191,202,227,256,286,307,319,316,305,284,265,250,245,252,267,289,309,322,322,310,285,255,227,205
GS01,16/11/03,197,205,223,249,279,306,326,331,325,309,291,275,265,266,276,295,315,328,333,324,304,276,247,223
GS01,16/11/04,208,207,218,238,265,291,312,322,322,314,300,283,272,270,273,286,305,318,326,325,309,287,261,235
GS01,16/11/05,218,210,213,227,248,274,297,313,320,318,310,298,286,280,281,288,301,314,324,326,319,301,281,257
GS01,16/11/06,237,226,222,226,241,261,280,298,309,313,309,300,290,281,277,278,285,292,301,306,304,296,281,263
GS01,16/11/07,244,228,220,217,224,237,254,272,287,298,304,303,297,291,284,281,282,285,292,297,299,298,292,281
GS01,16/11/08,267,254,242,234,233,237,250,263,281,295,306,313,313,310,303,297,291,288,288,292,297,299,301,296
GS01,16/11/09,289,279,267,254,245,242,242,251,262,276,292,303,312,313,309,299,287,274,266,262,265,272,280,287
GS01,16/11/10,290,288,281,269,254,242,234,233,238,251,267,284,300,309,311,304,289,271,254,243,240,245,257,273
GS01,16/11/11,286,297,300,293,280,264,249,240,234,242,257,278,298,316,327,324,309,288,263,240,229,228,238,256
GS01,16/11/12,278,298,311,312,304,286,265,246,233,230,238,256,280,302,318,322,313,291,260,229,208,198,201,218
GS01,16/11/13,244,272,296,310,312,302,282,259,239,227,229,240,261,286,309,323,322,305,275,239,207,186,180,188
GS01,16/11/14,213,246,279,306,321,320,307,285,261,240,232,236,251,278,303,323,332,324,300,264,227,195,177,176
GS01,16/11/15,193,225,265,302,330,342,339,323,301,279,262,257,263,283,307,333,346,345,330,300,259,219,189,175
GS01,16/11/16,178,200,233,272,306,330,341,334,314,293,271,257,256,267,287,311,331,337,330,309,274,234,200,176
GS01,16/11/17,167,177,202,237,273,304,326,332,323,306,286,270,263,266,278,299,317,328,329,317,291,257,221,191
GS01,16/11/18,170,169,180,206,238,270,297,312,315,305,290,275,264,261,266,280,296,311,318,315,303,280,250,220
GS01,16/11/19,195,183,185,197,224,251,280,302,313,313,306,294,282,274,275,281,291,303,311,314,308,295,276,252
GS01,16/11/20,227,209,201,202,216,235,260,281,296,305,306,297,288,278,271,272,275,281,289,294,295,291,280,264
GS01,16/11/21,245,227,216,210,212,225,241,260,279,292,297,298,293,285,276,272,269,269,272,279,282,284,284,277
GS01,16/11/22,266,256,243,235,232,233,244,259,274,289,300,307,308,304,296,287,279,273,269,269,273,277,284,286
GS01,16/11/23,284,281,271,260,249,243,241,247,256,269,284,294,298,301,295,285,271,260,250,245,246,250,259,267
GS01,16/11/24,275,280,278,270,261,251,244,242,247,260,272,287,300,306,305,297,283,266,250,239,233,236,247,260
GS01,16/11/25,275,285,290,289,280,268,257,247,248,252,263,279,292,304,309,305,292,271,249,230,219,216,221,237
GS01,16/11/26,253,271,285,290,287,274,260,246,236,234,242,253,271,287,296,298,289,272,246,222,205,196,200,213
GS01,16/11/27,233,257,279,294,298,293,282,266,252,245,247,258,272,292,305,313,309,292,269,241,216,202,198,207
GS01,16/11/28,227,253,278,301,313,314,301,287,268,253,247,251,264,282,298,311,310,298,275,245,214,191,179,184
GS01,16/11/29,199,224,252,280,300,308,302,289,269,253,242,242,251,268,288,303,309,304,283,253,221,192,172,167
GS01,16/11/30,178,199,228,259,282,297,301,289,274,255,239,232,236,250,271,290,301,302,291,266,234,204,179,167
GS01,16/12/01,171,187,215,249,279,301,311,310,298,280,264,253,252,262,278,299,317,323,318,296,269,236,208,189
GS01,16/12/02,182,191,211,238,267,292,308,310,301,288,269,254,247,250,262,280,296,305,305,294,269,239,211,185
GS01,16/12/03,172,173,187,213,240,268,292,303,302,293,277,261,249,248,254,267,284,297,302,295,279,256,227,200
GS01,16/12/04,183,178,184,202,227,254,279,296,304,299,288,273,260,254,257,267,281,295,304,302,295,277,251,230
GS01,16/12/05,208,198,199,206,224,248,273,292,305,308,303,290,278,268,263,266,274,284,295,301,299,289,273,253
GS01,16/12/06,231,215,208,209,219,237,260,281,298,307,309,302,291,279,269,264,264,268,275,281,284,282,272,259
GS01,16/12/07,243,227,215,209,212,221,238,256,274,289,298,300,295,285,275,267,260,260,264,271,278,283,286,280
GS01,16/12/08,269,257,243,233,228,228,237,250,265,282,294,301,301,295,285,272,258,248,243,245,251,260,270,277
GS01,16/12/09,277,274,265,254,243,236,236,242,254,270,287,300,309,310,303,291,273,254,240,233,236,242,257,271
GS01,16/12/10,280,286,283,274,262,247,239,235,238,249,264,279,293,300,299,290,269,247,223,204,199,202,218,237
GS01,16/12/11,258,278,289,289,282,269,254,244,237,241,253,270,288,302,309,304,287,261,230,204,187,181,189,209
GS01,16/12/12,236,265,286,300,300,292,275,258,245,239,243,256,275,294,310,313,303,280,247,212,185,168,166,180
GS01,16/12/13,207,240,273,297,312,312,302,286,267,253,251,257,273,294,315,328,328,313,285,248,213,185,170,174
GS01,16/12/14,195,228,267,302,325,337,337,322,303,284,271,269,276,292,313,330,338,331,311,277,237,199,172,161
GS01,16/12/15,168,191,225,265,298,320,329,324,309,290,273,263,264,276,296,316,331,334,322,296,261,222,189,168
GS01,16/12/16,163,175,203,239,276,306,325,328,321,304,285,268,261,266,280,297,315,324,322,306,278,243,207,177
GS01,16/12/17,160,162,176,203,237,269,295,309,309,300,284,266,254,252,258,272,290,304,309,303,285,260,226,195
GS01,16/12/18,173,162,167,184,210,242,268,288,294,291,281,264,250,243,243,253,266,282,292,293,285,269,246,218
GS01,16/12/19,194,180,176,184,203,227,253,276,289,292,287,276,261,249,243,246,254,266,276,283,286,279,266,246
GS01,16/12/20,224,209,198,197,207,225,245,267,284,294,294,287,275,262,251,246,247,252,259,267,271,271,267,257
GS01,16/12/21,242,228,217,211,213,222,238,254,272,284,290,287,281,269,257,245,241,239,242,246,252,258,261,261
GS01,16/12/22,256,248,238,232,229,230,239,250,264,280,293,297,294,289,280,267,256,250,247,247,253,262,273,280
GS01,16/12/23,284,286,282,275,266,263,263,270,279,291,301,308,310,307,298,285,269,254,241,232,232,236,242,253
GS01,16/12/24,262,267,270,266,260,252,246,246,248,255,266,276,283,285,281,271,256,237,220,206,200,202,209,223
GS01,16/12/25,240,254,265,269,265,259,252,244,242,247,256,268,278,286,288,282,270,249,227,206,193,189,195,209
GS01,16/12/26,229,249,267,276,280,276,267,256,248,247,253,263,276,290,297,298,289,271,247,222,202,192,193,205
GS01,16/12/27,225,250,276,295,306,307,300,289,276,269,269,279,291,306,317,324,317,301,276,244,218,199,189,194
GS01,16/12/28,210,233,261,282,298,303,297,284,269,254,246,247,255,269,285,296,296,286,263,234,206,180,167,166
GS01,16/12/29,178,202,233,260,284,298,301,294,279,263,252,250,256,271,290,307,316,311,294,268,237,206,182,172
GS01,16/12/30,177,195,223,252,279,297,306,300,287,269,252,242,243,252,269,286,299,301,291,267,238,206,179,163
GS01,16/12/31,160,172,197,227,258,283,298,300,291,274,258,244,238,244,259,279,295,302,299,283,257,225,195,171
