GS01,59/01/01,147,129,121,124,136,157,183,206,221,226,220,208,193,176,165,157,162,172,184,195,204,208,204,193
GS01,59/01/02,176,161,147,143,146,160,180,200,217,229,230,224,211,194,178,165,160,159,165,174,185,194,199,196
GS01,59/01/03,190,178,167,156,152,156,169,185,202,216,224,223,216,203,187,172,160,152,149,154,164,175,186,194
GS01,59/01/04,200,197,193,186,179,176,178,186,199,213,223,229,230,224,213,195,176,159,146,143,146,156,170,185
GS01,59/01/05,199,209,214,211,202,193,185,183,187,196,207,216,222,222,217,202,183,160,140,124,117,118,131,148
GS01,59/01/06,170,189,202,208,205,199,190,181,178,182,191,202,213,223,224,217,202,178,151,124,108,101,106,123
GS01,59/01/07,147,175,198,214,221,219,210,198,187,183,184,192,205,218,228,230,220,199,169,137,111,93,88,97
GS01,59/01/08,119,147,178,203,220,224,217,203,189,176,170,174,185,202,218,229,227,212,185,151,119,94,78,77
GS01,59/01/09,93,122,155,188,212,225,226,219,203,187,174,171,178,195,215,230,238,233,216,186,153,121,97,88
GS01,59/01/10,94,113,147,183,214,237,246,241,229,211,193,181,183,195,214,235,251,256,245,223,189,153,123,104
GS01,59/01/11,97,107,131,163,193,220,234,235,226,207,187,171,162,168,181,204,224,236,233,218,194,162,130,104
GS01,59/01/12,93,94,111,139,170,200,222,230,227,213,193,173,159,157,166,185,205,221,227,221,206,180,150,122
GS01,59/01/13,105,100,110,129,156,185,209,223,225,217,199,181,163,155,158,171,188,205,218,221,213,197,173,149
GS01,59/01/14,128,118,121,134,155,181,204,221,225,219,206,187,167,154,150,155,167,180,195,202,201,191,174,153
GS01,59/01/15,133,121,119,126,139,159,182,199,210,211,201,186,166,154,145,144,151,164,176,187,193,191,184,171
GS01,59/01/16,157,145,142,144,154,170,189,206,219,225,220,211,198,183,172,164,164,168,176,184,193,195,194,187
GS01,59/01/17,178,168,163,162,164,173,186,199,210,218,218,212,200,185,171,160,153,149,152,156,164,171,176,176
GS01,59/01/18,174,170,165,162,161,165,172,182,191,200,205,203,197,188,177,165,152,144,139,138,143,151,159,167
GS01,59/01/19,172,174,175,173,171,169,171,176,182,189,196,200,199,194,186,172,157,142,129,122,121,126,135,147
GS01,59/01/20,159,169,175,176,175,172,169,166,170,174,179,186,190,192,188,179,165,147,128,114,107,109,117,132
GS01,59/01/21,147,167,181,189,189,186,180,174,171,172,177,185,192,199,202,198,184,167,143,121,104,97,102,116
GS01,59/01/22,135,157,177,190,197,196,189,179,170,164,165,173,183,196,205,208,201,184,159,131,108,94,92,101
GS01,59/01/23,121,147,173,194,207,209,203,191,177,167,164,167,176,192,206,214,212,198,174,142,113,89,77,79
GS01,59/01/24,95,120,149,176,196,205,203,192,175,158,148,145,154,170,187,204,212,207,187,158,125,95,75,66
GS01,59/01/25,78,102,133,165,195,211,214,206,189,174,160,152,155,169,189,208,222,222,211,186,155,122,95,78
GS01,59/01/26,79,95,122,155,188,210,219,215,199,178,160,147,142,150,168,190,211,221,220,205,176,143,111,88
GS01,59/01/27,79,86,111,139,172,201,218,221,209,191,168,147,136,138,151,170,195,211,217,212,194,165,134,106
GS01,59/01/28,87,87,99,124,156,186,207,220,216,200,177,154,136,130,137,153,174,193,206,210,199,181,152,123
GS01,59/01/29,101,93,97,112,139,169,194,212,215,204,188,164,142,130,129,139,157,178,196,211,213,206,189,166
GS01,59/01/30,147,134,133,142,162,187,214,232,241,238,229,214,196,177,162,155,160,174,190,203,210,209,198,184
GS01,59/01/31,164,150,141,141,148,164,183,200,211,212,205,189,168,149,134,125,124,131,141,154,167,175,176,172
GS01,59/02/01,164,155,147,142,144,153,166,181,193,201,203,194,181,164,147,134,124,121,123,131,143,155,165,174
GS01,59/02/02,176,176,173,168,166,166,173,183,193,200,205,204,199,188,174,160,142,131,125,125,133,144,157,172
GS01,59/02/03,182,191,195,193,191,186,184,185,188,197,204,208,210,206,194,180,160,143,126,113,109,115,126,144
GS01,59/02/04,163,180,191,197,194,189,184,177,173,176,183,190,196,200,198,188,172,151,126,106,92,88,96,109
GS01,59/02/05,133,156,176,191,195,192,184,174,163,161,162,170,182,192,200,198,187,168,142,114,93,78,76,86
GS01,59/02/06,106,134,162,185,197,199,195,182,167,156,153,159,171,187,201,212,212,198,175,145,117,95,84,88
GS01,59/02/07,103,131,163,192,212,224,221,209,189,172,160,158,165,180,199,214,221,215,195,166,135,103,83,77
GS01,59/02/08,86,106,135,165,191,207,210,201,184,165,154,150,155,168,186,202,215,220,209,188,159,124,98,83
GS01,59/02/09,86,99,127,158,187,209,218,215,199,177,156,141,139,149,170,194,218,230,229,215,191,160,130,112
GS01,59/02/10,106,114,136,164,194,219,233,233,220,197,172,151,142,144,160,180,204,220,227,219,199,171,142,118
GS01,59/02/11,104,106,118,142,169,193,211,216,209,190,166,144,126,123,133,151,173,194,208,209,200,178,151,126
GS01,59/02/12,108,103,111,129,154,178,197,208,205,189,168,146,126,114,118,130,150,170,187,194,191,178,158,137
GS01,59/02/13,119,111,114,127,148,170,190,203,205,196,179,159,136,120,119,125,138,154,171,182,186,179,167,150
GS01,59/02/14,135,125,126,134,147,166,184,196,204,198,185,168,149,131,122,121,129,141,156,169,176,179,173,164
GS01,59/02/15,153,144,139,142,150,163,177,188,195,196,188,175,160,143,131,124,125,130,139,150,160,166,169,168
GS01,59/02/16,162,156,154,155,159,168,177,186,192,195,193,187,176,162,150,140,134,133,136,142,150,160,166,171
GS01,59/02/17,174,174,174,174,174,178,184,189,196,202,204,202,198,189,179,168,156,148,142,141,145,154,164,173
GS01,59/02/18,182,186,190,188,186,184,183,184,187,188,190,192,191,187,180,168,155,139,125,119,117,121,131,146
GS01,59/02/19,159,172,181,185,184,181,176,171,168,170,174,181,187,188,188,183,170,154,135,120,112,112,121,135
GS01,59/02/20,155,177,194,204,206,204,199,190,182,178,181,189,200,209,211,212,201,181,158,135,114,103,105,116
GS01,59/02/21,136,161,184,200,206,205,195,182,169,159,154,158,172,185,199,208,206,192,169,141,114,96,89,94
GS01,59/02/22,116,143,172,195,211,213,207,190,172,156,146,148,160,178,196,213,220,214,193,166,133,106,89,89
GS01,59/02/23,102,129,158,188,212,222,220,204,182,158,142,137,143,159,183,205,221,224,213,188,156,121,95,83
GS01,59/02/24,89,107,137,172,199,218,223,212,190,165,140,127,126,139,163,190,213,227,226,209,181,147,113,92
GS01,59/02/25,87,97,123,154,185,209,220,216,197,173,147,125,114,120,138,165,194,215,225,220,203,172,140,113
GS01,59/02/26,96,98,113,141,170,200,218,218,207,186,156,130,110,104,115,137,165,192,209,216,209,191,162,135
GS01,59/02/27,114,106,113,129,158,186,206,216,211,192,166,138,113,100,100,114,137,163,185,198,203,194,177,155
GS01,59/02/28,134,121,120,131,152,175,197,212,212,201,180,154,128,109,100,103,118,137,159,177,188,189,183,171
GS01,59/03/01,155,142,136,138,150,168,185,202,209,206,194,175,154,133,118,114,117,129,145,164,179,191,195,194
GS01,59/03/02,185,176,170,167,171,181,195,206,215,217,211,198,180,160,142,129,124,126,134,145,158,170,180,185
GS01,59/03/03,186,183,179,175,173,175,180,184,190,194,194,188,178,164,149,132,122,113,110,111,120,130,144,155
GS01,59/03/04,165,174,177,176,173,170,169,169,173,178,182,184,185,179,171,158,144,131,119,113,112,119,131,146
GS01,59/03/05,162,178,187,191,187,183,176,170,166,169,174,180,187,191,191,182,170,153,134,120,110,110,119,135
GS01,59/03/06,153,174,191,202,205,199,191,179,170,166,169,179,190,201,209,209,200,184,161,137,119,109,110,121
GS01,59/03/07,140,165,188,204,213,211,200,183,166,155,151,157,172,187,202,212,210,197,174,149,124,107,100,106
GS01,59/03/08,124,148,176,199,214,216,207,192,173,154,146,150,164,184,207,222,233,229,210,184,158,131,118,115
GS01,59/03/09,129,151,177,202,221,227,221,203,179,156,140,135,143,160,183,204,217,222,209,189,159,130,109,100
GS01,59/03/10,105,126,152,179,203,215,217,202,180,155,134,123,124,139,164,190,212,223,222,208,184,158,135,122
GS01,59/03/11,122,134,157,185,211,227,230,221,202,174,149,132,126,136,157,184,208,227,233,225,205,178,152,131
GS01,59/03/12,123,130,147,170,196,214,225,221,206,182,155,133,121,122,137,160,186,209,222,223,211,192,167,146
GS01,59/03/13,132,132,143,163,187,208,222,221,212,190,163,139,120,113,118,136,159,182,201,208,204,190,170,150
GS01,59/03/14,136,132,137,152,171,190,205,210,204,188,166,141,120,109,108,119,137,160,180,191,196,189,178,165
GS01,59/03/15,144,136,138,147,163,178,192,202,201,189,171,149,128,112,105,110,124,141,159,175,183,183,176,164
GS01,59/03/16,152,144,143,147,156,169,184,192,196,190,178,162,142,126,115,113,118,131,147,162,174,181,181,177
GS01,59/03/17,170,164,161,160,165,173,185,193,198,195,188,176,160,145,131,124,123,129,138,151,163,174,180,181
GS01,59/03/18,180,177,175,174,174,178,183,189,194,195,192,186,177,165,152,143,136,133,134,139,149,159,168,175
GS01,59/03/19,182,185,184,181,178,176,175,179,182,184,186,185,183,175,166,152,141,132,125,125,129,139,152,166
GS01,59/03/20,179,188,193,192,188,184,178,174,173,175,179,184,188,188,184,174,161,146,130,120,117,119,130,145
GS01,59/03/21,161,176,187,190,187,179,170,159,153,150,154,162,172,182,186,183,172,155,135,117,105,102,109,126
GS01,59/03/22,147,171,190,201,202,194,181,166,152,146,146,156,173,189,203,210,206,192,170,146,124,113,112,124
GS01,59/03/23,146,172,198,214,221,216,201,180,159,144,138,143,159,181,202,218,222,213,189,160,132,107,97,102
GS01,59/03/24,120,148,177,201,214,213,201,178,153,129,117,116,130,154,181,208,222,225,211,186,156,128,109,105
GS01,59/03/25,117,142,172,202,224,230,222,201,172,144,122,111,118,136,166,196,220,233,232,213,183,153,126,112
GS01,59/03/26,113,130,157,187,214,230,227,212,182,151,122,103,100,108,135,167,198,217,225,218,199,171,143,121
GS01,59/03/27,112,120,139,167,195,215,222,213,188,155,122,95,81,84,100,128,160,190,209,214,205,185,160,138
GS01,59/03/28,124,123,134,156,180,204,217,215,201,173,143,114,94,84,90,109,135,164,189,204,207,199,182,164
GS01,59/03/29,148,141,143,156,175,195,212,216,211,192,166,138,112,95,92,100,118,143,167,187,199,199,192,180
GS01,59/03/30,169,161,158,164,175,191,206,214,214,205,187,164,140,122,109,110,119,135,155,174,191,200,200,193
GS01,59/03/31,187,180,173,172,175,183,193,200,201,196,188,172,154,135,119,110,108,112,121,134,150,162,172,176
GS01,59/04/01,178,175,171,167,166,168,173,178,182,184,182,176,166,152,138,125,117,113,113,120,130,143,155,165
GS01,59/04/02,174,178,179,175,170,166,164,163,165,168,172,173,171,166,156,144,131,120,113,110,113,121,135,149
GS01,59/04/03,164,174,180,179,173,165,158,150,147,148,154,162,169,171,169,162,151,137,123,113,108,111,122,137
GS01,59/04/04,156,173,184,189,186,177,165,153,144,141,146,156,168,181,187,186,179,165,148,131,119,115,121,134
GS01,59/04/05,155,176,193,204,205,196,183,165,150,144,147,158,175,193,210,218,217,208,191,170,154,141,140,149
GS01,59/04/06,168,188,208,223,227,219,204,179,156,139,132,137,151,169,189,206,209,204,187,163,141,122,115,116
GS01,59/04/07,131,152,176,195,205,202,188,165,139,116,103,105,117,140,165,188,203,206,196,178,155,135,120,119
GS01,59/04/08,130,149,173,196,213,216,206,187,161,134,115,110,117,136,163,193,215,225,225,209,188,166,148,139
GS01,59/04/09,143,160,182,205,223,231,224,206,179,149,126,114,115,130,156,186,214,233,237,230,213,192,173,158
GS01,59/04/10,158,166,185,208,229,240,240,228,203,172,146,127,122,129,146,174,202,225,233,230,217,197,175,157
GS01,59/04/11,151,155,167,186,206,220,223,216,196,168,141,117,105,106,119,142,168,193,210,214,208,192,174,157
GS01,59/04/12,147,147,155,171,188,204,212,208,194,173,146,120,104,97,102,120,145,171,194,204,207,202,188,175
GS01,59/04/13,165,163,171,183,199,214,225,227,217,199,177,152,131,115,116,127,144,166,184,197,203,199,189,176
GS01,59/04/14,165,156,156,161,171,183,193,198,193,180,161,140,119,103,95,97,108,125,145,161,174,178,176,167
GS01,59/04/15,160,153,150,151,157,167,176,181,183,178,168,154,136,120,112,108,113,125,140,157,172,182,186,185
GS01,59/04/16,181,177,172,171,172,177,183,189,192,191,188,180,169,154,142,134,130,133,143,157,173,187,196,202
GS01,59/04/17,203,201,197,193,189,188,190,191,193,196,197,196,192,182,172,161,150,144,143,147,154,167,181,193
GS01,59/04/18,201,204,202,196,189,181,175,172,172,175,180,186,189,187,180,169,156,144,134,129,133,144,159,174
GS01,59/04/19,189,198,203,199,191,178,166,156,150,151,158,169,181,188,192,185,172,155,138,124,119,123,135,155
GS01,59/04/20,176,195,205,208,201,185,167,150,136,131,136,150,168,185,198,201,195,179,159,138,121,117,124,140
GS01,59/04/21,163,188,205,216,212,200,175,154,134,121,120,133,154,178,203,217,221,212,192,167,146,131,129,139
GS01,59/04/22,161,188,212,230,232,223,201,174,144,122,113,119,138,167,198,225,240,242,230,205,180,158,145,146
GS01,59/04/23,165,191,220,245,260,256,241,209,182,153,133,126,135,158,194,224,249,260,256,239,213,184,162,151
GS01,59/04/24,157,175,201,224,241,245,233,208,174,138,109,94,93,109,139,175,208,231,243,239,224,198,175,158
GS01,59/04/25,155,163,183,208,229,241,240,225,195,159,124,99,85,91,112,142,178,208,229,238,231,213,192,172
GS01,59/04/26,160,160,173,193,213,229,234,226,206,172,137,109,88,82,92,113,144,176,202,219,224,220,205,189
GS01,59/04/27,175,169,173,187,206,222,235,236,225,203,176,148,124,111,112,124,147,174,203,224,236,239,233,220
GS01,59/04/28,208,198,197,202,213,226,236,240,235,221,200,174,149,129,119,121,131,147,167,187,203,210,211,203
GS01,59/04/29,194,184,176,175,177,186,194,200,202,198,186,169,150,132,117,110,114,121,136,153,171,184,192,195
GS01,59/04/30,192,186,179,174,170,172,176,182,187,189,187,179,166,153,139,128,122,123,130,141,155,170,182,190
GS01,59/05/01,195,195,190,183,176,171,169,171,175,180,185,188,185,178,169,158,148,143,140,144,152,165,178,190
GS01,59/05/02,198,203,203,195,185,175,167,161,159,163,170,178,183,185,183,175,165,154,145,142,143,152,163,178
GS01,59/05/03,192,200,202,198,187,172,157,147,139,140,147,159,171,181,187,185,178,166,154,145,140,142,151,164
GS01,59/05/04,182,195,204,205,197,180,162,146,133,128,132,146,164,182,195,202,199,190,175,159,148,144,148,160
GS01,59/05/05,180,195,209,214,209,196,175,154,135,125,126,136,155,175,194,205,209,203,190,173,158,148,145,153
GS01,59/05/06,170,187,204,213,211,199,177,150,127,108,102,108,124,148,173,192,202,203,192,176,158,145,138,141
GS01,59/05/07,154,171,189,202,207,199,180,157,130,104,91,91,103,126,153,178,198,206,201,189,171,154,142,138
GS01,59/05/08,145,161,179,197,206,204,190,167,139,111,92,86,93,113,140,168,193,206,208,200,183,165,151,143
GS01,59/05/09,148,159,175,194,207,211,202,184,157,127,102,90,89,102,124,155,183,204,213,209,198,181,164,153
GS01,59/05/10,150,158,171,187,203,212,208,195,172,144,117,98,89,94,110,138,166,190,206,211,205,190,173,157
GS01,59/05/11,149,152,161,177,192,204,207,199,181,155,127,103,88,86,97,119,146,171,193,205,205,197,182,167
GS01,59/05/12,157,153,160,173,187,202,208,206,192,170,146,122,104,96,98,112,136,162,188,205,211,210,201,190
GS01,59/05/13,178,172,172,179,191,203,211,213,207,190,170,148,127,114,111,117,134,155,177,195,205,207,204,194
GS01,59/05/14,182,173,168,170,177,186,195,200,199,191,176,160,141,125,115,114,123,140,157,178,193,202,204,198
GS01,59/05/15,190,179,172,169,169,175,181,188,191,190,183,171,157,140,127,120,120,125,140,157,174,190,197,199
GS01,59/05/16,196,189,179,172,168,170,172,178,184,189,190,189,182,171,160,148,141,141,146,159,172,189,203,211
GS01,59/05/17,213,209,201,190,180,173,171,172,177,184,192,198,198,194,184,172,160,150,148,152,162,177,192,207
GS01,59/05/18,217,219,215,206,191,177,166,160,160,165,178,192,204,210,209,202,190,175,163,157,160,170,185,201
GS01,59/05/19,216,225,227,220,205,186,167,152,143,143,154,170,190,208,216,216,209,193,175,160,152,155,165,182
GS01,59/05/20,201,215,224,221,208,187,162,137,119,110,115,131,154,181,201,213,215,206,188,169,152,145,147,160
GS01,59/05/21,180,200,216,221,213,195,168,139,113,95,91,102,125,156,186,212,225,225,213,193,173,158,151,157
GS01,59/05/22,172,193,215,227,228,215,191,160,127,99,84,85,100,130,163,197,221,232,232,218,196,176,161,156
GS01,59/05/23,164,182,203,220,229,225,207,177,139,104,79,66,71,93,124,160,192,214,225,220,207,187,168,158
GS01,59/05/24,157,168,187,208,223,228,220,199,167,131,100,79,73,81,106,138,172,201,221,228,222,208,189,172
GS01,59/05/25,166,168,180,198,214,226,226,214,191,159,126,99,82,82,93,117,148,177,204,217,222,215,201,184
GS01,59/05/26,171,167,172,185,200,215,224,220,206,180,152,125,102,91,91,104,127,156,183,203,213,215,206,194
GS01,59/05/27,179,170,169,173,185,198,210,214,208,194,172,149,126,111,104,107,121,142,166,187,204,211,210,202
GS01,59/05/28,190,178,170,170,175,185,196,205,206,200,187,170,152,133,123,120,126,136,154,173,191,203,206,205
GS01,59/05/29,196,186,177,171,168,172,178,186,192,193,190,181,169,153,142,135,132,137,148,163,179,193,202,204
GS01,59/05/30,202,194,183,172,163,160,162,165,172,178,182,182,179,172,161,150,143,141,145,153,165,178,190,199
GS01,59/05/31,203,200,192,180,167,158,152,152,156,162,171,179,184,183,179,172,164,157,153,156,163,174,188,200
GS01,59/06/01,206,207,204,191,177,162,150,142,141,147,157,169,181,190,192,189,183,173,166,162,163,170,181,193
GS01,59/06/02,203,211,211,204,190,173,156,141,133,135,143,156,173,187,197,200,198,189,178,169,164,165,173,185
GS01,59/06/03,198,209,214,212,201,183,161,141,127,121,126,140,158,179,197,209,210,204,193,181,172,166,169,179
GS01,59/06/04,193,208,219,222,214,199,176,151,130,116,115,125,144,167,190,207,216,215,206,192,179,169,166,171
GS01,59/06/05,184,199,213,220,218,206,184,157,131,113,104,108,125,149,175,199,216,221,217,206,191,177,168,170
GS01,59/06/06,179,194,212,224,229,222,204,178,148,123,106,103,113,135,162,192,217,228,230,223,208,192,180,176
GS01,59/06/07,181,195,213,229,239,238,224,201,170,139,117,106,108,126,153,184,211,231,239,234,221,205,189,178
GS01,59/06/08,179,187,202,219,233,236,231,212,183,152,125,106,103,112,135,164,193,217,233,235,226,212,196,184
GS01,59/06/09,178,182,194,211,227,237,238,225,204,172,145,122,109,111,126,151,181,209,229,238,236,225,208,193
GS01,59/06/10,183,182,188,200,216,230,236,231,216,191,161,134,116,109,116,135,163,194,218,233,239,234,222,205
GS01,59/06/11,193,189,192,202,216,231,241,241,233,216,193,169,146,134,131,143,163,188,212,233,241,241,233,218
GS01,59/06/12,204,195,190,192,202,215,226,233,230,221,204,183,160,144,135,136,149,167,191,211,226,233,230,220
GS01,59/06/13,205,192,182,178,180,190,200,209,214,212,205,189,172,155,140,135,140,151,171,193,212,224,228,224
GS01,59/06/14,214,201,187,177,173,175,181,191,200,207,208,203,193,178,162,151,147,150,159,176,195,211,220,222
GS01,59/06/15,217,208,194,180,168,162,163,168,177,188,196,201,200,195,185,174,164,159,162,171,185,202,216,223
GS01,59/06/16,226,220,209,192,176,162,152,149,155,166,180,193,204,209,208,200,187,177,172,172,179,193,208,221
GS01,59/06/17,229,232,224,208,188,168,149,137,135,141,156,175,195,210,218,218,210,200,186,178,176,183,197,211
GS01,59/06/18,227,237,237,228,209,183,157,134,121,118,127,146,171,197,216,227,229,219,204,189,178,176,182,194
GS01,59/06/19,213,229,238,237,224,202,172,143,120,105,106,118,145,176,206,228,242,244,233,218,202,190,187,195
GS01,59/06/20,209,227,244,251,246,228,202,169,134,111,98,102,120,148,182,214,237,248,245,231,213,197,185,183
GS01,59/06/21,193,210,229,242,248,242,220,189,152,121,97,87,95,117,149,184,216,236,244,238,224,207,189,178
GS01,59/06/22,182,192,213,231,244,248,237,213,179,142,112,93,88,100,125,160,193,221,238,242,234,218,198,183
GS01,59/06/23,175,180,196,214,231,242,240,227,201,168,135,109,95,94,110,137,169,201,225,236,236,225,208,190
GS01,59/06/24,177,174,181,197,215,230,237,233,216,190,158,131,110,102,107,126,153,181,208,225,232,228,215,197
GS01,59/06/25,181,171,171,178,194,210,222,227,222,206,181,156,132,117,114,123,141,166,192,213,225,227,219,205
GS01,59/06/26,188,176,168,170,179,194,207,216,218,210,193,175,153,137,128,130,140,157,180,200,214,221,220,210
GS01,59/06/27,196,181,170,162,164,172,184,196,202,204,197,186,170,156,144,141,144,156,173,191,206,217,219,215
GS01,59/06/28,204,190,176,166,160,162,168,177,186,193,194,192,185,174,164,156,155,160,170,184,198,211,217,218
GS01,59/06/29,213,202,188,174,162,156,156,160,169,177,184,188,189,185,179,172,167,167,170,178,188,201,210,215
GS01,59/06/30,216,210,200,184,168,156,148,146,151,160,170,181,190,194,193,190,186,181,179,180,187,197,207,215
GS01,59/07/01,220,219,212,200,183,166,150,143,140,145,156,171,186,197,205,206,202,195,190,186,187,193,201,211
GS01,59/07/02,221,226,226,217,202,183,162,147,138,139,148,164,181,199,211,218,219,216,206,199,193,196,198,210
GS01,59/07/03,220,230,233,229,217,199,176,154,136,128,131,143,165,187,206,221,225,223,214,202,191,186,186,193
GS01,59/07/04,204,216,227,228,221,205,180,155,130,115,112,122,141,164,190,210,222,225,219,207,193,183,179,183
GS01,59/07/05,193,208,222,229,227,217,195,168,140,119,106,107,122,145,173,200,220,229,227,216,201,187,178,176
GS01,59/07/06,183,199,216,228,235,232,215,188,159,130,109,104,110,130,160,190,216,232,238,232,217,200,184,176
GS01,59/07/07,178,190,208,225,237,240,230,210,181,147,122,106,105,120,142,175,205,230,240,238,227,210,192,178
GS01,59/07/08,176,182,196,214,230,240,239,224,199,168,137,115,105,111,130,159,193,221,237,243,238,222,204,186
GS01,59/07/09,175,177,190,206,223,237,242,235,216,190,159,132,113,110,121,145,173,203,225,235,233,223,205,185
GS01,59/07/10,170,166,169,181,199,216,230,230,219,202,173,147,128,117,120,135,161,190,216,234,239,232,220,203
GS01,59/07/11,185,174,173,177,192,210,223,232,229,218,198,175,153,137,130,137,156,179,204,226,239,239,230,215
GS01,59/07/12,197,180,172,169,176,189,205,218,225,221,212,196,176,160,148,148,154,172,193,215,230,238,235,224
GS01,59/07/13,205,189,173,163,163,168,181,193,205,210,210,205,191,176,165,157,157,164,180,198,216,229,232,228
GS01,59/07/14,216,200,180,164,154,151,156,164,176,188,198,202,199,191,180,172,165,166,171,183,196,212,221,225
GS01,59/07/15,218,206,190,170,153,142,138,142,149,162,177,190,198,202,198,192,183,177,175,178,187,200,212,221
GS01,59/07/16,224,219,207,187,167,144,130,123,123,132,148,168,187,202,209,211,203,195,185,180,180,188,199,210
GS01,59/07/17,220,222,219,205,184,159,136,118,108,110,121,140,166,191,209,220,222,215,202,190,184,183,190,202
GS01,59/07/18,216,227,233,228,213,190,160,132,110,99,101,117,143,173,199,220,232,230,222,205,193,182,181,190
GS01,59/07/19,203,222,236,241,234,217,188,155,125,101,93,98,118,146,179,210,231,238,236,221,205,188,178,178
GS01,59/07/20,188,205,224,235,242,235,213,180,145,115,93,87,98,122,154,188,217,233,239,231,215,195,178,171
GS01,59/07/21,174,189,210,227,242,246,234,208,173,137,109,93,94,109,134,167,202,224,238,237,224,205,185,170
GS01,59/07/22,166,174,191,210,231,243,242,227,200,166,135,110,101,105,125,156,187,216,236,240,233,217,196,176
GS01,59/07/23,163,164,176,195,217,235,243,237,220,192,160,133,115,114,124,147,177,205,230,242,241,230,210,190
GS01,59/07/24,172,165,168,183,203,224,238,242,233,214,188,162,141,131,134,148,173,200,223,235,242,235,219,198
GS01,59/07/25,178,166,163,171,186,202,218,228,227,218,201,180,156,144,141,148,165,187,211,227,236,235,224,207
GS01,59/07/26,187,171,161,158,165,178,194,206,211,211,200,185,170,156,148,151,161,176,197,213,223,226,222,210
GS01,59/07/27,193,178,164,155,155,165,175,189,198,202,201,197,187,177,170,166,170,181,197,212,223,230,230,224
GS01,59/07/28,210,196,180,166,160,160,166,175,187,195,200,201,199,194,187,183,182,185,195,204,215,224,226,224
GS01,59/07/29,217,204,189,174,162,156,155,158,168,177,187,193,197,197,195,193,189,187,188,194,202,211,219,221
GS01,59/07/30,218,212,200,185,169,156,147,145,148,155,168,183,194,202,205,206,203,199,197,196,199,206,213,219
GS01,59/07/31,223,222,215,202,186,167,152,141,137,141,152,167,186,201,212,216,215,210,204,197,196,198,203,211
GS01,59/08/01,220,226,225,217,202,182,163,143,131,129,136,152,172,192,208,220,223,219,212,201,193,190,194,201
GS01,59/08/02,211,222,228,225,216,197,173,150,131,119,118,131,151,177,201,218,227,228,219,206,193,184,182,188
GS01,59/08/03,200,213,226,229,225,211,187,162,136,117,107,116,134,159,187,213,227,230,225,212,196,182,177,177
GS01,59/08/04,187,204,218,231,233,225,207,180,149,122,105,103,115,140,171,201,224,234,234,223,206,185,171,168
GS01,59/08/05,173,190,210,228,238,238,228,203,171,141,115,105,108,128,157,191,220,237,242,235,218,197,177,166
GS01,59/08/06,166,179,197,218,236,248,242,226,197,164,133,112,107,119,142,177,208,231,246,244,231,212,188,171
GS01,59/08/07,162,168,182,204,225,242,247,239,220,190,159,135,122,122,138,167,200,228,245,251,243,225,201,178
GS01,59/08/08,163,159,168,187,209,229,242,245,232,211,183,158,135,129,137,156,186,216,238,250,247,235,216,194
GS01,59/08/09,173,160,163,175,195,218,236,250,250,236,218,195,173,160,158,170,193,220,246,261,265,253,235,211
GS01,59/08/10,186,169,160,164,175,190,212,227,236,233,220,204,184,167,157,160,173,191,212,230,240,240,229,210
GS01,59/08/11,189,167,153,146,149,160,177,193,207,213,212,206,193,180,169,166,171,181,197,215,227,234,232,219
GS01,59/08/12,201,178,160,146,140,144,153,166,181,194,205,207,205,199,189,183,180,184,193,204,218,227,230,224
GS01,59/08/13,214,198,178,160,146,140,140,145,157,171,187,199,207,210,210,203,195,194,194,198,208,220,227,230
GS01,59/08/14,229,223,210,192,174,161,152,146,148,157,171,189,208,221,226,225,218,210,201,198,198,204,211,219
GS01,59/08/15,226,226,221,207,186,162,142,126,118,119,130,148,172,195,212,222,223,216,205,193,187,186,192,203
GS01,59/08/16,215,223,226,222,204,181,156,134,118,110,113,128,153,181,206,224,231,229,218,203,190,181,182,187
GS01,59/08/17,201,217,229,232,226,210,185,155,128,108,103,110,129,158,188,216,232,237,229,214,196,179,169,171
GS01,59/08/18,183,201,222,235,237,229,209,181,148,122,104,103,113,139,172,203,228,240,239,224,205,183,166,162
GS01,59/08/19,167,187,208,230,242,244,232,207,176,144,121,109,115,132,160,193,221,240,244,234,216,191,169,157
GS01,59/08/20,157,169,190,215,233,242,238,222,196,167,137,118,112,123,145,175,205,229,240,237,223,199,175,156
GS01,59/08/21,146,151,164,184,206,225,231,226,211,183,154,132,121,124,142,168,198,223,239,240,228,208,185,162
GS01,59/08/22,145,144,154,173,193,211,226,232,224,204,178,156,139,136,144,164,192,217,236,242,238,223,202,176
GS01,59/08/23,155,146,147,159,181,203,221,228,225,212,192,170,155,145,146,159,178,200,220,231,233,223,204,182
GS01,59/08/24,160,144,140,146,160,179,198,212,216,211,200,185,168,158,156,161,175,195,214,227,234,228,214,194
GS01,59/08/25,9999,9999,9999,9999,9999,9999,9999,9999,9999,9999,9999,9999,9999,9999,9999,9999,9999,9999,9999,9999,9999,9999,9999,9999
GS01,59/08/26,9999,9999,9999,9999,9999,9999,9999,9999,9999,9999,9999,9999,9999,9999,9999,9999,9999,9999,9999,9999,9999,9999,9999,9999
GS01,59/08/27,9999,9999,9999,9999,9999,9999,9999,9999,9999,9999,9999,9999,9999,9999,9999,9999,9999,9999,9999,9999,9999,9999,9999,9999
GS01,59/08/28,9999,9999,9999,9999,9999,9999,9999,9999,9999,9999,9999,9999,9999,9999,9999,9999,9999,9999,9999,9999,9999,9999,9999,9999
GS01,59/08/29,9999,9999,9999,9999,9999,9999,9999,9999,9999,9999,9999,9999,9999,9999,9999,9999,9999,9999,9999,9999,9999,9999,9999,9999
GS01,59/08/30,204,207,204,193,179,162,144,131,125,125,137,154,173,193,208,214,213,207,196,185,179,179,184,192
GS01,59/08/31,203,212,217,215,204,186,164,143,126,119,126,141,163,189,209,224,227,220,209,194,182,175,173,182
GS01,59/09/01,193,212,223,228,226,209,187,160,134,121,118,131,154,181,209,228,238,237,225,208,190,175,169,173
GS01,59/09/02,190,210,229,243,245,233,212,185,155,131,120,123,142,170,201,229,243,245,237,217,195,175,161,160
GS01,59/09/03,169,188,209,230,241,240,225,198,166,136,114,106,116,141,174,206,229,242,238,222,199,174,153,144
GS01,59/09/04,149,166,193,219,239,250,246,226,198,164,135,119,119,135,165,198,228,247,248,235,214,187,161,144
GS01,59/09/05,140,150,172,198,224,243,249,240,217,186,155,132,124,132,154,185,215,237,246,241,225,199,168,145
GS01,59/09/06,132,135,151,175,201,226,240,243,231,207,179,152,134,133,148,172,201,226,240,243,231,208,179,151
GS01,59/09/07,130,124,131,149,176,201,222,234,235,220,200,176,156,148,153,169,193,218,237,245,243,226,201,173
GS01,59/09/08,148,133,131,140,159,182,206,224,230,228,217,199,183,170,169,176,192,211,229,241,242,233,216,193
GS01,59/09/09,170,150,138,135,143,158,178,198,211,218,217,210,198,188,181,181,186,199,212,224,231,230,219,204
GS01,59/09/10,183,164,145,134,131,136,151,169,183,195,204,208,206,201,194,190,190,194,200,209,218,222,220,214
GS01,59/09/11,201,184,165,150,140,135,137,147,159,173,186,197,205,208,207,202,198,193,192,195,200,208,212,213
GS01,59/09/12,210,201,188,172,157,141,134,133,139,150,166,183,199,210,217,218,212,203,193,188,189,193,200,209
GS01,59/09/13,214,215,209,196,178,158,142,130,124,129,142,161,182,201,215,222,220,210,197,184,180,179,185,195
GS01,59/09/14,207,218,223,220,208,186,165,143,128,123,130,146,169,195,216,232,232,223,208,191,176,168,166,175
GS01,59/09/15,193,210,223,229,224,207,182,155,131,117,117,128,150,177,204,224,232,227,214,192,172,156,150,155
GS01,59/09/16,174,196,217,233,236,225,204,175,146,124,113,117,137,164,195,218,233,237,223,203,180,155,143,142
GS01,59/09/17,155,176,203,226,238,239,226,202,170,138,119,114,128,152,185,216,240,248,240,221,194,168,150,141
GS01,59/09/18,151,171,201,236,250,255,243,231,206,180,154,144,148,167,195,222,244,256,253,236,212,185,156,142
GS01,59/09/19,143,157,185,214,236,249,251,239,218,194,168,153,146,155,178,209,234,250,253,240,220,192,163,140
GS01,59/09/20,130,134,154,181,210,232,243,241,225,201,176,156,146,150,165,188,213,235,246,240,223,197,170,145
GS01,59/09/21,127,126,136,160,187,212,228,234,227,210,191,173,161,159,169,187,208,227,238,238,225,205,180,155
GS01,59/09/22,136,128,133,148,172,194,212,222,222,213,196,181,168,162,167,179,198,217,230,234,231,216,192,169
GS01,59/09/23,147,134,131,140,155,175,198,213,217,213,203,191,180,170,169,176,186,204,216,223,225,216,203,183
GS01,59/09/24,163,146,137,136,147,162,181,198,208,214,214,207,198,190,188,190,198,207,219,226,228,225,216,202
GS01,59/09/25,186,173,163,156,158,164,176,191,203,212,217,218,213,209,205,202,203,207,214,220,226,226,221,214
GS01,59/09/26,202,189,174,162,154,154,158,169,182,194,205,213,217,218,216,213,211,211,214,219,224,229,235,240
GS01,59/09/27,241,236,222,206,190,177,169,169,177,189,202,215,222,227,228,226,219,212,202,197,196,196,201,205
GS01,59/09/28,210,210,204,194,178,161,148,141,141,151,165,183,199,212,219,219,212,202,190,180,175,177,185,195
GS01,59/09/29,207,215,218,212,199,179,156,141,135,137,149,167,191,211,227,232,228,216,199,182,170,165,167,179
GS01,59/09/30,197,214,226,230,223,206,181,157,138,128,134,151,174,201,224,237,238,228,209,184,161,152,151,160
GS01,59/10/01,181,201,221,234,236,226,202,172,145,124,118,128,150,181,208,230,239,234,217,188,162,141,132,137
GS01,59/10/02,153,179,207,230,244,240,224,197,167,139,126,129,146,172,203,230,246,244,233,208,178,147,128,123
GS01,59/10/03,134,160,197,227,249,254,248,226,196,164,141,131,140,162,192,223,246,255,244,221,191,158,134,118
GS01,59/10/04,122,141,171,207,235,253,259,246,223,194,167,151,148,163,188,218,242,256,255,239,211,178,146,124
GS01,59/10/05,114,125,147,181,214,240,254,256,240,216,191,170,158,161,177,204,228,247,254,246,228,196,162,134
GS01,59/10/06,116,114,125,146,178,208,232,242,239,225,205,185,170,164,171,190,212,230,243,242,230,208,178,149
GS01,59/10/07,126,114,115,129,154,182,209,227,234,231,219,206,193,183,179,188,206,224,237,243,240,225,203,177
GS01,59/10/08,152,135,125,126,138,158,181,200,214,220,219,212,202,191,185,185,193,204,215,224,226,220,207,190
GS01,59/10/09,170,152,137,130,130,140,156,173,190,205,212,215,212,206,198,197,197,201,209,215,220,219,216,206
GS01,59/10/10,193,180,168,154,145,145,149,158,171,189,200,212,219,219,216,212,207,204,200,204,206,212,214,216
GS01,59/10/11,211,205,195,182,170,160,154,156,164,177,192,206,220,227,230,226,217,206,197,191,191,197,204,211
GS01,59/10/12,218,218,213,202,187,171,158,152,151,159,174,192,210,224,231,233,227,214,198,184,176,174,181,194
GS01,59/10/13,208,218,223,219,208,191,171,156,145,146,155,174,196,216,232,239,236,223,205,184,171,165,168,180
GS01,59/10/14,201,220,237,241,231,219,197,176,156,149,152,163,185,214,233,247,249,237,213,188,166,151,146,155
GS01,59/10/15,176,199,221,236,239,230,213,188,165,149,144,150,169,193,217,235,244,235,216,188,159,138,130,132
GS01,59/10/16,153,180,206,229,240,241,227,205,181,161,148,149,161,185,210,233,246,246,230,204,175,148,131,128
GS01,59/10/17,141,166,196,226,248,256,247,226,205,183,164,158,165,185,210,235,254,255,244,221,190,158,135,125
GS01,59/10/18,130,147,177,208,235,252,252,240,221,197,175,164,164,178,201,225,244,254,249,234,206,177,151,134
GS01,59/10/19,134,143,168,201,230,255,267,263,247,226,203,188,182,188,205,226,246,259,259,247,223,194,164,139
GS01,59/10/20,127,132,150,176,205,231,247,250,241,224,204,187,177,178,190,210,228,242,248,242,222,196,167,140
GS01,59/10/21,125,122,131,153,179,207,228,236,235,223,208,192,182,179,184,201,217,230,240,241,229,210,184,162
GS01,59/10/22,141,131,132,147,167,191,215,231,236,231,220,207,193,189,191,201,214,229,237,240,234,219,199,174
GS01,59/10/23,154,141,135,140,152,172,194,212,219,218,215,206,196,189,185,188,197,207,216,220,219,212,199,183
GS01,59/10/24,166,151,143,141,149,164,182,199,212,219,223,220,214,207,202,201,203,208,213,216,218,215,207,197
GS01,59/10/25,183,169,157,149,147,150,159,172,186,201,207,208,209,206,201,196,194,192,191,194,196,198,199,197
GS01,59/10/26,190,180,169,159,149,144,147,153,164,179,190,200,206,208,205,200,193,185,179,177,179,183,189,194
GS01,59/10/27,196,194,186,175,163,152,147,145,150,163,179,194,207,213,215,210,200,185,172,167,164,166,178,188
GS01,59/10/28,200,207,209,202,190,174,158,149,148,154,170,187,208,222,230,227,219,202,181,165,157,155,164,178
GS01,59/10/29,196,213,225,225,217,200,179,163,150,149,161,178,201,221,237,240,234,215,192,169,152,143,148,161
GS01,59/10/30,184,205,225,237,236,225,204,181,160,146,149,161,184,210,232,243,240,224,197,167,140,122,118,124
GS01,59/10/31,149,175,203,224,236,231,214,189,166,144,134,138,157,185,210,229,236,227,203,171,139,111,97,97
GS01,59/11/01,113,143,176,208,232,240,232,214,189,163,144,141,151,175,202,226,242,239,223,190,154,119,94,86
GS01,59/11/02,92,116,151,188,220,241,248,238,219,193,170,156,158,174,199,224,243,251,242,218,187,149,118,99
GS01,59/11/03,93,105,131,167,202,230,248,249,239,219,196,176,169,174,189,211,233,247,248,234,208,174,138,113
GS01,59/11/04,96,97,115,142,175,206,230,241,242,229,211,191,177,177,186,203,221,235,245,240,223,197,163,132
GS01,59/11/05,108,98,103,121,147,176,203,223,230,230,220,205,192,183,181,190,206,221,231,234,225,208,184,155
GS01,59/11/06,130,113,107,114,129,153,177,200,217,223,222,214,203,194,187,189,197,207,217,223,225,219,206,185
GS01,59/11/07,164,146,134,130,137,150,170,190,210,226,231,230,224,215,207,201,199,200,207,213,217,218,212,200
GS01,59/11/08,185,170,156,145,141,146,155,169,186,203,212,219,220,217,211,202,194,189,190,193,199,205,210,209
GS01,59/11/09,205,196,185,172,164,159,159,166,177,193,207,218,226,229,223,215,200,188,180,176,177,184,193,201
GS01,59/11/10,206,206,201,192,179,168,160,159,165,175,191,207,220,229,230,222,208,192,175,163,159,162,172,186
GS01,59/11/11,202,210,214,207,196,183,169,158,155,159,171,184,202,215,221,220,208,188,168,147,135,132,140,156
GS01,59/11/12,176,192,209,214,209,197,181,166,157,156,163,178,197,215,230,233,228,210,186,162,142,134,138,151
GS01,59/11/13,173,196,219,231,234,227,210,192,177,167,167,178,197,217,235,245,242,225,202,173,144,128,124,133
GS01,59/11/14,154,180,207,228,238,234,223,203,182,166,161,167,182,203,223,236,239,228,203,173,143,119,108,112
GS01,59/11/15,129,155,186,211,230,235,227,213,194,174,163,163,174,195,216,234,244,239,222,191,158,128,109,104
GS01,59/11/16,114,137,168,199,222,235,236,225,208,188,172,167,172,187,209,226,240,241,228,206,173,140,114,101
GS01,59/11/17,103,120,146,177,204,224,231,226,210,190,174,161,159,169,186,207,222,230,225,207,181,149,120,102
GS01,59/11/18,97,107,130,158,186,213,228,231,224,206,187,174,167,172,186,205,221,232,232,220,198,169,141,117
GS01,59/11/19,105,106,123,147,175,203,223,232,231,221,205,189,177,176,184,199,215,228,234,226,212,188,161,136
GS01,59/11/20,117,112,118,135,159,187,210,225,230,223,212,198,183,178,180,190,202,214,223,221,210,194,169,145
GS01,59/11/21,124,114,113,122,141,165,190,210,220,221,214,204,191,183,182,187,197,208,215,217,214,205,187,169
GS01,59/11/22,148,133,124,125,135,153,174,193,206,215,212,206,194,183,176,175,178,182,190,196,196,193,185,171
GS01,59/11/23,155,141,129,124,126,134,153,169,188,201,206,206,198,189,181,175,173,173,177,182,187,188,187,180
GS01,59/11/24,172,160,147,139,134,137,145,160,178,193,205,211,211,205,197,189,181,174,172,174,179,186,192,197
GS01,59/11/25,196,190,181,170,160,154,155,162,175,190,206,217,221,219,213,200,185,171,161,156,156,163,174,183
GS01,59/11/26,192,196,193,184,172,160,150,149,152,165,182,199,212,218,217,207,191,172,152,139,135,139,153,173
GS01,59/11/27,192,204,211,207,199,184,169,158,154,162,177,196,214,226,233,226,209,188,163,139,125,124,133,153
GS01,59/11/28,178,202,223,231,230,217,197,178,167,163,171,187,208,229,242,245,233,210,180,147,122,109,109,126
GS01,59/11/29,153,184,215,234,243,237,224,201,181,169,165,174,194,215,234,244,242,224,193,156,124,101,90,97
GS01,59/11/30,117,150,185,217,238,247,241,224,202,180,169,168,182,203,224,243,247,239,214,179,143,109,87,81
GS01,59/12/01,94,120,155,193,225,245,250,241,222,201,182,173,178,194,217,239,252,253,237,209,172,133,102,84
GS01,59/12/02,80,96,127,163,200,229,246,248,237,218,196,181,174,182,201,223,242,256,260,250,231,200,168,143
GS01,59/12/03,130,129,144,168,197,225,245,255,255,248,234,213,201,198,205,223,242,255,260,250,231,200,166,136
GS01,59/12/04,112,103,110,129,156,186,214,231,239,235,223,207,190,183,182,193,209,224,234,235,227,208,182,156
GS01,59/12/05,130,116,111,120,139,164,190,211,226,231,228,217,203,191,184,188,196,207,218,225,225,216,200,179
GS01,59/12/06,159,143,131,131,141,158,178,201,219,231,234,227,216,203,193,188,187,194,203,209,214,214,207,196
GS01,59/12/07,181,163,149,143,143,150,163,181,198,213,219,221,216,205,194,184,178,174,175,181,186,192,194,189
GS01,59/12/08,184,174,165,155,149,149,157,168,181,195,206,212,213,206,196,184,171,163,157,159,164,171,179,186
GS01,59/12/09,188,186,180,172,166,161,160,166,176,188,201,210,216,217,210,200,186,170,158,151,151,158,168,179
GS01,59/12/10,190,198,200,196,190,182,177,175,177,186,198,209,218,224,223,215,200,182,162,148,142,143,152,166
GS01,59/12/11,181,194,205,206,202,195,184,177,173,175,183,195,207,216,221,218,204,184,159,139,124,120,125,140
GS01,59/12/12,160,180,199,209,213,207,198,187,179,176,181,191,205,220,230,232,223,206,180,154,135,123,122,132
GS01,59/12/13,155,179,203,221,229,228,219,206,193,183,182,187,200,218,231,236,232,217,191,162,136,117,109,115
GS01,59/12/14,133,159,187,211,227,233,228,216,202,189,183,185,195,214,232,244,246,236,213,184,153,128,112,109
GS01,59/12/15,123,148,177,205,225,236,237,228,213,194,182,178,184,198,216,233,240,236,219,194,165,134,112,103
GS01,59/12/16,109,128,157,188,215,235,242,236,225,207,194,186,186,199,217,235,249,251,241,220,190,158,131,114
GS01,59/12/17,111,120,145,174,204,227,239,239,228,213,195,180,176,180,194,212,228,236,230,212,183,150,120,95
GS01,59/12/18,84,89,107,133,164,193,212,222,219,207,191,176,167,168,177,194,209,221,224,215,196,170,140,114
GS01,59/12/19,98,95,106,129,158,186,212,226,229,220,206,191,177,175,179,192,206,221,229,227,217,198,172,146
GS01,59/12/20,126,117,118,132,156,185,209,226,236,237,226,213,197,191,190,197,209,220,230,231,226,214,193,170
GS01,59/12/21,147,133,128,133,149,170,194,215,227,232,226,214,199,186,178,178,183,192,201,208,210,206,195,176
GS01,59/12/22,157,140,128,126,133,148,168,190,206,215,218,210,198,185,173,166,167,170,177,185,193,196,193,185
GS01,59/12/23,171,156,142,134,133,142,155,173,191,206,212,213,205,194,180,169,162,158,160,166,175,185,190,193
GS01,59/12/24,189,181,171,159,153,153,159,172,187,203,214,220,218,210,197,180,164,153,145,143,147,156,167,176
GS01,59/12/25,182,182,178,170,161,153,151,155,165,178,192,202,207,205,197,182,167,151,134,128,128,135,150,166
GS01,59/12/26,184,195,200,198,190,180,172,168,171,181,194,208,219,222,221,210,190,166,143,124,114,117,128,148
GS01,59/12/27,171,193,209,216,214,204,191,179,173,174,181,195,210,222,228,223,207,183,154,125,106,96,99,116
GS01,59/12/28,143,173,200,219,228,225,215,200,186,177,178,187,202,220,233,238,230,210,179,145,114,92,83,88
GS01,59/12/29,110,139,172,202,222,230,225,211,193,178,170,171,182,202,221,234,236,226,200,163,126,94,73,68
GS01,59/12/30,79,105,139,175,204,222,228,220,203,183,166,159,164,179,200,219,231,228,209,179,144,107,78,63
GS01,59/12/31,64,82,114,149,183,210,227,228,218,200,181,168,165,174,193,216,233,243,239,219,190,155,120,98
