GS01,42/01/01,141,165,193,213,222,227,221,207,195,186,181,185,197,209,226,233,229,220,195,164,132,108,100,100
GS01,42/01/02,116,143,169,192,215,226,224,212,196,181,172,171,176,191,209,219,227,218,199,169,139,106,90,83
GS01,42/01/03,94,113,144,174,197,214,218,211,194,178,167,158,162,174,195,212,222,219,210,182,152,120,93,83
GS01,42/01/04,85,100,128,162,195,215,226,223,213,195,176,167,165,172,189,208,223,232,226,205,180,147,118,95
GS01,42/01/05,85,93,115,140,172,199,215,219,218,199,183,168,161,157,175,184,203,213,213,205,183,152,126,100
GS01,42/01/06,84,87,99,123,152,183,202,211,213,202,178,166,151,145,154,168,186,203,211,209,196,170,140,113
GS01,42/01/07,93,92,96,110,149,180,192,213,216,218,189,185,173,155,160,169,186,198,215,215,213,196,174,155
GS01,42/01/08,130,115,117,121,142,167,190,216,223,220,211,195,174,162,154,155,166,177,185,201,199,193,177,157
GS01,42/01/09,136,123,113,110,126,140,166,187,202,215,200,195,178,161,151,147,151,157,171,180,196,195,198,185
GS01,42/01/10,169,159,139,136,142,149,168,190,203,208,210,205,191,173,159,148,138,142,141,150,158,171,173,176
GS01,42/01/11,172,160,150,142,142,138,147,163,177,197,203,208,201,190,177,160,145,133,133,134,143,159,171,174
GS01,42/01/12,183,182,176,173,160,158,164,167,174,195,205,215,212,204,195,184,155,151,120,127,127,130,151,166
GS01,42/01/13,184,196,201,198,191,183,177,173,176,187,200,212,216,220,216,204,182,160,133,120,113,120,127,150
GS01,42/01/14,167,194,210,213,213,205,192,186,180,182,189,205,214,223,227,225,208,178,150,120,100,91,99,109
GS01,42/01/15,135,167,194,210,218,218,207,192,178,169,170,177,192,211,224,225,216,199,168,133,105,87,85,93
GS01,42/01/16,114,145,177,205,222,230,222,211,192,178,172,173,186,201,219,231,231,221,196,157,122,93,73,72
GS01,42/01/17,89,115,149,186,215,230,231,224,204,187,167,158,167,183,206,226,233,229,214,186,149,112,85,70
GS01,42/01/18,76,94,125,160,194,217,228,226,213,194,175,157,158,167,187,209,226,233,227,206,172,136,104,81
GS01,42/01/19,76,86,103,143,172,200,219,225,219,200,177,159,148,152,169,186,206,220,224,214,191,158,125,97
GS01,42/01/20,80,83,96,122,153,184,209,219,218,206,183,166,150,144,155,170,192,208,218,218,203,180,150,123
GS01,42/01/21,104,97,103,121,144,169,195,214,216,211,196,173,155,141,142,153,167,190,199,208,204,192,168,146
GS01,42/01/22,127,114,114,124,142,168,191,208,218,217,206,188,170,154,148,147,160,173,189,195,202,199,185,168
GS01,42/01/23,149,134,131,131,145,163,182,201,212,213,214,197,184,163,154,148,143,159,166,181,185,195,184,177
GS01,42/01/24,168,153,146,141,153,160,175,190,204,213,208,202,194,178,162,147,144,147,149,163,167,177,180,179
GS01,42/01/25,174,166,160,153,154,161,171,181,193,200,207,200,193,183,167,154,145,140,136,142,152,157,167,175
GS01,42/01/26,174,175,174,172,172,170,173,180,190,197,210,209,207,199,189,174,160,152,139,138,138,150,162,170
GS01,42/01/27,178,186,185,188,187,182,183,182,185,192,200,202,204,202,198,187,168,153,139,128,121,125,135,151
GS01,42/01/28,162,178,185,191,189,186,182,175,177,177,183,193,198,204,205,198,187,167,147,127,116,115,122,136
GS01,42/01/29,156,172,189,198,204,199,190,179,173,170,169,179,191,200,204,203,193,175,149,128,111,96,101,113
GS01,42/01/30,129,162,182,200,213,221,207,198,183,175,170,176,181,196,211,215,209,194,162,142,108,92,87,92
GS01,42/01/31,111,135,162,183,201,204,199,182,170,153,143,151,158,171,191,201,205,192,174,140,115,88,73,75
GS01,42/02/01,84,107,136,166,186,202,201,202,182,157,147,141,153,164,184,207,204,216,193,183,137,113,83,80
GS01,42/02/02,81,105,134,165,199,207,215,209,193,176,156,150,146,161,185,204,222,226,219,197,166,133,104,87
GS01,42/02/03,86,100,127,157,189,213,224,222,208,195,165,154,151,151,178,194,217,222,225,214,184,159,126,97
GS01,42/02/04,88,91,111,138,169,192,210,221,211,192,169,149,135,136,149,170,192,210,221,219,202,175,150,125
GS01,42/02/05,102,103,116,134,165,194,219,225,225,210,192,165,150,141,145,159,180,202,211,218,212,192,170,141
GS01,42/02/06,118,104,109,129,152,175,200,213,213,212,195,177,154,137,131,140,157,173,190,202,209,199,187,168
GS01,42/02/07,146,133,123,128,147,172,190,220,224,218,214,200,181,157,142,142,150,161,169,190,195,195,193,180
GS01,42/02/08,161,153,143,138,148,158,176,194,207,209,207,190,172,157,137,131,128,135,144,154,163,178,181,183
GS01,42/02/09,177,164,160,152,157,165,177,185,201,207,210,205,193,174,158,147,133,128,127,139,153,158,169,186
GS01,42/02/10,186,186,177,174,170,162,164,165,177,188,204,199,201,186,175,161,139,118,118,119,122,126,142,165
GS01,42/02/11,179,180,196,194,180,189,181,176,181,184,194,201,204,207,196,180,166,144,124,112,102,110,120,140
GS01,42/02/12,167,182,201,208,203,202,194,184,179,177,187,187,202,208,208,205,195,175,147,125,105,101,104,120
GS01,42/02/13,148,169,200,211,222,217,207,192,179,170,172,182,191,206,217,224,213,193,166,135,111,93,85,92
GS01,42/02/14,115,143,174,195,220,215,212,197,178,168,153,160,172,192,210,223,223,216,188,161,126,100,78,84
GS01,42/02/15,107,126,158,198,215,232,226,218,202,176,164,159,165,181,210,227,240,241,220,192,160,128,105,96
GS01,42/02/16,93,117,163,185,212,231,236,223,206,183,160,147,149,164,184,207,231,234,233,208,176,142,107,95
GS01,42/02/17,91,103,128,162,186,215,225,221,211,181,157,138,132,142,156,182,206,226,227,219,193,165,134,106
GS01,42/02/18,99,106,124,152,181,206,224,226,210,196,167,139,130,128,148,157,192,218,221,216,199,179,157,134
GS01,42/02/19,126,119,116,136,175,194,222,230,216,214,192,163,150,143,146,157,180,210,223,229,221,206,176,158
GS01,42/02/20,136,129,148,165,191,211,223,223,220,211,191,164,146,131,134,135,155,173,194,206,205,190,175,160
GS01,42/02/21,144,136,131,141,157,176,195,205,213,205,189,172,152,131,123,123,133,148,165,176,186,186,178,164
GS01,42/02/22,153,143,134,142,151,159,175,194,199,197,189,175,158,141,127,126,128,133,152,164,172,173,180,174
GS01,42/02/23,172,163,163,155,169,172,187,202,204,209,207,198,182,170,151,142,138,143,147,153,163,175,178,178
GS01,42/02/24,173,173,176,177,172,167,182,192,197,213,215,204,208,185,162,153,134,147,137,141,153,162,156,183
GS01,42/02/25,177,183,181,176,179,179,176,181,178,182,186,185,184,180,168,155,144,133,122,117,117,125,137,150
GS01,42/02/26,157,173,177,184,180,177,173,166,172,169,177,182,183,188,186,175,168,146,128,123,113,115,130,141
GS01,42/02/27,159,171,191,195,197,191,188,182,179,173,183,182,182,207,199,204,188,173,149,132,115,114,113,130
GS01,42/02/28,150,173,196,208,211,200,199,183,168,162,166,169,180,190,202,205,196,180,156,129,108,93,91,100
GS01,42/03/01,119,147,172,189,198,199,193,176,161,146,140,145,155,172,188,204,203,192,170,143,111,94,83,89
GS01,42/03/02,107,128,169,183,205,211,206,189,169,148,143,147,152,171,195,215,227,228,207,176,146,122,103,99
GS01,42/03/03,96,131,156,185,204,219,218,202,181,159,134,124,133,148,165,205,215,220,207,191,162,122,101,80
GS01,42/03/04,86,102,131,159,190,206,213,198,180,153,129,115,109,123,143,172,195,213,211,203,174,143,110,92
GS01,42/03/05,79,91,115,146,174,200,212,210,194,169,138,118,114,109,130,161,187,213,221,220,207,177,148,121
GS01,42/03/06,115,117,131,159,191,217,234,237,226,202,175,152,124,119,126,146,169,201,217,223,222,200,179,146
GS01,42/03/07,130,130,121,144,175,199,213,221,217,198,179,147,124,110,109,125,149,167,187,195,204,194,182,160
GS01,42/03/08,139,123,126,131,147,171,189,200,200,189,167,146,120,102,90,98,104,124,148,161,177,180,177,162
GS01,42/03/09,153,143,137,139,143,162,180,190,200,198,186,168,147,120,111,103,103,115,128,143,165,174,179,176
GS01,42/03/10,171,169,156,153,159,171,179,191,204,202,198,189,173,157,141,128,120,120,125,135,146,160,171,182
GS01,42/03/11,184,185,184,177,173,176,172,181,184,187,189,190,180,171,154,141,129,120,112,117,121,130,148,161
GS01,42/03/12,174,184,183,186,180,174,169,165,167,168,172,178,180,177,167,155,137,120,105,95,91,95,110,128
GS01,42/03/13,150,165,177,184,183,177,167,158,155,153,158,168,179,183,185,179,167,148,127,108,98,95,101,122
GS01,42/03/14,142,168,187,200,202,198,184,169,157,153,150,159,176,191,200,206,199,183,158,135,117,106,106,116
GS01,42/03/15,143,166,190,209,218,211,198,177,158,143,134,144,157,175,195,205,209,199,171,148,123,93,90,90
GS01,42/03/16,110,128,162,193,200,206,202,180,159,140,123,126,136,158,181,197,212,208,194,172,140,116,94,90
GS01,42/03/17,98,119,151,175,201,211,209,192,167,139,121,114,118,137,164,192,210,223,207,196,160,137,116,98
GS01,42/03/18,104,123,152,173,204,218,216,210,189,165,133,122,117,130,154,184,204,219,218,205,181,156,126,111
GS01,42/03/19,105,110,135,158,183,204,210,204,183,160,132,103,102,104,121,153,179,201,210,206,191,169,143,124
GS01,42/03/20,111,115,131,154,176,198,210,208,192,168,143,117,102,98,107,132,157,182,197,202,193,176,155,134
GS01,42/03/21,122,120,126,144,167,186,201,204,192,174,147,124,102,94,98,114,138,162,181,191,192,181,166,147
GS01,42/03/22,133,128,129,141,160,177,193,199,195,180,160,136,114,100,97,106,122,144,165,180,186,182,172,161
GS01,42/03/23,146,140,140,147,159,174,187,195,194,185,172,152,129,114,104,108,116,133,150,164,179,181,177,168
GS01,42/03/24,163,154,155,154,163,174,185,192,193,195,180,167,153,132,130,125,124,130,142,157,173,188,181,183
GS01,42/03/25,183,176,172,168,177,176,184,191,192,191,183,175,168,148,135,129,121,121,128,137,150,163,165,174
GS01,42/03/26,174,173,175,173,169,171,174,182,180,183,183,184,179,167,161,142,139,127,129,132,139,151,160,175
GS01,42/03/27,182,185,188,186,182,177,171,174,170,168,177,180,176,180,169,158,149,123,128,116,117,126,136,149
GS01,42/03/28,163,175,184,181,175,177,165,151,153,150,153,165,169,172,175,166,157,140,121,110,104,108,116,129
GS01,42/03/29,153,166,187,187,190,184,168,157,147,148,145,153,168,179,192,194,183,172,152,133,117,111,117,137
GS01,42/03/30,158,190,204,221,216,209,195,172,155,147,146,156,171,187,202,213,213,196,180,147,124,111,100,114
GS01,42/03/31,142,163,187,207,212,211,193,172,144,129,117,122,137,161,179,202,209,209,186,158,132,103,91,96
GS01,42/04/01,111,136,168,192,207,209,201,172,141,118,101,96,111,133,164,181,210,214,207,182,154,122,103,99
GS01,42/04/02,101,130,166,187,206,218,206,186,157,133,106,88,96,116,142,172,203,216,220,203,179,151,123,106
GS01,42/04/03,109,124,153,178,201,215,214,201,174,143,112,93,85,96,118,150,180,206,220,217,202,177,151,128
GS01,42/04/04,120,124,141,165,192,209,217,212,188,158,124,99,84,81,96,124,154,184,205,214,211,192,168,146
GS01,42/04/05,135,127,140,155,183,204,212,219,203,180,146,123,97,87,94,113,141,171,192,212,213,213,199,178
GS01,42/04/06,156,158,144,160,182,201,214,206,209,188,172,143,117,82,90,93,113,132,157,172,194,197,193,182
GS01,42/04/07,175,169,158,163,173,184,194,203,200,194,176,154,135,114,99,96,104,113,127,150,166,179,180,182
GS01,42/04/08,179,170,166,163,164,171,174,181,185,186,178,167,151,134,117,106,101,100,109,119,137,155,165,173
GS01,42/04/09,178,177,167,167,165,165,165,168,170,174,176,173,165,154,141,125,112,112,110,114,126,136,154,169
GS01,42/04/10,180,186,188,187,181,175,171,169,170,173,182,190,187,185,181,172,158,145,137,127,131,146,149,169
GS01,42/04/11,172,196,203,198,191,177,166,154,149,149,154,163,172,181,185,178,164,150,132,122,110,113,124,140
GS01,42/04/12,162,180,193,198,196,183,166,149,138,132,141,153,165,181,190,197,185,169,153,139,128,119,125,140
GS01,42/04/13,161,189,208,221,222,216,201,168,151,140,134,151,160,183,198,212,215,206,183,161,138,120,126,124
GS01,42/04/14,151,166,190,203,211,204,183,162,128,115,110,113,134,154,178,197,205,199,183,172,139,120,113,115
GS01,42/04/15,131,146,173,192,202,203,187,166,132,108,96,94,107,130,162,180,206,207,202,180,156,134,120,118
GS01,42/04/16,121,146,168,191,204,210,198,182,150,124,105,93,104,121,148,180,198,217,221,206,183,160,145,137
GS01,42/04/17,145,156,173,193,213,218,217,194,166,135,110,94,90,104,127,155,184,203,212,204,188,168,141,126
GS01,42/04/18,128,133,151,175,191,199,203,186,165,139,108,91,77,85,102,130,156,181,196,196,192,174,155,138
GS01,42/04/19,125,130,143,159,177,192,197,192,173,147,119,95,78,74,88,107,133,162,177,185,187,173,161,144
GS01,42/04/20,130,127,139,146,165,180,191,186,178,157,130,109,93,82,88,101,126,153,175,191,195,192,186,171
GS01,42/04/21,163,166,169,181,199,201,213,219,206,194,183,158,134,123,120,121,134,159,182,200,203,191,196,190
GS01,42/04/22,170,172,169,167,178,185,189,198,194,189,171,156,136,116,111,106,116,127,148,162,175,181,181,176
GS01,42/04/23,170,163,160,155,161,169,170,177,179,174,166,157,140,126,115,109,108,115,124,139,153,161,170,173
GS01,42/04/24,171,169,162,158,156,156,159,164,166,163,168,157,149,139,131,118,111,107,119,120,135,148,160,170
GS01,42/04/25,176,176,174,168,161,160,152,154,154,155,164,164,163,157,147,139,130,120,120,121,129,142,155,169
GS01,42/04/26,179,185,185,180,174,162,154,147,146,149,155,161,169,171,171,160,149,135,123,115,117,125,138,156
GS01,42/04/27,171,183,190,188,181,168,152,139,131,131,138,151,164,175,181,182,173,155,136,122,111,114,128,145
GS01,42/04/28,167,186,198,201,196,178,156,139,125,119,121,137,155,176,193,199,195,186,163,143,126,114,122,135
GS01,42/04/29,156,178,196,209,204,189,172,145,118,101,100,109,128,158,176,202,207,196,177,158,137,116,116,117
GS01,42/04/30,139,164,190,205,212,204,178,158,122,99,89,94,106,135,167,195,211,219,208,188,162,141,122,122
GS01,42/05/01,136,161,184,208,219,215,201,174,137,108,85,78,87,110,139,176,201,219,221,206,186,160,137,129
GS01,42/05/02,133,149,171,197,218,219,210,186,153,117,92,70,69,85,111,146,181,209,222,216,201,183,160,145
GS01,42/05/03,138,148,164,186,210,220,217,203,174,138,110,82,68,71,91,121,155,183,211,224,215,203,187,162
GS01,42/05/04,155,157,166,186,200,220,224,221,201,171,140,112,92,82,97,106,140,169,196,214,215,220,203,191
GS01,42/05/05,175,169,173,179,197,207,216,220,207,189,162,130,110,92,92,92,117,142,167,188,201,208,201,195
GS01,42/05/06,180,173,167,169,177,185,199,204,201,191,173,153,130,110,99,99,103,124,139,161,181,193,196,196
GS01,42/05/07,191,184,176,172,176,176,188,192,201,197,188,180,162,144,130,121,118,127,130,166,175,188,207,208
GS01,42/05/08,209,207,197,193,183,184,185,188,195,196,198,193,183,181,156,149,139,134,134,145,160,169,187,198
GS01,42/05/09,204,204,200,192,181,174,166,165,170,172,181,184,184,183,176,166,155,143,137,137,143,154,169,186
GS01,42/05/10,199,206,206,199,187,174,161,153,150,151,163,173,184,188,189,186,171,163,151,140,137,146,156,173
GS01,42/05/11,187,202,208,204,195,177,161,143,136,133,141,155,171,184,195,195,190,178,162,151,141,141,149,164
GS01,42/05/12,180,198,208,210,205,187,170,143,129,119,125,138,152,178,190,205,202,194,177,163,150,143,147,157
GS01,42/05/13,179,191,207,219,211,200,181,150,131,114,111,120,137,161,185,203,210,209,197,182,160,153,147,154
GS01,42/05/14,168,186,210,218,221,213,193,168,139,119,105,112,128,154,182,207,225,226,219,202,177,162,151,154
GS01,42/05/15,159,177,197,210,216,213,195,168,141,115,94,92,103,122,153,179,203,216,214,202,186,174,157,154
GS01,42/05/16,156,170,189,207,221,223,215,189,159,129,104,92,98,113,139,167,195,217,220,218,201,186,163,155
GS01,42/05/17,158,167,183,200,216,222,217,198,165,142,117,93,89,98,122,153,178,197,214,212,210,192,171,158
GS01,42/05/18,156,157,173,188,203,214,215,201,178,152,124,104,92,88,109,133,164,185,202,211,212,201,185,172
GS01,42/05/19,165,164,169,183,197,211,214,209,196,168,142,120,97,101,103,123,149,175,196,213,215,213,200,184
GS01,42/05/20,175,170,176,184,195,203,220,213,212,183,164,144,126,113,107,122,139,162,189,204,212,217,205,193
GS01,42/05/21,182,171,171,176,184,196,202,207,198,191,167,153,131,115,112,115,120,144,168,182,202,205,205,196
GS01,42/05/22,190,176,172,169,173,180,187,195,196,190,181,165,150,133,121,117,119,130,148,165,184,192,199,197
GS01,42/05/23,192,182,174,167,165,167,172,178,181,182,178,173,160,147,134,125,122,127,134,151,168,183,195,200
GS01,42/05/24,197,192,184,174,167,161,161,165,169,174,177,179,176,170,155,148,136,132,136,143,157,174,189,201
GS01,42/05/25,207,204,197,187,176,162,154,156,155,162,171,182,187,189,182,169,160,148,141,142,152,165,182,197
GS01,42/05/26,208,213,209,201,183,165,153,145,144,145,158,172,186,199,200,195,183,167,158,145,148,154,171,190
GS01,42/05/27,208,215,224,215,202,180,161,142,132,132,141,158,182,202,214,225,217,198,183,170,155,152,164,181
GS01,42/05/28,199,213,225,221,212,189,164,136,115,106,111,125,148,174,205,219,225,219,199,180,162,152,151,167
GS01,42/05/29,184,204,223,228,226,207,185,145,119,97,90,94,121,147,183,208,225,229,221,200,179,161,154,157
GS01,42/05/30,169,190,213,225,230,221,197,165,130,100,80,77,88,116,150,185,216,231,232,221,202,181,165,157
GS01,42/05/31,166,183,204,222,232,232,218,190,150,113,89,76,73,88,122,158,192,219,232,231,216,196,182,166
GS01,42/06/01,165,175,199,211,227,237,234,215,181,145,112,90,75,86,104,137,167,201,221,235,227,215,197,181
GS01,42/06/02,169,169,179,191,210,220,225,211,190,159,124,95,79,70,81,102,130,159,189,208,214,208,198,181
GS01,42/06/03,171,160,164,171,190,206,210,210,201,181,148,126,104,91,85,99,117,144,169,197,207,215,207,198
GS01,42/06/04,183,174,168,172,179,197,206,208,208,200,180,160,135,120,107,109,121,141,164,185,207,215,212,213
GS01,42/06/05,196,186,178,172,179,181,190,200,201,188,207,179,156,147,121,126,125,131,153,163,185,203,209,211
GS01,42/06/06,201,192,180,167,162,164,170,174,181,187,190,184,173,161,147,133,133,131,142,157,169,187,201,203
GS01,42/06/07,205,200,191,174,170,158,157,162,173,177,179,190,189,183,179,169,154,157,153,168,179,192,206,216
GS01,42/06/08,222,225,212,195,180,171,163,161,160,168,174,193,198,206,203,194,187,171,170,162,174,181,199,211
GS01,42/06/09,221,229,219,212,194,179,158,148,144,154,164,175,189,202,207,208,200,182,179,167,170,176,185,202
GS01,42/06/10,216,222,226,211,204,188,157,148,136,128,136,153,168,193,206,212,211,204,190,178,168,170,171,186
GS01,42/06/11,198,211,221,216,205,188,161,137,118,109,109,128,143,166,191,210,214,206,193,178,167,158,164,171
GS01,42/06/12,185,199,211,218,209,195,174,142,117,102,97,103,120,148,169,196,204,211,204,191,176,162,160,165
GS01,42/06/13,172,192,209,217,219,209,187,160,130,105,92,93,106,131,161,186,206,215,214,204,189,174,164,165
GS01,42/06/14,172,187,206,222,229,227,210,186,156,129,109,103,111,130,158,188,213,230,235,226,211,192,184,174
GS01,42/06/15,176,188,206,221,235,232,225,204,169,148,124,103,102,115,139,163,198,218,230,226,213,199,176,167
GS01,42/06/16,164,167,183,197,209,222,213,201,174,144,115,95,85,91,108,138,164,195,210,219,212,198,181,168
GS01,42/06/17,162,162,170,189,204,215,218,210,191,166,137,113,95,95,104,122,151,183,207,219,219,214,197,185
GS01,42/06/18,173,169,172,181,196,212,217,219,202,183,157,135,113,105,108,121,144,171,197,215,223,220,210,198
GS01,42/06/19,184,174,172,177,188,206,218,221,216,198,179,159,137,122,115,121,137,163,183,205,215,219,209,198
GS01,42/06/20,188,173,169,169,172,185,196,205,204,196,186,169,150,135,119,118,129,143,164,186,203,213,212,208
GS01,42/06/21,195,180,171,166,163,169,179,186,192,194,192,183,168,153,140,133,131,138,155,173,193,206,213,211
GS01,42/06/22,204,193,180,168,162,159,167,168,179,191,194,189,184,173,162,149,146,144,154,160,180,196,209,211
GS01,42/06/23,210,201,190,175,160,153,148,153,156,169,177,186,190,185,181,171,161,149,148,154,168,178,201,216
GS01,42/06/24,225,216,206,191,175,157,141,137,139,150,164,178,194,202,205,201,189,179,169,164,167,178,192,210
GS01,42/06/25,218,224,221,207,188,166,145,131,121,125,140,157,180,199,212,218,214,205,190,177,174,171,191,200
GS01,42/06/26,217,227,230,222,207,183,156,130,112,105,110,129,153,182,204,222,228,223,217,194,180,170,172,186
GS01,42/06/27,203,218,230,233,222,200,175,142,110,93,90,100,124,156,188,215,232,233,227,214,193,179,175,183
GS01,42/06/28,196,213,231,242,239,223,197,159,129,99,80,85,97,125,163,201,221,237,241,229,211,193,179,171
GS01,42/06/29,181,196,214,231,240,240,218,191,150,114,88,73,83,97,132,170,203,229,239,237,226,207,188,178
GS01,42/06/30,176,185,205,224,241,245,240,218,184,146,115,94,83,90,111,141,183,210,233,238,237,222,202,187
GS01,42/07/01,180,176,192,212,233,245,243,235,212,175,141,117,94,96,106,129,160,190,217,235,236,228,212,189
GS01,42/07/02,182,168,177,190,206,222,236,236,224,202,170,144,118,107,109,120,143,170,198,225,232,233,222,207
GS01,42/07/03,187,175,169,177,187,205,220,227,225,215,193,170,148,125,121,127,139,161,187,209,228,233,229,214
GS01,42/07/04,199,183,174,172,176,188,203,213,220,219,210,193,177,159,144,143,153,164,185,206,224,233,237,230
GS01,42/07/05,216,202,187,178,174,178,188,202,211,213,215,204,196,180,167,161,159,166,181,193,213,223,230,231
GS01,42/07/06,223,212,198,181,172,168,170,180,187,199,206,207,204,197,188,179,176,173,182,191,205,218,229,232
GS01,42/07/07,231,223,212,193,179,165,163,164,169,181,192,199,206,208,206,199,195,186,190,195,203,214,224,230
GS01,42/07/08,233,230,223,208,191,175,161,154,156,162,171,188,198,206,209,211,205,199,192,188,191,198,207,217
GS01,42/07/09,224,227,224,211,195,176,157,142,136,139,148,166,182,199,211,216,213,208,200,192,187,188,198,209
GS01,42/07/10,221,228,230,221,206,188,168,147,131,129,133,149,171,190,212,224,227,224,215,202,195,190,193,204
GS01,42/07/11,215,228,235,233,226,207,185,160,137,124,123,134,155,178,202,223,233,235,226,211,200,189,185,194
GS01,42/07/12,204,218,230,237,236,222,201,172,144,122,115,116,134,158,185,211,229,234,234,223,204,189,178,182
GS01,42/07/13,189,204,219,232,236,228,210,184,152,128,110,103,112,138,168,194,217,233,234,227,213,198,178,174
GS01,42/07/14,179,195,209,225,237,236,226,203,170,144,118,105,107,125,153,182,209,235,232,239,219,207,189,179
GS01,42/07/15,181,185,201,224,236,244,239,224,193,164,135,115,106,115,137,169,195,222,236,239,229,213,195,178
GS01,42/07/16,172,175,187,204,221,232,236,230,205,176,148,120,104,108,123,147,178,203,224,236,231,221,201,185
GS01,42/07/17,170,169,176,191,208,224,235,232,217,194,162,137,119,109,119,136,164,195,218,233,236,225,210,192
GS01,42/07/18,175,168,169,179,193,208,224,228,222,207,182,155,136,120,122,129,153,177,203,222,234,229,219,200
GS01,42/07/19,182,169,165,170,176,190,205,217,217,212,193,174,153,137,127,129,146,167,188,214,224,232,219,208
GS01,42/07/20,187,173,161,157,161,172,188,202,207,208,202,190,175,157,143,139,144,156,179,197,216,223,223,215
GS01,42/07/21,199,183,166,155,150,155,162,177,187,198,200,196,191,177,166,160,151,162,172,190,206,218,224,222
GS01,42/07/22,213,195,179,160,152,144,145,154,165,178,187,195,197,194,188,179,173,168,173,181,195,207,215,220
GS01,42/07/23,216,209,193,175,158,143,134,132,136,153,169,181,193,202,202,199,190,181,177,178,183,195,203,215
GS01,42/07/24,219,215,205,188,169,147,130,120,117,122,137,155,177,197,207,210,208,199,189,179,178,183,192,202
GS01,42/07/25,215,221,219,207,188,166,140,117,103,102,109,126,153,179,202,218,222,216,207,189,180,177,180,192
GS01,42/07/26,207,222,227,225,212,190,160,130,104,92,90,102,125,157,187,212,228,230,225,209,194,182,178,183
GS01,42/07/27,195,216,229,236,233,219,192,161,126,101,87,89,104,131,167,202,226,241,237,226,210,190,177,173
GS01,42/07/28,181,196,218,232,240,237,220,191,153,119,94,83,85,106,141,177,210,235,242,236,219,202,183,170
GS01,42/07/29,171,183,200,220,236,241,233,213,181,146,114,93,83,95,120,152,187,216,234,237,227,211,188,171
GS01,42/07/30,162,165,183,202,226,238,240,232,211,177,146,118,99,99,115,139,173,203,224,238,234,219,197,175
GS01,42/07/31,161,155,164,180,203,221,233,233,217,196,167,139,118,109,114,133,159,187,215,231,234,225,208,184
GS01,42/08/01,165,154,153,160,180,202,219,227,225,208,187,164,140,124,123,132,152,179,205,221,229,229,216,197
GS01,42/08/02,174,159,151,150,165,183,199,213,215,210,195,175,155,140,135,137,155,172,195,214,221,226,217,201
GS01,42/08/03,181,164,151,146,151,165,179,194,202,204,198,187,174,160,152,151,158,175,191,204,215,216,218,206
GS01,42/08/04,193,177,161,151,147,152,160,176,187,195,197,196,190,182,173,170,172,176,190,201,209,221,221,216
GS01,42/08/05,207,191,178,164,154,146,149,157,171,180,187,193,195,194,189,188,183,186,192,199,206,215,218,221
GS01,42/08/06,216,207,194,181,166,155,151,152,158,165,176,186,198,201,204,204,200,196,196,197,199,206,214,219
GS01,42/08/07,221,218,207,194,177,162,151,141,145,147,160,174,186,203,210,214,212,206,200,193,195,200,208,215
GS01,42/08/08,220,223,220,214,197,179,160,145,134,135,152,166,187,204,217,223,223,216,207,197,195,196,205,214
GS01,42/08/09,224,233,233,226,212,190,167,147,133,130,141,158,180,202,223,235,237,232,219,208,196,194,197,209
GS01,42/08/10,220,234,240,240,228,205,182,153,132,123,125,139,161,187,211,228,239,237,228,210,193,183,183,189
GS01,42/08/11,206,221,234,240,235,221,197,167,141,125,115,115,131,158,186,213,231,239,237,223,202,187,175,174
GS01,42/08/12,185,200,219,234,244,239,222,200,164,134,114,111,128,156,187,214,235,246,240,225,201,181,169,166
GS01,42/08/13,175,194,215,232,242,239,224,198,164,136,114,107,116,138,168,200,223,235,236,222,206,184,163,157
GS01,42/08/14,159,172,194,215,233,238,232,210,176,146,121,106,115,139,170,201,223,235,233,219,199,178,159,151
GS01,42/08/15,155,171,191,213,230,237,229,210,191,166,141,121,114,125,145,176,205,227,240,235,221,199,175,155
GS01,42/08/16,149,152,164,188,211,228,236,235,226,206,181,157,136,128,135,155,181,206,230,237,235,219,196,173
GS01,42/08/17,155,147,147,161,181,202,220,230,227,217,196,176,153,141,141,151,168,188,216,228,233,224,208,184
GS01,42/08/18,163,147,142,142,154,170,188,204,213,210,189,172,156,149,147,148,154,174,192,211,223,221,212,192
GS01,42/08/19,173,152,136,132,130,137,152,172,188,197,198,194,184,171,164,161,162,171,186,202,215,222,218,208
GS01,42/08/20,190,171,152,136,131,131,139,152,167,182,197,198,194,188,179,177,178,178,183,196,206,214,219,219
GS01,42/08/21,207,195,179,159,145,136,133,136,149,161,179,194,203,209,211,206,199,194,190,196,202,210,216,220
GS01,42/08/22,219,211,199,180,161,143,130,121,126,134,155,175,197,214,218,218,209,203,196,189,192,196,202,213
GS01,42/08/23,218,219,218,203,182,156,133,112,104,103,111,130,156,185,208,217,225,215,201,187,177,171,178,189
GS01,42/08/24,9999,9999,9999,9999,9999,9999,9999,9999,9999,9999,9999,9999,9999,9999,9999,9999,9999,9999,9999,9999,9999,9999,9999,9999
GS01,42/08/25,9999,9999,9999,9999,9999,9999,9999,9999,9999,9999,9999,9999,9999,9999,9999,9999,9999,9999,9999,9999,9999,9999,9999,9999
GS01,42/08/26,9999,9999,9999,9999,9999,9999,9999,9999,9999,9999,9999,9999,9999,9999,9999,9999,9999,9999,9999,9999,9999,9999,9999,9999
GS01,42/08/27,9999,9999,9999,9999,9999,9999,9999,9999,9999,9999,9999,9999,9999,9999,9999,9999,9999,9999,9999,9999,9999,9999,9999,9999
GS01,42/08/28,9999,9999,9999,9999,9999,9999,9999,9999,9999,9999,9999,9999,9999,9999,9999,9999,9999,9999,9999,9999,9999,9999,9999,9999
GS01,42/08/29,9999,9999,9999,9999,9999,9999,9999,9999,9999,9999,9999,9999,9999,9999,9999,9999,9999,9999,9999,9999,9999,9999,9999,9999
GS01,42/08/30,131,124,132,147,174,196,210,218,210,193,170,146,129,123,127,147,169,196,216,223,219,206,184,156
GS01,42/08/31,138,125,125,142,157,181,200,211,214,207,189,170,155,146,144,154,170,190,209,224,231,221,202,186
GS01,42/09/01,162,145,138,142,154,174,197,210,216,217,208,193,180,168,162,168,175,187,207,218,224,221,209,189
GS01,42/09/02,167,151,138,135,134,144,162,176,186,193,190,185,178,171,167,166,171,181,189,200,211,212,205,194
GS01,42/09/03,180,163,149,142,136,139,145,159,172,181,187,187,186,183,179,177,178,181,188,198,207,208,208,202
GS01,42/09/04,193,178,166,152,141,135,134,141,149,161,172,179,185,188,187,186,182,181,181,182,189,191,193,194
GS01,42/09/05,192,186,175,163,150,140,132,129,133,141,154,168,180,188,194,196,193,190,183,181,181,185,189,195
GS01,42/09/06,198,200,195,187,170,156,141,128,127,131,145,158,178,193,203,208,210,203,193,186,177,177,181,188
GS01,42/09/07,200,205,210,204,193,174,155,136,124,123,127,145,164,188,208,216,219,216,202,188,176,170,172,182
GS01,42/09/08,192,209,220,225,218,202,180,155,133,124,126,137,159,184,209,224,231,229,216,198,182,170,166,170
GS01,42/09/09,184,204,220,229,228,215,193,165,136,115,107,117,134,161,190,214,230,230,219,198,177,160,150,150
GS01,42/09/10,162,181,205,222,235,227,208,177,147,122,106,105,118,146,174,201,223,229,223,205,178,156,143,138
GS01,42/09/11,147,167,191,218,233,237,229,200,168,137,114,103,109,132,163,192,218,232,233,218,191,163,142,130
GS01,42/09/12,130,149,170,198,223,234,234,216,189,157,132,111,110,123,148,181,211,229,236,228,207,177,149,130
GS01,42/09/13,126,138,157,184,209,232,239,231,209,181,154,130,119,126,144,171,199,222,233,231,214,190,157,130
GS01,42/09/14,120,117,131,154,185,208,227,231,220,199,176,149,139,133,148,168,190,216,232,236,228,207,179,146
GS01,42/09/15,130,121,126,140,165,189,212,223,223,212,193,173,154,143,141,152,182,192,224,228,224,212,188,161
GS01,42/09/16,134,119,117,122,143,162,178,207,211,214,202,189,172,162,160,162,179,189,218,221,227,219,202,178
GS01,42/09/17,157,132,126,117,126,140,157,177,193,203,205,199,193,183,176,175,181,185,204,212,218,218,211,196
GS01,42/09/18,177,157,142,132,128,132,143,159,177,189,201,205,208,201,200,191,193,191,199,207,213,216,218,209
GS01,42/09/19,199,183,166,152,140,134,133,145,147,166,180,190,212,212,213,213,202,205,202,208,206,206,217,208
GS01,42/09/20,206,203,190,175,159,139,127,120,125,138,153,173,191,203,215,213,211,201,192,183,183,185,194,203
GS01,42/09/21,208,212,208,202,184,164,142,130,121,127,136,158,181,203,218,229,229,218,204,191,175,174,183,193
GS01,42/09/22,205,225,233,230,218,194,170,145,127,120,125,140,164,190,212,229,236,226,209,189,172,148,158,169
GS01,42/09/23,180,206,221,229,225,204,181,153,127,108,104,110,134,163,191,216,227,226,208,187,161,143,134,140
GS01,42/09/24,157,176,204,221,229,221,201,171,147,112,96,106,125,145,175,209,228,232,217,195,167,143,127,119
GS01,42/09/25,129,151,177,204,219,227,214,192,162,130,111,106,114,134,162,190,215,227,220,205,177,149,125,114
GS01,42/09/26,116,137,162,191,218,229,230,213,191,160,134,118,118,131,157,187,211,227,229,217,191,162,135,112
GS01,42/09/27,108,116,142,167,197,218,228,223,205,180,153,135,126,133,150,175,202,221,230,224,207,177,150,121
GS01,42/09/28,110,110,122,150,175,202,216,218,210,188,167,149,135,131,147,165,183,206,219,224,206,189,158,130
GS01,42/09/29,109,104,107,125,153,181,201,211,212,202,186,165,154,146,151,162,185,203,215,220,213,197,176,149
GS01,42/09/30,128,119,115,126,146,171,193,206,212,208,201,187,174,166,165,172,185,199,213,220,220,206,190,166
GS01,42/10/01,145,130,122,122,136,153,171,191,197,204,197,190,177,172,169,177,182,189,200,206,212,204,195,180
GS01,42/10/02,160,151,132,129,131,143,154,172,184,195,200,199,194,187,186,184,184,190,198,204,210,209,206,195
GS01,42/10/03,182,169,156,142,142,143,149,162,170,182,195,199,201,200,200,195,193,195,191,193,200,199,200,195
GS01,42/10/04,196,179,173,163,151,137,137,143,152,163,169,186,195,202,206,204,200,191,189,184,186,188,194,194
GS01,42/10/05,198,194,191,179,166,149,141,135,141,149,162,181,195,205,214,212,209,200,190,180,179,176,179,190
GS01,42/10/06,203,203,209,197,183,172,154,143,137,145,154,172,188,208,223,226,224,215,198,182,174,169,173,184
GS01,42/10/07,198,214,222,222,211,192,171,153,138,134,139,155,177,201,220,231,231,217,199,177,157,148,151,161
GS01,42/10/08,174,193,211,221,218,204,182,157,138,123,126,138,160,188,214,233,234,227,208,186,161,146,137,153
GS01,42/10/09,167,195,219,235,241,226,206,182,155,135,131,132,151,177,207,227,240,231,221,195,164,146,127,130
GS01,42/10/10,142,169,200,229,243,247,236,214,182,154,134,135,143,167,199,226,243,247,239,215,181,151,136,131
GS01,42/10/11,126,152,179,209,236,244,245,229,201,173,149,135,136,150,183,209,230,244,238,220,185,153,127,109
GS01,42/10/12,106,122,151,184,211,232,241,235,216,187,161,145,134,147,168,198,224,241,244,229,204,174,141,110
GS01,42/10/13,95,105,125,156,185,221,240,241,235,214,189,168,156,158,166,191,217,236,248,242,222,196,162,133
GS01,42/10/14,114,109,119,137,173,201,224,238,240,230,215,193,178,172,175,188,209,225,239,242,232,210,180,150
GS01,42/10/15,126,112,110,119,138,167,193,214,223,223,215,203,188,181,174,182,189,206,219,228,225,216,198,165
GS01,42/10/16,147,123,116,116,124,148,168,190,205,214,214,214,204,192,187,185,187,194,206,212,220,214,201,184
GS01,42/10/17,163,144,129,126,120,133,144,164,181,191,204,208,212,208,202,200,195,197,200,210,217,217,220,209
GS01,42/10/18,198,185,162,151,138,144,142,153,164,181,195,204,214,219,216,216,205,197,191,185,191,197,199,205
GS01,42/10/19,199,197,187,172,154,144,131,133,140,153,167,181,202,208,216,214,207,189,177,171,166,167,173,183
GS01,42/10/20,191,199,197,187,172,154,136,127,123,128,142,161,183,201,212,215,208,194,176,158,147,147,154,168
GS01,42/10/21,186,202,210,209,198,180,161,140,129,126,135,152,176,198,216,227,225,208,190,165,146,136,137,150
GS01,42/10/22,169,197,215,221,221,206,186,162,145,132,131,147,162,193,214,229,231,224,204,176,152,133,125,133
GS01,42/10/23,156,178,207,224,227,223,203,182,166,143,136,142,149,181,198,223,233,226,213,175,153,127,119,116
GS01,42/10/24,123,151,179,218,224,228,221,195,177,153,138,133,141,170,188,215,223,228,216,191,162,125,109,93
GS01,42/10/25,103,128,156,180,207,224,223,208,187,169,140,138,141,151,177,200,219,227,219,197,167,135,108,92
GS01,42/10/26,92,106,133,167,195,209,220,213,196,173,154,141,138,149,168,192,210,222,220,206,180,146,117,96
GS01,42/10/27,88,97,117,147,177,203,216,219,207,191,169,153,146,150,162,183,201,217,221,211,193,166,135,106
GS01,42/10/28,93,96,108,131,164,187,206,215,215,199,182,168,160,157,166,178,195,210,216,213,199,180,151,126
GS01,42/10/29,109,99,106,119,144,170,192,206,210,205,195,182,169,165,168,176,189,205,210,213,205,190,168,143
GS01,42/10/30,123,109,108,119,133,157,178,196,208,209,205,192,184,178,177,186,193,201,213,219,214,203,190,172
GS01,42/10/31,153,141,132,131,142,159,175,195,206,214,214,207,201,195,192,193,195,199,200,211,206,208,195,184
GS01,42/11/01,170,155,143,137,138,149,159,177,191,201,207,211,205,206,202,198,195,197,202,207,205,211,208,203
GS01,42/11/02,194,182,168,161,152,155,157,166,182,191,201,209,212,211,207,201,195,190,186,185,184,191,192,191
GS01,42/11/03,192,181,173,162,151,143,141,141,151,164,180,192,203,207,206,200,191,180,172,166,163,170,174,184
GS01,42/11/04,189,195,191,185,172,157,150,146,147,154,171,191,207,219,222,218,209,192,180,161,163,158,164,176
GS01,42/11/05,191,206,206,206,200,174,168,144,141,149,156,175,195,217,227,227,219,202,181,161,140,140,143,162
GS01,42/11/06,173,199,209,219,218,198,172,156,136,134,142,156,178,205,217,230,225,204,186,148,136,120,124,135
GS01,42/11/07,160,184,213,221,234,222,203,179,155,142,140,156,176,202,227,243,244,232,208,176,146,121,113,117
GS01,42/11/08,137,166,198,221,238,238,225,202,174,153,142,143,158,182,208,230,239,233,210,179,142,108,90,85
GS01,42/11/09,97,123,157,189,214,229,227,209,187,161,143,133,139,158,185,207,224,226,215,189,149,114,87,71
GS01,42/11/10,73,95,126,160,196,218,228,223,205,179,160,143,140,150,171,196,214,224,221,203,168,130,96,72
GS01,42/11/11,64,72,94,130,165,195,216,222,214,194,174,156,146,150,162,183,203,216,219,209,185,156,118,91
GS01,42/11/12,69,68,81,104,134,168,193,212,212,204,189,172,157,155,158,172,191,203,211,207,195,169,143,110
GS01,42/11/13,88,73,73,89,111,142,168,194,204,207,199,187,174,165,161,168,182,192,203,207,203,188,167,146
GS01,42/11/14,117,100,92,92,105,129,156,179,196,209,206,204,197,190,184,184,190,201,203,218,219,215,208,184
GS01,42/11/15,176,142,137,120,124,132,147,168,185,195,202,206,201,198,188,180,174,172,177,181,183,184,182,173
GS01,42/11/16,167,154,138,122,118,114,128,137,156,172,181,196,200,201,192,186,177,164,163,162,166,170,178,184
GS01,42/11/17,179,179,166,151,142,135,136,137,146,163,179,194,203,211,208,204,189,179,166,160,161,167,178,186
GS01,42/11/18,201,202,205,195,186,169,162,159,161,168,181,200,215,232,233,227,212,190,176,159,149,151,159,172
GS01,42/11/19,191,200,207,206,198,183,170,157,149,154,163,180,200,216,222,224,214,196,168,144,130,126,130,145
GS01,42/11/20,166,187,205,210,211,200,183,162,154,149,154,166,182,203,218,227,223,205,182,156,128,119,114,127
GS01,42/11/21,152,179,200,220,227,220,209,189,168,155,159,159,179,196,216,228,228,217,193,161,129,108,100,105
GS01,42/11/22,122,149,181,204,219,224,214,197,178,161,153,151,161,184,205,219,225,220,203,171,139,108,92,88
GS01,42/11/23,100,128,155,188,211,223,223,208,190,172,156,151,159,173,195,216,230,229,216,190,157,123,98,89
GS01,42/11/24,95,115,146,178,209,227,236,227,213,196,176,167,168,179,200,220,235,243,237,215,187,155,123,105
GS01,42/11/25,102,115,142,174,203,228,238,238,226,208,188,174,169,175,187,208,220,227,226,207,182,151,121,98
GS01,42/11/26,88,93,112,139,168,194,214,220,217,203,185,173,166,166,177,194,208,221,224,218,196,175,144,119
GS01,42/11/27,102,103,113,132,162,190,215,223,231,220,205,200,188,186,188,200,218,224,231,225,217,191,164,137
GS01,42/11/28,117,107,107,121,142,166,189,207,210,212,202,190,180,171,169,175,187,195,205,209,203,189,172,146
GS01,42/11/29,129,114,108,114,128,149,169,188,203,206,202,195,182,170,168,167,171,181,186,191,190,185,171,158
GS01,42/11/30,138,125,114,112,121,131,155,167,189,197,200,198,191,182,173,171,165,170,175,177,182,181,179,171
GS01,42/12/01,157,144,132,127,125,129,144,161,174,190,198,202,195,197,183,176,170,166,164,166,170,180,181,179
GS01,42/12/02,172,163,157,142,139,139,143,151,166,181,194,200,204,203,193,189,175,165,162,153,158,163,167,178
GS01,42/12/03,181,179,175,164,153,146,141,144,152,165,182,196,202,205,202,194,178,163,151,141,137,145,152,169
GS01,42/12/04,175,185,186,180,174,154,147,144,147,154,171,186,202,206,213,208,190,168,148,132,121,118,135,154
GS01,42/12/05,170,191,206,204,203,187,172,157,152,155,168,182,202,218,225,225,210,193,177,159,149,147,151,167
GS01,42/12/06,182,204,214,216,205,188,167,151,145,144,153,169,185,204,219,223,214,193,163,129,102,83,81,94
GS01,42/12/07,118,150,180,203,216,215,203,184,163,150,147,151,170,191,210,224,226,208,179,145,108,81,68,75
GS01,42/12/08,95,129,165,198,226,235,232,218,196,178,162,160,173,194,217,235,243,235,212,176,138,103,79,69
GS01,42/12/09,77,100,135,172,203,226,234,227,211,194,171,158,158,171,189,208,223,229,219,190,154,112,78,58
GS01,42/12/10,54,66,95,128,165,196,214,223,217,198,176,163,159,159,174,195,214,227,222,210,184,142,110,79
GS01,42/12/11,71,69,84,106,151,173,201,219,220,215,190,173,165,160,167,180,201,213,222,212,198,169,136,109
GS01,42/12/12,83,69,71,88,114,141,169,190,203,204,198,182,170,159,157,167,178,185,201,200,194,184,154,134
GS01,42/12/13,108,91,85,96,107,127,153,183,198,208,203,192,177,165,159,158,163,171,183,189,195,188,177,158
GS01,42/12/14,133,116,101,100,108,121,141,158,180,193,201,195,185,174,164,155,154,155,161,165,174,173,172,162
GS01,42/12/15,149,136,122,112,113,118,130,148,163,178,187,192,189,186,170,162,148,147,144,146,154,162,169,168
GS01,42/12/16,166,158,149,139,134,131,135,147,160,175,188,195,200,194,186,176,164,150,142,142,147,151,161,171
GS01,42/12/17,174,178,174,165,158,151,148,150,157,167,180,189,199,202,195,187,172,154,136,127,125,131,141,159
GS01,42/12/18,169,180,186,185,180,172,165,159,162,168,182,190,205,214,214,212,191,176,153,143,127,127,143,158
GS01,42/12/19,173,193,208,213,213,205,192,186,180,182,189,198,213,224,229,228,215,192,169,142,125,113,120,133
GS01,42/12/20,153,176,198,206,213,205,197,184,171,168,172,179,192,205,220,222,214,196,171,141,116,99,98,106
GS01,42/12/21,125,151,179,196,208,215,206,190,177,168,162,167,178,191,209,217,218,207,184,156,125,102,90,95
GS01,42/12/22,111,135,164,191,207,217,215,202,187,173,162,162,174,180,202,214,218,213,194,162,133,102,87,77
GS01,42/12/23,88,111,143,167,199,213,215,210,196,181,168,158,161,174,192,210,222,220,211,183,150,111,92,82
GS01,42/12/24,84,101,129,164,192,210,227,223,210,202,182,167,173,177,196,211,226,228,227,211,181,151,120,102
GS01,42/12/25,100,103,126,158,186,212,231,236,227,215,198,187,172,182,186,221,223,241,239,224,201,178,141,122
GS01,42/12/26,108,106,123,147,176,205,229,235,230,227,206,191,178,170,174,195,203,225,224,219,200,178,151,126
GS01,42/12/27,107,105,108,127,159,181,210,227,233,231,217,202,190,182,184,193,206,219,229,225,215,194,171,147
GS01,42/12/28,123,112,111,122,142,166,187,207,216,218,207,194,182,169,165,171,177,190,203,205,202,195,172,158
GS01,42/12/29,137,122,112,122,132,153,173,190,211,212,211,196,186,175,164,165,170,169,180,186,192,191,176,165
GS01,42/12/30,150,130,123,118,118,136,157,172,189,201,205,199,193,177,173,162,155,163,165,171,187,185,182,180
GS01,42/12/31,175,161,156,143,138,150,163,170,189,200,208,206,203,197,183,169,160,152,150,153,155,161,166,171
