GS01,87/01/01,92,110,138,173,208,235,249,251,243,229,213,202,199,206,219,235,246,247,235,211,178,141,106,79
GS01,87/01/02,68,74,94,126,162,196,222,236,237,228,213,198,189,191,202,220,237,248,248,236,213,182,147,117
GS01,87/01/03,98,93,104,128,160,195,226,247,254,250,238,222,209,203,207,220,236,250,257,254,240,215,183,151
GS01,87/01/04,126,112,111,122,145,176,205,229,242,245,237,223,207,195,191,196,208,222,234,239,235,221,199,173
GS01,87/01/05,148,129,120,124,138,160,185,208,224,229,227,215,200,186,177,176,181,192,204,214,220,217,207,191
GS01,87/01/06,172,155,142,139,146,162,182,202,220,230,232,225,212,197,184,176,174,178,187,198,207,211,207,199
GS01,87/01/07,186,172,160,153,154,163,177,193,209,220,224,221,211,199,185,172,164,162,165,173,183,192,197,199
GS01,87/01/08,197,193,186,182,182,188,197,209,221,230,235,233,227,216,202,187,173,164,158,159,166,174,182,190
GS01,87/01/09,195,198,198,195,192,192,195,201,210,219,227,230,228,223,215,202,187,171,158,150,150,156,166,177
GS01,87/01/10,189,200,206,208,206,203,201,202,205,210,217,222,225,224,219,207,191,172,152,137,130,131,138,151
GS01,87/01/11,167,184,197,205,207,204,200,196,194,195,199,204,209,211,210,204,191,172,149,128,114,109,111,123
GS01,87/01/12,142,164,184,199,208,212,209,204,198,195,197,202,210,218,224,224,217,201,179,155,137,125,123,131
GS01,87/01/13,150,174,200,222,238,247,247,241,232,224,220,221,226,235,243,247,243,228,204,176,148,125,113,113
GS01,87/01/14,127,150,177,204,224,234,235,229,218,207,198,196,201,212,226,236,238,230,211,184,155,128,109,102
GS01,87/01/15,109,128,155,183,209,226,232,229,218,205,193,186,187,196,211,224,233,231,217,193,163,132,106,91
GS01,87/01/16,91,106,131,161,189,211,222,223,214,201,186,176,175,182,196,214,228,233,226,208,181,151,122,101
GS01,87/01/17,95,104,126,156,187,215,234,242,238,225,209,196,190,193,205,222,239,249,247,235,212,182,150,123
GS01,87/01/18,109,108,121,145,173,202,223,233,231,220,204,188,177,176,184,199,217,231,237,231,215,191,162,134
GS01,87/01/19,115,108,115,133,160,189,215,231,235,228,214,197,182,174,176,188,205,221,233,235,227,210,185,158
GS01,87/01/20,135,121,120,130,150,176,201,220,229,226,215,197,179,167,163,168,179,194,208,216,216,207,191,169
GS01,87/01/21,148,132,125,128,141,163,186,206,218,221,213,198,179,163,153,152,158,170,183,195,201,200,191,177
GS01,87/01/22,160,144,134,131,139,154,174,193,206,213,210,198,181,164,150,141,140,145,155,166,177,184,185,181
GS01,87/01/23,172,162,153,149,150,159,174,190,204,213,215,208,195,180,165,153,146,145,150,160,173,185,194,200
GS01,87/01/24,202,200,196,193,192,195,202,212,222,231,235,231,222,208,191,175,160,149,142,141,146,157,169,182
GS01,87/01/25,193,200,203,202,199,197,198,202,208,214,220,223,221,214,202,186,168,149,133,124,122,128,141,159
GS01,87/01/26,177,194,206,213,214,212,208,204,203,205,209,214,217,216,211,198,180,157,133,112,100,97,104,121
GS01,87/01/27,145,172,196,213,222,224,219,211,203,200,201,205,212,219,222,217,204,181,152,124,101,86,83,92
GS01,87/01/28,114,144,176,202,220,229,228,218,206,196,191,192,199,211,221,226,221,204,178,145,113,86,71,70
GS01,87/01/29,84,112,146,180,207,225,231,225,213,199,188,186,190,203,219,233,239,232,212,182,145,111,85,72
GS01,87/01/30,74,93,125,162,197,223,237,238,226,209,193,181,180,189,208,228,243,248,238,212,176,138,104,80
GS01,87/01/31,71,79,103,137,173,205,226,233,226,209,189,172,164,168,183,205,226,240,241,227,201,166,130,101
GS01,87/02/01,83,82,95,121,153,186,212,225,223,209,189,169,155,152,161,178,201,219,228,224,209,183,153,123
GS01,87/02/02,103,95,102,121,149,179,205,222,225,9999,197,175,156,146,150,165,184,206,223,232,226,212,190,166
GS01,87/02/03,144,134,135,147,169,196,222,239,246,242,228,207,187,171,165,170,184,203,220,233,236,230,214,194
GS01,87/02/04,174,160,155,159,173,193,214,231,238,236,224,206,184,166,155,153,160,173,188,202,210,211,206,194
GS01,87/02/05,183,172,167,168,177,191,210,224,234,236,230,217,199,180,166,157,156,163,174,186,197,203,206,203
GS01,87/02/06,197,191,186,185,189,198,211,223,229,233,230,219,205,188,173,159,152,150,154,160,170,178,185,189
GS01,87/02/07,190,190,190,191,194,198,206,213,219,222,221,216,207,195,182,168,157,148,144,145,150,158,168,177
GS01,87/02/08,185,191,196,199,201,203,205,208,211,213,215,213,209,202,192,180,166,152,140,132,129,133,142,154
GS01,87/02/09,167,181,192,199,202,203,202,200,199,199,201,203,205,205,201,193,180,163,145,130,121,119,124,137
GS01,87/02/10,154,173,191,204,211,213,210,205,199,196,196,199,204,209,211,209,199,182,161,140,122,112,112,122
GS01,87/02/11,140,162,185,203,216,221,219,211,202,195,192,194,201,211,220,223,217,204,183,158,134,116,109,114
GS01,87/02/12,131,156,182,206,224,232,231,223,211,200,193,193,201,213,226,236,237,227,205,176,145,119,103,99
GS01,87/02/13,109,129,157,184,206,220,222,215,200,184,171,167,172,185,201,217,227,225,211,186,156,128,106,95
GS01,87/02/14,100,119,147,180,209,229,237,233,219,200,183,173,173,183,200,219,235,239,230,209,179,146,118,100
GS01,87/02/15,96,107,131,161,191,214,226,224,211,191,170,156,152,159,175,197,218,231,231,218,193,161,130,107
GS01,87/02/16,96,101,119,147,178,206,223,225,215,196,174,155,143,144,157,178,201,218,226,220,202,176,146,119
GS01,87/02/17,102,100,112,135,164,193,213,220,214,197,173,151,135,130,137,155,178,199,214,219,211,193,168,143
GS01,87/02/18,123,115,121,140,165,192,214,227,225,211,188,164,144,133,132,143,162,184,203,214,214,205,187,165
GS01,87/02/19,145,133,133,143,162,186,208,222,224,214,195,171,149,132,125,128,140,158,178,194,202,201,192,177
GS01,87/02/20,161,149,145,149,162,180,200,215,222,217,202,182,160,141,128,124,130,142,157,174,186,192,192,187
GS01,87/02/21,179,172,167,168,174,186,200,213,220,218,209,193,175,155,138,128,125,128,137,151,165,177,187,192
GS01,87/02/22,194,193,191,192,194,200,207,216,222,224,221,212,199,182,165,151,139,132,132,137,147,159,173,185
GS01,87/02/23,195,203,208,210,211,212,213,216,218,220,220,216,210,199,186,170,154,140,129,124,125,133,146,163
GS01,87/02/24,182,199,213,221,224,223,220,217,215,214,215,217,218,217,212,201,184,165,146,130,120,120,128,145
GS01,87/02/25,168,194,217,235,243,244,239,230,222,216,215,218,224,230,232,227,214,191,163,137,115,102,100,111
GS01,87/02/26,132,161,191,215,230,235,230,218,204,193,188,191,202,216,229,235,232,217,191,160,129,105,93,95
GS01,87/02/27,111,138,171,202,225,237,235,223,205,187,176,174,183,200,220,237,244,239,220,190,155,123,101,93
GS01,87/02/28,99,120,152,187,216,235,239,229,209,187,168,158,161,176,199,222,240,245,236,213,180,145,116,99
GS01,87/03/01,97,111,138,171,203,227,237,231,213,189,165,149,146,156,178,204,226,239,239,225,199,167,134,111
GS01,87/03/02,101,107,126,155,186,212,226,225,210,186,158,135,123,126,142,168,196,218,228,225,209,183,154,128
GS01,87/03/03,113,114,128,151,178,205,222,226,215,193,166,140,122,117,125,146,173,199,218,224,218,201,178,155
GS01,87/03/04,138,133,141,158,180,204,222,229,224,206,181,154,131,119,120,133,154,179,200,214,217,208,192,174
GS01,87/03/05,159,152,155,167,186,208,225,235,233,220,198,172,149,132,125,130,144,162,182,197,206,205,198,187
GS01,87/03/06,176,170,171,179,192,208,223,232,232,223,206,185,163,145,134,132,138,151,165,179,189,194,194,189
GS01,87/03/07,183,178,177,180,188,199,209,217,220,216,205,189,171,154,142,135,135,141,152,164,177,186,192,195
GS01,87/03/08,195,194,193,195,198,204,210,215,216,214,207,197,184,170,158,146,139,137,139,145,153,163,173,181
GS01,87/03/09,188,193,197,200,202,205,208,211,212,212,209,205,198,189,179,169,159,150,144,142,144,150,160,172
GS01,87/03/10,184,194,201,205,205,204,202,199,197,196,195,194,193,191,186,177,165,151,137,127,123,125,134,148
GS01,87/03/11,166,183,198,208,212,212,207,201,196,193,193,197,203,207,208,205,195,179,161,144,130,124,127,139
GS01,87/03/12,157,178,197,210,216,216,209,199,188,179,176,180,189,198,206,208,202,187,166,143,123,111,110,119
GS01,87/03/13,137,161,186,206,218,220,214,201,186,174,168,171,182,197,211,222,224,214,194,167,141,122,113,117
GS01,87/03/14,133,158,187,212,228,234,228,214,196,180,170,170,180,197,218,235,244,240,225,199,169,142,124,119
GS01,87/03/15,128,149,176,203,224,233,230,214,192,169,152,145,150,167,189,213,231,236,228,206,178,149,126,114
GS01,87/03/16,117,134,162,192,217,233,234,220,198,172,150,138,138,150,172,199,224,237,236,222,196,165,138,120
GS01,87/03/17,115,125,148,177,204,224,230,221,199,171,144,126,120,127,146,175,205,228,238,233,216,190,164,143
GS01,87/03/18,134,139,157,182,210,232,242,236,217,188,158,133,118,117,130,155,184,210,227,230,221,202,177,154
GS01,87/03/19,140,138,149,169,193,214,227,226,212,188,159,131,111,103,110,129,155,183,206,219,221,213,197,180
GS01,87/03/20,166,161,168,184,206,229,245,248,238,217,189,160,135,119,116,124,140,163,185,203,212,210,202,190
GS01,87/03/21,176,168,167,173,185,200,213,219,216,202,180,155,131,112,103,103,113,129,148,168,184,194,196,193
GS01,87/03/22,187,183,182,186,193,202,212,218,218,210,196,176,155,135,120,112,112,118,129,143,159,172,182,188
GS01,87/03/23,192,193,193,194,196,200,206,210,212,210,203,192,177,160,143,129,121,117,118,125,136,150,165,180
GS01,87/03/24,192,202,209,212,213,212,213,214,215,216,216,215,210,201,189,175,162,149,140,135,137,145,158,176
GS01,87/03/25,194,209,221,227,226,222,216,210,206,205,207,210,213,213,208,198,182,162,142,126,116,116,124,140
GS01,87/03/26,161,184,203,214,217,211,201,188,177,171,172,178,188,197,204,202,190,171,148,125,108,99,101,114
GS01,87/03/27,137,165,190,209,217,214,202,185,168,156,152,159,173,190,205,213,210,197,174,148,123,105,97,102
GS01,87/03/28,121,148,176,199,214,215,204,184,161,141,131,133,147,168,191,210,218,212,194,168,139,114,99,97
GS01,87/03/29,110,134,164,192,212,218,210,191,166,140,122,118,128,150,177,203,222,228,219,198,171,143,123,114
GS01,87/03/30,118,135,162,190,212,223,220,203,175,146,122,110,114,131,159,189,217,234,237,224,202,176,153,140
GS01,87/03/31,139,152,174,200,224,238,238,222,195,163,134,115,109,120,143,173,201,222,231,225,207,184,161,144
GS01,87/04/01,138,144,160,181,202,217,221,212,191,162,131,107,94,95,111,137,167,194,213,219,212,196,178,162
GS01,87/04/02,153,154,165,182,202,220,228,223,207,182,153,126,108,102,109,127,153,180,201,214,216,207,194,180
GS01,87/04/03,170,169,176,189,205,220,229,229,217,195,168,141,120,109,109,120,139,162,184,199,207,205,197,187
GS01,87/04/04,178,175,178,188,200,212,221,223,216,200,179,155,132,117,111,115,127,144,164,180,192,196,194,188
GS01,87/04/05,182,179,179,184,192,200,207,211,208,198,182,163,144,127,117,114,118,127,140,154,167,177,181,182
GS01,87/04/06,181,181,181,183,187,193,198,201,200,194,184,172,157,143,131,123,120,122,129,138,149,161,170,177
GS01,87/04/07,182,185,187,189,191,193,195,197,197,195,191,185,177,167,158,149,142,137,136,140,148,159,171,183
GS01,87/04/08,193,201,206,207,206,204,201,197,195,194,193,192,189,185,177,167,155,144,135,130,130,136,147,161
GS01,87/04/09,175,188,196,200,199,194,187,180,174,172,174,178,184,187,187,182,172,158,144,132,127,129,139,154
GS01,87/04/10,174,193,208,216,216,211,201,189,180,175,177,184,195,207,215,216,208,193,175,157,143,137,141,155
GS01,87/04/11,175,198,218,229,231,224,210,193,177,166,164,171,184,201,215,223,221,208,188,164,143,129,126,136
GS01,87/04/12,155,178,201,217,224,218,203,182,159,142,137,142,157,178,200,217,224,219,202,178,153,133,123,126
GS01,87/04/13,141,165,190,211,221,218,202,179,153,130,117,116,129,151,178,203,219,221,211,189,163,139,123,118
GS01,87/04/14,127,148,174,197,212,214,201,178,148,120,100,94,102,122,151,182,208,222,222,208,185,160,140,130
GS01,87/04/15,134,150,173,198,217,224,216,195,165,133,106,92,92,107,134,167,199,222,232,228,212,189,167,152
GS01,87/04/16,149,158,176,199,219,231,229,212,183,150,119,95,86,91,111,140,173,203,222,227,221,205,186,169
GS01,87/04/17,161,164,177,195,215,229,232,222,200,169,136,108,90,85,96,118,147,177,201,216,220,214,201,187
GS01,87/04/18,176,173,179,192,209,223,230,226,210,184,155,126,103,90,90,103,125,151,177,198,210,214,209,200
GS01,87/04/19,191,186,187,194,205,217,226,227,220,202,178,152,127,108,99,101,111,129,151,172,189,201,205,204
GS01,87/04/20,200,196,194,197,203,210,216,220,218,209,194,174,152,132,118,111,111,119,132,148,166,182,195,202
GS01,87/04/21,206,207,206,205,205,207,210,213,214,211,205,195,182,167,151,138,129,127,130,138,152,168,185,200
GS01,87/04/22,213,221,223,222,219,216,214,213,213,213,213,211,207,198,185,171,157,146,139,137,142,154,169,187
GS01,87/04/23,204,217,224,223,217,207,196,188,184,185,190,197,203,206,202,192,178,162,147,137,134,140,153,172
GS01,87/04/24,193,213,226,230,224,212,197,183,173,169,174,184,198,209,215,213,201,184,164,146,133,131,138,154
GS01,87/04/25,176,198,214,222,219,207,188,168,151,142,144,156,175,195,211,219,216,203,184,163,145,135,136,148
GS01,87/04/26,168,191,213,226,228,217,197,173,149,133,129,137,156,181,206,223,231,227,212,191,170,154,147,153
GS01,87/04/27,169,190,211,227,232,223,203,175,145,121,108,110,125,150,180,206,223,228,220,203,182,163,151,151
GS01,87/04/28,161,181,203,222,233,230,214,188,157,127,107,102,111,132,162,192,217,230,231,220,203,183,168,161
GS01,87/04/29,165,179,198,217,230,231,219,196,165,133,107,93,94,109,136,168,198,219,228,224,212,195,178,167
GS01,87/04/30,165,174,190,208,223,230,223,205,177,144,114,94,87,94,115,145,176,203,220,224,218,205,190,178
GS01,87/05/01,173,177,189,205,221,231,230,218,196,166,136,112,98,97,110,134,163,191,212,224,225,218,206,194
GS01,87/05/02,188,188,196,208,221,233,237,231,214,189,161,135,116,108,112,126,149,175,199,216,223,223,216,207
GS01,87/05/03,199,196,199,207,219,230,236,234,223,205,183,160,139,127,126,134,150,171,193,210,221,224,221,214
GS01,87/05/04,207,202,200,203,208,215,220,221,215,202,185,166,146,130,122,122,130,144,161,179,193,203,207,207
GS01,87/05/05,204,200,197,198,201,206,212,214,212,205,195,181,166,151,140,134,135,143,155,170,185,198,206,210
GS01,87/05/06,210,208,205,202,201,201,203,205,205,203,199,192,182,170,158,148,142,142,147,157,170,183,196,206
GS01,87/05/07,212,214,212,208,203,199,196,195,196,196,197,197,194,187,178,167,156,148,145,147,156,168,182,195
GS01,87/05/08,206,212,213,209,201,192,185,179,177,178,183,189,194,194,190,182,169,157,147,143,145,154,168,183
GS01,87/05/09,199,210,215,213,204,190,176,164,158,157,163,174,186,196,200,196,185,171,155,143,138,141,152,168
GS01,87/05/10,187,204,214,215,207,192,174,156,142,138,143,157,175,193,207,213,210,198,181,164,152,148,154,167
GS01,87/05/11,186,206,220,224,217,201,178,154,134,122,123,134,155,180,203,218,222,215,199,180,163,153,152,162
GS01,87/05/12,181,203,221,231,229,214,191,162,135,116,109,116,135,163,192,217,232,234,224,207,187,170,162,165
GS01,87/05/13,179,198,218,232,235,225,202,172,140,113,98,97,111,137,170,203,229,243,242,231,212,193,179,175
GS01,87/05/14,183,199,219,237,245,241,223,194,159,125,101,89,93,112,142,177,209,232,242,240,228,211,194,184
GS01,87/05/15,185,196,212,230,243,245,235,213,182,147,116,94,87,96,119,151,186,217,237,245,242,230,215,201
GS01,87/05/16,196,199,210,225,240,249,247,232,205,172,138,110,93,90,102,125,156,188,216,233,240,237,227,215
GS01,87/05/17,206,203,208,219,233,244,247,240,222,196,166,136,112,100,100,113,136,165,193,216,231,236,232,225
GS01,87/05/18,216,210,209,213,222,231,238,237,228,211,187,159,134,114,105,107,117,136,158,180,198,210,215,213
GS01,87/05/19,208,202,198,196,199,206,213,217,215,208,194,176,155,135,120,112,112,121,136,156,176,193,205,212
GS01,87/05/20,212,208,202,196,194,195,198,203,206,206,202,194,181,165,149,137,130,129,136,149,165,183,198,209
GS01,87/05/21,215,216,210,201,192,185,182,183,187,191,196,197,193,185,173,160,147,138,136,141,152,167,184,199
GS01,87/05/22,211,216,214,205,193,180,170,165,166,171,180,190,197,199,195,186,175,163,155,152,156,167,182,200
GS01,87/05/23,216,226,228,222,210,193,177,166,162,165,177,192,207,218,223,221,211,198,184,174,172,177,188,204
GS01,87/05/24,220,233,239,235,222,202,179,158,144,140,146,161,180,199,213,219,216,206,191,177,168,166,172,184
GS01,87/05/25,200,215,225,225,215,196,172,147,126,115,116,129,151,177,200,216,223,220,209,195,183,176,177,185
GS01,87/05/26,199,216,229,236,231,215,191,163,136,117,112,120,141,169,198,222,236,239,233,220,206,194,189,191
GS01,87/05/27,201,215,229,238,237,224,201,172,143,118,104,104,118,142,171,199,221,233,236,229,216,202,192,189
GS01,87/05/28,195,207,222,234,239,234,216,190,159,129,106,97,102,120,147,177,205,224,231,228,218,204,191,184
GS01,87/05/29,184,192,206,219,228,227,215,193,163,132,106,90,88,98,121,150,178,202,216,220,215,205,193,183
GS01,87/05/30,181,186,197,211,222,227,221,205,181,152,124,102,91,94,110,135,163,190,210,220,220,213,203,193
GS01,87/05/31,186,187,194,205,216,224,223,213,194,169,142,118,102,97,103,120,144,170,192,208,214,212,204,194
GS01,87/06/01,186,183,185,192,203,213,218,214,201,181,157,134,114,102,101,110,129,152,174,193,204,207,203,194
GS01,87/06/02,186,181,180,183,192,201,208,210,204,190,171,149,129,115,108,110,122,141,163,183,198,207,207,202
GS01,87/06/03,195,188,184,184,188,195,203,208,207,201,189,173,155,139,128,125,130,143,161,180,196,208,213,213
GS01,87/06/04,208,201,194,189,187,189,193,197,200,200,195,186,174,160,146,137,136,141,152,168,185,200,210,214
GS01,87/06/05,213,207,198,189,182,179,180,183,187,190,192,190,184,175,163,152,144,142,146,155,169,185,198,207
GS01,87/06/06,210,208,201,190,179,169,164,163,167,173,181,188,191,189,183,174,164,156,153,156,167,181,196,209
GS01,87/06/07,217,218,211,199,184,168,157,151,151,157,169,183,195,202,203,198,189,178,169,166,170,180,193,207
GS01,87/06/08,218,223,221,210,193,173,154,140,133,136,147,164,183,201,212,215,209,197,184,174,170,175,186,199
GS01,87/06/09,214,225,228,220,204,182,158,137,123,118,125,141,165,190,211,224,227,221,208,194,183,180,184,194
GS01,87/06/10,209,224,232,230,218,195,167,138,114,100,98,110,133,162,191,215,228,230,222,207,192,183,180,185
GS01,87/06/11,197,213,226,231,226,208,181,148,117,92,81,85,102,131,165,197,221,234,234,224,210,196,186,185
GS01,87/06/12,191,205,221,232,235,225,202,170,135,104,81,72,80,102,134,171,204,228,239,238,229,215,202,194
GS01,87/06/13,195,205,219,234,243,243,229,204,169,133,101,81,77,88,113,147,184,216,238,247,245,235,222,210
GS01,87/06/14,204,208,219,234,247,254,250,233,205,170,135,106,89,86,99,124,157,190,218,236,243,239,227,214
GS01,87/06/15,204,201,205,215,229,241,246,240,223,196,164,133,107,94,94,108,132,163,193,216,230,235,230,219
GS01,87/06/16,207,197,195,200,211,224,233,235,228,211,188,160,134,114,106,108,121,142,168,193,211,222,223,217
GS01,87/06/17,205,193,185,183,187,196,208,216,219,213,200,180,158,138,123,117,120,133,153,175,197,213,219,217
GS01,87/06/18,208,196,183,175,172,175,184,194,202,205,201,192,178,161,146,135,133,139,151,168,186,202,213,217
GS01,87/06/19,213,203,189,175,165,161,164,171,180,189,195,196,191,181,170,158,151,150,155,165,180,197,211,219
GS01,87/06/20,220,214,203,187,172,161,157,159,166,178,191,203,210,212,209,201,194,189,188,191,200,212,224,233
GS01,87/06/21,237,234,225,209,190,172,159,153,154,162,175,189,203,212,216,214,209,202,196,195,199,207,217,227
GS01,87/06/22,234,237,233,221,203,182,163,149,143,146,156,172,192,210,223,231,232,227,219,212,209,211,217,226
GS01,87/06/23,236,243,244,237,222,201,177,154,138,132,137,151,172,195,215,229,236,235,229,220,212,208,209,215
GS01,87/06/24,224,234,240,238,227,208,184,157,133,120,118,129,148,173,198,220,234,238,234,225,215,208,205,209
GS01,87/06/25,218,229,239,243,238,224,202,174,148,128,119,122,137,161,189,216,236,247,248,241,230,219,211,210
GS01,87/06/26,217,228,240,249,250,242,222,194,164,137,119,113,121,140,167,196,221,238,245,242,232,220,209,203
GS01,87/06/27,205,215,228,241,249,248,235,212,182,152,127,113,113,126,149,178,207,228,240,240,233,220,208,199
GS01,87/06/28,196,202,214,228,239,243,237,220,193,161,132,112,105,112,132,159,188,214,232,240,237,226,213,201
GS01,87/06/29,195,199,209,223,237,246,246,235,214,187,158,133,118,115,126,148,175,202,224,237,239,232,220,206
GS01,87/06/30,195,192,197,208,221,234,240,236,222,200,173,147,127,117,119,134,158,185,209,226,234,231,221,208
GS01,87/07/01,196,189,189,196,208,221,231,233,227,211,189,164,143,129,125,134,153,177,202,222,234,236,230,218
GS01,87/07/02,205,195,190,192,199,211,222,229,229,220,205,185,165,147,138,140,151,170,193,213,229,235,233,223
GS01,87/07/03,209,195,186,181,185,193,204,214,219,219,211,199,184,168,158,154,158,172,191,210,228,237,238,232
GS01,87/07/04,219,205,191,182,9999,181,188,198,206,211,211,206,197,184,173,164,162,169,180,196,213,226,233,231
GS01,87/07/05,223,212,198,184,174,169,171,177,187,196,203,207,207,201,194,185,179,178,184,193,206,219,229,233
GS01,87/07/06,228,219,204,187,171,159,154,157,163,175,188,200,209,214,212,208,202,197,197,202,210,222,233,239
GS01,87/07/07,241,237,225,208,187,170,154,147,147,157,172,190,207,221,228,231,226,218,213,208,208,214,224,233
GS01,87/07/08,240,240,234,219,198,173,150,132,123,124,134,152,175,198,218,230,233,229,222,213,207,206,211,219
GS01,87/07/09,228,234,234,226,210,186,158,131,111,101,103,117,142,171,200,222,236,239,234,225,214,207,205,211
GS01,87/07/10,221,232,239,238,227,207,179,148,120,98,88,92,110,141,176,207,231,244,246,238,226,213,206,205
GS01,87/07/11,211,222,236,245,245,232,208,175,139,109,88,81,90,114,147,183,215,237,247,246,236,223,210,203
GS01,87/07/12,204,214,230,245,255,253,238,210,175,137,106,86,81,94,120,154,190,220,240,247,241,227,211,198
GS01,87/07/13,193,198,210,227,243,251,248,231,202,167,131,103,87,85,100,127,161,195,222,237,240,231,214,196
GS01,87/07/14,185,182,189,204,222,238,245,241,223,194,161,130,107,95,98,116,145,177,207,227,237,234,219,200
GS01,87/07/15,182,173,173,182,197,215,229,235,230,212,186,157,131,113,109,117,137,165,193,216,229,231,221,205
GS01,87/07/16,185,170,162,163,174,190,207,219,223,218,204,184,161,142,132,133,145,165,189,211,226,232,228,214
GS01,87/07/17,196,178,164,157,160,170,186,202,214,217,211,199,183,168,157,153,158,172,190,208,223,231,231,222
GS01,87/07/18,208,191,174,162,156,159,168,180,191,200,204,203,197,188,179,174,174,180,192,206,220,230,233,228
GS01,87/07/19,218,203,185,167,154,148,149,157,169,180,190,197,200,200,198,194,192,193,199,209,220,230,236,236
GS01,87/07/20,231,220,206,188,171,157,150,149,154,164,176,189,199,206,209,210,208,207,207,209,213,219,224,228
GS01,87/07/21,229,224,212,196,178,159,144,135,133,137,149,165,182,197,207,213,215,213,210,207,207,209,214,219
GS01,87/07/22,224,225,221,211,194,174,153,136,127,125,133,148,166,186,204,218,225,225,220,213,207,205,207,212
GS01,87/07/23,218,224,226,221,209,190,167,144,125,115,115,127,146,170,193,212,224,227,224,216,206,199,196,198
GS01,87/07/24,206,216,224,225,218,203,180,153,128,110,103,108,124,148,175,199,217,225,225,217,206,196,190,190
GS01,87/07/25,196,207,219,226,226,215,195,169,141,116,101,98,108,130,158,187,209,223,227,221,210,197,186,182
GS01,87/07/26,186,197,211,223,229,226,212,188,159,130,107,95,97,114,141,172,199,219,228,226,215,201,186,177
GS01,87/07/27,177,186,200,215,227,231,225,206,178,147,119,100,95,106,128,158,187,212,226,228,221,206,190,177
GS01,87/07/28,173,179,192,208,224,234,234,222,199,170,141,117,106,108,124,149,180,208,227,234,230,217,200,184
GS01,87/07/29,175,176,186,202,220,234,240,235,218,193,166,142,125,121,131,152,179,206,229,241,240,230,214,195
GS01,87/07/30,181,175,179,191,208,226,238,240,231,212,189,164,144,134,138,153,177,203,227,242,246,239,224,205
GS01,87/07/31,188,176,174,182,197,215,232,241,240,230,212,190,169,156,152,161,178,200,223,241,250,248,236,217
GS01,87/08/01,197,181,172,173,182,197,213,227,234,232,222,208,191,176,168,168,178,196,217,235,246,247,239,223
GS01,87/08/02,203,184,170,163,165,175,189,204,216,221,220,213,202,190,181,179,185,196,211,227,240,245,242,230
GS01,87/08/03,211,192,175,162,157,158,166,178,191,201,209,211,210,205,198,194,195,199,207,218,229,237,238,232
GS01,87/08/04,219,202,184,167,155,148,149,156,166,179,192,204,212,215,215,213,210,209,212,217,225,233,238,238
GS01,87/08/05,232,220,205,186,169,154,145,143,148,158,174,193,211,225,235,238,236,231,227,226,229,234,240,243
GS01,87/08/06,244,239,228,210,189,168,149,135,128,130,142,162,185,209,228,239,243,240,232,223,217,216,219,226
GS01,87/08/07,233,237,235,226,209,185,158,134,116,108,112,128,152,181,209,231,245,248,242,231,218,209,207,212
GS01,87/08/08,222,233,241,242,232,212,184,153,124,104,96,102,121,150,183,214,237,248,247,236,221,206,196,195
GS01,87/08/09,203,218,235,246,248,237,213,179,143,110,89,82,93,117,150,187,219,240,247,239,223,204,187,179
GS01,87/08/10,182,195,213,231,243,244,231,204,168,130,100,81,79,94,123,159,195,223,237,236,223,203,182,167
GS01,87/08/11,163,171,189,212,232,244,243,227,198,161,126,100,88,92,112,144,180,212,232,238,231,213,190,169
GS01,87/08/12,156,156,168,190,214,234,244,241,224,195,162,132,112,108,118,141,172,204,228,240,237,223,200,175
GS01,87/08/13,155,146,151,168,191,213,229,235,229,213,188,161,138,127,130,146,171,199,223,238,241,231,209,184
GS01,87/08/14,159,144,140,149,166,188,208,223,226,219,204,184,164,152,150,158,175,197,219,235,240,235,218,194
GS01,87/08/15,169,149,137,138,148,165,183,200,210,212,206,195,182,170,165,167,179,197,216,230,237,235,224,206
GS01,87/08/16,184,163,147,138,140,150,165,180,193,201,203,201,196,190,187,188,195,204,216,228,235,236,231,218
GS01,87/08/17,201,182,164,152,146,148,155,166,179,189,197,202,203,202,201,201,205,211,218,226,232,235,233,225
GS01,87/08/18,214,199,184,168,155,147,145,149,156,166,177,188,197,203,207,209,210,211,213,217,221,225,226,224
GS01,87/08/19,218,209,196,180,165,151,142,138,140,147,159,172,186,199,209,215,217,216,213,211,211,212,214,216
GS01,87/08/20,218,217,211,200,184,167,151,139,133,134,144,159,176,194,210,220,225,225,220,214,210,208,209,213
GS01,87/08/21,220,224,225,220,207,189,169,150,135,129,132,145,165,188,209,226,235,237,231,222,213,206,205,208
GS01,87/08/22,216,226,234,237,229,212,188,163,141,126,123,133,151,175,200,221,234,238,233,222,210,199,194,196
GS01,87/08/23,204,217,229,237,237,226,206,179,151,128,116,117,130,154,182,208,228,236,234,223,208,193,183,180
GS01,87/08/24,187,202,219,235,243,240,225,200,170,141,121,115,124,145,174,204,228,243,245,235,219,200,184,175
GS01,87/08/25,179,192,213,234,249,253,245,224,195,163,137,122,122,137,163,193,221,241,247,241,225,204,183,169
GS01,87/08/26,166,177,199,222,242,253,253,239,214,183,155,135,129,138,161,190,220,243,254,251,236,213,189,169
GS01,87/08/27,161,166,183,206,229,246,253,247,227,199,170,146,133,136,153,179,208,232,246,247,236,214,188,165
GS01,87/08/28,151,150,160,180,206,229,243,245,234,213,187,162,146,141,151,171,198,224,243,248,240,221,196,170
GS01,87/08/29,151,142,146,162,184,209,228,238,236,223,203,181,164,155,158,171,192,217,236,245,242,228,204,178
GS01,87/08/30,155,139,135,143,158,180,201,217,222,218,207,192,177,167,165,172,187,205,222,233,235,225,207,184
GS01,87/08/31,161,142,131,131,141,156,175,192,204,210,208,201,192,185,183,187,196,209,223,233,238,234,222,203
GS01,87/09/01,181,161,146,139,138,144,157,172,186,198,205,207,206,202,200,200,204,210,219,226,231,231,224,210
GS01,87/09/02,193,174,156,142,132,128,131,140,152,166,179,190,198,203,205,205,205,205,207,210,213,215,213,208
GS01,87/09/03,200,187,172,155,139,127,121,121,127,137,152,170,187,201,211,216,217,214,211,208,208,209,211,214
GS01,87/09/04,214,210,200,186,167,147,131,120,115,119,132,151,174,197,216,229,235,232,223,214,208,206,208,214
GS01,87/09/05,221,227,227,219,203,181,155,132,115,108,113,130,156,185,212,233,244,244,234,219,205,195,194,201
GS01,87/09/06,214,228,238,241,233,213,185,154,127,107,101,110,132,163,195,224,242,247,239,222,202,185,177,180
GS01,87/09/07,195,215,234,247,251,241,218,186,152,123,107,106,122,151,186,219,245,257,253,237,214,191,173,168
GS01,87/09/08,177,199,225,248,262,263,249,221,185,150,125,114,120,140,172,207,236,253,254,240,216,188,163,150
GS01,87/09/09,152,167,192,222,248,261,257,239,209,176,146,127,123,135,161,193,224,246,253,243,221,192,163,142
GS01,87/09/10,134,141,163,193,225,249,259,251,229,201,171,149,139,144,162,189,219,243,254,250,232,205,174,148
GS01,87/09/11,134,133,147,172,201,229,247,252,243,222,197,175,162,161,172,191,216,238,251,252,239,215,186,156
GS01,87/09/12,134,125,129,147,172,199,221,234,236,226,210,192,178,174,179,194,214,234,249,253,247,230,204,176
GS01,87/09/13,152,136,132,141,159,180,202,220,228,226,218,206,195,189,191,200,214,230,244,251,249,236,215,190
GS01,87/09/14,167,150,141,142,151,165,183,200,212,218,217,213,207,203,203,208,217,227,238,244,245,238,224,207
GS01,87/09/15,189,172,159,151,151,158,169,184,196,205,211,213,214,214,215,218,222,228,234,238,240,237,230,219
GS01,87/09/16,206,190,175,165,160,159,163,171,181,192,203,211,217,221,224,226,228,229,230,231,232,232,230,225
GS01,87/09/17,217,207,195,183,173,165,162,163,169,178,190,202,215,225,233,237,238,236,234,232,231,231,232,234
GS01,87/09/18,234,232,226,216,203,188,176,169,167,172,184,200,218,234,248,256,258,256,249,242,237,235,237,243
GS01,87/09/19,250,255,255,247,234,216,196,180,169,166,173,188,207,227,244,255,257,251,239,226,214,207,206,212
GS01,87/09/20,222,234,242,243,234,216,193,170,151,140,141,155,176,200,223,240,247,243,231,214,197,185,181,186
GS01,87/09/21,199,215,230,240,239,227,205,177,151,134,129,136,154,180,208,231,243,243,232,213,192,174,165,167
GS01,87/09/22,180,201,223,241,248,242,225,200,172,148,135,136,151,177,207,232,247,250,240,220,197,174,158,154
GS01,87/09/23,164,185,210,233,247,249,238,215,185,157,137,129,138,161,191,220,240,249,243,226,200,173,151,142
GS01,87/09/24,147,165,191,219,241,252,248,231,205,177,153,139,140,156,182,212,237,250,249,234,208,179,152,135
GS01,87/09/25,133,147,174,207,236,257,263,255,235,208,181,162,155,165,186,214,240,258,262,250,226,195,164,141
GS01,87/09/26,131,137,157,186,217,242,257,258,248,225,201,183,171,173,188,213,236,254,259,252,232,203,172,145
GS01,87/09/27,129,127,138,160,190,214,236,244,239,227,207,188,175,173,182,200,221,239,248,244,227,202,173,145
GS01,87/09/28,123,113,116,132,156,184,207,221,226,222,213,200,188,182,185,197,213,230,241,243,235,216,191,163
GS01,87/09/29,140,124,118,125,142,162,184,201,211,218,217,212,204,198,197,201,210,222,232,238,237,228,209,185
GS01,87/09/30,162,142,131,128,133,145,162,180,196,206,213,216,216,215,214,214,217,222,228,232,234,231,222,207
GS01,87/10/01,190,172,156,145,140,141,147,159,173,188,202,213,221,226,229,229,228,227,228,230,232,232,231,226
GS01,87/10/02,217,204,189,174,161,151,147,150,159,171,187,206,222,235,243,246,243,238,231,227,226,228,232,236
GS01,87/10/03,237,234,225,210,192,174,159,149,147,154,168,189,212,233,248,255,253,242,229,216,208,207,212,220
GS01,87/10/04,230,238,239,229,211,188,163,142,128,125,133,151,177,204,227,241,243,232,214,195,179,172,174,186
GS01,87/10/05,203,222,236,239,230,210,183,155,132,120,119,132,155,185,213,234,240,233,214,189,167,151,147,155
GS01,87/10/06,175,201,226,242,245,233,209,179,150,129,120,126,145,173,204,230,244,241,223,196,167,144,132,134
GS01,87/10/07,150,176,207,233,249,249,234,209,179,153,136,134,147,170,200,229,248,251,237,211,179,149,128,121
GS01,87/10/08,131,155,187,221,246,256,251,233,207,181,161,151,155,172,197,225,248,256,247,223,191,156,128,112
GS01,87/10/09,113,130,159,193,226,247,251,242,222,199,177,164,163,173,193,219,242,254,250,231,202,169,138,115
GS01,87/10/10,107,114,135,167,200,227,241,241,230,213,193,178,172,176,191,213,234,249,251,239,215,184,153,127
GS01,87/10/11,112,110,124,148,178,206,227,236,235,225,211,197,188,188,197,214,233,248,254,249,231,205,176,149
GS01,87/10/12,129,120,124,139,163,188,210,225,230,228,221,211,202,197,201,213,227,239,247,246,234,214,190,164
GS01,87/10/13,142,127,122,127,141,160,181,197,206,209,206,201,197,194,195,200,209,218,226,228,223,211,193,173
GS01,87/10/14,154,138,129,128,134,146,163,180,192,200,204,205,205,204,205,209,214,219,223,226,226,220,209,194
GS01,87/10/15,178,164,152,144,142,146,154,166,177,187,195,201,205,207,207,208,207,207,207,208,208,207,204,198
GS01,87/10/16,188,178,167,156,149,145,145,150,160,173,185,197,208,214,217,217,215,211,207,205,205,208,211,214
GS01,87/10/17,213,210,204,195,185,176,171,171,176,186,200,216,232,244,250,251,245,234,222,213,208,206,209,214
GS01,87/10/18,219,221,218,209,195,179,164,153,148,153,165,181,199,215,225,229,225,214,200,185,175,172,178,188
GS01,87/10/19,201,213,221,221,211,196,177,160,150,149,157,173,194,216,232,240,237,224,206,186,170,161,162,172
GS01,87/10/20,188,206,220,226,221,207,187,166,148,140,142,155,176,199,219,232,233,222,202,178,156,141,138,147
GS01,87/10/21,165,189,211,227,231,224,206,183,159,143,139,147,166,191,215,233,238,229,208,181,154,134,124,128
GS01,87/10/22,144,170,198,222,235,236,223,202,177,155,144,146,159,181,206,227,238,234,215,186,154,127,111,109
GS01,87/10/23,121,145,176,206,229,239,234,216,191,167,150,144,152,170,194,217,232,233,219,191,157,124,101,91
GS01,87/10/24,97,118,149,182,213,233,239,230,212,189,169,159,161,174,196,220,239,245,235,212,179,145,116,98
GS01,87/10/25,95,108,134,167,202,230,243,243,232,214,196,181,176,182,198,220,239,250,247,230,201,168,135,111
GS01,87/10/26,99,102,119,147,179,208,229,239,237,227,211,196,187,188,196,212,229,242,245,236,214,183,150,122
GS01,87/10/27,102,96,104,123,151,182,208,225,232,231,222,210,200,197,201,212,225,237,243,240,226,203,175,148
GS01,87/10/28,124,109,105,112,128,151,175,196,210,217,216,211,205,200,200,204,212,221,228,230,224,210,190,167
GS01,87/10/29,143,124,112,109,114,127,145,164,181,195,204,208,209,207,205,204,205,208,213,217,217,213,203,189
GS01,87/10/30,172,154,139,128,122,124,131,144,161,178,194,205,211,213,212,209,205,201,198,198,199,202,204,201
GS01,87/10/31,193,182,167,152,139,131,128,132,143,157,173,189,203,212,214,209,200,189,180,174,173,176,184,191
GS01,87/11/01,196,195,186,173,158,143,133,128,129,139,157,179,199,214,221,219,209,195,180,168,162,164,174,187
GS01,87/11/02,200,210,212,205,192,175,157,144,138,142,155,176,198,218,232,236,228,210,188,168,155,152,160,176
GS01,87/11/03,196,217,231,234,226,210,190,171,157,153,159,174,195,217,235,244,239,221,194,167,144,131,131,145
GS01,87/11/04,168,194,217,231,233,225,207,186,166,155,153,161,179,202,223,235,236,222,198,167,138,117,110,118
GS01,87/11/05,138,169,201,227,242,243,233,215,194,177,169,174,189,212,235,253,259,251,226,192,155,125,107,106
GS01,87/11/06,120,147,180,211,233,243,239,226,206,186,172,168,176,193,215,234,243,240,222,193,158,125,100,90
GS01,87/11/07,96,118,150,184,213,233,240,234,220,202,186,178,181,193,214,234,247,249,239,215,183,148,119,102
GS01,87/11/08,99,113,140,173,206,231,245,247,239,224,209,197,193,200,214,232,246,251,245,227,199,166,135,111
GS01,87/11/09,100,103,121,148,178,206,226,236,235,226,212,200,194,195,206,221,236,244,244,234,214,187,157,131
GS01,87/11/10,113,108,116,135,161,187,210,225,229,225,216,205,198,196,201,212,223,232,235,229,215,194,169,143
GS01,87/11/11,122,110,110,120,139,162,184,201,212,214,210,204,197,193,194,200,208,217,222,221,213,200,181,160
GS01,87/11/12,140,125,117,119,130,147,168,187,201,209,210,208,203,199,197,199,204,210,216,219,218,211,200,185
GS01,87/11/13,169,154,143,138,141,150,165,181,196,207,214,215,213,210,206,203,201,201,202,203,202,200,196,188
GS01,87/11/14,177,166,155,145,140,141,148,160,174,189,201,209,211,210,205,200,195,190,188,188,191,194,196,195
GS01,87/11/15,192,185,176,165,156,151,150,154,165,179,192,204,212,215,213,207,197,186,178,173,173,176,182,189
GS01,87/11/16,194,195,191,182,171,159,152,151,157,168,182,197,210,218,219,215,205,191,177,167,163,167,176,188
GS01,87/11/17,201,211,214,211,201,187,173,163,161,166,178,194,209,221,226,222,208,189,168,149,138,135,141,155
GS01,87/11/18,174,191,204,208,203,190,175,161,152,151,160,175,194,212,224,225,215,196,173,149,130,122,127,144
GS01,87/11/19,168,194,217,230,232,223,209,192,178,171,174,185,202,220,234,239,232,213,187,157,131,114,110,120
GS01,87/11/20,141,169,197,220,231,229,218,200,181,167,162,168,182,202,221,233,231,216,191,158,125,100,89,92
GS01,87/11/21,111,140,175,207,229,238,236,223,206,189,178,177,187,205,227,243,249,240,217,185,149,117,96,89
GS01,87/11/22,100,125,158,192,221,239,244,238,223,205,189,181,184,196,214,231,241,238,222,194,158,122,93,76
GS01,87/11/23,75,90,117,152,188,215,232,237,230,216,202,191,189,196,211,229,245,251,244,224,194,160,126,101
GS01,87/11/24,88,92,111,140,173,205,230,243,244,236,223,210,201,200,207,220,234,243,242,231,209,178,144,114
GS01,87/11/25,93,84,90,108,135,165,194,214,225,226,220,210,200,195,197,205,217,226,231,228,215,194,166,137
GS01,87/11/26,112,96,91,99,116,140,166,190,207,215,216,210,202,195,192,193,200,209,217,221,220,210,192,170
GS01,87/11/27,147,128,115,112,119,134,155,178,200,216,224,225,220,214,207,204,204,209,215,220,223,221,214,202
GS01,87/11/28,185,166,151,141,137,142,155,173,192,209,221,227,227,222,213,204,198,195,195,197,203,209,212,210
GS01,87/11/29,204,193,179,166,156,153,156,166,180,197,213,225,232,232,226,214,200,188,179,176,179,186,196,204
GS01,87/11/30,208,206,198,186,172,160,155,158,167,180,195,210,221,226,223,211,195,178,163,153,151,158,172,187
GS01,87/12/01,203,213,216,211,201,189,179,174,177,186,201,217,232,241,244,237,221,200,178,161,153,156,168,185
GS01,87/12/02,205,223,236,239,234,223,209,196,189,189,196,209,224,236,241,235,220,196,168,143,125,118,123,139
GS01,87/12/03,162,187,209,223,227,223,212,199,189,185,188,197,212,227,237,239,230,211,182,152,127,112,111,122
GS01,87/12/04,143,171,199,222,235,237,230,217,203,193,189,194,206,221,235,241,236,220,194,161,129,105,94,98
GS01,87/12/05,114,140,172,202,223,233,233,225,212,199,192,192,200,215,232,244,247,238,216,185,152,122,103,98
GS01,87/12/06,108,129,159,191,219,238,246,242,230,216,203,197,201,212,226,239,247,244,228,202,169,135,107,92
GS01,87/12/07,92,106,132,164,195,219,232,233,225,212,199,190,188,195,209,224,235,236,226,205,177,144,114,93
GS01,87/12/08,83,89,109,138,169,196,216,224,222,212,198,187,182,185,197,212,225,232,228,215,193,164,135,109
GS01,87/12/09,94,92,104,127,156,184,206,220,224,219,208,196,187,187,194,206,217,226,229,223,208,185,157,130
GS01,87/12/10,111,103,106,121,143,168,193,212,221,221,213,202,192,187,189,197,208,218,224,223,213,197,175,152
GS01,87/12/11,131,118,116,123,140,162,185,205,217,221,218,210,201,195,194,197,203,211,217,220,217,209,194,175
GS01,87/12/12,156,142,134,135,143,158,177,197,213,221,222,216,207,199,193,191,192,196,201,206,208,205,197,186
GS01,87/12/13,172,158,148,143,146,156,171,187,203,215,221,220,215,208,200,192,187,185,187,191,196,199,199,195
GS01,87/12/14,186,175,164,156,151,153,161,173,189,203,212,214,210,204,195,185,176,169,166,166,170,176,183,186
GS01,87/12/15,186,182,176,168,161,157,159,166,178,191,203,211,214,212,205,194,181,168,159,155,158,165,175,186
GS01,87/12/16,195,201,201,196,189,183,180,182,188,197,209,219,225,226,221,210,193,173,155,143,138,141,152,167
GS01,87/12/17,183,197,206,207,202,194,185,179,178,184,193,204,214,219,217,207,189,167,143,124,112,110,117,134
GS01,87/12/18,155,178,196,205,206,199,189,178,171,170,176,187,199,210,216,212,198,175,148,121,101,92,96,111
GS01,87/12/19,135,163,191,210,221,222,215,204,193,186,186,193,206,220,231,233,223,203,174,142,114,95,87,94
GS01,87/12/20,115,145,178,207,228,240,240,230,216,204,196,197,206,221,236,246,244,229,202,169,135,106,88,85
GS01,87/12/21,97,123,157,192,221,242,250,246,235,220,208,201,203,214,228,242,248,241,221,189,152,116,88,72
GS01,87/12/22,72,87,116,152,188,216,234,239,233,220,206,195,193,200,214,230,243,247,238,216,185,149,115,89
GS01,87/12/23,78,82,100,129,164,198,224,238,240,232,217,202,192,192,201,214,230,239,239,226,203,171,136,105
GS01,87/12/24,84,76,83,103,132,165,195,216,226,224,214,201,189,183,185,194,208,222,230,230,219,196,166,135
GS01,87/12/25,109,94,91,100,120,148,177,201,216,222,218,206,192,182,178,182,192,206,219,226,224,213,194,169
GS01,87/12/26,144,125,114,113,123,143,167,190,208,218,219,212,199,185,175,171,174,183,193,204,210,210,202,188
GS01,87/12/27,170,152,140,134,137,150,168,188,206,220,226,223,215,202,188,177,171,172,178,187,197,204,207,203
GS01,87/12/28,194,182,170,161,158,162,173,187,204,218,227,229,224,213,199,183,171,163,162,167,176,187,198,204
GS01,87/12/29,206,202,196,189,183,182,185,194,205,218,229,234,232,225,214,198,182,168,159,156,161,171,184,197
GS01,87/12/30,209,216,218,216,212,208,206,208,215,224,234,242,246,244,235,219,198,175,154,140,135,138,149,164
GS01,87/12/31,180,195,205,208,207,202,197,193,192,195,201,208,214,217,215,206,188,165,142,122,110,109,117,133
