GS01,51/01/01,168,151,139,137,139,150,166,187,201,215,217,210,199,183,169,155,147,144,148,156,173,175,183,180
GS01,51/01/02,173,170,151,150,138,144,155,167,186,192,203,200,196,185,169,151,136,128,124,122,139,147,157,170
GS01,51/01/03,169,174,174,164,160,154,157,164,175,186,194,205,202,195,185,164,129,126,114,107,107,120,134,150
GS01,51/01/04,171,179,187,192,180,178,169,170,173,180,193,198,204,202,199,184,159,136,112,95,88,93,105,125
GS01,51/01/05,149,172,187,203,203,197,192,180,181,179,186,194,204,210,212,201,181,157,125,96,81,69,72,91
GS01,51/01/06,115,145,177,194,210,209,205,195,186,179,179,185,191,207,213,214,204,181,148,116,83,66,60,59
GS01,51/01/07,88,119,149,191,202,215,219,213,200,189,183,179,190,202,212,224,219,210,177,150,113,82,59,53
GS01,51/01/08,71,90,130,167,199,218,226,223,212,196,185,176,182,192,209,225,230,227,208,176,141,104,76,59
GS01,51/01/09,58,72,101,136,174,202,220,228,217,208,182,178,169,179,193,212,224,228,218,201,170,138,95,73
GS01,51/01/10,58,67,84,112,151,181,203,221,220,213,189,173,171,169,169,192,209,227,230,221,195,165,136,100
GS01,51/01/11,84,80,91,116,139,174,203,214,225,217,206,186,174,169,168,180,202,216,222,225,219,190,168,134
GS01,51/01/12,116,105,97,118,145,165,201,217,224,229,212,197,183,167,163,172,184,199,216,221,220,206,187,162
GS01,51/01/13,136,126,112,122,140,163,184,194,217,218,210,199,179,162,146,146,160,172,188,196,201,194,188,165
GS01,51/01/14,154,123,118,120,142,154,186,191,198,215,201,196,180,160,151,138,147,146,157,170,176,180,179,170
GS01,51/01/15,159,149,140,140,143,152,167,184,194,202,201,196,178,165,150,135,132,130,134,143,149,163,165,168
GS01,51/01/16,165,163,155,154,156,159,174,181,192,201,204,199,190,180,166,152,144,134,129,134,139,150,156,169
GS01,51/01/17,171,171,176,170,173,179,181,188,193,198,203,202,200,189,180,165,149,137,125,123,122,132,140,152
GS01,51/01/18,163,174,178,182,181,179,181,184,188,191,195,196,193,190,182,164,155,137,115,105,106,107,117,133
GS01,51/01/19,147,164,179,186,187,193,189,190,184,187,189,192,198,197,199,191,181,162,141,124,110,108,114,126
GS01,51/01/20,149,171,192,205,216,213,213,208,196,194,193,203,204,209,218,213,204,185,166,144,120,107,100,120
GS01,51/01/21,133,166,192,211,220,227,224,216,205,196,195,195,199,212,217,221,216,200,179,144,120,95,85,93
GS01,51/01/22,104,129,161,185,204,211,213,205,195,179,178,177,182,192,208,215,217,212,190,162,130,104,86,82
GS01,51/01/23,91,115,145,170,200,214,220,215,203,189,177,174,174,185,203,218,227,224,207,183,153,119,96,80
GS01,51/01/24,83,98,123,166,190,209,218,220,212,194,177,169,164,173,189,209,221,225,218,198,168,139,110,84
GS01,51/01/25,79,93,111,143,175,197,217,221,210,196,177,161,160,162,177,194,214,223,219,210,188,156,122,97
GS01,51/01/26,89,85,102,134,161,194,210,223,214,203,180,168,155,144,158,174,192,208,216,210,195,169,141,110
GS01,51/01/27,89,85,93,111,139,170,191,208,205,195,178,157,143,132,136,146,167,186,200,204,201,186,162,137
GS01,51/01/28,115,105,101,117,141,165,193,209,213,208,193,173,152,139,134,139,150,171,189,199,202,196,181,159
GS01,51/01/29,138,118,117,123,140,160,185,201,208,211,197,180,157,138,127,125,132,143,161,173,184,187,183,169
GS01,51/01/30,154,143,134,135,140,157,173,188,201,204,197,181,161,143,127,115,115,122,133,144,159,170,175,176
GS01,51/01/31,166,161,156,150,156,162,177,190,199,206,204,196,179,160,143,124,115,114,118,123,137,151,161,174
GS01,51/02/01,175,179,177,174,175,177,186,192,203,208,210,207,199,185,164,152,131,119,113,110,115,126,143,158
GS01,51/02/02,174,186,196,195,195,191,193,195,198,199,205,206,201,200,187,174,157,138,119,112,107,109,122,146
GS01,51/02/03,163,184,202,213,218,217,215,206,203,202,208,211,214,217,211,200,185,157,131,110,93,85,90,107
GS01,51/02/04,130,159,186,201,217,218,213,208,197,188,185,193,204,210,215,216,204,182,154,122,93,76,71,82
GS01,51/02/05,102,130,164,191,213,221,220,209,196,182,176,178,187,200,212,222,220,206,180,149,113,85,67,65
GS01,51/02/06,78,103,143,173,202,219,223,217,204,182,172,167,174,187,206,223,232,230,212,185,148,115,84,73
GS01,51/02/07,76,93,124,158,189,215,223,222,206,191,170,157,155,165,187,207,227,233,223,205,169,135,101,84
GS01,51/02/08,74,82,107,138,172,197,219,217,207,190,166,147,139,142,161,184,205,224,230,219,192,164,128,102
GS01,51/02/09,87,91,107,137,162,194,216,221,216,203,175,151,143,138,149,174,195,215,228,228,211,186,163,136
GS01,51/02/10,119,111,117,145,167,198,223,234,230,214,197,177,157,147,153,163,187,210,222,228,221,209,179,157
GS01,51/02/11,132,130,139,138,168,193,215,222,226,214,196,169,146,125,131,134,151,171,187,200,204,193,182,166
GS01,51/02/12,148,144,138,149,163,184,205,215,221,211,195,177,154,139,128,129,139,156,170,184,190,193,188,175
GS01,51/02/13,163,157,156,156,171,186,198,212,215,210,202,179,163,143,126,126,126,137,144,161,167,177,179,170
GS01,51/02/14,173,166,162,166,174,183,196,205,210,214,210,195,179,165,150,143,141,141,151,156,170,187,180,197
GS01,51/02/15,189,197,199,198,200,209,210,221,216,219,214,205,192,180,163,153,145,136,133,135,136,148,154,169
GS01,51/02/16,170,182,184,188,193,197,201,203,204,204,204,204,202,192,181,170,159,148,138,134,130,137,147,161
GS01,51/02/17,176,190,197,208,209,211,211,206,206,204,206,204,207,204,197,191,174,158,139,124,116,115,119,131
GS01,51/02/18,150,171,184,195,201,199,195,191,183,179,183,190,192,197,191,183,164,145,123,109,99,100,112,119
GS01,51/02/19,133,156,179,195,205,209,203,198,187,177,175,175,184,191,201,202,199,181,160,129,113,95,79,92
GS01,51/02/20,105,145,156,181,188,201,196,175,184,169,154,153,162,178,190,195,201,189,163,141,105,85,72,69
GS01,51/02/21,86,115,142,167,187,206,202,191,171,155,142,142,146,161,185,200,208,210,193,169,137,103,84,75
GS01,51/02/22,80,99,137,161,191,210,211,206,188,166,149,143,145,155,183,201,221,221,206,192,153,129,101,81
GS01,51/02/23,85,96,126,155,190,206,219,212,194,173,149,129,127,137,151,176,199,212,216,206,185,151,115,96
GS01,51/02/24,85,97,113,143,170,200,216,213,200,175,147,130,112,119,128,157,181,204,211,212,197,172,139,112
GS01,51/02/25,95,93,101,132,165,192,210,213,207,187,157,132,114,110,113,133,163,191,211,217,215,198,177,149
GS01,51/02/26,131,126,130,146,167,198,215,226,219,203,174,148,124,110,112,123,147,169,190,205,208,203,178,162
GS01,51/02/27,149,134,138,147,168,193,206,220,218,207,183,157,129,110,100,107,121,135,162,181,192,192,189,179
GS01,51/02/28,164,156,154,154,173,187,204,215,215,208,195,172,150,130,116,110,116,123,144,159,172,186,191,189
GS01,51/03/01,189,183,185,188,190,203,218,226,231,228,222,206,189,168,155,139,136,138,145,151,165,175,187,194
GS01,51/03/02,201,203,206,203,209,210,210,219,217,219,216,206,195,179,163,150,129,117,124,127,127,133,156,164
GS01,51/03/03,187,199,200,209,205,207,202,201,200,200,201,203,197,188,185,165,149,133,116,105,99,102,118,133
GS01,51/03/04,155,177,191,201,208,204,194,189,183,180,184,183,189,190,188,180,164,147,118,101,87,81,88,102
GS01,51/03/05,128,151,176,189,200,203,190,182,170,158,157,164,168,182,184,186,180,157,135,110,76,81,54,77
GS01,51/03/06,95,127,155,183,201,205,195,180,163,156,147,151,167,179,204,213,217,211,184,160,135,111,90,97
GS01,51/03/07,121,145,181,203,209,235,220,205,184,169,151,149,157,178,199,217,227,223,206,181,146,117,91,88
GS01,51/03/08,97,119,149,177,204,217,218,203,178,155,133,127,129,146,171,193,214,222,212,196,166,132,104,88
GS01,51/03/09,92,100,130,157,185,205,212,201,184,154,129,110,104,123,142,171,200,214,221,206,186,157,126,110
GS01,51/03/10,103,111,132,162,189,208,220,211,195,165,140,117,109,112,132,157,184,213,224,220,202,182,157,137
GS01,51/03/11,120,128,139,161,193,209,216,218,197,178,148,121,102,98,110,128,157,182,203,202,208,181,172,157
GS01,51/03/12,130,140,142,165,187,202,219,220,206,188,157,136,107,103,109,115,137,165,185,192,199,181,167,152
GS01,51/03/13,140,136,137,145,165,182,196,197,190,176,155,129,107,89,92,96,112,132,153,169,177,177,171,162
GS01,51/03/14,153,151,149,156,169,188,201,206,201,198,176,153,136,120,112,109,120,140,152,169,181,186,184,182
GS01,51/03/15,175,176,178,179,187,198,212,219,215,210,196,181,164,147,135,130,132,135,148,160,168,176,179,180
GS01,51/03/16,182,180,181,188,189,194,202,205,205,202,192,183,168,153,141,133,132,127,129,137,146,154,165,171
GS01,51/03/17,181,183,187,189,192,195,191,197,197,194,189,186,180,171,161,147,140,131,124,119,136,137,149,160
GS01,51/03/18,177,185,193,201,200,197,198,191,191,194,188,192,189,186,180,171,158,144,132,125,123,126,135,148
GS01,51/03/19,170,178,202,208,210,209,203,197,189,185,187,188,195,197,199,197,184,169,147,132,120,118,122,133
GS01,51/03/20,156,163,195,208,211,208,200,188,176,167,168,171,186,188,199,203,200,184,158,134,114,104,103,112
GS01,51/03/21,139,143,184,206,210,211,202,183,171,155,149,154,166,187,197,195,215,207,181,155,109,106,96,103
GS01,51/03/22,125,133,175,202,207,218,201,208,167,144,134,131,147,165,189,210,219,216,195,174,150,116,103,95
GS01,51/03/23,116,112,159,185,203,212,203,185,159,130,110,103,117,132,162,189,202,211,201,183,153,121,97,89
GS01,51/03/24,89,113,141,171,193,205,203,185,160,131,109,92,93,113,137,168,197,212,217,208,183,153,124,106
GS01,51/03/25,104,124,137,167,194,211,213,199,174,144,112,91,82,92,116,147,179,206,219,221,207,184,157,135
GS01,51/03/26,129,151,149,173,207,229,245,231,209,181,150,121,97,102,113,139,174,200,224,233,224,212,192,169
GS01,51/03/27,155,160,159,175,201,213,227,222,205,181,142,119,92,79,88,100,123,154,183,197,210,203,193,179
GS01,51/03/28,163,190,162,175,189,213,219,228,216,201,168,142,114,94,92,100,117,143,168,190,213,218,219,207
GS01,51/03/29,203,191,192,190,209,214,230,231,230,218,193,170,143,124,109,112,115,127,150,169,181,193,201,195
GS01,51/03/30,193,184,187,189,194,203,211,215,214,206,193,177,156,137,120,111,104,107,111,124,137,153,163,175
GS01,51/03/31,178,185,184,190,187,187,193,192,192,195,184,181,165,153,143,122,117,107,107,105,116,124,143,159
GS01,51/04/01,176,187,193,195,196,191,184,183,181,180,182,185,177,176,167,159,141,126,116,107,107,116,130,148
GS01,51/04/02,169,189,200,206,209,201,192,182,174,177,175,180,191,194,185,171,153,134,131,116,105,105,112,130
GS01,51/04/03,151,176,193,206,206,197,182,167,155,148,148,157,172,182,194,197,193,176,153,133,113,103,108,119
GS01,51/04/04,145,170,194,210,218,212,196,177,158,144,142,148,165,186,205,218,215,206,183,160,134,115,109,114
GS01,51/04/05,133,160,183,200,210,208,192,167,144,122,113,116,132,157,179,200,209,207,193,168,141,123,106,107
GS01,51/04/06,120,145,169,193,206,205,194,172,144,121,99,99,111,131,161,189,207,215,210,193,169,146,129,122
GS01,51/04/07,130,150,175,201,219,225,217,200,169,143,123,106,111,133,158,185,210,224,228,218,196,171,157,143
GS01,51/04/08,146,158,178,199,219,229,222,207,176,145,118,99,97,107,128,157,187,210,220,215,203,187,164,153
GS01,51/04/09,145,152,166,187,207,218,219,208,182,152,123,102,90,95,112,138,168,193,210,214,207,193,172,159
GS01,51/04/10,148,149,159,176,194,207,206,200,179,152,122,100,78,76,85,106,131,157,179,188,188,183,170,156
GS01,51/04/11,150,150,156,171,185,197,203,200,186,167,138,117,95,87,89,100,123,148,170,186,193,195,191,181
GS01,51/04/12,173,172,177,186,200,214,223,224,215,199,177,157,133,118,113,115,127,142,162,177,188,193,189,185
GS01,51/04/13,180,176,177,180,187,194,201,201,197,187,169,151,132,115,104,102,105,115,130,145,158,165,171,170
GS01,51/04/14,171,172,169,168,174,178,184,186,185,179,169,158,145,130,118,111,107,112,123,135,148,158,168,175
GS01,51/04/15,183,183,184,183,181,183,184,185,184,180,175,170,162,150,140,128,120,117,117,121,133,143,153,164
GS01,51/04/16,178,184,185,183,179,176,172,170,170,169,170,172,169,166,160,150,137,130,121,119,123,133,146,161
GS01,51/04/17,176,189,195,198,194,187,179,172,165,164,166,173,180,183,183,173,162,149,134,125,119,123,134,150
GS01,51/04/18,168,183,192,198,192,181,168,154,142,140,143,152,165,173,184,183,172,157,136,118,105,103,109,125
GS01,51/04/19,149,170,186,192,191,179,162,143,125,118,121,131,149,169,184,193,191,180,161,138,120,110,109,126
GS01,51/04/20,148,172,191,208,209,199,182,157,133,119,114,124,142,166,192,211,216,214,198,176,150,132,126,132
GS01,51/04/21,152,176,198,217,219,217,197,171,140,118,103,107,124,153,186,210,231,235,226,205,179,156,138,136
GS01,51/04/22,150,170,193,215,225,224,207,179,141,113,88,80,88,115,148,184,209,228,229,219,200,178,156,149
GS01,51/04/23,154,169,194,217,233,234,224,200,172,130,102,85,88,100,130,165,199,228,242,238,227,205,185,170
GS01,51/04/24,165,171,187,208,224,232,227,210,181,147,110,85,73,76,96,125,158,190,212,223,220,210,194,175
GS01,51/04/25,165,166,177,194,211,220,224,214,191,161,128,97,74,67,72,89,117,146,176,193,201,200,193,181
GS01,51/04/26,171,168,170,179,192,205,209,207,195,173,143,115,88,70,68,75,91,117,144,167,182,191,191,186
GS01,51/04/27,179,175,172,177,187,195,202,205,199,185,165,144,117,97,87,83,88,104,124,143,161,175,186,187
GS01,51/04/28,187,184,181,180,184,187,192,197,198,190,181,166,149,130,117,105,101,103,114,129,145,163,178,188
GS01,51/04/29,194,197,192,192,190,189,192,196,199,203,200,200,192,176,164,149,138,132,136,140,153,169,182,198
GS01,51/04/30,210,213,216,209,202,194,187,185,186,188,192,196,194,193,182,170,156,145,134,130,133,144,157,175
GS01,51/05/01,192,203,207,204,193,182,170,160,157,159,168,178,188,192,197,190,178,161,149,137,135,137,152,168
GS01,51/05/02,187,205,214,213,204,193,171,158,146,143,151,163,179,192,199,200,194,180,163,149,137,135,140,153
GS01,51/05/03,171,191,202,208,203,187,165,144,126,113,115,129,147,168,187,197,196,191,174,158,142,135,134,146
GS01,51/05/04,162,181,197,206,205,192,170,144,122,103,100,107,129,152,177,197,207,206,199,180,163,149,144,149
GS01,51/05/05,163,181,201,210,213,206,187,159,130,106,95,98,112,138,167,193,213,217,215,201,183,165,155,153
GS01,51/05/06,163,178,197,209,217,210,191,167,135,105,88,81,94,115,146,174,198,213,218,210,194,177,164,160
GS01,51/05/07,163,178,197,211,223,223,210,191,157,127,100,90,92,109,135,165,193,216,225,223,213,198,181,172
GS01,51/05/08,170,180,195,212,223,230,219,204,175,146,116,97,91,102,123,152,183,207,225,231,227,217,203,192
GS01,51/05/09,191,193,204,217,233,237,237,222,199,169,141,118,102,101,117,138,164,192,215,224,223,217,203,191
GS01,51/05/10,183,184,192,201,213,223,226,217,198,175,148,125,105,99,103,118,142,169,192,205,214,210,202,193
GS01,51/05/11,185,181,183,192,202,212,217,212,201,183,160,136,117,105,101,109,126,147,171,188,200,204,200,194
GS01,51/05/12,187,182,179,183,190,197,204,205,199,188,170,152,130,114,108,107,116,134,151,169,186,194,198,196
GS01,51/05/13,191,186,182,181,185,190,198,202,202,196,185,170,155,141,128,122,126,134,146,163,179,194,202,205
GS01,51/05/14,206,199,196,190,188,188,191,192,195,190,190,181,171,156,143,134,127,126,132,144,161,178,192,200
GS01,51/05/15,205,204,198,192,185,181,179,181,182,184,188,189,186,180,172,157,147,140,140,143,158,172,188,201
GS01,51/05/16,214,217,214,208,196,187,175,173,174,176,186,194,198,201,195,185,173,159,151,148,153,164,182,197
GS01,51/05/17,212,222,219,214,200,183,167,157,154,154,166,180,195,205,208,202,193,180,165,152,151,160,172,187
GS01,51/05/18,208,220,225,219,208,190,165,148,134,134,142,161,181,198,215,220,217,203,190,167,160,160,166,183
GS01,51/05/19,198,218,230,226,214,196,167,144,119,110,117,132,157,186,210,228,233,225,209,192,174,164,165,176
GS01,51/05/20,194,211,227,230,221,204,174,141,110,93,88,97,121,152,182,212,227,230,221,203,183,170,158,168
GS01,51/05/21,178,194,210,220,221,205,180,146,111,84,66,66,80,106,143,179,205,220,224,215,198,180,168,163
GS01,51/05/22,171,186,203,219,228,221,199,172,135,100,72,57,61,78,109,148,181,207,222,225,217,203,189,178
GS01,51/05/23,176,186,200,216,228,234,226,198,167,131,96,72,64,68,86,117,152,183,209,220,221,212,201,188
GS01,51/05/24,179,179,189,204,217,224,222,210,187,156,123,92,76,68,77,95,127,158,185,207,216,216,210,198
GS01,51/05/25,187,182,185,194,205,218,221,218,205,182,151,121,95,81,77,84,104,129,158,180,199,207,207,199
GS01,51/05/26,192,183,182,182,190,202,209,212,209,195,176,153,127,109,97,96,103,122,141,165,187,201,208,207
GS01,51/05/27,202,193,186,183,184,191,198,204,207,203,195,179,162,143,128,118,118,126,143,159,180,198,209,215
GS01,51/05/28,214,207,198,190,184,182,187,194,198,201,203,198,189,177,162,149,142,142,148,157,173,188,202,211
GS01,51/05/29,214,210,203,192,180,172,168,169,174,180,188,191,190,185,176,163,155,147,143,148,157,171,185,197
GS01,51/05/30,205,206,201,189,173,159,150,145,146,154,165,176,184,189,189,184,172,163,157,155,158,168,182,195
GS01,51/05/31,206,210,209,199,184,166,148,136,133,137,148,163,181,195,201,203,197,190,181,174,174,178,187,201
GS01,51/06/01,216,225,225,218,202,181,157,138,125,123,129,145,165,186,201,207,209,201,191,179,170,170,173,186
GS01,51/06/02,197,208,216,213,202,183,159,135,115,104,105,119,140,164,183,203,209,209,200,189,177,171,171,177
GS01,51/06/03,191,204,214,217,209,194,169,144,120,100,93,100,121,147,172,197,211,217,213,203,189,179,175,177
GS01,51/06/04,188,199,213,220,219,207,187,160,133,108,96,96,109,130,161,185,209,222,224,217,205,194,188,185
GS01,51/06/05,192,201,216,226,234,228,207,186,153,123,103,96,104,120,149,178,205,223,231,229,215,204,194,185
GS01,51/06/06,188,197,209,221,230,229,218,195,169,138,113,99,99,111,137,162,192,213,229,233,226,212,201,192
GS01,51/06/07,190,195,206,219,229,234,228,209,188,159,126,107,98,100,116,142,170,199,217,225,227,220,209,194
GS01,51/06/08,189,189,195,205,219,228,230,222,201,174,149,120,107,101,112,131,153,184,205,220,225,221,210,199
GS01,51/06/09,191,186,190,200,209,221,226,221,205,188,164,139,116,108,107,120,140,163,191,210,218,221,211,203
GS01,51/06/10,193,184,183,187,198,207,215,217,213,197,180,159,135,121,113,120,131,155,181,200,213,217,215,206
GS01,51/06/11,195,185,181,177,184,192,201,205,206,200,186,170,152,135,125,120,126,138,159,181,198,209,211,207
GS01,51/06/12,198,189,181,174,174,177,184,190,193,194,192,183,170,154,142,131,132,137,151,167,186,198,207,209
GS01,51/06/13,205,194,184,171,163,162,164,172,178,185,187,186,183,171,157,149,140,140,146,158,174,191,202,209
GS01,51/06/14,208,202,190,174,161,150,147,150,155,166,176,184,189,187,181,170,161,151,153,157,168,184,198,208
GS01,51/06/15,213,209,200,186,170,154,141,136,140,150,164,181,194,203,203,202,192,184,174,175,177,190,201,218
GS01,51/06/16,226,228,222,209,188,168,146,130,128,133,147,170,190,210,222,224,219,207,196,184,181,186,195,210
GS01,51/06/17,224,230,227,220,200,172,145,123,106,102,108,128,155,178,205,220,225,223,211,198,184,185,188,196
GS01,51/06/18,212,220,230,224,210,189,156,128,95,82,80,92,115,148,176,206,223,229,224,215,201,187,185,189
GS01,51/06/19,200,215,226,231,224,208,180,146,108,83,72,72,89,117,154,198,220,235,242,235,224,209,200,196
GS01,51/06/20,202,216,229,240,245,235,215,184,147,110,86,74,79,99,128,164,202,226,242,247,238,226,212,203
GS01,51/06/21,200,209,221,233,244,246,236,211,178,142,110,85,76,82,102,135,174,205,232,245,245,238,222,208
GS01,51/06/22,201,203,212,228,244,251,249,237,212,181,144,114,93,90,101,125,155,190,218,239,243,239,226,212
GS01,51/06/23,197,193,196,207,223,238,245,242,229,202,176,142,119,102,104,115,138,166,195,218,233,235,228,216
GS01,51/06/24,201,189,186,190,201,217,229,235,230,218,194,170,144,126,117,120,132,154,180,200,221,227,227,215
GS01,51/06/25,202,188,175,174,180,190,205,214,220,216,206,188,168,149,139,138,143,157,180,201,221,232,233,230
GS01,51/06/26,214,200,185,174,173,178,189,198,210,212,210,202,188,174,160,154,153,161,175,191,210,220,227,223
GS01,51/06/27,214,202,184,171,160,159,162,171,181,190,198,200,196,188,180,172,169,169,179,192,203,215,224,229
GS01,51/06/28,224,215,200,180,166,155,152,156,164,174,188,197,203,203,204,196,192,188,190,197,205,216,227,234
GS01,51/06/29,234,231,218,202,183,167,156,151,154,158,176,192,205,213,219,218,214,207,204,202,207,211,219,225
GS01,51/06/30,230,229,221,208,188,167,149,136,129,132,144,158,177,196,210,215,213,212,206,201,198,200,205,215
GS01,51/07/01,9999,9999,9999,9999,9999,9999,9999,9999,9999,9999,9999,9999,9999,9999,9999,9999,9999,9999,9999,9999,9999,9999,9999,9999
GS01,51/07/02,9999,9999,9999,9999,9999,9999,9999,9999,9999,9999,9999,9999,9999,9999,9999,9999,9999,9999,9999,9999,9999,9999,9999,9999
GS01,51/07/03,212,220,231,232,230,213,191,163,136,114,104,106,121,145,172,199,219,229,228,221,211,200,192,194
GS01,51/07/04,200,211,223,232,233,225,206,178,148,121,101,97,108,126,154,186,210,228,225,227,217,205,195,188
GS01,51/07/05,191,203,216,227,238,235,223,200,168,137,114,100,102,116,142,172,205,225,235,236,228,216,200,192
GS01,51/07/06,189,196,211,224,235,238,233,213,187,158,128,109,101,108,126,155,182,214,230,235,229,217,203,188
GS01,51/07/07,183,186,196,210,226,234,234,224,200,172,144,120,106,104,117,142,170,196,218,229,229,221,207,191
GS01,51/07/08,181,180,186,197,212,226,233,228,213,191,160,134,116,107,114,132,156,184,210,226,232,225,213,199
GS01,51/07/09,9999,9999,9999,9999,9999,9999,9999,9999,9999,9999,9999,9999,9999,9999,9999,9999,9999,9999,9999,9999,9999,9999,9999,9999
GS01,51/07/10,9999,9999,9999,9999,9999,9999,9999,9999,9999,9999,9999,9999,9999,9999,9999,9999,9999,9999,9999,9999,9999,9999,9999,9999
GS01,51/07/11,9999,9999,9999,9999,9999,9999,9999,9999,9999,9999,9999,9999,9999,9999,9999,9999,9999,9999,9999,9999,9999,9999,9999,9999
GS01,51/07/12,189,173,158,145,146,150,159,171,184,191,196,190,181,170,163,153,151,160,176,192,205,220,221,220
GS01,51/07/13,206,190,175,161,151,151,156,163,169,175,199,204,204,202,194,185,181,181,186,195,209,222,229,227
GS01,51/07/14,9999,9999,9999,9999,9999,9999,9999,9999,9999,9999,9999,9999,9999,9999,9999,9999,9999,9999,9999,9999,9999,9999,9999,9999
GS01,51/07/15,223,216,203,182,159,141,126,117,117,128,145,167,189,206,217,224,222,218,213,209,210,217,224,232
GS01,51/07/16,9999,9999,9999,9999,9999,9999,9999,9999,9999,9999,9999,9999,9999,9999,9999,9999,9999,9999,9999,9999,9999,9999,9999,9999
GS01,51/07/17,227,234,236,228,212,188,159,128,105,92,92,107,130,160,191,217,232,240,236,226,214,204,201,208
GS01,51/07/18,217,230,239,242,234,216,186,152,118,92,79,80,98,128,165,198,223,239,240,235,220,207,195,194
GS01,51/07/19,200,214,228,240,245,234,212,180,144,109,83,71,76,94,126,164,196,222,233,231,220,204,188,177
GS01,51/07/20,178,189,204,221,231,237,227,204,169,130,96,75,67,76,99,134,167,199,220,227,219,205,187,171
GS01,51/07/21,162,167,181,199,220,231,233,220,197,162,108,100,82,78,93,119,154,183,210,222,222,209,189,172
GS01,51/07/22,157,153,160,177,196,214,228,226,212,187,155,126,103,92,97,114,142,173,199,216,222,214,198,179
GS01,51/07/23,160,151,144,154,171,193,212,220,217,200,176,152,127,111,109,118,138,161,193,209,222,218,208,188
GS01,51/07/24,167,146,138,140,151,168,186,201,203,199,189,171,151,136,129,132,141,164,186,204,218,221,212,196
GS01,51/07/25,177,156,140,136,138,147,164,180,189,196,194,184,172,159,152,160,157,168,184,201,211,219,213,207
GS01,51/07/26,187,169,152,138,132,136,147,159,170,180,183,186,181,175,169,167,167,175,187,197,208,215,217,209
GS01,51/07/27,196,183,166,149,135,131,133,140,148,160,170,178,183,182,184,180,180,183,187,195,204,211,213,210
GS01,51/07/28,203,190,175,160,145,133,128,127,133,141,156,165,177,184,189,191,192,193,194,197,200,204,208,210
GS01,51/07/29,209,200,191,174,160,144,130,122,118,123,137,150,168,178,191,197,198,200,199,196,196,198,199,203
GS01,51/07/30,208,206,201,191,179,158,135,122,112,112,118,133,156,170,190,204,212,210,204,199,195,193,194,199
GS01,51/07/31,203,209,211,205,193,177,153,133,113,104,105,118,138,159,181,201,212,215,212,204,196,190,187,191
GS01,51/08/01,200,207,216,218,211,197,172,147,120,102,97,103,122,145,170,194,213,221,217,213,201,189,183,183
GS01,51/08/02,187,201,216,222,222,214,193,166,138,115,98,96,108,130,159,188,210,223,226,218,204,190,179,174
GS01,51/08/03,179,191,209,221,227,224,208,184,155,126,101,94,98,116,141,173,200,216,226,222,207,190,176,164
GS01,51/08/04,169,177,194,213,226,230,221,203,174,140,113,95,92,103,125,156,190,212,225,222,212,193,178,161
GS01,51/08/05,157,165,179,198,216,226,226,214,190,161,132,104,96,102,120,149,170,207,221,228,218,199,178,160
GS01,51/08/06,149,151,164,180,200,216,225,223,205,180,149,126,106,103,116,138,166,195,215,223,220,208,185,165
GS01,51/08/07,149,143,147,162,181,197,213,218,209,191,168,141,123,113,118,135,160,188,210,224,223,214,194,172
GS01,51/08/08,150,139,138,146,162,181,200,213,213,205,191,165,147,133,131,141,157,179,207,223,227,223,203,182
GS01,51/08/09,157,140,131,130,141,157,175,193,201,202,194,180,162,152,145,146,157,175,197,209,220,218,205,187
GS01,51/08/10,165,144,129,121,121,131,146,161,176,183,187,183,173,168,160,157,161,174,186,200,207,210,206,189
GS01,51/08/11,169,150,132,119,112,113,121,135,147,162,172,180,179,178,175,173,174,177,185,192,202,207,206,197
GS01,51/08/12,184,169,150,131,117,108,106,112,123,137,154,168,180,188,192,192,192,190,192,196,201,206,209,207
GS01,51/08/13,202,192,177,160,140,123,110,107,106,116,132,151,171,189,201,209,211,209,205,201,199,202,204,209
GS01,51/08/14,210,209,201,189,167,146,123,104,97,94,102,123,149,172,195,209,218,218,212,205,198,194,198,201
GS01,51/08/15,208,214,216,212,198,175,144,122,100,85,85,98,123,152,181,207,221,228,220,211,197,188,183,190
GS01,51/08/16,200,211,225,228,222,206,178,146,116,87,76,81,100,129,162,196,221,234,233,218,201,186,175,172
GS01,51/08/17,183,196,215,230,235,228,207,179,145,111,87,79,87,110,142,178,210,225,232,224,206,185,166,159
GS01,51/08/18,163,178,199,222,240,244,236,215,182,137,110,94,91,104,135,166,199,224,236,229,214,189,166,150
GS01,51/08/19,146,156,175,203,225,243,241,229,202,168,138,109,100,103,129,159,187,215,232,230,219,198,170,149
GS01,51/08/20,137,139,155,176,205,224,237,233,217,189,159,134,117,115,131,153,181,210,229,233,224,203,180,154
GS01,51/08/21,135,128,136,154,178,205,221,229,225,207,183,159,141,133,139,157,183,209,227,236,231,216,193,167
GS01,51/08/22,144,129,127,137,157,181,200,216,218,210,197,179,162,154,156,167,186,205,226,235,237,228,208,184
GS01,51/08/23,158,142,131,134,149,169,190,205,212,211,207,196,182,172,172,180,192,209,224,235,240,233,218,197
GS01,51/08/24,176,157,145,139,143,156,172,188,200,207,208,204,197,191,191,195,200,212,225,235,238,237,227,210
GS01,51/08/25,195,176,160,149,146,149,146,167,178,189,196,199,199,200,199,201,204,212,218,225,230,229,224,214
GS01,51/08/26,200,189,173,160,147,143,142,150,156,166,176,185,193,200,204,205,206,207,213,214,219,220,220,216
GS01,51/08/27,210,203,192,177,162,150,143,142,142,150,162,176,189,205,212,216,217,217,215,211,211,212,213,216
GS01,51/08/28,215,215,210,198,183,167,150,142,137,137,148,164,182,198,212,221,227,225,220,214,209,209,210,215
GS01,51/08/29,219,222,223,221,205,190,171,152,139,132,135,152,172,194,215,231,237,238,229,216,208,201,200,206
GS01,51/08/30,214,221,230,230,223,209,184,158,135,120,119,129,148,174,201,221,232,235,228,214,200,190,184,187
GS01,51/08/31,197,213,230,237,236,228,206,179,151,130,119,124,142,167,197,223,240,244,239,225,208,191,179,179
GS01,51/09/01,189,209,228,244,251,245,229,202,172,145,130,124,136,160,190,221,239,251,244,230,211,192,172,168
GS01,51/09/02,171,190,211,234,249,251,239,217,184,155,130,119,120,139,168,199,227,243,242,231,211,186,163,151
GS01,51/09/03,150,162,182,210,230,243,244,231,204,170,144,125,122,130,155,186,217,234,243,233,216,189,162,142
GS01,51/09/04,138,141,164,190,219,237,244,238,219,191,164,141,130,132,152,179,210,234,243,240,223,198,169,146
GS01,51/09/05,131,130,143,167,191,228,237,243,232,211,187,166,153,148,160,180,208,230,247,250,236,216,184,160
GS01,51/09/06,137,128,132,149,171,199,224,233,236,223,206,189,173,166,170,183,203,225,244,247,243,224,200,168
GS01,51/09/07,144,130,125,134,152,176,198,217,226,225,218,201,193,184,182,191,206,225,238,245,245,234,214,185
GS01,51/09/08,160,144,132,130,140,154,178,195,209,216,217,214,206,203,200,199,208,220,231,239,241,237,220,206
GS01,51/09/09,184,163,148,136,134,137,152,167,182,198,208,214,215,215,217,216,217,225,231,238,246,243,235,225
GS01,51/09/10,209,191,177,158,146,140,140,149,156,171,189,202,214,220,227,228,226,224,221,224,227,230,227,225
GS01,51/09/11,218,209,196,182,165,147,138,134,134,144,159,178,198,216,227,232,234,228,220,214,213,215,216,221
GS01,51/09/12,223,224,219,207,188,168,148,129,122,122,133,156,182,204,224,239,241,235,226,212,202,197,200,207
GS01,51/09/13,216,228,232,231,217,197,171,146,126,114,116,132,157,185,213,232,244,242,229,213,195,180,177,184
GS01,51/09/14,199,216,231,238,236,218,194,163,135,113,107,114,136,166,198,224,240,242,231,211,187,168,160,161
GS01,51/09/15,179,202,226,244,254,250,231,198,165,136,121,120,130,163,193,222,245,255,247,227,201,174,157,155
GS01,51/09/16,166,191,217,241,261,263,253,228,199,168,142,133,142,161,192,221,243,256,255,234,208,179,151,141
GS01,51/09/17,141,159,187,214,241,253,252,235,210,180,155,138,137,149,174,202,230,245,247,235,211,178,150,130
GS01,51/09/18,123,131,152,182,213,235,247,242,226,200,177,156,149,155,173,197,224,242,252,243,225,197,164,137
GS01,51/09/19,123,125,140,167,197,224,242,247,240,221,202,183,175,177,187,209,231,247,258,254,238,214,183,153
GS01,51/09/20,136,129,136,153,182,209,228,240,240,228,215,200,189,188,191,206,226,244,252,255,241,220,193,167
GS01,51/09/21,144,135,134,145,162,183,204,220,227,225,217,210,196,190,192,202,215,231,239,244,239,227,206,181
GS01,51/09/22,158,142,135,137,147,166,181,202,213,217,217,210,207,202,202,206,217,226,237,240,238,234,218,201
GS01,51/09/23,181,164,150,143,148,153,166,180,193,201,207,210,211,209,210,210,215,220,224,227,228,223,217,205
GS01,51/09/24,189,176,161,151,147,144,152,159,170,180,190,199,203,208,209,210,211,213,213,216,217,215,210,206
GS01,51/09/25,203,192,181,170,160,150,149,152,157,167,181,191,206,214,221,223,222,219,214,213,212,211,213,215
GS01,51/09/26,213,214,206,198,182,170,156,150,150,157,169,183,202,215,228,235,229,225,215,204,201,198,200,204
GS01,51/09/27,214,222,220,214,202,185,167,150,140,142,150,169,189,210,225,235,236,230,214,200,189,183,186,194
GS01,51/09/28,209,220,229,231,220,203,179,157,140,131,135,151,174,200,222,237,243,234,217,197,180,168,164,174
GS01,51/09/29,191,212,230,242,235,220,195,168,143,129,122,136,158,186,213,234,245,241,221,200,178,157,151,156
GS01,51/09/30,172,198,222,241,251,241,223,198,166,143,130,138,156,179,212,240,253,251,237,214,183,159,145,142
GS01,51/10/01,160,184,216,242,256,257,245,219,188,162,141,138,149,174,203,230,249,254,240,216,188,156,135,121
GS01,51/10/02,129,151,183,212,238,252,250,235,208,177,152,141,144,163,190,218,240,251,246,226,194,160,131,114
GS01,51/10/03,114,128,156,188,218,242,252,244,222,199,173,158,150,161,183,211,235,249,248,232,205,166,135,110
GS01,51/10/04,100,106,126,158,188,209,239,241,231,216,191,172,162,163,177,200,221,242,246,237,216,184,150,120
GS01,51/10/05,100,99,110,136,163,193,218,233,233,225,210,193,181,177,186,201,221,236,246,244,228,204,173,141
GS01,51/10/06,119,106,107,122,143,170,193,212,224,224,219,210,200,196,196,205,216,231,238,239,235,219,193,167
GS01,51/10/07,137,117,109,109,120,138,161,182,197,209,210,207,204,199,198,202,209,216,224,227,228,220,207,184
GS01,51/10/08,163,143,128,120,120,128,142,156,173,187,198,208,211,211,210,210,211,212,217,220,221,221,217,207
GS01,51/10/09,193,175,162,146,138,133,136,144,154,171,187,202,215,223,224,224,218,213,209,208,209,208,211,211
GS01,51/10/10,209,202,189,173,156,143,133,130,136,148,164,182,202,215,225,225,219,209,200,191,188,188,194,201
GS01,51/10/11,209,213,207,197,180,160,142,129,125,130,142,162,188,209,224,232,227,216,197,182,172,171,175,188
GS01,51/10/12,203,218,224,223,214,193,172,150,135,130,137,156,180,203,225,238,240,227,205,184,163,153,155,168
GS01,51/10/13,189,212,231,239,232,218,197,171,148,135,136,148,171,196,220,235,241,230,207,182,157,141,135,142
GS01,51/10/14,165,195,219,236,247,240,222,199,173,154,145,153,172,198,223,246,256,246,226,198,169,146,127,132
GS01,51/10/15,150,181,217,243,266,268,260,243,214,195,180,179,195,216,245,263,280,277,263,230,193,165,136,129
GS01,51/10/16,136,160,186,217,239,248,245,232,208,187,164,155,158,174,196,219,239,240,229,207,175,139,113,100
GS01,51/10/17,98,115,145,175,208,227,236,227,216,196,175,161,161,174,194,212,231,237,233,216,187,155,123,102
GS01,51/10/18,95,100,127,157,186,213,227,231,220,204,185,174,170,176,191,207,225,237,236,226,202,174,139,115
GS01,51/10/19,100,99,113,140,167,194,217,225,224,214,201,189,181,180,188,203,219,232,238,230,215,191,162,135
GS01,51/10/20,117,109,116,129,155,179,201,218,224,218,211,201,193,189,194,204,216,227,233,231,223,205,181,159
GS01,51/10/21,135,125,124,129,147,166,188,208,218,220,219,213,207,204,204,210,217,227,234,232,226,213,195,172
GS01,51/10/22,155,141,132,131,140,153,171,186,199,208,212,209,208,205,206,206,210,216,220,222,219,216,205,193
GS01,51/10/23,178,164,152,144,146,148,160,172,185,195,203,206,210,209,210,207,208,208,210,210,211,210,207,202
GS01,51/10/24,194,185,172,161,155,150,153,159,167,181,194,203,210,214,215,212,208,202,199,195,194,195,198,199
GS01,51/10/25,198,197,187,177,163,153,146,145,150,164,178,190,207,217,222,219,214,201,191,183,180,181,186,194
GS01,51/10/26,201,206,205,196,182,169,156,145,147,153,166,186,204,219,229,232,223,208,194,176,166,168,170,184
GS01,51/10/27,197,211,215,213,199,186,164,149,138,140,150,167,191,210,222,226,219,203,178,160,140,137,142,157
GS01,51/10/28,177,200,213,218,215,197,178,156,140,131,135,152,172,197,216,225,221,204,181,154,130,119,117,130
GS01,51/10/29,155,180,208,224,227,220,201,180,157,143,139,150,161,193,220,233,234,220,196,165,135,116,107,113
GS01,51/10/30,137,170,200,223,240,242,227,207,185,165,152,154,172,185,219,240,247,239,214,183,150,119,103,102
GS01,51/10/31,116,148,183,210,237,251,250,236,213,191,170,167,174,193,216,239,253,250,234,204,162,127,102,89
GS01,51/11/01,95,118,151,184,214,236,247,242,228,203,184,170,171,184,202,224,241,247,238,216,180,140,107,84
GS01,51/11/02,80,91,117,150,185,213,231,240,237,221,203,190,181,187,199,220,235,249,244,229,204,171,133,106
GS01,51/11/03,90,91,103,129,163,193,220,234,238,235,224,210,200,194,201,215,229,240,243,232,214,187,156,122
GS01,51/11/04,96,85,89,100,123,150,177,195,208,211,207,201,193,190,190,196,208,218,224,225,214,199,180,150
GS01,51/11/05,125,106,100,99,111,129,151,170,190,200,203,203,198,193,189,189,192,196,202,203,203,195,183,163
GS01,51/11/06,144,125,109,102,102,112,128,146,166,182,194,201,204,202,199,195,191,192,196,200,206,205,202,194
GS01,51/11/07,183,168,153,140,132,132,140,149,163,181,197,211,220,224,220,214,204,196,193,193,195,200,207,210
GS01,51/11/08,209,200,190,174,163,150,146,147,155,168,186,199,214,221,221,215,204,187,174,163,161,164,175,182
GS01,51/11/09,190,193,189,179,166,150,139,132,134,143,156,175,195,206,212,207,196,178,157,143,137,139,150,167
GS01,51/11/10,183,199,205,204,193,175,162,149,143,145,157,173,196,211,222,221,209,188,165,143,128,123,130,146
GS01,51/11/11,170,192,207,215,213,199,183,165,156,149,155,167,187,205,221,225,219,199,170,146,122,109,110,124
GS01,51/11/12,145,176,197,214,223,217,203,191,175,163,160,169,186,202,218,232,237,232,186,155,129,107,102,110
GS01,51/11/13,132,162,190,217,234,235,230,214,194,180,173,177,187,206,220,237,240,229,201,172,139,110,97,94
GS01,51/11/14,109,133,163,196,218,231,231,221,201,188,177,172,181,196,214,231,239,234,215,187,155,127,104,94
GS01,51/11/15,102,124,154,183,214,233,240,237,221,204,191,184,184,200,212,229,240,238,227,203,171,142,114,97
GS01,51/11/16,96,110,135,166,199,223,239,243,234,220,203,193,190,196,211,227,238,242,237,217,191,160,129,106
GS01,51/11/17,97,100,116,142,173,197,216,225,223,214,199,187,182,183,194,210,223,229,230,219,197,172,139,115
GS01,51/11/18,96,93,103,122,149,173,195,211,213,210,199,187,177,177,182,194,206,216,219,214,198,179,154,126
GS01,51/11/19,108,100,100,112,133,157,177,197,207,207,201,192,182,177,180,187,198,205,212,211,203,190,170,150
GS01,51/11/20,127,116,110,116,126,145,166,183,199,207,205,201,193,187,183,184,190,197,201,205,202,193,181,167
GS01,51/11/21,147,133,124,121,126,136,153,170,182,196,199,198,196,188,183,181,181,182,183,186,187,187,180,174
GS01,51/11/22,160,148,135,129,125,128,138,150,168,179,191,196,197,193,188,181,176,171,171,172,177,180,181,179
GS01,51/11/23,176,170,160,148,142,140,142,152,164,178,191,201,207,208,204,195,184,175,166,164,166,174,180,190
GS01,51/11/24,193,195,191,180,171,157,151,154,163,173,187,198,207,209,205,198,185,165,149,138,138,141,150,165
GS01,51/11/25,175,185,189,185,174,161,150,144,146,154,166,181,196,208,209,203,190,169,149,132,125,128,137,155
GS01,51/11/26,177,197,210,215,211,199,187,175,170,172,181,195,212,226,232,226,208,187,157,130,110,105,109,127
GS01,51/11/27,150,175,197,211,215,207,193,177,161,156,159,172,189,203,215,219,208,187,155,125,100,86,80,99
GS01,51/11/28,124,155,184,206,219,220,208,190,175,160,156,162,175,191,212,218,213,195,164,133,96,73,64,64
GS01,51/11/29,85,114,144,183,208,219,220,209,193,178,169,169,179,197,216,227,228,220,193,160,120,87,64,57
GS01,51/11/30,65,87,124,159,192,214,227,224,212,199,182,174,177,186,201,220,229,227,209,183,147,108,79,60
GS01,51/12/01,56,67,92,125,160,188,210,219,216,206,192,178,172,177,190,208,218,225,219,199,169,137,100,75
GS01,51/12/02,57,58,70,95,128,162,188,205,213,208,198,185,177,174,181,195,207,218,220,211,192,165,132,102
GS01,51/12/03,79,70,71,85,110,140,170,192,205,208,202,193,182,174,173,181,192,204,212,211,201,183,156,132
GS01,51/12/04,106,88,81,87,103,122,149,172,190,201,203,197,189,178,174,173,177,188,195,201,202,195,182,163
GS01,51/12/05,144,125,111,108,112,124,146,166,187,203,211,211,202,193,181,174,170,173,177,183,188,190,185,176
GS01,51/12/06,159,144,131,120,117,123,133,149,165,180,192,195,193,188,176,166,155,149,149,152,160,167,170,173
GS01,51/12/07,9999,9999,9999,9999,9999,9999,9999,9999,9999,9999,9999,9999,9999,9999,9999,9999,9999,9999,9999,9999,9999,9999,9999,9999
GS01,51/12/08,9999,9999,9999,9999,9999,9999,9999,9999,9999,9999,9999,9999,9999,9999,9999,9999,9999,9999,9999,9999,9999,9999,9999,9999
GS01,51/12/09,9999,9999,9999,9999,9999,9999,9999,9999,9999,9999,9999,9999,9999,9999,9999,9999,9999,9999,9999,9999,9999,9999,9999,9999
GS01,51/12/10,9999,9999,9999,9999,9999,9999,9999,9999,9999,9999,9999,9999,9999,9999,9999,9999,9999,9999,9999,9999,9999,9999,9999,9999
GS01,51/12/11,146,168,189,207,211,213,205,194,186,183,184,190,204,215,224,224,214,193,166,138,110,94,93,103
GS01,51/12/12,120,151,176,196,210,213,207,199,189,179,175,180,190,204,214,222,217,200,175,147,114,90,84,90
GS01,51/12/13,100,132,163,190,210,222,223,218,207,193,185,185,192,204,220,231,233,221,202,171,138,110,88,88
GS01,51/12/14,9999,9999,9999,9999,9999,9999,9999,9999,9999,9999,9999,9999,9999,9999,9999,9999,9999,9999,9999,9999,9999,9999,9999,9999
GS01,51/12/15,93,107,134,164,193,217,230,229,222,210,198,188,185,191,205,220,229,234,226,207,178,147,117,95
GS01,51/12/16,86,90,109,139,172,195,214,223,218,208,194,184,177,178,188,202,214,222,219,204,182,157,122,96
GS01,51/12/17,80,80,92,116,142,169,190,203,206,200,188,173,163,163,168,180,193,203,205,200,184,161,130,105
GS01,51/12/18,86,78,82,98,121,149,175,192,199,197,189,179,166,159,161,171,181,192,201,200,193,178,154,131
GS01,51/12/19,109,98,96,104,119,144,169,188,201,205,199,189,176,167,165,165,173,182,190,194,193,184,167,150
GS01,51/12/20,130,114,108,109,118,138,160,182,196,203,200,191,180,170,164,162,164,172,179,184,188,188,182,166
GS01,51/12/21,151,138,127,122,125,137,153,171,189,201,201,197,189,176,167,160,156,157,160,168,176,178,180,175
GS01,51/12/22,166,158,148,138,137,144,152,170,187,201,210,210,200,190,179,170,156,154,149,156,162,169,179,184
GS01,51/12/23,185,183,175,169,164,162,169,177,189,207,215,216,215,209,194,182,165,150,141,138,143,150,164,173
GS01,51/12/24,184,188,187,182,175,169,165,165,171,183,194,201,203,202,192,175,155,136,120,110,103,112,125,143
GS01,51/12/25,164,177,187,190,186,180,172,168,170,175,184,197,203,208,206,194,172,152,127,107,98,97,108,127
GS01,51/12/26,151,179,196,210,215,214,205,198,191,193,198,207,219,227,229,223,208,183,151,126,106,99,105,118
GS01,51/12/27,140,166,193,215,225,226,221,204,192,183,183,187,196,207,215,218,209,187,159,124,96,69,57,61
GS01,51/12/28,80,111,146,179,202,220,219,212,199,188,179,177,186,197,213,225,225,215,190,157,121,87,66,56
GS01,51/12/29,62,84,119,157,189,213,224,223,213,199,184,174,176,184,200,215,221,220,205,175,136,98,64,42
GS01,51/12/30,39,50,76,107,146,178,200,206,201,191,176,160,153,159,173,192,209,215,210,196,166,131,95,65
GS01,51/12/31,49,49,65,92,127,164,194,209,214,209,197,183,173,172,181,197,219,233,240,233,214,189,152,120
