GS01,60/01/01,87,97,120,151,187,219,241,250,246,230,209,189,181,180,190,211,231,242,246,236,215,180,148,120
GS01,60/01/02,99,93,104,125,155,185,211,229,232,226,211,190,174,166,170,186,205,222,235,237,227,207,181,150
GS01,60/01/03,126,112,114,125,148,175,202,223,233,233,223,204,186,171,169,175,188,204,217,224,224,212,193,171
GS01,60/01/04,149,132,127,131,145,166,190,210,226,232,228,216,198,183,172,170,175,187,200,209,214,212,203,188
GS01,60/01/05,171,155,147,145,152,166,185,204,219,232,231,225,213,198,185,176,175,180,188,196,203,208,208,201
GS01,60/01/06,190,177,166,158,158,166,179,194,208,219,223,221,213,201,186,173,163,160,159,163,170,178,182,185
GS01,60/01/07,183,178,172,167,163,165,171,180,192,203,211,213,210,202,190,176,163,153,147,147,152,159,167,176
GS01,60/01/08,182,184,184,180,177,174,174,178,187,196,204,210,212,210,203,190,173,158,144,137,137,141,149,162
GS01,60/01/09,175,186,192,193,191,186,182,180,182,187,194,201,209,213,211,203,188,169,150,134,127,127,134,148
GS01,60/01/10,165,182,196,203,205,202,196,189,184,186,191,199,210,219,223,220,210,191,169,147,133,127,130,142
GS01,60/01/11,161,182,202,217,224,224,220,211,203,198,198,206,217,230,240,242,233,217,191,162,140,124,119,127
GS01,60/01/12,143,168,191,211,222,226,221,210,199,189,183,186,196,209,223,231,231,219,197,168,141,118,108,110
GS01,60/01/13,124,147,174,200,217,225,225,215,200,185,173,171,178,193,209,223,228,221,203,174,143,115,96,88
GS01,60/01/14,97,118,146,177,201,218,222,217,203,187,172,165,168,181,200,217,229,230,219,196,166,136,109,95
GS01,60/01/15,96,112,138,167,196,218,228,226,214,197,180,166,163,174,191,211,226,231,226,207,181,148,118,97
GS01,60/01/16,92,100,122,152,183,210,228,233,226,211,194,175,169,174,189,212,233,247,253,247,228,198,168,144
GS01,60/01/17,128,127,140,164,192,218,239,248,243,228,208,188,171,166,174,190,208,224,231,228,214,191,163,134
GS01,60/01/18,115,106,112,131,158,185,210,225,230,222,206,185,167,157,160,170,187,202,215,221,216,200,177,152
GS01,60/01/19,131,116,115,124,144,170,197,218,229,226,215,196,177,163,156,160,172,186,202,213,215,209,193,173
GS01,60/01/20,153,136,128,131,143,163,188,208,222,228,222,207,188,171,159,155,160,170,183,195,204,205,201,189
GS01,60/01/21,173,159,149,145,150,164,184,205,221,232,232,222,205,188,173,162,158,159,166,174,183,191,194,192
GS01,60/01/22,186,177,165,158,155,158,171,184,198,209,215,212,203,188,173,158,148,139,139,144,154,166,177,187
GS01,60/01/23,193,192,188,182,177,175,179,186,198,211,220,225,223,216,202,185,167,151,141,135,139,149,163,178
GS01,60/01/24,193,203,209,207,202,196,192,191,195,203,213,220,225,225,217,203,181,158,138,122,117,122,133,152
GS01,60/01/25,173,194,210,216,215,208,199,191,186,188,196,207,218,226,226,218,201,178,150,127,111,105,110,125
GS01,60/01/26,150,177,202,219,226,224,215,203,190,184,186,196,210,224,234,236,226,204,176,143,118,102,95,104
GS01,60/01/27,125,153,183,209,226,231,224,211,194,179,173,177,189,206,223,235,237,227,203,168,135,106,90,87
GS01,60/01/28,100,127,159,192,218,231,232,222,204,183,169,163,170,188,208,226,237,235,218,187,152,117,91,79
GS01,60/01/29,83,101,131,167,198,224,235,232,215,195,175,163,161,173,195,218,237,246,240,217,186,150,117,97
GS01,60/01/30,88,98,119,152,186,215,232,236,226,205,181,162,151,154,170,194,217,233,237,226,203,172,138,112
GS01,60/01/31,94,94,108,133,164,195,218,228,225,208,186,165,149,142,154,171,195,216,227,227,214,190,163,134
GS01,60/02/01,112,106,111,132,158,188,214,229,230,219,200,177,157,147,147,159,179,201,221,228,219,201,173,144
GS01,60/02/02,119,105,105,119,144,172,201,222,229,221,208,190,168,154,146,150,163,181,199,213,219,213,197,182
GS01,60/02/03,165,150,145,150,164,183,203,221,230,229,222,206,188,170,157,153,158,169,183,196,204,207,202,194
GS01,60/02/04,182,171,164,162,169,181,198,213,224,227,225,214,199,182,167,158,156,160,168,177,186,193,195,191
GS01,60/02/05,185,178,170,168,169,176,186,197,206,210,211,205,197,182,169,155,147,143,145,151,158,167,175,180
GS01,60/02/06,181,180,179,176,175,177,182,189,196,203,207,206,202,194,182,169,157,146,139,137,141,149,158,167
GS01,60/02/07,177,182,186,186,185,183,182,184,187,192,198,201,202,199,192,183,168,154,140,131,129,132,143,155
GS01,60/02/08,169,181,191,196,195,191,187,183,181,183,188,194,201,205,205,198,186,169,152,136,126,125,132,146
GS01,60/02/09,164,183,200,210,214,212,206,199,191,189,192,198,207,215,221,220,212,194,173,150,134,124,125,136
GS01,60/02/10,154,177,198,210,219,218,212,198,186,178,175,180,190,203,215,222,218,206,182,155,130,113,106,110
GS01,60/02/11,130,151,176,198,214,220,217,205,190,175,167,169,178,193,211,223,228,215,193,162,131,105,87,85
GS01,60/02/12,99,123,152,181,202,213,213,204,188,171,157,152,159,175,196,215,226,225,213,188,156,125,104,92
GS01,60/02/13,98,115,142,173,199,217,222,214,196,175,156,145,147,161,182,206,225,232,226,209,181,147,120,101
GS01,60/02/14,98,110,134,165,195,219,231,228,215,193,170,153,149,155,174,197,220,235,235,221,198,166,134,110
GS01,60/02/15,100,101,120,146,177,203,220,223,213,192,167,147,134,133,144,168,190,213,225,223,208,183,154,127
GS01,60/02/16,107,103,112,135,163,191,214,224,219,202,179,154,134,125,131,148,171,194,211,218,212,196,172,147
GS01,60/02/17,126,115,118,132,156,182,208,221,223,211,191,169,147,132,127,136,158,180,203,218,222,215,199,178
GS01,60/02/18,158,143,139,145,162,185,210,225,231,229,213,193,168,149,138,137,147,162,178,196,204,206,202,190
GS01,60/02/19,175,162,154,152,160,173,193,209,219,221,212,196,177,156,140,133,135,144,157,172,186,195,199,195
GS01,60/02/20,188,178,171,167,168,177,190,205,216,223,221,213,200,181,163,152,144,141,147,157,168,181,194,200
GS01,60/02/21,202,202,199,194,193,196,201,210,220,228,232,231,225,212,197,181,164,151,142,142,146,158,171,183
GS01,60/02/22,195,202,206,202,198,193,189,189,193,198,202,206,207,203,193,177,161,142,128,118,117,122,135,152
GS01,60/02/23,171,189,201,207,205,200,191,185,181,183,188,197,206,211,212,203,187,167,144,124,111,108,115,129
GS01,60/02/24,151,177,199,214,220,217,206,193,182,175,177,186,199,213,223,224,215,197,171,142,121,107,104,112
GS01,60/02/25,132,161,188,211,223,224,216,199,181,163,158,163,176,194,213,224,226,215,191,161,133,110,97,99
GS01,60/02/26,112,139,170,199,218,228,224,209,188,167,151,149,159,179,203,223,234,234,218,191,160,130,107,99
GS01,60/02/27,106,127,158,192,220,234,235,223,203,177,153,142,144,160,185,210,230,238,231,212,181,148,119,103
GS01,60/02/28,102,115,139,171,199,223,231,225,207,181,153,136,132,140,162,190,214,231,233,221,198,168,137,115
GS01,60/02/29,106,110,129,157,186,210,225,225,212,187,160,136,121,122,139,164,191,214,225,223,209,186,158,134
GS01,60/03/01,120,116,129,150,176,201,220,226,219,199,173,147,127,121,127,145,169,193,210,217,212,196,174,150
GS01,60/03/02,134,127,130,145,168,193,211,221,220,206,185,159,137,123,122,134,156,179,199,211,215,206,192,174
GS01,60/03/03,156,146,146,154,170,190,209,218,219,209,193,170,147,131,122,125,138,155,172,186,193,194,187,174
GS01,60/03/04,158,146,141,140,149,165,184,199,208,205,193,175,156,138,125,123,128,140,153,167,180,183,184,179
GS01,60/03/05,170,163,159,159,166,174,186,196,202,205,200,189,174,157,145,136,133,137,145,156,168,177,183,184
GS01,60/03/06,184,182,178,176,177,182,189,195,202,205,204,199,190,178,165,155,148,145,146,152,160,170,179,186
GS01,60/03/07,191,192,192,191,190,189,190,191,193,196,201,202,199,192,180,166,155,144,135,133,135,141,151,163
GS01,60/03/08,175,183,189,190,189,185,182,179,176,181,183,188,192,193,190,182,170,157,143,133,129,132,142,155
GS01,60/03/09,173,188,201,207,209,205,197,190,184,181,184,190,197,204,206,203,192,176,157,138,126,122,126,139
GS01,60/03/10,157,177,195,206,208,205,196,184,173,165,165,171,183,196,206,208,205,191,169,147,127,114,114,124
GS01,60/03/11,144,167,191,209,218,218,208,193,176,164,157,162,176,192,209,221,225,215,195,169,144,122,113,119
GS01,60/03/12,133,156,185,208,224,228,221,204,183,164,151,151,162,182,203,222,233,231,217,192,163,138,121,117
GS01,60/03/13,128,152,180,209,230,240,236,222,199,172,154,147,152,168,190,213,230,236,226,205,176,145,121,108
GS01,60/03/14,110,127,154,183,209,225,227,215,192,163,139,124,125,137,162,191,216,233,236,223,198,169,141,120
GS01,60/03/15,116,126,150,178,207,227,235,228,208,181,152,133,125,129,149,177,206,229,241,238,223,197,170,146
GS01,60/03/16,131,134,147,172,200,224,237,235,220,194,165,138,121,119,127,149,178,203,222,230,223,206,182,158
GS01,60/03/17,138,134,140,157,184,208,226,232,223,206,180,146,123,112,115,131,156,182,205,218,222,215,198,180
GS01,60/03/18,162,151,151,162,180,201,220,228,228,214,191,167,142,124,117,122,137,161,181,199,209,211,205,193
GS01,60/03/19,179,167,162,164,174,189,206,217,220,214,198,178,155,135,120,115,120,134,151,168,184,196,198,196
GS01,60/03/20,190,182,174,172,174,183,194,204,211,212,206,193,176,158,141,128,125,127,136,150,166,181,193,200
GS01,60/03/21,204,204,200,196,194,195,199,206,212,217,218,213,205,191,177,164,151,144,142,147,156,167,180,194
GS01,60/03/22,204,210,211,207,200,193,189,187,189,192,197,201,202,198,188,174,158,144,132,125,125,134,147,165
GS01,60/03/23,184,198,209,212,209,200,191,183,179,181,188,196,205,211,211,206,192,175,156,141,133,134,143,160
GS01,60/03/24,182,205,222,231,232,225,211,195,182,177,180,188,203,216,224,223,211,192,168,143,125,116,117,129
GS01,60/03/25,149,174,195,211,218,212,199,179,159,145,142,149,165,185,203,214,215,204,184,158,135,118,112,118
GS01,60/03/26,136,162,188,210,226,227,216,197,173,154,142,147,162,187,214,236,247,246,231,207,179,154,140,138
GS01,60/03/27,148,171,197,222,238,242,233,213,184,158,137,131,139,158,185,209,227,234,226,206,179,151,130,121
GS01,60/03/28,123,140,162,190,211,223,220,205,178,149,124,108,110,124,150,180,205,223,224,214,193,168,146,130
GS01,60/03/29,129,138,160,186,210,225,230,220,196,167,138,115,106,112,134,162,191,213,223,220,205,184,160,140
GS01,60/03/30,131,137,151,172,198,217,226,222,204,179,150,125,114,111,126,151,180,205,222,227,221,205,186,167
GS01,60/03/31,153,152,161,176,200,221,233,233,222,200,173,148,130,124,131,147,172,200,221,235,236,225,212,195
GS01,60/04/01,182,174,175,187,204,222,233,238,230,215,192,167,144,130,125,135,152,174,195,211,218,214,204,192
GS01,60/04/02,178,170,168,172,183,197,214,218,218,209,190,170,149,132,124,125,134,150,168,184,197,203,201,195
GS01,60/04/03,186,178,173,173,180,189,201,209,210,208,197,175,158,140,128,124,127,134,149,163,178,186,189,188
GS01,60/04/04,186,181,176,175,177,182,191,197,201,201,195,185,174,160,147,138,133,132,138,148,160,175,189,200
GS01,60/04/05,206,206,202,197,191,186,186,189,195,201,198,196,189,180,169,160,150,145,144,148,157,168,179,188
GS01,60/04/06,197,204,205,203,199,193,189,188,189,189,194,198,198,195,188,180,168,157,147,145,149,157,168,182
GS01,60/04/07,198,209,212,213,208,201,193,182,180,180,182,189,198,200,200,192,180,165,147,137,132,133,142,157
GS01,60/04/08,175,190,202,204,202,191,178,166,153,150,154,163,177,190,198,200,192,179,160,139,129,125,130,144
GS01,60/04/09,166,189,206,214,214,206,190,169,154,142,141,152,167,186,204,213,212,201,183,154,134,121,119,130
GS01,60/04/10,152,175,199,214,221,213,196,173,150,132,124,131,147,172,196,215,223,222,204,181,154,135,126,131
GS01,60/04/11,147,172,200,226,239,233,214,189,162,137,119,117,130,151,178,204,223,225,217,194,167,141,119,112
GS01,60/04/12,119,139,166,192,210,216,207,186,155,125,99,88,96,115,144,176,203,219,223,210,187,159,135,119
GS01,60/04/13,120,132,156,185,209,223,220,204,178,146,114,92,89,99,125,157,193,219,229,229,216,194,170,149
GS01,60/04/14,140,148,166,192,218,236,242,234,211,179,146,120,105,105,120,148,180,211,233,242,239,223,199,176
GS01,60/04/15,162,156,165,182,202,222,234,232,218,188,156,124,103,93,99,118,144,174,198,217,222,216,203,187
GS01,60/04/16,171,159,160,171,187,206,222,230,225,204,182,151,126,110,106,114,131,155,179,199,214,216,211,204
GS01,60/04/17,189,177,171,172,184,199,211,218,219,210,192,169,144,126,113,108,116,130,150,167,186,199,202,202
GS01,60/04/18,196,186,178,173,174,180,187,195,200,196,189,173,157,137,122,109,106,112,122,137,154,171,183,187
GS01,60/04/19,189,185,180,174,169,166,170,176,179,182,186,180,168,155,141,130,118,115,116,122,137,154,169,182
GS01,60/04/20,193,197,196,192,183,176,173,175,177,182,189,198,201,197,192,181,169,159,148,148,154,167,182,196
GS01,60/04/21,211,220,224,219,209,197,184,176,171,172,178,187,196,199,198,191,175,161,147,136,131,136,146,161
GS01,60/04/22,179,196,207,211,205,190,175,159,148,144,151,163,178,192,203,204,196,182,165,147,136,133,138,150
GS01,60/04/23,168,188,205,210,209,195,177,153,132,126,128,140,157,175,193,202,202,193,174,153,136,125,124,132
GS01,60/04/24,147,170,188,203,205,196,180,155,132,112,106,112,131,154,179,196,206,207,194,175,155,140,132,134
GS01,60/04/25,148,169,189,208,219,211,197,170,142,121,111,109,123,146,173,199,217,224,216,199,180,161,145,141
GS01,60/04/26,148,167,189,212,225,227,216,194,163,132,110,100,108,127,154,184,209,222,223,210,190,171,153,142
GS01,60/04/27,144,159,178,200,218,226,220,204,176,146,119,104,99,117,140,174,202,223,231,228,216,198,178,163
GS01,60/04/28,158,166,182,202,220,230,231,218,194,164,135,112,102,107,126,154,185,210,227,229,221,207,188,171
GS01,60/04/29,163,167,176,193,213,225,229,223,205,177,149,125,106,105,115,138,167,194,215,223,223,214,198,182
GS01,60/04/30,170,166,172,186,201,215,225,223,211,191,165,140,119,110,114,127,150,176,198,214,219,216,204,192
GS01,60/05/01,180,174,175,182,195,208,218,216,217,200,178,154,135,121,118,126,142,163,186,203,213,216,210,202
GS01,60/05/02,192,185,182,185,194,203,213,220,216,209,194,176,158,141,133,133,142,158,176,194,207,214,214,209
GS01,60/05/03,203,194,188,186,187,192,199,205,206,203,194,181,165,151,139,132,133,141,154,169,183,195,202,203
GS01,60/05/04,200,196,190,185,183,184,187,192,195,196,194,188,180,169,156,146,141,141,148,159,171,185,198,205
GS01,60/05/05,208,207,201,194,188,182,178,180,183,185,190,192,190,184,174,164,152,145,144,146,157,171,184,197
GS01,60/05/06,206,211,209,203,193,181,172,168,168,170,179,187,195,197,193,185,173,160,151,147,149,160,174,190
GS01,60/05/07,205,215,218,214,204,190,174,161,155,156,163,176,189,199,203,199,192,176,160,148,142,147,158,174
GS01,60/05/08,193,209,218,218,210,193,172,152,137,132,138,151,171,191,206,212,207,195,177,158,144,140,146,160
GS01,60/05/09,182,203,218,225,220,204,181,156,133,120,119,130,156,179,203,220,227,220,204,182,164,149,147,157
GS01,60/05/10,175,199,219,232,235,224,202,173,144,120,112,118,135,164,195,222,238,241,232,212,189,168,157,157
GS01,60/05/11,167,191,214,232,239,235,218,188,153,120,99,94,103,128,159,194,223,236,237,226,203,179,159,150
GS01,60/05/12,153,170,190,214,231,235,224,201,165,128,100,83,85,101,130,165,200,228,239,238,226,206,183,167
GS01,60/05/13,162,167,185,207,228,240,238,222,193,157,123,97,85,90,111,141,174,204,229,238,233,219,199,181
GS01,60/05/14,167,166,175,193,214,229,236,229,208,176,143,110,89,83,90,113,142,174,203,222,230,226,215,197
GS01,60/05/15,184,176,176,186,203,220,232,234,225,204,177,145,121,106,102,113,133,159,188,211,225,231,227,216
GS01,60/05/16,201,190,185,187,196,209,222,230,230,220,201,178,151,131,120,120,129,147,171,194,212,223,226,222
GS01,60/05/17,212,200,190,184,184,190,199,207,212,210,201,186,168,149,133,124,125,132,147,166,185,203,212,216
GS01,60/05/18,214,206,196,187,180,179,182,188,195,199,200,196,187,174,160,148,141,139,146,156,171,190,205,216
GS01,60/05/19,220,219,213,203,191,183,179,181,185,192,201,205,206,201,193,181,170,160,158,161,169,184,199,213
GS01,60/05/20,224,228,227,218,204,188,178,170,170,175,186,197,209,213,212,205,194,181,171,165,168,176,189,203
GS01,60/05/21,218,227,229,225,213,194,175,161,152,153,161,176,192,205,214,214,209,198,183,172,167,168,177,191
GS01,60/05/22,207,220,229,228,218,202,179,157,140,132,136,150,170,190,207,217,217,208,195,179,168,164,167,176
GS01,60/05/23,192,209,221,226,219,203,179,153,130,118,117,128,148,172,195,212,219,215,204,188,172,161,159,164
GS01,60/05/24,178,195,210,225,223,209,186,158,126,99,93,100,114,145,174,202,219,218,212,196,177,163,152,151
GS01,60/05/25,165,186,209,222,223,217,199,174,147,121,100,99,111,135,162,191,214,229,231,219,204,184,171,166
GS01,60/05/26,171,184,203,218,228,231,217,196,167,135,114,102,107,126,153,183,210,229,236,228,216,200,185,173
GS01,60/05/27,175,186,201,218,232,237,227,210,184,153,125,109,105,115,139,170,199,224,235,237,232,216,200,188
GS01,60/05/28,182,186,197,217,230,242,242,230,209,179,151,130,118,119,136,161,189,217,236,243,240,229,215,202
GS01,60/05/29,192,190,199,212,226,239,243,238,224,200,172,148,132,129,139,159,182,210,233,245,248,242,229,215
GS01,60/05/30,205,198,200,208,219,234,240,239,231,212,186,161,140,128,128,140,161,186,210,227,235,235,227,214
GS01,60/05/31,202,192,189,193,201,212,222,227,223,213,193,173,151,137,130,135,147,167,190,209,223,229,224,217
GS01,60/06/01,202,193,185,184,188,195,205,212,214,208,197,180,161,146,133,128,133,147,167,186,202,214,217,214
GS01,60/06/02,206,198,189,181,180,183,189,196,199,200,199,191,179,165,152,144,142,147,160,176,192,208,216,218
GS01,60/06/03,215,207,196,186,178,174,177,180,186,193,196,196,191,183,172,162,154,151,156,165,180,196,210,219
GS01,60/06/04,221,217,209,196,184,174,166,165,169,178,189,197,202,200,196,185,175,166,161,163,172,187,203,215
GS01,60/06/05,225,227,223,211,195,178,163,156,154,163,176,190,204,213,215,211,201,189,177,170,172,179,193,208
GS01,60/06/06,223,230,233,223,208,188,166,149,138,138,149,167,189,206,220,224,218,207,191,179,172,171,180,195
GS01,60/06/07,212,225,233,229,216,197,169,146,127,119,123,138,164,190,212,227,230,223,207,191,174,167,170,181
GS01,60/06/08,200,218,232,235,227,210,183,152,123,105,99,108,132,162,193,219,234,237,227,211,190,176,169,173
GS01,60/06/09,188,208,229,240,242,231,205,174,139,110,91,92,107,135,169,205,230,245,247,236,218,198,184,177
GS01,60/06/10,184,200,220,237,247,246,226,195,167,132,102,89,92,111,142,180,214,237,250,249,237,219,199,184
GS01,60/06/11,182,190,208,227,241,247,242,222,193,156,122,97,87,93,116,147,182,214,237,246,243,230,212,193
GS01,60/06/12,182,183,193,210,227,241,244,235,213,181,146,116,96,91,102,123,155,186,217,233,239,234,220,202
GS01,60/06/13,186,179,181,190,207,224,233,234,227,201,173,143,118,103,103,115,137,167,197,220,233,235,227,215
GS01,60/06/14,197,184,178,182,192,208,221,228,227,215,195,169,144,125,115,119,133,153,178,200,217,225,226,217
GS01,60/06/15,204,190,179,174,177,187,199,210,214,211,201,185,167,150,135,130,135,146,165,185,203,217,222,219
GS01,60/06/16,211,199,187,177,174,177,184,192,201,207,208,202,192,179,165,155,153,158,168,183,199,215,225,228
GS01,60/06/17,224,216,205,191,180,174,173,177,186,196,202,204,203,195,185,175,167,164,167,175,188,203,214,222
GS01,60/06/18,224,219,210,195,180,167,158,157,162,170,182,192,197,200,197,190,182,174,172,173,181,192,205,213
GS01,60/06/19,221,222,216,204,188,171,154,145,144,148,158,173,187,197,203,203,198,190,183,179,180,187,197,208
GS01,60/06/20,220,226,228,220,204,185,163,148,137,137,147,162,183,199,213,218,217,212,202,192,188,188,194,205
GS01,60/06/21,218,230,235,233,222,202,179,156,137,127,132,146,167,189,210,224,231,229,221,210,200,195,197,209
GS01,60/06/22,219,233,244,248,243,227,204,179,153,138,134,142,162,185,209,229,238,240,234,221,208,197,193,195
GS01,60/06/23,206,219,233,239,238,227,206,179,148,124,111,113,126,150,177,204,221,231,230,219,205,191,182,178
GS01,60/06/24,184,197,212,225,231,228,211,186,155,128,106,98,107,126,153,186,209,225,229,222,209,193,180,173
GS01,60/06/25,175,186,204,221,230,233,224,205,173,141,114,99,99,114,138,168,195,216,226,225,215,199,183,171
GS01,60/06/26,167,174,188,203,216,224,221,206,181,151,123,102,93,101,118,147,178,202,219,225,217,204,188,173
GS01,60/06/27,166,168,177,192,210,225,227,220,200,173,145,121,104,103,116,140,169,196,218,231,230,220,205,189
GS01,60/06/28,176,172,176,186,201,216,223,223,209,188,162,136,116,108,111,128,151,177,202,217,223,217,207,191
GS01,60/06/29,176,169,166,174,185,202,214,217,214,200,177,154,134,121,118,126,144,166,191,211,221,221,215,202
GS01,60/06/30,188,176,170,170,176,189,201,211,212,206,192,174,153,136,126,128,138,157,179,200,215,222,221,211
GS01,60/07/01,194,182,171,165,165,172,182,191,197,200,194,182,168,151,139,134,137,148,164,183,199,212,217,214
GS01,60/07/02,204,191,177,166,160,161,166,176,187,195,198,194,187,175,164,155,151,153,163,177,193,209,217,219
GS01,60/07/03,213,203,189,172,159,152,151,155,164,175,185,192,192,188,181,172,164,159,160,170,181,197,209,217
GS01,60/07/04,218,213,200,187,170,155,146,141,146,158,173,188,200,205,204,200,191,183,176,176,181,193,208,220
GS01,60/07/05,227,227,221,205,187,165,146,134,130,138,150,168,190,206,215,217,211,199,187,179,178,182,193,206
GS01,60/07/06,218,227,227,217,195,170,146,127,114,112,120,137,164,191,212,225,227,221,209,195,184,182,187,197
GS01,60/07/07,214,228,239,238,224,202,172,143,118,103,101,115,141,171,201,226,238,240,231,214,197,185,181,186
GS01,60/07/08,201,220,235,245,243,228,200,168,134,108,92,95,114,142,177,213,237,251,251,238,221,203,189,185
GS01,60/07/09,194,211,230,246,253,248,226,190,155,122,96,87,94,115,145,184,217,237,245,243,228,209,190,179
GS01,60/07/10,179,190,210,230,245,252,244,223,189,149,117,95,90,103,128,162,198,226,244,247,239,222,203,183
GS01,60/07/11,175,179,192,212,231,245,248,237,212,179,143,113,98,98,113,139,171,203,227,239,239,226,208,188
GS01,60/07/12,171,166,172,187,207,227,237,238,223,197,167,136,115,105,110,128,153,184,212,229,238,233,219,200
GS01,60/07/13,181,170,167,174,189,210,225,233,230,215,192,165,142,127,123,132,150,174,201,221,233,234,225,210
GS01,60/07/14,191,174,163,161,171,184,204,212,217,213,201,183,163,147,138,138,148,166,188,207,222,231,225,215
GS01,60/07/15,199,182,165,158,163,175,190,199,205,207,204,196,184,171,161,155,159,169,183,198,212,223,225,221
GS01,60/07/16,210,195,179,166,157,157,163,172,181,191,196,198,193,186,177,170,168,172,180,190,204,216,222,223
GS01,60/07/17,218,208,193,175,160,152,150,154,163,173,183,191,195,195,192,186,181,178,181,187,196,206,214,219
GS01,60/07/18,219,215,205,189,172,157,148,144,147,154,168,181,193,200,202,200,197,191,187,186,190,197,207,214
GS01,60/07/19,219,220,213,201,184,166,149,137,133,136,146,162,180,194,204,208,206,200,194,190,189,193,200,208
GS01,60/07/20,216,221,221,215,202,184,163,143,132,127,133,148,169,189,205,216,220,218,209,200,193,191,193,201
GS01,60/07/21,211,220,227,226,218,200,178,154,133,122,122,132,153,177,200,217,227,227,220,208,197,190,186,190
GS01,60/07/22,201,215,227,232,230,216,195,168,142,121,114,118,137,159,186,209,225,230,227,216,201,189,181,182
GS01,60/07/23,192,205,220,230,233,225,209,182,153,127,109,108,119,142,169,196,222,231,233,222,208,192,179,174
GS01,60/07/24,180,192,209,225,234,233,221,199,169,139,116,103,108,126,153,183,210,228,235,229,216,199,183,172
GS01,60/07/25,171,182,199,216,231,236,232,215,186,155,127,109,105,116,140,168,197,221,233,234,221,204,185,171
GS01,60/07/26,165,171,184,204,223,235,237,228,204,175,145,120,108,112,130,157,187,214,231,238,230,215,195,177
GS01,60/07/27,164,164,175,191,210,226,235,232,217,192,164,138,119,116,125,147,177,203,227,236,236,226,206,184
GS01,60/07/28,168,162,164,175,193,211,225,228,221,205,181,155,135,123,127,140,163,188,211,226,231,224,210,191
GS01,60/07/29,174,161,157,162,174,193,208,219,221,214,197,175,153,137,133,137,154,176,199,217,227,227,216,200
GS01,60/07/30,181,166,155,154,161,172,189,204,210,210,201,189,173,157,147,147,155,170,192,210,224,230,225,214
GS01,60/07/31,196,180,163,157,156,163,175,189,201,209,209,205,194,181,170,164,164,174,188,205,220,230,231,225
GS01,60/08/01,210,193,175,162,154,151,158,168,179,192,200,205,203,197,189,181,176,177,184,193,205,217,223,224
GS01,60/08/02,218,205,187,167,152,141,136,140,149,160,175,188,198,203,203,199,192,187,185,187,195,204,213,219
GS01,60/08/03,219,213,203,185,167,147,132,125,125,135,150,168,186,202,212,215,211,204,195,190,192,197,206,216
GS01,60/08/04,223,226,223,210,191,167,144,126,114,115,126,146,170,195,214,226,229,222,210,196,187,188,192,202
GS01,60/08/05,215,227,231,228,212,189,162,134,113,103,104,118,142,171,198,220,230,231,220,205,189,178,176,183
GS01,60/08/06,198,216,230,237,230,212,180,147,120,98,88,93,113,144,176,207,226,234,231,216,197,180,169,169
GS01,60/08/07,179,197,215,231,240,236,215,185,148,115,92,87,97,121,155,193,221,239,243,232,214,191,172,165
GS01,60/08/08,168,181,202,226,241,248,240,217,182,146,116,98,97,113,141,176,209,233,245,241,225,202,179,162
GS01,60/08/09,157,162,180,205,230,247,249,236,209,175,140,114,103,108,127,157,192,220,239,241,231,213,190,167
GS01,60/08/10,152,153,163,183,207,231,244,240,223,197,165,137,121,117,129,152,182,211,230,241,237,222,200,178
GS01,60/08/11,159,151,154,168,190,216,233,240,234,217,192,166,146,138,144,160,182,207,229,242,244,234,215,193
GS01,60/08/12,173,159,153,160,177,200,217,229,231,223,206,186,167,155,154,162,176,199,219,232,239,236,222,204
GS01,60/08/13,183,165,153,150,158,173,192,206,215,218,211,199,185,173,168,171,179,193,208,223,232,232,224,211
GS01,60/08/14,193,174,159,150,153,158,171,184,195,202,203,197,190,181,173,171,174,181,193,205,215,221,220,213
GS01,60/08/15,201,185,169,155,148,147,153,161,174,183,192,195,196,194,192,188,187,189,196,204,212,219,222,219
GS01,60/08/16,212,202,189,175,162,151,148,152,159,169,181,192,198,202,203,202,198,196,197,199,203,210,214,216
GS01,60/08/17,216,210,199,186,170,157,146,141,142,149,161,175,189,200,206,208,208,202,196,193,191,196,201,207
GS01,60/08/18,213,215,211,202,187,168,149,136,133,137,147,162,180,196,210,216,218,214,207,199,191,191,196,202
GS01,60/08/19,213,222,225,222,210,192,171,152,135,130,136,150,171,194,215,228,232,228,220,208,197,191,191,198
GS01,60/08/20,211,224,235,240,235,219,198,172,148,133,132,143,164,191,218,239,250,251,242,226,210,197,192,195
GS01,60/08/21,204,220,236,248,252,242,219,189,161,137,127,129,146,169,196,221,238,243,239,225,208,190,178,177
GS01,60/08/22,186,204,225,242,252,248,233,207,177,147,129,124,135,161,192,222,246,257,255,240,222,200,182,174
GS01,60/08/23,176,190,213,236,255,262,253,233,201,169,141,128,131,148,176,208,237,255,257,249,228,205,185,170
GS01,60/08/24,167,178,199,224,247,260,260,247,222,189,159,138,131,143,166,198,230,252,263,258,243,220,197,176
GS01,60/08/25,167,172,187,213,238,256,264,260,242,212,181,156,141,144,160,186,216,243,257,258,250,228,202,180
GS01,60/08/26,163,160,171,189,213,235,250,253,245,222,196,169,150,145,153,173,200,225,244,254,250,232,207,182
GS01,60/08/27,160,151,153,165,185,206,226,236,235,224,205,183,162,151,150,161,181,205,226,237,239,229,211,187
GS01,60/08/28,163,147,139,144,157,177,198,214,223,221,211,195,178,164,159,163,177,195,214,227,235,231,219,200
GS01,60/08/29,178,160,145,141,145,159,177,194,207,216,217,211,199,188,180,178,183,196,212,225,235,239,233,221
GS01,60/08/30,204,185,168,155,150,154,166,180,195,208,217,219,216,210,203,197,196,200,209,218,227,233,234,229
GS01,60/08/31,218,204,186,169,156,147,147,153,164,178,193,205,213,217,217,213,207,202,200,205,211,218,222,222
GS01,60/09/01,220,212,198,180,162,144,134,131,134,144,161,181,197,211,223,223,218,209,200,194,194,198,205,214
GS01,60/09/02,221,222,218,202,184,163,144,130,122,127,141,160,184,208,224,233,232,224,210,198,191,190,196,206
GS01,60/09/03,220,231,235,232,217,197,173,148,131,123,125,142,168,194,220,238,246,242,228,212,194,182,183,191
GS01,60/09/04,207,226,240,249,245,230,201,171,143,123,116,126,148,176,209,235,251,252,242,224,202,182,171,173
GS01,60/09/05,184,207,231,247,255,248,229,198,167,139,122,120,132,160,193,224,245,256,252,234,209,184,164,158
GS01,60/09/06,166,186,212,236,253,258,248,227,193,159,134,121,126,146,177,209,237,252,255,245,221,195,169,152
GS01,60/09/07,151,166,191,221,245,261,263,248,223,189,159,139,134,143,169,201,230,254,264,258,242,213,185,163
GS01,60/09/08,151,153,175,203,231,255,264,261,241,217,189,164,150,151,167,192,220,245,257,253,244,221,193,168
GS01,60/09/09,149,143,153,178,207,230,249,256,247,228,203,183,164,159,168,186,211,232,247,252,246,227,202,176
GS01,60/09/10,153,140,139,151,175,199,223,234,232,223,207,188,172,163,166,176,196,216,231,237,237,226,206,183
GS01,60/09/11,160,146,139,145,158,177,198,213,220,220,211,198,183,174,171,178,191,208,222,229,231,224,212,195
GS01,60/09/12,176,159,146,141,149,160,180,196,209,214,214,206,198,190,186,186,191,202,215,223,229,228,221,209
GS01,60/09/13,193,176,163,155,154,157,167,180,194,204,210,210,206,202,198,194,196,200,207,215,221,224,221,215
GS01,60/09/14,205,194,182,170,160,156,159,167,175,185,197,204,208,210,208,206,205,204,204,207,212,216,216,215
GS01,60/09/15,211,204,194,181,169,160,155,155,159,171,184,196,206,213,215,214,211,206,202,199,198,201,207,211
GS01,60/09/16,215,213,208,198,186,171,158,151,148,152,161,176,194,206,215,220,217,210,198,189,184,184,188,193
GS01,60/09/17,203,211,214,209,199,180,160,145,134,131,141,159,180,199,214,221,223,216,202,188,179,174,178,187
GS01,60/09/18,201,214,223,225,218,202,180,159,140,131,136,148,172,195,215,229,232,226,211,196,179,168,167,174
GS01,60/09/19,190,209,225,235,236,225,204,178,152,135,130,140,162,188,213,235,244,241,226,208,189,172,163,165
GS01,60/09/20,178,201,223,243,251,246,229,204,174,151,135,137,152,179,209,233,247,249,238,216,193,169,153,152
GS01,60/09/21,159,181,208,231,248,252,240,218,186,155,136,129,137,159,188,220,240,248,243,226,200,170,148,136
GS01,60/09/22,140,159,185,213,237,250,249,235,207,176,149,134,136,150,178,208,234,248,250,238,213,183,153,133
GS01,60/09/23,128,138,161,191,221,244,253,244,223,194,164,146,136,144,163,194,220,241,249,241,221,193,162,136
GS01,60/09/24,121,124,139,168,199,226,245,248,237,215,189,164,152,151,165,188,214,239,251,249,236,212,183,153
GS01,60/09/25,134,125,133,153,181,209,231,244,242,231,213,191,172,163,167,182,203,225,241,245,240,221,197,168
GS01,60/09/26,141,127,125,135,154,179,205,222,230,228,216,201,185,174,171,179,195,211,227,237,238,228,210,186
GS01,60/09/27,159,141,129,130,139,159,181,203,218,225,226,221,210,200,193,194,199,212,226,235,241,239,230,216
GS01,60/09/28,192,174,156,147,146,153,167,181,197,213,220,222,219,213,204,197,196,196,201,208,213,215,213,208
GS01,60/09/29,195,178,161,145,134,130,134,145,159,175,190,201,210,214,213,208,203,197,194,195,201,207,213,216
GS01,60/09/30,214,207,194,178,161,148,141,141,148,161,179,199,218,229,233,231,224,215,202,196,196,199,208,217
GS01,60/10/01,223,225,221,210,192,172,153,142,139,145,160,183,207,227,242,247,242,230,211,197,188,186,192,205
GS01,60/10/02,221,234,241,237,223,201,174,152,137,132,139,155,180,204,226,240,240,228,206,184,166,155,156,169
GS01,60/10/03,189,211,228,237,232,216,190,164,140,125,126,139,165,192,220,241,249,242,222,196,170,152,147,156
GS01,60/10/04,175,202,227,246,253,244,224,194,167,144,132,138,156,183,213,239,253,251,236,209,179,153,139,138
GS01,60/10/05,153,178,209,235,251,252,239,216,186,159,140,135,147,170,198,226,247,250,239,214,184,151,129,119
GS01,60/10/06,126,147,176,208,232,245,243,225,199,170,147,134,139,156,180,209,233,242,239,221,192,159,131,113
GS01,60/10/07,109,124,150,182,211,233,242,236,215,191,167,150,145,155,176,202,225,243,247,235,213,181,150,128
GS01,60/10/08,120,125,144,173,204,232,249,251,239,218,195,176,167,171,183,205,226,242,248,242,224,197,167,140
GS01,60/10/09,121,116,126,146,172,199,220,227,223,213,193,176,163,159,167,181,201,215,225,226,216,197,172,147
GS01,60/10/10,127,117,119,129,152,177,199,215,218,214,202,190,178,169,170,181,194,210,221,226,221,209,189,169
GS01,60/10/11,147,134,128,131,144,164,185,204,214,217,213,203,193,185,182,186,196,207,218,223,221,212,199,183
GS01,60/10/12,165,150,138,135,141,153,169,184,197,206,208,206,200,195,190,189,191,197,204,211,212,210,203,193
GS01,60/10/13,180,167,154,146,142,145,155,168,182,194,203,207,207,205,202,200,198,199,202,206,208,210,209,206
GS01,60/10/14,199,189,177,166,157,153,155,162,174,186,197,206,212,215,214,210,205,198,194,192,192,194,196,199
GS01,60/10/15,199,196,189,178,165,155,148,146,152,163,178,193,206,214,216,212,205,195,184,178,174,176,183,190
GS01,60/10/16,199,205,203,196,183,168,153,144,142,149,162,179,198,213,224,225,220,206,191,178,168,167,175,185
GS01,60/10/17,198,211,220,221,211,196,178,159,149,148,158,176,197,219,234,241,237,223,204,184,168,160,163,176
GS01,60/10/18,191,211,226,232,229,216,196,173,154,143,145,160,181,206,227,240,241,229,208,182,159,145,143,153
GS01,60/10/19,172,197,220,235,240,233,214,189,166,149,143,153,173,200,224,242,248,239,220,193,163,142,133,136
GS01,60/10/20,154,182,214,239,256,258,244,222,194,167,153,151,169,189,219,243,258,255,239,213,179,149,129,123
GS01,60/10/21,133,158,190,223,249,263,258,240,215,184,164,155,161,182,210,237,256,262,251,227,194,159,133,118
GS01,60/10/22,121,139,168,203,234,257,261,255,235,207,182,166,163,175,198,224,248,257,254,235,203,168,135,112
GS01,60/10/23,103,112,134,166,200,229,246,249,237,216,192,171,162,164,180,204,226,242,248,239,216,183,149,120
GS01,60/10/24,101,98,111,137,169,201,224,237,237,224,206,188,170,167,174,189,211,229,239,238,225,201,172,144
GS01,60/10/25,120,109,109,124,149,179,206,225,235,233,224,209,195,186,185,195,210,224,234,237,234,219,197,173
GS01,60/10/26,148,130,121,124,137,158,181,203,220,227,225,219,209,198,193,192,200,209,221,230,233,227,216,197
GS01,60/10/27,178,159,146,141,145,157,174,193,214,229,239,239,234,227,219,212,208,207,213,219,224,227,224,214
GS01,60/10/28,199,182,164,151,143,142,147,159,175,189,204,214,218,217,212,203,195,187,183,183,186,193,198,200
GS01,60/10/29,197,190,177,163,148,138,134,136,146,161,179,195,209,216,215,209,197,183,171,164,164,169,180,189
GS01,60/10/30,197,199,195,184,168,151,138,132,133,143,158,178,196,209,216,215,206,187,169,155,146,149,159,174
GS01,60/10/31,191,209,216,214,202,186,168,152,143,144,155,173,196,217,232,236,229,209,184,162,145,139,143,159
GS01,60/11/01,180,201,220,225,221,207,187,165,147,139,143,156,177,201,221,232,231,215,191,164,139,123,122,132
GS01,60/11/02,155,183,209,229,235,229,212,189,169,152,149,159,178,201,225,242,246,234,213,184,157,133,123,129
GS01,60/11/03,147,176,207,234,252,256,244,225,202,181,169,170,182,207,230,251,262,256,237,208,175,145,127,121
GS01,60/11/04,134,158,189,221,245,255,252,238,217,194,176,170,177,194,217,239,254,255,243,218,188,153,128,116
GS01,60/11/05,118,138,169,202,232,250,259,252,236,211,192,181,180,191,210,233,250,257,252,230,202,170,140,120
GS01,60/11/06,114,123,147,177,208,233,246,245,234,216,196,180,174,179,194,214,232,242,241,231,207,177,145,120
GS01,60/11/07,105,108,124,148,177,204,225,232,229,215,198,182,170,173,180,195,212,225,230,224,210,186,156,129
GS01,60/11/08,113,107,116,133,158,184,207,221,226,219,209,196,185,179,183,193,208,219,229,228,220,203,181,156
GS01,60/11/09,135,122,123,133,152,175,198,215,224,225,217,207,196,188,188,193,202,212,221,226,222,213,198,178
GS01,60/11/10,159,144,138,140,152,169,189,207,220,227,227,221,213,205,200,201,205,211,219,222,222,218,209,194
GS01,60/11/11,175,162,150,144,147,156,172,186,200,210,215,214,210,203,197,192,191,191,194,197,200,201,199,192
GS01,60/11/12,182,171,159,149,145,147,157,169,183,198,208,213,214,211,205,197,190,186,185,185,188,191,194,195
GS01,60/11/13,193,188,177,168,160,154,153,159,170,184,199,210,216,218,214,207,195,184,176,172,173,179,186,194
GS01,60/11/14,199,201,198,190,179,168,162,158,163,174,188,202,214,221,223,216,203,188,171,162,156,158,164,176
GS01,60/11/15,189,200,205,201,192,177,163,154,149,156,168,185,204,217,223,221,209,190,169,149,139,135,142,158
GS01,60/11/16,177,197,209,214,207,195,178,162,150,149,156,172,194,211,224,226,217,199,174,149,129,118,122,134
GS01,60/11/17,157,183,205,218,221,213,194,174,155,147,148,160,182,204,222,232,226,210,186,154,129,109,104,114
GS01,60/11/18,137,168,197,223,235,235,225,207,187,169,161,165,184,207,230,246,250,239,215,182,149,121,106,107
GS01,60/11/19,121,150,184,216,239,249,246,232,209,189,171,167,176,196,220,241,251,247,227,197,161,128,102,90
GS01,60/11/20,96,119,150,187,217,236,243,236,217,194,175,162,163,174,195,219,233,238,228,203,169,132,99,78
GS01,60/11/21,72,84,109,143,179,208,228,231,224,206,185,167,160,165,177,199,219,231,232,217,192,157,122,97
GS01,60/11/22,80,80,96,124,156,189,217,230,231,222,206,189,174,171,179,196,214,228,236,232,217,190,159,129
GS01,60/11/23,107,96,99,114,142,171,201,223,234,235,226,210,194,184,184,190,202,215,226,227,222,207,183,155
GS01,60/11/24,130,112,106,110,125,148,176,199,217,226,224,216,203,191,184,181,186,194,204,211,213,207,195,176
GS01,60/11/25,154,134,123,118,122,134,156,177,198,209,218,219,214,204,195,190,186,189,194,201,208,210,208,200
GS01,60/11/26,186,170,156,145,141,144,155,171,189,207,220,228,226,221,209,200,191,185,183,183,188,196,200,200
GS01,60/11/27,196,187,176,162,153,148,148,153,165,179,193,204,209,209,202,190,175,162,152,147,149,156,166,176
GS01,60/11/28,183,185,180,171,160,151,146,146,151,163,180,196,209,215,214,206,190,173,156,144,140,143,153,167
GS01,60/11/29,180,192,196,195,186,172,161,153,151,156,168,183,197,207,212,207,191,170,147,128,116,114,122,139
GS01,60/11/30,158,176,192,197,195,186,173,159,152,151,158,171,187,203,214,216,204,186,160,135,117,109,110,125
GS01,60/12/01,147,178,203,221,226,219,206,191,176,169,167,179,195,211,224,230,227,207,178,149,122,105,98,107
GS01,60/12/02,127,154,181,205,218,219,210,195,176,163,157,162,177,195,213,227,230,219,195,164,134,108,92,91
GS01,60/12/03,109,133,164,193,215,225,224,211,193,176,163,160,167,186,205,221,227,223,206,176,145,112,91,83
GS01,60/12/04,91,113,142,172,199,217,225,218,200,180,164,156,161,178,195,211,223,226,213,189,157,126,102,87
GS01,60/12/05,86,101,128,161,191,216,233,232,221,206,191,179,176,187,203,219,234,243,235,220,193,160,130,109
GS01,60/12/06,101,108,126,152,183,209,228,232,225,217,201,186,175,179,191,207,221,229,228,218,195,166,137,111
GS01,60/12/07,93,94,104,126,153,181,205,217,219,211,197,182,171,169,176,189,204,218,223,219,206,183,156,133
GS01,60/12/08,113,104,108,122,145,170,194,211,219,219,207,193,181,175,175,182,192,204,211,209,204,188,166,143
GS01,60/12/09,121,109,104,111,127,148,171,192,206,206,199,189,179,168,165,167,174,184,196,200,200,192,178,161
GS01,60/12/10,143,130,122,123,132,150,171,189,205,214,215,208,200,191,182,179,182,185,190,194,197,195,187,175
GS01,60/12/11,160,147,135,130,131,140,156,171,186,198,205,205,198,188,178,170,163,162,166,172,177,180,180,177
GS01,60/12/12,170,161,151,142,138,141,151,166,182,198,208,215,214,209,199,190,181,173,169,171,178,186,196,199
GS01,60/12/13,197,192,184,173,163,158,157,163,175,190,203,210,215,214,207,194,179,164,151,145,145,152,161,173
GS01,60/12/14,183,188,188,183,174,163,154,153,159,170,184,198,208,211,209,199,182,162,141,127,121,124,136,152
GS01,60/12/15,169,184,194,196,192,178,167,156,154,161,171,186,201,211,214,209,194,172,146,122,109,105,113,131
GS01,60/12/16,154,178,197,208,210,201,187,173,159,150,156,168,186,203,212,213,203,180,148,120,100,87,86,100
GS01,60/12/17,123,152,181,204,218,218,206,189,172,160,157,166,183,203,223,232,229,212,182,148,117,96,84,89
GS01,60/12/18,106,137,172,205,226,238,237,223,204,187,173,172,181,200,222,237,242,231,207,172,133,100,77,69
GS01,60/12/19,77,100,135,173,204,224,231,226,209,192,172,164,166,181,203,222,234,236,223,192,157,120,87,69
GS01,60/12/20,64,79,107,143,180,210,228,232,225,207,188,173,166,174,191,213,229,238,233,217,188,152,117,88
GS01,60/12/21,73,75,93,124,158,191,218,232,233,223,206,187,172,170,181,198,215,229,233,227,209,180,146,116
GS01,60/12/22,90,81,87,105,134,166,197,215,226,224,211,194,176,167,169,181,195,212,221,223,217,199,174,146
GS01,60/12/23,120,103,99,108,128,152,181,205,222,226,219,206,189,176,169,170,180,192,205,213,215,208,192,170
GS01,60/12/24,147,128,119,118,129,145,169,191,211,222,223,214,201,187,177,171,172,177,187,197,206,206,200,189
GS01,60/12/25,173,159,146,139,142,151,167,185,204,224,233,232,227,217,206,197,190,187,190,195,204,212,214,210
GS01,60/12/26,202,192,179,168,162,162,170,181,194,208,218,221,218,211,198,183,171,161,154,155,162,169,179,188
GS01,60/12/27,192,191,187,181,173,169,171,176,185,197,207,216,219,219,211,197,180,164,152,147,146,154,165,177
GS01,60/12/28,190,199,201,199,193,187,183,182,186,194,206,215,224,229,226,217,197,177,157,143,135,136,146,163
GS01,60/12/29,182,196,210,215,211,206,200,195,191,195,204,214,227,237,242,236,224,204,180,159,142,138,142,156
GS01,60/12/30,177,197,216,227,233,230,220,210,200,197,200,208,221,234,243,243,232,212,185,160,138,124,121,131
GS01,60/12/31,149,174,198,218,229,228,222,210,197,189,186,188,200,217,230,236,232,216,191,162,136,114,103,107
