GS01,54/01/01,170,185,195,201,202,200,196,191,190,192,198,205,211,216,215,205,190,170,146,127,115,114,119,135
GS01,54/01/02,156,175,195,207,213,213,209,200,193,191,193,199,208,216,221,218,205,187,161,136,116,106,107,122
GS01,54/01/03,143,167,193,213,227,231,227,217,204,197,193,196,204,214,223,229,220,203,176,148,120,100,92,98
GS01,54/01/04,117,144,173,202,223,235,235,224,211,200,192,192,200,213,229,240,239,227,205,175,141,114,95,94
GS01,54/01/05,104,130,161,193,220,240,246,241,226,211,197,190,195,208,225,242,250,246,228,202,169,135,109,94
GS01,54/01/06,98,114,143,176,209,233,247,245,233,215,198,186,181,191,206,228,239,246,235,211,181,144,113,87
GS01,54/01/07,80,89,112,144,180,211,232,241,235,221,203,186,176,178,191,211,228,240,239,225,202,169,132,101
GS01,54/01/08,82,82,95,120,153,186,211,226,225,214,195,175,160,155,162,178,199,218,226,225,212,189,156,127
GS01,54/01/09,104,96,101,118,146,176,206,224,232,227,211,190,170,158,157,169,187,206,219,228,225,213,190,163
GS01,54/01/10,140,125,121,130,151,179,207,229,240,241,233,213,191,174,166,167,178,195,216,227,230,227,214,195
GS01,54/01/11,173,157,147,146,156,173,197,217,229,233,227,211,191,171,155,146,146,153,167,181,192,199,199,190
GS01,54/01/12,178,165,156,151,152,165,181,199,213,223,224,214,199,180,160,145,136,133,142,153,166,179,187,190
GS01,54/01/13,189,183,176,171,170,175,184,197,209,219,223,219,210,195,177,160,144,135,131,135,146,159,173,187
GS01,54/01/14,194,199,201,199,194,192,196,200,208,216,220,221,216,208,192,174,154,136,122,113,114,124,138,156
GS01,54/01/15,174,187,198,205,204,200,200,198,197,203,208,213,215,215,207,195,175,152,128,110,101,103,112,129
GS01,54/01/16,152,173,190,202,209,210,207,202,196,194,197,204,211,217,219,213,197,174,146,122,102,93,97,111
GS01,54/01/17,135,162,189,209,224,228,225,216,206,199,197,201,210,221,229,233,223,205,178,145,118,98,88,93
GS01,54/01/18,112,140,171,198,220,229,227,217,205,194,186,188,196,210,225,238,238,226,204,173,140,111,92,86
GS01,54/01/19,100,123,155,186,213,231,236,227,212,197,184,180,184,197,217,235,243,241,224,198,164,131,104,90
GS01,54/01/20,94,111,140,173,204,227,237,232,219,202,185,174,174,184,202,222,237,246,238,219,188,156,124,102
GS01,54/01/21,97,107,132,164,195,222,239,241,230,215,194,179,171,177,191,210,230,243,243,232,210,179,147,120
GS01,54/01/22,107,108,124,152,183,212,235,240,233,218,197,178,166,165,175,193,213,232,239,235,220,196,167,139
GS01,54/01/23,122,117,127,146,175,202,227,238,235,224,205,183,167,159,163,177,194,215,229,232,226,210,187,164
GS01,54/01/24,144,133,137,153,175,201,231,244,243,236,220,199,181,169,167,174,187,203,217,224,225,217,201,183
GS01,54/01/25,164,151,147,156,173,195,218,235,240,235,223,205,185,170,162,163,173,187,203,214,219,217,207,194
GS01,54/01/26,180,170,165,167,178,194,212,227,234,232,222,205,187,168,154,148,149,155,165,176,185,189,188,183
GS01,54/01/27,175,168,163,163,169,180,195,208,217,221,216,205,188,172,159,148,145,147,153,162,171,179,185,186
GS01,54/01/28,186,184,181,180,183,191,199,212,220,225,223,218,208,196,182,169,159,154,150,153,160,168,177,185
GS01,54/01/29,190,194,195,196,195,196,201,205,211,216,217,214,210,199,188,174,161,148,138,132,133,139,150,162
GS01,54/01/30,173,184,193,197,199,198,198,199,200,202,205,205,204,202,195,181,167,149,132,120,114,114,123,139
GS01,54/01/31,157,175,191,201,204,204,201,197,192,192,195,199,204,208,208,201,187,169,147,127,110,103,107,121
GS01,54/02/01,142,169,192,210,220,222,216,209,196,190,189,194,203,213,218,218,208,187,161,134,111,95,90,99
GS01,54/02/02,120,146,176,201,219,226,224,212,196,184,178,181,190,204,219,226,225,211,185,153,124,98,85,85
GS01,54/02/03,100,127,160,191,214,228,230,219,202,185,170,168,176,191,210,228,234,229,208,179,144,112,87,77
GS01,54/02/04,83,105,134,170,201,220,227,218,203,180,163,153,155,170,192,215,232,236,226,203,170,133,102,82
GS01,54/02/05,79,91,118,153,185,213,229,227,209,188,165,147,142,150,171,198,222,237,239,226,201,167,132,106
GS01,54/02/06,94,97,117,147,182,213,232,238,227,205,179,154,137,136,150,173,202,225,236,234,217,189,158,130
GS01,54/02/07,110,105,117,141,169,201,223,234,228,211,185,158,136,125,130,146,171,197,215,225,219,203,178,150
GS01,54/02/08,130,119,122,137,162,188,212,225,226,214,193,166,140,122,115,121,140,162,183,198,202,197,182,164
GS01,54/02/09,147,135,133,139,156,177,198,213,216,208,191,167,141,119,106,104,112,128,146,163,174,179,176,168
GS01,54/02/10,157,149,146,150,159,173,192,203,208,206,196,178,156,135,118,108,106,112,123,137,151,162,167,169
GS01,54/02/11,167,163,161,163,168,176,187,197,203,205,201,189,175,157,139,125,115,112,116,123,134,146,157,169
GS01,54/02/12,176,181,185,186,189,197,205,212,215,217,218,214,206,195,180,162,147,131,120,116,118,127,139,154
GS01,54/02/13,169,180,188,191,193,193,193,194,190,191,193,195,194,190,181,167,151,131,112,102,95,98,108,126
GS01,54/02/14,146,165,182,193,196,198,197,192,185,184,186,189,196,200,199,192,176,157,134,113,99,89,93,104
GS01,54/02/15,126,149,173,190,201,204,199,187,176,169,169,172,183,194,202,205,200,182,156,125,104,87,80,88
GS01,54/02/16,106,133,162,185,199,204,199,186,171,159,153,155,166,181,197,209,211,200,178,149,121,98,84,85
GS01,54/02/17,9999,9999,9999,9999,9999,9999,9999,9999,9999,9999,9999,9999,9999,9999,9999,9999,9999,9999,9999,9999,9999,9999,9999,9999
GS01,54/02/18,99,119,150,180,207,222,223,213,195,174,155,148,150,164,186,208,225,232,226,208,178,146,120,106
GS01,54/02/19,104,119,145,175,202,221,228,220,200,175,152,138,136,147,166,191,214,228,230,217,193,163,133,112
GS01,54/02/20,104,112,132,159,189,211,221,217,200,176,151,133,125,130,147,172,197,216,225,219,203,177,149,128
GS01,54/02/21,116,116,132,156,183,207,222,223,211,189,164,141,126,127,137,158,182,203,217,218,209,190,164,142
GS01,54/02/22,127,123,133,152,175,198,213,216,208,188,162,138,120,112,116,130,153,173,191,199,197,186,169,149
GS01,54/02/23,134,127,133,146,167,189,205,214,210,196,175,150,130,118,115,123,140,158,175,189,193,189,178,163
GS01,54/02/24,150,142,143,150,165,182,198,209,208,198,180,157,137,121,113,116,125,140,156,168,177,179,175,167
GS01,54/02/25,157,151,151,155,165,177,192,200,203,197,183,167,148,131,121,116,119,128,139,151,160,166,169,169
GS01,54/02/26,165,163,162,164,170,179,189,198,201,199,192,180,164,149,136,126,123,122,128,136,144,153,162,167
GS01,54/02/27,172,175,177,178,180,184,190,193,197,197,194,187,178,167,155,142,133,125,123,125,133,141,154,165
GS01,54/02/28,177,188,195,200,201,203,202,204,205,206,208,206,203,196,186,175,160,146,133,124,122,125,135,148
GS01,54/03/01,168,182,194,199,200,196,191,185,179,178,181,185,190,191,188,179,164,146,128,114,104,103,111,129
GS01,54/03/02,152,177,197,212,218,215,208,198,189,183,186,192,202,213,217,215,204,186,160,134,114,101,101,113
GS01,54/03/03,137,164,190,207,217,215,204,189,174,162,157,164,178,196,211,219,215,202,177,147,118,98,89,96
GS01,54/03/04,117,146,178,204,223,226,218,200,176,157,144,147,160,182,204,222,231,227,208,180,148,118,100,97
GS01,54/03/05,110,135,168,198,221,234,230,213,185,159,140,130,138,156,184,210,229,234,223,200,165,132,105,93
GS01,54/03/06,95,114,145,178,206,223,226,214,188,157,130,113,112,125,154,186,215,230,235,220,195,162,132,112
GS01,54/03/07,106,118,143,173,204,227,235,226,205,173,139,115,103,109,130,161,192,218,231,228,212,187,158,135
GS01,54/03/08,123,125,138,163,191,214,229,228,209,179,146,116,95,89,99,123,154,184,205,217,214,199,178,157
GS01,54/03/09,142,137,144,159,183,207,223,227,217,196,165,134,107,91,91,102,125,153,177,196,203,202,190,175
GS01,54/03/10,161,152,154,162,178,197,210,220,214,198,175,146,119,96,85,86,98,117,139,159,173,179,178,172
GS01,54/03/11,166,159,157,163,173,188,203,213,213,206,191,171,148,129,114,108,111,122,141,157,172,183,191,193
GS01,54/03/12,192,191,191,192,196,206,216,219,220,215,206,193,177,159,142,129,120,120,126,133,145,156,167,174
GS01,54/03/13,182,185,188,188,188,191,196,198,197,195,192,188,180,168,154,138,126,116,110,109,112,121,135,148
GS01,54/03/14,163,174,182,184,184,182,181,179,177,179,180,182,182,180,172,161,147,131,117,110,109,112,125,141
GS01,54/03/15,161,177,189,195,195,191,184,177,172,171,174,179,188,193,193,189,178,161,140,123,112,109,116,130
GS01,54/03/16,151,171,189,200,203,197,186,175,165,158,158,165,177,190,199,202,195,179,156,134,116,105,106,117
GS01,54/03/17,135,159,182,196,204,199,188,172,155,142,138,144,159,175,192,203,203,193,170,144,120,102,96,102
GS01,54/03/18,119,145,169,189,198,197,186,167,146,130,121,124,138,158,181,199,207,204,188,165,138,116,103,103
GS01,54/03/19,115,140,167,191,208,212,203,183,158,136,120,117,128,148,175,200,217,223,214,196,169,144,125,118
GS01,54/03/20,126,145,172,199,218,227,221,202,178,151,130,120,126,141,167,194,217,228,227,215,191,165,143,129
GS01,54/03/21,130,144,167,191,213,225,224,206,182,153,128,113,110,122,145,172,199,217,223,216,197,174,150,134
GS01,54/03/22,130,139,157,180,202,217,221,208,184,157,128,106,97,105,122,148,175,197,211,211,200,181,160,143
GS01,54/03/23,133,136,153,172,192,209,215,209,189,163,134,110,97,95,107,130,155,180,198,205,201,189,171,155
GS01,54/03/24,144,143,152,169,186,203,213,211,195,173,147,122,106,98,102,118,139,164,182,194,197,190,179,166
GS01,54/03/25,156,150,154,164,180,195,207,209,197,181,158,133,112,99,99,110,124,145,165,180,187,189,184,176
GS01,54/03/26,167,162,162,169,180,193,202,205,199,187,169,149,129,112,102,103,110,124,141,155,167,175,177,176
GS01,54/03/27,173,169,168,171,177,185,194,199,200,194,182,167,151,134,123,117,116,123,133,144,157,167,175,182
GS01,54/03/28,184,186,185,184,186,190,196,201,201,198,193,185,175,163,151,141,134,133,137,142,153,165,178,189
GS01,54/03/29,199,205,206,205,201,199,196,195,195,195,195,193,189,180,171,159,145,133,126,120,123,131,145,162
GS01,54/03/30,177,190,197,200,196,190,182,175,172,173,177,183,189,190,186,178,163,146,132,120,116,120,131,151
GS01,54/03/31,172,191,205,211,209,201,185,172,160,159,164,175,189,199,204,200,188,169,147,125,110,107,112,129
GS01,54/04/01,156,179,199,212,211,200,182,161,143,132,135,148,168,187,203,210,205,189,166,139,117,105,103,115
GS01,54/04/02,139,167,194,213,220,209,185,153,127,118,126,145,172,198,219,227,226,220,201,173,146,122,110,114
GS01,54/04/03,131,158,187,211,224,222,205,178,145,116,99,98,114,142,173,203,223,228,218,196,167,140,120,115
GS01,54/04/04,124,145,173,200,219,223,211,183,148,114,86,74,82,103,136,172,201,218,220,209,186,161,137,123
GS01,54/04/05,124,138,162,188,209,220,214,194,161,125,92,70,65,76,104,139,175,202,216,217,204,183,161,144
GS01,54/04/06,138,146,163,185,208,224,226,214,187,153,118,91,77,79,96,125,160,191,213,222,220,209,192,176
GS01,54/04/07,167,167,178,193,212,227,235,228,207,180,146,116,93,81,87,104,130,159,184,201,207,203,194,183
GS01,54/04/08,175,172,176,186,199,214,224,225,214,195,169,142,116,97,92,97,114,137,162,183,197,202,201,196
GS01,54/04/09,187,182,181,186,194,204,213,219,214,201,182,161,139,118,105,101,106,118,137,153,170,181,186,186
GS01,54/04/10,184,182,181,181,185,191,196,203,204,197,188,173,157,140,126,116,111,115,123,135,151,164,174,180
GS01,54/04/11,186,186,185,184,183,182,184,190,190,191,188,183,175,164,150,137,129,124,122,127,138,149,163,176
GS01,54/04/12,185,191,194,192,190,185,183,183,183,187,191,196,197,195,190,181,169,158,151,148,151,159,171,187
GS01,54/04/13,200,212,216,216,211,202,192,185,180,181,186,193,201,206,207,201,188,173,159,147,142,144,154,171
GS01,54/04/14,188,202,212,214,209,198,184,170,161,158,163,173,187,199,208,208,200,185,168,151,140,136,142,156
GS01,54/04/15,9999,9999,9999,9999,9999,9999,9999,9999,9999,9999,9999,9999,9999,9999,9999,9999,9999,9999,9999,9999,9999,9999,9999,9999
GS01,54/04/16,9999,9999,9999,9999,9999,9999,9999,9999,9999,9999,9999,9999,9999,9999,9999,9999,9999,9999,9999,9999,9999,9999,9999,9999
GS01,54/04/17,155,177,197,211,214,206,188,164,140,120,111,114,128,153,178,201,216,220,213,195,176,158,147,148
GS01,54/04/18,161,181,202,220,229,227,213,192,163,139,124,123,137,162,191,218,234,240,238,225,204,184,168,160
GS01,54/04/19,165,182,201,220,232,232,221,199,168,138,117,107,109,126,151,179,206,223,225,219,204,184,166,155
GS01,54/04/20,154,167,185,204,219,225,219,200,170,141,115,98,95,105,126,155,183,204,216,218,209,193,173,160
GS01,54/04/21,155,160,173,190,206,216,215,204,179,151,120,98,87,88,103,128,156,182,201,208,206,195,179,165
GS01,54/04/22,156,157,165,181,196,208,211,202,184,157,129,104,86,82,90,108,133,158,180,195,198,193,182,170
GS01,54/04/23,160,158,163,174,187,201,208,205,191,170,144,120,100,89,91,102,120,142,165,182,192,193,188,181
GS01,54/04/24,172,168,168,173,182,194,201,203,196,181,161,140,118,104,99,104,115,133,154,171,186,194,195,191
GS01,54/04/25,186,181,178,179,185,193,202,203,200,193,180,163,145,128,117,113,114,125,139,157,173,186,194,196
GS01,54/04/26,194,192,187,183,181,184,187,193,194,191,186,176,163,148,136,126,121,122,130,141,156,171,184,194
GS01,54/04/27,200,199,195,188,182,179,176,174,177,180,182,179,171,163,151,137,125,117,115,119,130,144,160,174
GS01,54/04/28,186,193,191,184,175,164,155,150,149,155,163,171,177,177,172,161,147,133,123,118,121,131,147,163
GS01,54/04/29,181,193,197,193,180,165,149,135,130,133,145,160,176,188,192,187,175,157,140,128,123,128,142,162
GS01,54/04/30,184,203,214,213,201,181,156,137,122,118,126,142,165,186,200,206,200,187,167,147,134,127,135,149
GS01,54/05/01,170,192,207,213,204,187,163,133,105,93,94,110,136,166,194,212,217,210,196,177,158,145,143,152
GS01,54/05/02,171,193,213,226,222,206,182,153,119,93,85,95,117,145,177,207,226,230,219,201,180,162,151,152
GS01,54/05/03,165,185,206,221,226,216,189,156,123,91,71,66,80,106,141,181,213,230,233,224,210,190,172,167
GS01,54/05/04,174,188,208,227,239,237,220,192,157,118,89,72,71,87,117,153,188,214,225,224,213,196,178,165
GS01,54/05/05,163,172,184,202,215,221,213,190,161,125,90,63,52,57,76,106,140,173,195,204,203,193,178,167
GS01,54/05/06,160,161,172,188,203,213,217,205,182,153,121,91,70,65,73,94,122,153,180,198,206,205,196,187
GS01,54/05/07,9999,9999,9999,9999,9999,9999,9999,9999,9999,9999,9999,9999,9999,9999,9999,9999,9999,9999,9999,9999,9999,9999,9999,9999
GS01,54/05/08,9999,9999,9999,9999,9999,9999,9999,9999,9999,9999,9999,9999,9999,9999,9999,9999,9999,9999,9999,9999,9999,9999,9999,9999
GS01,54/05/09,9999,9999,9999,9999,9999,9999,9999,9999,9999,9999,9999,9999,9999,9999,9999,9999,9999,9999,9999,9999,9999,9999,9999,9999
GS01,54/05/10,178,166,158,156,159,166,177,185,191,193,191,185,176,164,151,139,131,130,135,144,156,171,180,189
GS01,54/05/11,190,187,181,172,163,158,154,156,161,168,176,180,179,173,163,150,137,130,129,134,144,156,170,182
GS01,54/05/12,188,191,191,175,162,150,144,141,143,149,157,166,173,178,175,167,158,148,141,140,143,150,161,168
GS01,54/05/13,9999,9999,9999,9999,9999,9999,9999,9999,9999,9999,9999,9999,9999,9999,9999,9999,9999,9999,9999,9999,9999,9999,9999,9999
GS01,54/05/14,9999,9999,9999,9999,9999,9999,9999,9999,9999,9999,9999,9999,9999,9999,9999,9999,9999,9999,9999,9999,9999,9999,9999,9999
GS01,54/05/15,9999,9999,9999,9999,9999,9999,9999,9999,9999,9999,9999,9999,9999,9999,9999,9999,9999,9999,9999,9999,9999,9999,9999,9999
GS01,54/05/16,176,191,202,207,201,186,162,137,112,98,92,102,121,145,172,194,208,213,206,193,179,166,160,164
GS01,54/05/17,176,193,207,217,217,206,186,159,131,108,94,97,114,133,162,190,211,219,219,208,190,176,166,163
GS01,54/05/18,170,185,201,212,217,212,194,167,137,109,89,81,90,112,138,169,195,213,218,213,199,184,170,163
GS01,54/05/19,168,178,195,210,221,221,209,188,158,126,101,87,89,103,127,156,186,208,221,222,212,198,184,173
GS01,54/05/20,171,179,190,206,220,223,217,199,172,143,115,94,86,91,110,138,167,193,211,219,217,207,192,180
GS01,54/05/21,173,174,184,199,212,222,223,212,190,161,134,110,95,93,104,124,150,179,202,216,220,215,203,189
GS01,54/05/22,179,176,179,189,203,215,221,216,200,178,150,124,104,93,95,107,127,153,177,197,207,208,201,188
GS01,54/05/23,178,170,169,174,184,195,207,206,200,184,161,138,116,99,94,97,113,132,158,179,195,202,201,195
GS01,54/05/24,184,175,169,167,172,181,193,200,199,194,180,160,140,121,111,109,116,130,151,172,190,205,212,209
GS01,54/05/25,206,198,187,180,179,182,190,197,200,199,196,184,167,152,136,127,124,130,141,157,176,193,203,208
GS01,54/05/26,206,196,183,172,162,157,160,166,175,183,188,188,180,172,159,146,136,133,137,146,162,179,194,204
GS01,54/05/27,207,202,191,175,158,145,139,138,144,155,167,178,184,183,176,165,154,142,138,140,149,160,178,192
GS01,54/05/28,202,204,198,183,164,146,129,121,122,133,149,169,182,192,195,191,180,167,158,150,150,160,174,184
GS01,54/05/29,9999,9999,9999,9999,9999,9999,9999,9999,9999,9999,9999,9999,9999,9999,9999,9999,9999,9999,9999,9999,9999,9999,9999,9999
GS01,54/05/30,9999,9999,9999,9999,9999,9999,9999,9999,9999,9999,9999,9999,9999,9999,9999,9999,9999,9999,9999,9999,9999,9999,9999,9999
GS01,54/05/31,210,225,228,222,205,178,146,114,96,85,82,94,118,153,183,208,225,230,226,212,195,183,177,180
GS01,54/06/01,192,207,222,231,229,215,187,152,117,87,69,68,82,111,147,182,209,225,229,221,207,192,180,178
GS01,54/06/02,183,198,215,229,237,232,215,189,151,115,85,71,74,93,124,160,194,218,233,235,229,213,200,191
GS01,54/06/03,192,201,216,233,244,246,238,217,185,148,114,90,81,86,107,139,175,205,227,233,230,218,202,187
GS01,54/06/04,180,181,192,205,220,229,231,218,195,164,132,104,86,82,90,114,144,175,201,218,222,218,204,191
GS01,54/06/05,181,176,179,195,213,227,231,227,213,190,161,134,111,98,97,108,129,158,186,205,215,217,209,196
GS01,54/06/06,186,176,173,179,189,202,213,216,213,200,181,157,136,117,109,112,126,152,178,199,214,220,218,209
GS01,54/06/07,200,190,185,185,190,203,212,219,223,220,208,192,173,157,145,141,146,160,179,200,215,224,225,218
GS01,54/06/08,208,193,182,174,171,174,182,190,194,198,194,187,176,163,150,142,140,146,159,176,192,205,211,211
GS01,54/06/09,205,194,182,170,161,159,161,167,175,183,188,189,186,179,170,161,156,157,163,173,186,200,210,214
GS01,54/06/10,211,203,193,178,164,156,152,153,160,169,178,186,191,192,188,181,175,170,170,175,185,196,210,219
GS01,54/06/11,220,218,210,196,179,165,154,148,151,158,169,182,193,200,204,204,199,189,183,181,184,193,204,212
GS01,54/06/12,219,220,215,203,185,169,150,138,133,136,145,163,180,196,207,211,210,204,196,191,189,192,199,212
GS01,54/06/13,220,227,225,215,198,178,154,135,122,118,124,140,161,182,201,211,217,213,205,195,187,184,189,198
GS01,54/06/14,210,220,226,223,210,191,169,144,125,115,115,127,149,174,199,219,230,232,226,216,204,196,195,201
GS01,54/06/15,213,226,236,238,232,216,192,165,139,121,112,118,135,161,188,214,230,238,237,226,213,200,193,194
GS01,54/06/16,202,215,228,234,233,224,202,175,145,120,103,101,112,134,163,192,215,229,234,227,215,200,189,182
GS01,54/06/17,9999,9999,9999,9999,9999,9999,9999,9999,9999,9999,9999,9999,9999,9999,9999,9999,9999,9999,9999,9999,9999,9999,9999,9999
GS01,54/06/18,180,188,203,217,228,230,221,200,172,139,110,92,87,98,122,153,183,208,226,229,223,210,194,180
GS01,54/06/19,176,180,192,209,224,232,231,218,194,164,134,110,95,98,111,138,169,197,220,233,235,227,212,198
GS01,54/06/20,186,185,191,206,224,238,246,240,223,196,167,140,119,111,117,134,160,189,214,232,238,234,223,206
GS01,54/06/21,190,181,180,187,200,215,226,229,222,205,180,154,131,115,111,120,138,164,191,212,223,226,218,203
GS01,54/06/22,187,173,165,167,176,191,204,217,217,209,192,171,148,130,121,122,132,152,176,197,215,224,223,213
GS01,54/06/23,198,182,170,162,164,173,188,200,212,215,211,200,184,168,154,149,151,162,179,198,218,230,234,229
GS01,54/06/24,217,201,183,170,161,160,166,178,191,200,206,205,197,185,173,162,158,157,165,180,196,212,222,222
GS01,54/06/25,217,205,188,167,153,143,142,148,160,174,187,197,202,201,192,184,176,174,177,185,197,210,223,228
GS01,54/06/26,229,221,205,184,162,145,133,129,135,148,166,185,200,208,211,208,202,194,189,188,193,201,212,222
GS01,54/06/27,228,226,218,200,177,153,132,118,112,116,132,155,178,196,211,216,215,207,201,195,191,194,201,211
GS01,54/06/28,219,226,225,213,194,169,142,115,97,93,101,119,146,174,198,214,222,218,216,203,193,190,192,200
GS01,54/06/29,211,223,230,228,214,194,164,134,107,90,87,97,121,152,184,209,227,234,230,221,209,199,194,198
GS01,54/06/30,208,222,235,241,239,224,199,167,133,105,89,89,106,135,166,200,224,237,241,233,221,209,199,196
GS01,54/07/01,200,214,229,242,247,243,226,196,160,126,102,90,94,113,142,177,210,232,243,242,231,214,199,189
GS01,54/07/02,189,198,213,229,242,245,237,218,185,150,118,96,89,99,121,153,186,214,231,237,231,216,199,185
GS01,54/07/03,179,184,195,212,228,239,240,230,205,175,141,113,96,94,107,132,163,193,216,227,225,219,201,183
GS01,54/07/04,9999,9999,9999,9999,9999,9999,9999,9999,9999,9999,9999,9999,9999,9999,9999,9999,9999,9999,9999,9999,9999,9999,9999,9999
GS01,54/07/05,172,163,164,173,187,204,217,221,217,203,183,160,137,124,122,133,154,180,204,222,232,231,221,202
GS01,54/07/06,187,173,169,171,181,195,209,218,220,215,201,182,163,148,140,143,156,177,199,217,228,230,222,209
GS01,54/07/07,9999,9999,9999,9999,9999,9999,9999,9999,9999,9999,9999,9999,9999,9999,9999,9999,9999,9999,9999,9999,9999,9999,9999,9999
GS01,54/07/08,9999,9999,9999,9999,9999,9999,9999,9999,9999,9999,9999,9999,9999,9999,9999,9999,9999,9999,9999,9999,9999,9999,9999,9999
GS01,54/07/09,204,190,176,163,152,149,151,160,170,181,189,192,194,192,188,186,184,185,192,203,212,220,224,222
GS01,54/07/10,214,203,190,173,158,149,144,144,150,160,172,184,191,197,198,198,195,193,194,197,204,213,219,223
GS01,54/07/11,220,215,204,189,174,159,146,139,139,146,157,172,186,197,206,208,206,204,199,197,197,203,209,215
GS01,54/07/12,219,218,211,200,184,164,146,132,122,123,133,149,167,186,202,211,215,212,208,200,194,195,198,205
GS01,54/07/13,212,221,220,212,199,182,160,138,122,112,116,131,153,175,197,213,223,225,218,206,196,189,190,196
GS01,54/07/14,206,216,223,222,209,190,168,143,119,102,99,107,130,159,185,206,220,222,218,208,195,185,178,182
GS01,54/07/15,192,205,220,225,220,207,186,159,130,107,97,102,118,141,167,196,217,228,232,222,208,193,182,180
GS01,54/07/16,188,201,215,227,233,227,209,181,147,118,96,89,95,117,145,177,205,224,230,226,212,196,180,174
GS01,54/07/17,174,185,203,220,233,234,223,203,171,138,110,93,92,104,129,161,194,220,233,234,224,206,188,172
GS01,54/07/18,9999,9999,9999,9999,9999,9999,9999,9999,9999,9999,9999,9999,9999,9999,9999,9999,9999,9999,9999,9999,9999,9999,9999,9999
GS01,54/07/19,9999,9999,9999,9999,9999,9999,9999,9999,9999,9999,9999,9999,9999,9999,9999,9999,9999,9999,9999,9999,9999,9999,9999,9999
GS01,54/07/20,9999,9999,9999,9999,9999,9999,9999,9999,9999,9999,9999,9999,9999,9999,9999,9999,9999,9999,9999,9999,9999,9999,9999,9999
GS01,54/07/21,155,145,143,152,170,191,211,221,221,212,194,172,152,137,133,140,155,179,203,222,232,230,220,200
GS01,54/07/22,178,157,145,140,147,165,184,201,213,217,211,198,183,168,158,157,165,181,201,219,232,238,232,217
GS01,54/07/23,197,173,154,142,138,146,158,173,188,202,205,196,182,174,171,172,177,183,198,211,224,233,234,226
GS01,54/07/24,210,189,167,150,140,137,142,154,169,182,195,203,207,206,201,197,196,197,202,211,221,230,233,233
GS01,54/07/25,225,211,193,172,151,136,131,130,139,153,170,186,199,209,214,215,211,208,207,208,213,220,225,229
GS01,54/07/26,230,224,211,192,168,146,130,119,118,123,140,159,181,199,213,220,223,220,212,208,207,210,214,220
GS01,54/07/27,226,229,225,214,193,168,144,122,108,105,112,130,150,182,206,220,227,227,218,209,200,196,197,203
GS01,54/07/28,213,224,229,225,215,194,165,135,111,96,95,107,128,157,184,209,224,228,222,211,198,189,186,190
GS01,54/07/29,199,212,226,233,229,215,190,157,125,101,88,91,107,133,165,197,218,229,231,219,204,189,177,175
GS01,54/07/30,182,197,216,230,238,233,215,186,149,114,90,86,93,115,145,177,206,224,228,220,204,185,168,160
GS01,54/07/31,163,176,194,213,230,234,225,201,170,137,106,88,87,101,127,157,189,211,222,221,205,186,167,156
GS01,54/08/01,9999,9999,9999,9999,9999,9999,9999,9999,9999,9999,9999,9999,9999,9999,9999,9999,9999,9999,9999,9999,9999,9999,9999,9999
GS01,54/08/02,137,137,154,174,194,208,217,214,198,174,145,121,101,100,111,132,161,189,209,217,211,197,176,155
GS01,54/08/03,138,132,137,150,171,191,207,211,204,187,166,142,125,115,120,136,160,185,206,218,221,210,191,169
GS01,54/08/04,147,135,132,140,158,177,195,205,206,197,183,166,147,134,134,145,164,185,205,218,222,217,200,181
GS01,54/08/05,160,142,135,136,146,162,181,194,200,199,191,179,166,155,151,155,169,185,202,216,225,223,211,193
GS01,54/08/06,172,153,140,136,139,148,162,176,185,189,189,182,175,165,161,161,170,182,195,209,216,219,210,199
GS01,54/08/07,181,164,150,140,137,140,147,158,169,178,184,186,185,182,179,178,179,185,194,205,212,216,213,205
GS01,54/08/08,193,179,165,151,141,138,140,147,157,168,178,185,192,195,195,194,194,197,199,205,212,218,219,218
GS01,54/08/09,211,199,186,172,157,147,142,141,145,153,166,178,189,198,205,207,207,205,204,205,208,212,215,216
GS01,54/08/10,216,210,201,187,169,153,139,130,128,133,144,159,178,195,207,213,215,212,207,202,200,202,205,209
GS01,54/08/11,215,217,214,203,188,169,148,132,121,119,126,143,163,187,206,219,224,222,216,206,197,194,195,202
GS01,54/08/12,211,220,225,223,211,193,168,143,123,110,112,124,145,172,196,218,229,232,223,208,195,186,184,190
GS01,54/08/13,203,218,231,236,231,214,189,161,132,112,105,112,133,159,188,215,231,238,232,221,202,186,176,175
GS01,54/08/14,186,207,229,244,245,236,215,186,153,124,107,106,118,145,177,209,232,243,242,231,212,189,173,164
GS01,54/08/15,171,189,212,235,251,253,241,215,182,147,121,109,113,134,165,199,229,248,253,244,223,197,173,158
GS01,54/08/16,156,173,196,224,249,260,256,238,208,173,143,121,115,129,153,188,221,246,258,254,237,215,185,163
GS01,54/08/17,151,156,175,204,232,254,264,259,238,210,179,152,136,139,155,183,217,246,263,265,253,231,204,175
GS01,54/08/18,155,150,159,181,211,238,257,263,254,233,208,181,162,156,166,185,213,241,262,271,266,250,224,195
GS01,54/08/19,171,156,155,169,192,222,247,261,263,253,236,216,196,186,186,198,221,246,263,274,276,267,242,212
GS01,54/08/20,183,160,148,151,164,183,206,225,236,236,228,215,199,189,185,188,200,218,233,246,252,246,230,207
GS01,54/08/21,182,157,139,130,131,142,158,177,192,204,207,204,195,190,185,184,190,200,212,223,231,232,224,209
GS01,54/08/22,190,169,150,134,124,123,130,144,159,174,187,196,199,200,199,198,198,202,207,215,221,227,225,221
GS01,54/08/23,210,196,177,160,143,133,129,131,139,153,171,185,199,208,213,214,213,211,209,209,211,216,220,222
GS01,54/08/24,221,214,204,187,167,149,133,125,124,129,144,164,183,200,213,220,219,214,207,201,197,199,202,208
GS01,54/08/25,214,217,215,204,186,165,143,124,111,109,118,136,157,182,202,216,220,216,206,196,187,182,183,191
GS01,54/08/26,203,216,222,222,210,189,163,138,115,102,102,115,139,165,193,213,222,220,211,195,181,170,167,173
GS01,54/08/27,186,204,221,230,227,213,189,159,129,108,101,106,124,152,183,209,225,228,220,201,182,169,159,161
GS01,54/08/28,174,192,214,230,239,232,215,186,154,127,111,109,123,148,179,208,230,237,234,218,194,170,157,153
GS01,54/08/29,161,178,201,224,241,244,233,209,178,145,123,114,117,138,166,195,222,234,233,220,199,172,148,136
GS01,54/08/30,139,153,177,203,223,234,233,217,191,161,135,119,118,130,155,184,212,228,231,220,201,175,150,132
GS01,54/08/31,129,136,157,183,206,224,231,224,204,177,155,139,133,139,157,177,201,222,228,223,207,183,155,133
GS01,54/09/01,120,123,137,160,184,207,220,221,210,191,173,157,147,147,155,172,194,214,226,225,214,192,166,142
GS01,54/09/02,124,120,126,145,170,191,209,216,212,200,184,165,153,149,155,171,194,214,228,231,225,209,188,161
GS01,54/09/03,142,133,131,137,154,174,194,207,210,204,194,179,167,162,164,174,189,205,219,225,224,211,192,172
GS01,54/09/04,151,136,129,131,141,158,176,191,200,202,197,190,181,174,173,178,188,202,213,221,223,216,201,182
GS01,54/09/05,161,146,135,131,137,148,161,175,186,192,192,190,186,183,182,185,190,199,209,216,218,216,207,191
GS01,54/09/06,177,161,149,141,136,138,145,156,167,178,185,190,192,195,194,194,196,199,203,208,212,213,210,202
GS01,54/09/07,191,179,164,153,142,136,135,138,147,156,168,177,186,193,197,197,196,194,192,192,193,195,197,197
GS01,54/09/08,194,187,178,164,148,136,129,123,124,130,144,160,176,190,199,203,204,198,191,185,183,183,186,191
GS01,54/09/09,196,197,194,184,169,150,133,120,113,113,124,142,163,185,201,211,211,204,192,181,172,169,173,180
GS01,54/09/10,192,204,209,204,192,171,147,128,111,104,107,123,147,174,198,213,219,212,198,182,165,158,156,166
GS01,54/09/11,181,199,213,219,213,196,171,144,120,102,98,109,129,160,190,212,225,224,211,191,169,151,143,149
GS01,54/09/12,166,190,213,229,234,224,202,171,139,113,100,102,118,146,179,208,227,233,222,199,171,145,129,128
GS01,54/09/13,139,160,193,218,237,239,224,198,167,137,114,107,117,140,173,205,229,239,233,215,186,154,129,118
GS01,54/09/14,125,143,172,204,231,244,244,226,198,166,138,124,124,139,163,196,226,243,241,225,199,166,134,112
GS01,54/09/15,105,117,144,178,211,236,243,238,216,190,166,149,141,147,164,187,215,237,245,235,212,179,145,116
GS01,54/09/16,99,99,115,142,176,205,227,233,225,206,183,163,149,149,162,183,206,230,244,240,223,194,162,130
GS01,54/09/17,106,94,100,118,144,172,198,215,220,211,196,179,168,163,167,179,196,218,231,235,230,210,183,154
GS01,54/09/18,128,111,106,113,130,155,181,203,215,216,210,202,195,188,187,197,211,228,243,252,254,246,233,215
GS01,54/09/19,9999,9999,9999,9999,9999,9999,9999,9999,9999,9999,9999,9999,9999,9999,9999,9999,9999,9999,9999,9999,9999,9999,9999,9999
GS01,54/09/20,165,147,131,119,114,119,130,144,160,174,185,194,198,200,200,199,200,202,207,212,214,215,212,205
GS01,54/09/21,194,184,168,152,139,133,132,137,147,161,176,191,201,209,211,211,208,205,202,201,202,204,206,209
GS01,54/09/22,208,202,192,179,162,148,135,129,131,140,155,174,189,202,212,216,212,205,197,190,186,187,191,199
GS01,54/09/23,206,210,209,201,184,166,147,133,125,127,140,159,180,201,215,222,219,209,194,182,173,169,174,184
GS01,54/09/24,200,213,222,222,211,193,171,147,132,128,134,151,175,200,220,232,232,222,205,187,171,164,163,172
GS01,54/09/25,190,209,226,237,235,222,200,173,149,134,132,143,165,189,214,230,237,232,214,193,172,157,152,157
GS01,54/09/26,174,198,224,242,249,240,225,199,174,156,148,153,172,201,230,250,258,253,237,212,184,160,145,144
GS01,54/09/27,155,178,207,229,242,242,231,208,182,157,139,134,143,165,193,220,236,237,222,199,173,146,126,119
GS01,54/09/28,127,147,176,204,226,237,232,216,194,170,149,140,144,164,192,216,235,241,234,215,185,156,132,119
GS01,54/09/29,119,132,158,190,217,236,238,230,210,186,164,151,152,164,184,209,229,240,236,219,193,164,135,116
GS01,54/09/30,111,118,139,167,194,218,230,227,213,194,173,158,152,157,174,196,219,232,233,223,203,174,146,124
GS01,54/10/01,113,115,129,151,180,206,223,228,223,208,191,178,170,170,182,200,219,232,239,233,217,191,165,141
GS01,54/10/02,124,122,129,146,170,192,210,222,225,216,206,192,183,180,185,197,212,226,233,233,221,201,177,155
GS01,54/10/03,136,127,127,137,156,182,207,221,219,218,211,204,198,195,197,203,214,226,234,237,231,220,201,182
GS01,54/10/04,164,152,146,147,157,171,187,203,215,219,217,212,207,203,203,205,211,216,221,224,221,214,201,184
GS01,54/10/05,165,151,141,137,139,145,156,170,181,190,196,200,201,201,200,197,199,202,205,209,211,209,202,193
GS01,54/10/06,180,169,157,148,141,139,144,150,163,181,196,210,214,214,212,210,205,202,202,202,204,205,207,204
GS01,54/10/07,199,192,184,171,159,150,145,146,153,164,177,191,205,213,217,217,211,204,195,190,189,191,197,203
GS01,54/10/08,206,207,202,190,174,157,145,136,137,143,159,179,201,218,230,234,223,207,192,181,175,176,183,194
GS01,54/10/09,208,219,222,216,204,183,163,147,139,139,149,170,193,216,230,237,233,217,196,174,161,156,164,178
GS01,54/10/10,199,219,231,233,225,206,182,157,141,134,139,156,180,207,228,241,237,223,201,175,151,136,136,150
GS01,54/10/11,176,203,228,241,241,230,207,180,155,136,133,144,167,194,219,239,244,239,214,184,152,124,114,120
GS01,54/10/12,141,175,209,236,253,251,237,215,186,163,148,149,165,192,222,248,260,257,238,208,171,135,111,106
GS01,54/10/13,117,149,189,224,248,261,259,242,216,189,168,160,167,186,211,236,253,255,244,219,181,143,112,95
GS01,54/10/14,98,119,152,189,223,245,253,246,226,205,183,169,169,181,200,224,242,253,250,232,201,163,125,95
GS01,54/10/15,87,93,114,151,187,218,238,243,236,220,206,186,179,182,196,216,236,248,252,243,219,188,151,119
GS01,54/10/16,96,90,102,128,160,192,218,232,236,230,218,204,194,191,197,211,227,242,250,249,236,213,183,151
GS01,54/10/17,124,111,110,122,144,171,197,217,229,232,226,217,210,204,205,211,221,232,240,245,242,228,208,182
GS01,54/10/18,156,137,126,126,136,152,173,192,210,216,221,220,216,209,205,206,207,213,220,226,228,224,215,200
GS01,54/10/19,181,161,146,137,136,143,155,169,187,202,211,217,218,216,213,209,208,206,209,212,217,220,219,214
GS01,54/10/20,203,189,174,161,153,150,154,162,175,190,204,216,224,227,225,220,213,206,201,202,204,209,216,220
GS01,54/10/21,221,216,206,193,179,169,162,163,170,182,199,215,229,238,239,236,226,212,202,194,192,196,205,216
GS01,54/10/22,224,229,227,215,201,185,170,162,161,168,180,200,218,231,239,238,229,212,194,181,171,171,181,196
GS01,54/10/23,212,226,233,230,220,204,185,169,160,160,171,188,208,225,238,240,233,215,192,171,155,150,156,172
GS01,54/10/24,191,214,230,236,232,218,198,177,163,156,161,176,197,218,235,243,240,225,202,175,153,139,141,153
GS01,54/10/25,174,201,226,242,247,238,221,200,179,167,165,174,192,215,234,246,246,233,209,181,152,133,124,131
GS01,54/10/26,9999,9999,9999,9999,9999,9999,9999,9999,9999,9999,9999,9999,9999,9999,9999,9999,9999,9999,9999,9999,9999,9999,9999,9999
GS01,54/10/27,9999,9999,9999,9999,9999,9999,9999,9999,9999,9999,9999,9999,9999,9999,9999,9999,9999,9999,9999,9999,9999,9999,9999,9999
GS01,54/10/28,133,155,186,218,244,258,259,250,232,212,195,183,182,196,219,244,261,262,250,225,194,164,137,125
GS01,54/10/29,125,142,167,198,226,246,257,252,239,223,205,192,189,198,214,233,249,256,252,235,208,176,147,125
GS01,54/10/30,116,125,145,171,201,226,243,248,242,229,213,201,194,200,211,229,245,251,259,246,223,194,165,140
GS01,54/10/31,126,125,135,157,182,208,226,235,235,225,213,201,192,190,196,206,222,233,236,232,217,192,168,142
GS01,54/11/01,122,116,120,134,156,180,202,216,224,220,212,203,192,188,190,198,208,221,228,229,221,206,184,162
GS01,54/11/02,142,129,126,132,147,168,187,205,217,221,219,215,207,200,197,197,204,212,217,221,219,210,195,177
GS01,54/11/03,157,141,131,129,135,149,165,182,198,209,212,211,208,202,197,195,196,199,203,207,210,208,202,190
GS01,54/11/04,178,161,148,139,137,142,151,167,180,193,205,212,212,209,203,195,190,185,185,187,189,192,195,191
GS01,54/11/05,185,176,164,152,142,136,139,147,158,175,191,205,212,214,211,203,192,181,174,170,172,178,187,194
GS01,54/11/06,196,196,188,175,162,149,142,142,149,161,179,196,209,217,217,210,195,177,161,152,149,156,168,184
GS01,54/11/07,198,207,208,199,185,168,154,146,145,151,165,185,203,218,225,221,205,185,162,140,132,133,147,167
GS01,54/11/08,191,213,226,227,219,202,183,168,158,158,170,187,208,228,239,240,229,204,174,146,126,117,125,144
GS01,54/11/09,171,202,227,242,241,230,210,188,171,164,167,179,199,222,238,247,240,219,189,150,121,102,98,110
GS01,54/11/10,135,171,205,232,245,243,231,211,191,174,169,174,190,213,234,249,253,239,211,174,135,105,87,89
GS01,54/11/11,111,146,186,218,243,255,252,240,220,201,185,177,181,195,218,241,248,241,218,184,143,106,77,66
GS01,54/11/12,73,97,132,169,206,227,235,231,217,197,181,171,173,187,206,226,241,244,237,212,178,138,103,80
GS01,54/11/13,72,81,107,140,177,210,232,239,235,221,205,193,188,192,206,224,240,248,247,232,206,172,137,103
GS01,54/11/14,81,79,91,113,144,179,206,224,230,223,211,197,186,185,191,204,221,231,239,232,217,191,162,133
GS01,54/11/15,108,96,98,107,131,159,186,208,220,221,214,203,192,185,185,191,202,213,221,222,215,201,180,155
GS01,54/11/16,130,113,103,105,116,137,160,183,201,211,211,206,198,189,185,186,190,197,205,211,211,207,198,182
GS01,54/11/17,163,146,132,127,132,141,158,178,196,208,215,214,208,200,190,185,182,182,186,190,196,197,196,190
GS01,54/11/18,179,165,150,138,133,136,145,157,173,188,198,203,201,197,190,181,171,165,164,163,170,176,181,184
GS01,54/11/19,185,180,171,160,151,147,148,158,170,184,198,209,213,214,208,197,186,174,166,161,163,169,179,191
GS01,54/11/20,198,200,198,192,183,173,167,165,171,182,195,205,213,215,213,204,190,173,158,147,141,146,157,172
GS01,54/11/21,187,199,207,208,201,187,177,172,169,177,188,200,212,221,225,218,204,187,167,149,140,139,148,162
GS01,54/11/22,183,202,217,224,221,211,198,187,178,177,183,195,209,221,229,226,216,194,168,143,126,117,121,135
GS01,54/11/23,156,180,202,218,221,216,203,189,177,171,175,184,205,224,236,236,226,205,177,148,123,109,105,116
GS01,54/11/24,137,164,191,213,224,224,215,202,186,175,171,177,190,206,222,231,228,215,190,158,128,106,96,101
GS01,54/11/25,119,147,177,205,225,233,229,218,203,186,178,178,188,204,222,233,238,229,210,182,149,120,102,99
GS01,54/11/26,111,134,163,193,218,231,233,227,211,194,182,175,178,191,206,222,229,226,211,186,155,123,97,84
GS01,54/11/27,87,105,132,162,191,212,223,222,211,196,181,171,170,181,195,213,226,229,221,202,172,140,113,95
GS01,54/11/28,92,104,128,158,191,218,236,242,237,225,211,199,194,198,209,225,240,245,239,225,200,171,140,117
GS01,54/11/29,106,106,117,138,171,201,222,235,236,227,213,197,189,188,197,212,226,236,238,229,210,186,156,131
GS01,54/11/30,112,104,112,128,154,181,204,219,224,220,209,194,181,176,177,187,197,213,218,217,207,188,163,142
GS01,54/12/01,129,115,112,122,136,155,182,203,215,217,211,198,186,179,176,180,188,200,210,215,213,202,186,163
GS01,54/12/02,142,125,119,121,133,152,174,195,212,221,221,214,202,192,183,180,182,190,199,206,211,208,200,187
GS01,54/12/03,170,154,142,135,138,148,164,183,198,211,215,212,203,192,180,169,164,164,168,174,183,189,191,186
GS01,54/12/04,177,164,151,141,137,139,149,162,180,196,206,211,208,200,187,174,160,152,148,151,160,171,182,188
GS01,54/12/05,188,182,173,161,151,147,149,157,170,186,200,209,212,209,198,181,161,144,131,126,130,142,159,174
GS01,54/12/06,9999,9999,9999,9999,9999,9999,9999,9999,9999,9999,9999,9999,9999,9999,9999,9999,9999,9999,9999,9999,9999,9999,9999,9999
GS01,54/12/07,9999,9999,9999,9999,9999,9999,9999,9999,9999,9999,9999,9999,9999,9999,9999,9999,9999,9999,9999,9999,9999,9999,9999,9999
GS01,54/12/08,148,179,202,215,218,213,201,187,179,174,178,191,206,219,230,229,215,189,157,124,97,83,84,101
GS01,54/12/09,129,162,196,223,236,240,232,218,203,191,187,194,206,222,237,245,240,224,191,152,117,89,74,78
GS01,54/12/10,95,128,166,199,225,239,238,228,211,197,188,186,192,207,224,238,242,233,211,178,140,102,74,64
GS01,54/12/11,72,98,133,169,202,224,234,230,219,202,189,181,182,193,210,227,240,243,227,200,163,125,93,75
GS01,54/12/12,73,87,116,153,190,218,238,240,235,223,206,195,192,197,212,231,246,254,250,232,203,169,130,101
GS01,54/12/13,87,93,110,137,170,201,224,234,233,222,204,190,178,177,184,197,212,225,229,223,206,180,147,119
GS01,54/12/14,94,87,93,112,140,170,199,216,225,222,209,195,180,174,176,185,198,213,223,223,217,200,177,150
GS01,54/12/15,127,112,107,114,135,161,185,204,216,218,211,199,181,169,162,165,172,183,195,201,202,196,184,164
GS01,54/12/16,9999,9999,9999,9999,9999,9999,9999,9999,9999,9999,9999,9999,9999,9999,9999,9999,9999,9999,9999,9999,9999,9999,9999,9999
GS01,54/12/17,9999,9999,9999,9999,9999,9999,9999,9999,9999,9999,9999,9999,9999,9999,9999,9999,9999,9999,9999,9999,9999,9999,9999,9999
GS01,54/12/18,176,171,164,156,150,149,156,169,184,195,204,204,196,185,172,160,150,143,141,143,149,157,165,171
GS01,54/12/19,175,176,171,166,163,162,166,174,185,198,207,211,212,206,198,183,171,159,148,146,148,155,167,181
GS01,54/12/20,192,199,200,200,197,193,190,191,196,203,215,222,223,221,213,198,185,171,151,138,134,136,147,161
GS01,54/12/21,177,192,203,208,206,201,194,189,189,193,200,209,215,218,217,208,192,175,153,134,124,122,129,144
GS01,54/12/22,164,185,201,214,218,216,211,203,197,195,198,205,213,223,228,225,212,193,167,142,125,115,114,124
GS01,54/12/23,143,167,190,208,218,217,211,200,189,181,180,184,194,207,213,215,205,186,161,132,108,91,84,88
GS01,54/12/24,107,131,159,184,202,209,206,198,187,177,171,173,183,198,212,221,219,208,184,156,130,106,91,88
GS01,54/12/25,101,128,157,188,213,226,229,220,210,197,185,181,185,199,213,227,232,224,205,178,147,118,98,88
GS01,54/12/26,9999,9999,9999,9999,9999,9999,9999,9999,9999,9999,9999,9999,9999,9999,9999,9999,9999,9999,9999,9999,9999,9999,9999,9999
GS01,54/12/27,97,110,135,165,197,220,236,238,230,215,200,187,183,190,203,221,235,242,237,219,193,162,131,108
GS01,54/12/28,9999,9999,9999,9999,9999,9999,9999,9999,9999,9999,9999,9999,9999,9999,9999,9999,9999,9999,9999,9999,9999,9999,9999,9999
GS01,54/12/29,9999,9999,9999,9999,9999,9999,9999,9999,9999,9999,9999,9999,9999,9999,9999,9999,9999,9999,9999,9999,9999,9999,9999,9999
GS01,54/12/30,118,108,111,125,150,176,202,219,228,224,211,193,176,165,164,173,185,201,211,216,210,197,178,154
GS01,54/12/31,134,118,114,120,136,158,186,207,220,222,211,199,181,164,158,157,165,177,190,202,207,205,194,180
