GS01,69/01/01,164,185,204,219,227,228,223,217,212,207,209,216,225,233,239,239,228,209,183,158,138,124,121,131
GS01,69/01/02,150,175,202,220,231,235,231,223,214,207,203,205,212,223,233,237,233,214,189,161,132,111,104,106
GS01,69/01/03,124,150,179,205,223,232,232,225,215,205,197,197,204,215,228,237,236,226,201,173,143,115,96,93
GS01,69/01/04,102,126,155,183,208,224,228,225,216,203,192,188,192,204,218,232,239,235,218,191,160,130,103,92
GS01,69/01/05,93,111,138,166,197,219,229,228,220,208,195,185,183,191,207,223,236,237,226,205,174,144,114,93
GS01,69/01/06,88,99,121,152,182,206,221,226,222,210,195,182,178,183,194,211,225,234,230,216,194,163,131,105
GS01,69/01/07,93,97,113,140,171,199,221,232,232,224,208,191,182,181,188,203,217,228,231,224,206,180,150,121
GS01,69/01/08,103,97,104,123,149,176,200,215,221,216,203,185,172,165,169,179,193,207,217,217,207,191,165,140
GS01,69/01/09,117,105,104,116,137,165,187,206,214,214,204,187,171,159,156,161,171,184,197,203,202,193,176,154
GS01,69/01/10,133,119,114,118,133,155,179,197,210,214,209,194,179,164,155,153,158,168,180,192,197,198,190,176
GS01,69/01/11,160,145,136,135,141,155,175,195,210,218,217,207,191,176,163,155,153,157,168,177,188,197,199,196
GS01,69/01/12,188,178,168,162,162,168,182,199,213,223,226,220,208,191,174,159,148,145,146,153,164,175,186,192
GS01,69/01/13,194,191,185,179,176,176,181,190,202,210,217,218,212,199,182,164,146,133,126,125,132,145,161,176
GS01,69/01/14,188,199,202,201,197,194,193,197,202,211,220,224,225,219,208,190,170,150,132,119,118,127,143,163
GS01,69/01/15,183,203,217,224,222,217,212,206,204,207,213,219,224,225,221,207,185,160,133,111,98,97,107,126
GS01,69/01/16,153,181,206,221,228,229,222,213,203,201,203,209,219,227,230,224,208,181,153,123,97,83,83,98
GS01,69/01/17,123,154,185,211,228,237,234,223,212,203,198,200,208,221,233,240,236,220,191,156,119,92,76,74
GS01,69/01/18,86,116,150,186,214,232,241,235,221,208,196,191,196,208,223,237,240,233,213,180,142,106,78,67
GS01,69/01/19,70,90,120,159,191,216,231,233,223,206,191,181,177,185,203,222,237,240,229,206,171,134,97,72
GS01,69/01/20,64,75,98,131,166,195,218,226,220,208,190,172,165,168,182,202,220,233,233,221,195,163,128,98
GS01,69/01/21,81,78,91,119,153,185,209,223,225,216,198,180,165,157,164,182,203,221,231,230,214,190,162,132
GS01,69/01/22,107,98,102,119,148,175,202,219,224,220,204,183,165,154,153,162,181,200,215,223,220,205,181,157
GS01,69/01/23,135,121,119,129,150,176,200,219,229,227,217,199,182,165,158,161,172,187,201,212,216,210,194,176
GS01,69/01/24,157,143,136,141,151,170,188,204,215,216,207,190,171,153,141,137,140,150,163,176,184,185,180,170
GS01,69/01/25,158,147,140,141,149,164,180,197,208,212,208,195,178,160,145,135,131,135,145,155,168,178,180,179
GS01,69/01/26,174,168,163,162,166,175,186,197,206,209,209,202,190,175,161,148,139,136,138,146,154,166,174,180
GS01,69/01/27,183,185,186,187,190,194,202,209,216,221,222,219,211,199,186,172,157,146,138,136,139,148,158,169
GS01,69/01/28,177,184,188,191,192,193,196,198,201,203,205,205,204,198,190,178,163,148,135,126,124,129,137,151
GS01,69/01/29,166,181,193,201,204,204,203,200,199,199,200,203,205,203,198,190,175,157,138,123,113,112,118,133
GS01,69/01/30,152,173,191,204,212,212,208,202,196,194,195,200,205,209,212,209,198,177,157,133,112,103,104,115
GS01,69/01/31,133,156,182,200,213,219,214,205,196,188,185,188,197,207,216,218,213,198,174,148,126,109,100,107
GS01,69/02/01,128,154,183,205,224,233,232,221,209,197,190,191,198,207,219,227,225,215,191,162,133,106,91,90
GS01,69/02/02,101,126,154,179,204,218,220,212,198,183,171,166,173,186,204,219,226,220,203,175,144,114,93,85
GS01,69/02/03,90,111,137,168,195,215,221,214,198,182,167,158,160,170,187,207,219,221,211,186,156,122,94,77
GS01,69/02/04,78,92,118,151,182,206,218,216,203,184,165,153,151,160,177,198,218,230,228,213,185,156,125,105
GS01,69/02/05,99,109,135,164,197,226,244,248,239,221,200,180,171,173,185,205,226,238,242,232,212,183,152,125
GS01,69/02/06,109,106,119,142,170,195,216,223,218,199,178,158,141,137,144,160,182,201,214,213,203,180,156,131
GS01,69/02/07,113,106,112,129,155,180,202,214,215,202,182,160,141,130,130,139,160,180,197,207,207,195,176,156
GS01,69/02/08,138,127,127,136,156,180,202,216,220,210,193,173,151,134,128,134,145,161,179,191,197,194,183,168
GS01,69/02/09,154,143,139,141,154,171,189,204,208,204,193,172,150,131,118,115,117,127,142,156,168,175,176,171
GS01,69/02/10,166,159,154,152,158,171,185,197,204,205,198,184,166,148,132,121,118,117,122,134,146,156,165,169
GS01,69/02/11,171,171,169,169,170,175,183,191,197,199,196,187,176,160,145,130,117,108,106,110,120,132,146,161
GS01,69/02/12,173,182,187,190,193,194,195,197,198,199,200,198,191,182,167,151,134,117,104,96,96,103,116,135
GS01,69/02/13,154,176,189,197,201,199,195,191,189,188,192,194,196,194,189,177,158,137,116,98,87,87,97,115
GS01,69/02/14,137,166,191,207,215,216,210,202,194,190,193,200,209,217,221,217,202,178,148,119,97,83,82,93
GS01,69/02/15,116,146,176,198,214,219,212,200,187,175,170,173,184,197,208,215,211,194,169,136,106,81,69,71
GS01,69/02/16,87,115,145,180,204,218,221,211,195,177,164,163,170,185,204,220,227,223,203,172,137,104,82,73
GS01,69/02/17,80,102,133,166,195,215,224,216,198,176,157,148,149,163,185,206,224,229,217,195,160,126,97,79
GS01,69/02/18,77,93,119,152,187,213,224,222,208,186,163,147,142,151,171,195,220,234,236,224,197,163,132,108
GS01,69/02/19,99,105,125,152,181,211,227,229,218,195,169,148,135,137,153,175,200,219,232,230,214,187,160,135
GS01,69/02/20,120,119,131,154,181,206,227,232,224,204,180,156,136,129,134,153,179,202,219,225,219,201,179,157
GS01,69/02/21,140,134,140,155,178,200,220,229,226,212,189,164,142,128,127,138,157,179,197,208,210,202,187,169
GS01,69/02/22,155,147,149,159,176,197,214,225,225,213,194,172,149,133,124,129,139,154,171,188,193,193,185,174
GS01,69/02/23,163,156,153,158,169,185,199,208,210,203,188,169,150,133,121,118,123,132,147,161,174,179,179,175
GS01,69/02/24,170,165,165,168,176,189,201,210,214,211,201,187,170,153,139,132,130,133,141,151,161,171,176,179
GS01,69/02/25,180,181,182,183,186,192,200,205,207,205,197,188,175,164,149,140,131,126,126,131,139,147,155,163
GS01,69/02/26,169,175,178,181,183,186,189,192,193,192,190,186,179,170,160,148,137,125,118,115,117,124,136,147
GS01,69/02/27,161,174,183,189,192,193,193,191,190,189,190,191,191,189,183,175,162,147,134,122,119,121,129,145
GS01,69/02/28,163,180,196,207,212,211,207,201,195,193,193,195,199,204,203,198,186,169,147,129,115,108,112,125
GS01,69/03/01,144,166,186,200,207,206,199,189,180,172,169,173,180,189,197,199,192,176,153,128,108,92,92,103
GS01,69/03/02,123,151,176,195,206,209,202,189,176,164,160,163,175,188,200,210,208,198,176,149,121,100,91,96
GS01,69/03/03,114,141,168,193,209,216,211,197,179,163,152,152,161,175,195,211,219,212,194,166,136,106,89,85
GS01,69/03/04,99,122,152,180,204,216,215,199,180,161,145,141,148,167,191,214,231,233,223,201,172,141,115,104
GS01,69/03/05,109,127,158,187,212,227,228,215,194,169,146,133,134,146,167,193,216,226,224,208,184,152,122,105
GS01,69/03/06,102,114,140,169,198,219,225,217,197,172,147,126,121,130,151,180,208,226,233,227,207,181,152,128
GS01,69/03/07,119,124,144,170,199,220,229,226,208,180,152,127,115,116,130,154,183,207,222,226,216,196,172,150
GS01,69/03/08,136,134,144,165,188,209,224,225,211,187,160,133,113,106,112,128,155,180,201,212,212,201,184,168
GS01,69/03/09,154,149,154,169,189,210,225,230,223,206,180,153,131,117,114,122,141,163,185,203,212,210,202,190
GS01,69/03/10,179,171,172,180,192,210,222,229,226,213,191,167,143,123,110,9999,9999,9999,9999,9999,9999,9999,9999,9999
GS01,69/03/11,9999,9999,9999,9999,9999,9999,9999,9999,9999,9999,9999,9999,9999,9999,9999,9999,9999,9999,9999,9999,9999,9999,9999,9999
GS01,69/03/12,9999,9999,9999,9999,9999,9999,9999,9999,9999,9999,9999,9999,9999,9999,9999,9999,9999,9999,9999,9999,9999,9999,9999,9999
GS01,69/03/13,9999,9999,9999,9999,9999,9999,9999,9999,9999,9999,9999,9999,9999,9999,9999,9999,9999,9999,9999,9999,9999,9999,9999,9999
GS01,69/03/14,9999,9999,9999,9999,9999,9999,9999,9999,9999,9999,9999,9999,9999,9999,9999,9999,9999,9999,9999,9999,9999,9999,9999,9999
GS01,69/03/15,9999,9999,9999,9999,9999,9999,9999,9999,9999,9999,9999,9999,9999,9999,9999,9999,9999,9999,9999,9999,9999,9999,9999,9999
GS01,69/03/16,9999,9999,9999,9999,9999,9999,9999,9999,9999,9999,9999,9999,9999,9999,9999,9999,9999,9999,9999,9999,9999,9999,9999,9999
GS01,69/03/17,9999,9999,9999,9999,9999,9999,9999,9999,9999,9999,9999,9999,9999,9999,9999,9999,9999,9999,9999,9999,9999,9999,9999,9999
GS01,69/03/18,9999,9999,9999,9999,9999,9999,9999,9999,9999,9999,131,122,131,147,174,201,221,228,219,201,172,141,118,106
GS01,69/03/19,106,124,150,178,205,222,223,212,187,159,132,115,115,128,155,185,213,231,233,222,200,172,148,130
GS01,69/03/20,126,134,156,182,206,224,232,222,200,172,142,120,112,117,139,167,196,221,232,230,219,196,173,155
GS01,69/03/21,147,155,169,193,219,239,249,246,230,202,173,145,128,128,139,163,190,217,237,242,235,222,201,181
GS01,69/03/22,166,163,172,188,207,225,235,233,221,196,169,142,121,111,116,132,155,180,200,213,214,208,193,178
GS01,69/03/23,165,161,165,178,193,212,225,228,220,200,177,151,130,115,113,120,139,159,180,195,202,202,194,184
GS01,69/03/24,175,170,171,177,189,202,214,218,213,200,181,158,137,119,111,111,120,137,154,170,182,187,185,181
GS01,69/03/25,177,173,173,177,185,195,204,210,208,201,188,170,152,135,123,117,121,129,142,156,168,177,182,183
GS01,69/03/26,183,184,184,187,191,197,203,208,208,204,196,184,171,156,143,134,129,131,135,143,153,164,172,180
GS01,69/03/27,186,191,194,196,197,198,200,202,203,199,196,190,182,173,163,153,143,137,133,134,140,150,160,173
GS01,69/03/28,184,192,200,203,201,200,196,193,190,187,186,185,183,180,173,164,152,140,128,121,121,125,136,150
GS01,69/03/29,166,183,194,200,201,198,192,184,178,175,176,180,186,190,192,188,177,162,145,131,122,121,130,145
GS01,69/03/30,166,187,203,215,218,215,208,196,184,178,179,186,196,206,214,216,209,193,174,150,132,122,123,133
GS01,69/03/31,154,178,200,214,220,216,204,187,170,157,151,157,171,187,203,212,212,200,181,155,131,115,109,118
GS01,69/04/01,137,165,190,212,223,221,208,189,168,150,141,144,158,179,201,222,230,226,209,184,154,132,119,121
GS01,69/04/02,136,160,188,213,227,227,216,193,165,143,125,119,133,154,182,209,225,229,220,197,169,141,120,112
GS01,69/04/03,120,139,167,194,213,220,213,191,162,134,109,99,106,122,153,184,209,226,227,213,191,164,139,125
GS01,69/04/04,125,142,164,195,217,230,229,213,186,154,127,108,104,117,144,179,212,238,251,249,236,215,194,175
GS01,69/04/05,168,174,192,217,241,258,260,247,218,184,152,121,107,106,122,148,179,207,225,231,226,210,190,170
GS01,69/04/06,160,159,170,188,210,227,234,230,209,181,148,122,100,92,101,123,151,181,208,224,229,225,212,198
GS01,69/04/07,185,180,185,196,213,228,238,237,224,201,173,143,117,99,98,107,127,153,177,197,213,217,213,204
GS01,69/04/08,195,190,189,195,206,218,229,232,228,213,192,167,143,121,111,110,120,137,158,179,194,208,214,217
GS01,69/04/09,214,210,209,212,218,226,234,238,236,228,213,197,177,156,142,133,132,137,143,155,171,185,196,205
GS01,69/04/10,209,210,210,209,208,208,210,213,213,211,203,196,185,169,154,141,131,126,127,131,141,155,171,185
GS01,69/04/11,198,208,213,212,208,203,200,199,198,198,198,197,196,188,177,164,149,134,125,120,122,132,145,163
GS01,69/04/12,181,197,207,209,207,198,189,180,175,175,180,186,193,197,195,189,174,158,140,127,121,123,135,153
GS01,69/04/13,173,196,211,219,220,209,194,179,168,163,165,175,188,201,209,211,201,184,163,141,126,120,124,138
GS01,69/04/14,159,183,202,217,218,211,195,175,155,143,142,152,170,190,208,220,219,210,191,165,145,131,129,135
GS01,69/04/15,155,177,201,220,228,221,205,184,156,137,131,136,153,177,205,225,232,230,215,194,170,152,142,143
GS01,69/04/16,159,180,204,220,230,226,210,182,153,128,113,113,127,150,178,207,225,230,220,204,180,159,145,144
GS01,69/04/17,154,174,199,220,236,238,226,202,171,143,120,113,119,141,170,199,224,237,239,226,206,184,166,156
GS01,69/04/18,161,175,196,217,232,238,228,206,176,145,116,101,102,118,144,175,206,227,237,232,217,199,181,168
GS01,69/04/19,167,175,191,211,227,237,233,214,188,155,126,104,97,102,121,149,181,204,220,222,216,200,184,169
GS01,69/04/20,161,164,176,192,208,219,219,207,186,157,124,102,88,87,99,121,149,176,197,207,206,198,185,173
GS01,69/04/21,166,166,173,185,200,211,215,212,196,171,145,119,100,91,96,111,135,159,182,199,206,204,197,187
GS01,69/04/22,179,176,180,188,201,212,218,218,207,187,165,139,118,106,103,108,124,143,164,181,192,196,192,186
GS01,69/04/23,179,175,174,178,185,193,201,202,196,186,167,148,129,111,105,104,110,125,141,157,171,180,183,181
GS01,69/04/24,179,177,175,178,181,186,192,195,193,187,176,163,148,134,124,118,118,126,137,150,164,175,183,188
GS01,69/04/25,191,191,187,187,187,189,191,193,194,191,187,180,171,161,149,141,133,133,136,145,157,168,178,188
GS01,69/04/26,197,200,200,198,194,189,185,181,180,180,179,179,178,169,164,152,141,133,128,128,135,147,160,173
GS01,69/04/27,188,197,199,199,193,186,177,173,169,170,175,182,188,192,190,181,170,158,144,138,138,146,158,173
GS01,69/04/28,192,204,213,213,205,193,179,166,157,157,160,171,184,196,200,197,188,172,154,140,129,131,142,159
GS01,69/04/29,177,198,210,213,208,195,176,156,143,136,139,152,170,189,204,210,207,194,176,154,140,136,141,154
GS01,69/04/30,175,198,217,226,224,211,191,167,145,133,130,142,162,186,213,228,232,227,211,187,164,150,146,153
GS01,69/05/01,176,198,218,231,229,215,190,160,132,109,103,110,130,154,182,212,227,231,220,201,178,158,147,146
GS01,69/05/02,159,181,203,222,229,223,202,172,138,108,89,85,95,121,154,187,215,229,231,217,197,176,159,151
GS01,69/05/03,156,173,195,215,227,228,213,185,150,113,87,72,75,93,123,160,192,219,230,230,215,196,179,166
GS01,69/05/04,165,174,192,211,226,231,224,203,170,134,102,80,70,77,98,130,166,198,220,229,228,216,200,186
GS01,69/05/05,181,182,192,210,227,234,235,222,198,164,130,102,84,81,90,114,145,178,205,225,232,231,221,209
GS01,69/05/06,200,197,201,211,223,236,242,237,220,196,168,136,112,97,95,103,122,148,173,196,212,216,215,208
GS01,69/05/07,200,195,192,196,204,212,221,223,216,200,177,152,125,107,97,97,107,123,143,167,186,201,209,211
GS01,69/05/08,208,204,200,199,201,207,214,219,217,210,199,183,162,144,126,118,117,124,137,154,171,189,202,210
GS01,69/05/09,213,211,206,201,197,195,197,200,202,201,199,191,179,164,149,135,125,121,123,131,145,162,178,191
GS01,69/05/10,200,203,201,195,187,181,175,174,176,180,184,187,185,180,169,156,143,134,128,129,137,152,169,185
GS01,69/05/11,200,208,210,206,197,184,174,167,167,171,181,192,198,203,200,194,181,168,155,148,149,157,172,188
GS01,69/05/12,204,217,221,218,207,190,171,154,147,146,154,168,183,196,204,204,195,182,168,155,147,150,159,173
GS01,69/05/13,189,207,217,217,208,190,169,147,131,125,130,144,166,186,204,214,214,206,191,176,165,162,166,177
GS01,69/05/14,195,213,226,233,226,213,189,163,139,124,123,134,154,179,203,220,230,226,216,199,183,173,170,175
GS01,69/05/15,189,205,219,228,226,215,191,162,133,112,103,108,125,151,180,205,220,225,222,208,193,180,171,174
GS01,69/05/16,183,199,215,229,233,225,205,177,150,122,107,103,117,138,168,197,222,235,238,230,216,201,189,186
GS01,69/05/17,190,204,221,235,243,242,230,204,176,146,123,113,118,136,165,195,222,240,248,245,235,220,206,197
GS01,69/05/18,197,204,218,230,240,241,234,213,184,154,126,107,102,112,133,162,195,219,236,242,238,227,216,207
GS01,69/05/19,203,209,221,236,251,259,256,242,217,188,157,133,118,119,131,154,183,208,227,239,239,230,218,206
GS01,69/05/20,199,200,205,215,228,237,238,229,212,186,159,134,117,110,116,134,160,185,208,224,230,229,220,210
GS01,69/05/21,201,196,199,208,218,228,233,230,218,199,175,149,128,116,114,124,141,164,185,206,216,220,217,208
GS01,69/05/22,200,195,194,198,207,217,224,225,219,205,187,168,148,133,125,127,139,158,177,197,212,223,223,220
GS01,69/05/23,213,206,202,202,206,211,219,224,223,217,205,192,173,158,147,140,144,154,171,188,203,216,223,223
GS01,69/05/24,220,214,207,201,199,200,204,207,209,209,204,196,186,172,160,148,145,147,157,171,188,202,215,221
GS01,69/05/25,222,219,214,208,201,200,199,201,208,214,217,217,216,209,198,186,177,170,170,180,193,209,222,232
GS01,69/05/26,238,238,232,220,209,200,191,190,192,198,206,213,218,217,211,200,188,174,166,166,172,185,200,215
GS01,69/05/27,225,228,225,215,201,186,174,164,164,168,178,192,206,217,219,213,201,189,177,169,170,178,196,212
GS01,69/05/28,227,239,240,233,219,199,179,162,153,154,163,181,201,219,232,235,230,217,200,186,177,177,187,202
GS01,69/05/29,218,231,238,234,219,197,170,144,127,119,122,139,163,190,212,228,233,227,214,198,185,178,180,192
GS01,69/05/30,207,224,235,240,229,210,181,152,126,106,103,113,136,166,197,224,240,245,238,224,207,195,191,196
GS01,69/05/31,209,224,240,249,246,230,204,172,139,111,95,96,111,138,170,205,230,247,249,240,224,205,195,189
GS01,69/06/01,196,210,224,235,237,225,201,170,136,104,80,71,80,101,132,168,201,226,237,236,225,212,198,190
GS01,69/06/02,192,202,218,233,240,238,222,196,163,130,98,76,72,77,99,132,167,200,223,235,236,227,215,201
GS01,69/06/03,195,197,207,221,234,243,239,223,198,167,133,105,85,81,90,113,145,177,208,228,237,238,230,220
GS01,69/06/04,209,204,206,217,228,240,244,239,222,198,169,138,111,96,94,105,124,151,179,202,218,226,224,213
GS01,69/06/05,202,195,191,194,205,216,225,227,221,205,183,159,134,115,105,104,115,134,159,182,204,216,222,219
GS01,69/06/06,212,203,195,191,196,206,215,224,229,227,216,199,178,160,144,136,136,146,164,184,204,220,231,232
GS01,69/06/07,228,218,208,197,191,192,197,204,210,213,209,203,191,178,163,151,143,145,152,168,184,200,212,218
GS01,69/06/08,218,211,200,187,176,169,167,172,179,187,193,195,194,187,176,164,156,150,152,159,172,186,199,209
GS01,69/06/09,213,211,202,191,177,163,154,152,155,163,173,184,190,194,192,186,177,171,166,166,172,184,197,208
GS01,69/06/10,215,217,213,200,184,166,150,141,138,143,154,170,186,197,204,203,197,190,183,180,180,185,195,207
GS01,69/06/11,217,223,222,212,197,177,155,139,129,129,136,152,172,190,205,213,215,209,202,194,190,191,196,207
GS01,69/06/12,219,227,229,224,211,191,168,145,128,119,122,134,157,179,201,215,222,221,215,206,196,191,192,200
GS01,69/06/13,212,221,229,232,223,207,183,156,133,115,110,119,137,162,188,211,226,231,230,220,209,201,197,199
GS01,69/06/14,210,221,232,239,234,223,202,174,147,122,109,111,123,146,174,203,222,233,235,227,215,203,195,193
GS01,69/06/15,199,209,220,229,232,226,208,182,151,123,103,95,100,117,146,174,200,219,226,224,215,203,193,187
GS01,69/06/16,189,199,211,222,230,229,217,194,165,137,113,97,96,107,131,162,191,215,228,232,225,215,202,194
GS01,69/06/17,192,198,207,222,231,235,231,212,186,158,131,110,101,106,124,149,177,203,222,231,230,222,210,198
GS01,69/06/18,194,195,204,215,227,235,236,224,204,180,152,128,111,106,116,134,161,188,210,225,228,221,212,199
GS01,69/06/19,189,187,189,200,212,222,227,223,210,189,163,137,116,109,111,125,148,173,197,216,223,223,214,204
GS01,69/06/20,193,188,186,192,204,215,222,222,215,199,180,157,135,120,115,122,138,160,183,204,216,219,213,203
GS01,69/06/21,192,181,176,177,184,195,205,209,208,200,187,168,149,133,123,123,133,148,170,191,207,218,216,210
GS01,69/06/22,201,191,182,176,177,184,193,203,206,206,199,187,174,159,146,141,142,150,167,186,204,216,220,218
GS01,69/06/23,207,196,183,171,169,168,173,181,188,195,196,193,184,175,164,154,149,152,163,178,195,211,220,221
GS01,69/06/24,216,205,192,177,166,160,158,161,170,180,189,195,195,192,182,175,167,163,166,175,187,201,212,219
GS01,69/06/25,219,210,197,180,162,148,140,139,144,153,168,182,194,202,199,196,189,182,179,180,189,202,214,226
GS01,69/06/26,230,229,221,206,188,169,153,142,139,146,162,183,201,217,226,229,224,215,206,200,198,204,214,226
GS01,69/06/27,234,237,231,217,197,169,144,121,108,107,119,140,163,190,212,224,226,220,213,201,194,194,200,209
GS01,69/06/28,219,226,226,218,200,175,146,119,98,85,88,102,130,162,192,216,231,234,227,216,204,196,196,202
GS01,69/06/29,212,225,235,235,227,206,176,143,113,88,79,85,105,135,172,203,229,243,245,235,223,211,202,202
GS01,69/06/30,208,222,235,241,241,229,205,174,138,105,85,74,82,106,138,174,209,233,245,243,235,221,209,200
GS01,69/07/01,199,208,221,234,243,241,227,197,163,129,99,77,73,87,115,149,183,216,237,245,240,228,214,201
GS01,69/07/02,196,200,212,226,242,251,249,232,204,166,131,103,89,89,103,130,162,195,221,234,237,231,215,201
GS01,69/07/03,190,187,194,207,223,236,244,241,221,195,161,130,106,95,98,115,142,173,201,221,231,228,217,201
GS01,69/07/04,187,175,176,183,197,212,225,230,224,208,184,159,134,117,111,118,138,161,189,211,227,232,227,214
GS01,69/07/05,199,186,176,178,187,202,219,226,231,225,209,192,171,153,142,145,153,168,191,212,228,237,234,222
GS01,69/07/06,206,189,175,167,167,173,186,197,208,211,207,198,185,171,159,150,154,164,178,196,212,222,223,219
GS01,69/07/07,207,192,177,160,155,155,162,171,184,191,197,198,194,187,180,172,168,175,184,196,209,222,228,227
GS01,69/07/08,221,208,192,174,159,150,149,154,162,174,186,195,199,198,194,191,186,186,188,198,207,217,223,227
GS01,69/07/09,222,212,199,183,166,150,143,140,146,156,168,183,195,204,207,209,206,201,201,203,209,215,220,226
GS01,69/07/10,226,221,211,196,180,161,145,133,130,137,148,165,180,196,206,211,209,208,203,200,200,202,207,213
GS01,69/07/11,217,221,217,205,188,168,147,130,120,120,126,145,166,186,204,217,221,220,216,209,203,202,204,211
GS01,69/07/12,218,226,229,225,211,191,167,143,124,115,116,130,151,176,198,216,226,229,225,216,207,200,201,206
GS01,69/07/13,216,227,232,233,226,208,185,158,135,119,109,114,132,156,181,206,226,233,233,224,213,204,197,197
GS01,69/07/14,206,216,228,236,236,228,209,183,154,127,109,106,115,140,167,193,217,231,235,229,215,204,193,190
GS01,69/07/15,192,204,218,230,235,233,216,191,161,133,110,100,104,121,139,176,205,223,232,231,220,206,192,183
GS01,69/07/16,184,192,207,222,233,235,226,207,178,148,119,102,98,110,132,161,191,217,229,232,223,209,193,181
GS01,69/07/17,178,184,196,213,229,238,236,222,199,169,140,117,105,108,124,152,179,208,226,233,229,217,201,186
GS01,69/07/18,175,175,184,198,215,230,235,230,211,188,159,133,117,112,121,143,168,195,219,231,231,222,205,187
GS01,69/07/19,173,168,172,184,201,218,229,229,219,200,173,148,129,119,122,134,159,183,209,224,227,220,208,189
GS01,69/07/20,173,163,161,167,180,196,212,220,218,206,188,169,147,135,130,136,154,177,201,220,229,228,217,201
GS01,69/07/21,183,168,158,157,165,179,194,205,211,209,199,184,167,154,145,146,155,172,191,210,223,225,220,205
GS01,69/07/22,187,171,156,149,148,157,168,181,193,198,199,192,180,170,160,157,160,171,188,204,219,226,226,215
GS01,69/07/23,199,180,164,147,141,141,147,158,171,181,191,194,193,188,182,177,175,180,188,200,211,221,224,220
GS01,69/07/24,208,194,176,158,142,132,131,137,146,162,177,188,198,201,203,200,197,197,197,201,210,220,225,226
GS01,69/07/25,221,210,194,174,154,136,125,120,123,136,152,170,189,203,212,217,215,212,207,205,207,212,216,221
GS01,69/07/26,223,221,212,196,173,150,128,113,105,108,122,140,164,187,208,220,227,226,219,212,207,206,208,215
GS01,69/07/27,222,228,228,219,200,175,147,120,102,91,93,110,136,165,193,218,232,236,233,222,210,201,199,204
GS01,69/07/28,213,223,232,233,224,202,175,142,109,90,79,83,105,136,172,204,229,242,242,233,220,207,198,198
GS01,69/07/29,207,219,232,243,244,235,211,178,143,110,88,82,91,114,149,185,217,239,246,241,227,211,195,188
GS01,69/07/30,190,203,220,237,249,248,233,207,172,134,106,90,87,104,133,168,203,232,246,245,233,216,197,181
GS01,69/07/31,177,186,203,223,241,251,249,233,204,167,135,107,96,101,119,151,185,217,239,243,236,220,200,180
GS01,69/08/01,170,168,180,201,222,239,247,240,223,193,162,133,115,111,124,147,172,200,225,238,239,227,206,183
GS01,69/08/02,166,157,161,174,194,215,232,237,230,213,188,163,138,126,128,142,165,189,213,229,234,229,211,189
GS01,69/08/03,170,154,148,151,166,185,203,217,221,215,199,181,161,147,142,149,163,183,204,221,230,228,218,197
GS01,69/08/04,176,157,143,140,147,161,177,193,203,205,200,189,176,166,159,161,169,184,200,216,227,228,222,207
GS01,69/08/05,186,168,151,140,140,147,161,176,192,199,201,198,191,183,176,175,180,189,200,212,219,224,218,207
GS01,69/08/06,191,175,159,145,136,133,137,146,157,168,176,181,182,183,183,184,185,189,196,204,213,217,216,211
GS01,69/08/07,201,188,174,156,142,133,130,132,139,151,163,174,184,190,195,198,199,200,202,204,209,213,216,216
GS01,69/08/08,213,206,197,183,167,152,140,134,135,142,153,166,181,194,205,211,214,212,210,208,207,209,212,215
GS01,69/08/09,216,214,208,196,180,162,145,130,123,124,133,146,165,184,200,212,219,217,212,207,203,201,203,207
GS01,69/08/10,212,217,217,212,200,181,161,141,124,117,119,131,150,174,195,214,223,225,221,212,203,197,195,199
GS01,69/08/11,207,216,222,224,217,201,179,155,132,115,108,114,131,156,181,204,220,226,222,214,202,191,185,185
GS01,69/08/12,194,206,217,224,224,215,195,170,141,117,102,102,115,137,166,191,214,226,226,217,204,190,177,174
GS01,69/08/13,182,195,211,225,232,227,212,189,158,130,110,102,107,127,154,187,211,227,233,227,210,193,178,171
GS01,69/08/14,173,187,204,222,235,238,231,212,180,150,123,109,108,122,149,180,210,231,240,236,222,203,183,170
GS01,69/08/15,168,177,195,213,231,243,241,229,203,174,146,123,114,121,141,169,198,224,238,239,227,207,185,166
GS01,69/08/16,158,161,173,192,213,231,238,233,215,188,161,135,120,120,130,156,183,209,227,232,225,208,184,161
GS01,69/08/17,145,141,149,166,187,207,221,224,214,196,171,146,127,120,127,144,170,196,219,227,224,212,189,165
GS01,69/08/18,144,133,132,145,166,186,206,215,215,206,188,167,148,137,137,147,167,191,212,224,227,217,199,175
GS01,69/08/19,151,134,126,131,145,163,183,199,205,205,198,185,170,158,153,159,173,190,208,222,227,224,210,190
GS01,69/08/20,166,146,133,128,133,146,163,181,194,200,201,197,189,181,176,177,182,193,206,220,229,228,219,201
GS01,69/08/21,182,161,143,131,128,131,142,157,171,182,193,198,198,195,192,192,195,200,208,218,225,227,223,213
GS01,69/08/22,198,181,163,147,134,128,130,136,148,163,177,191,200,208,210,211,211,211,212,215,220,222,223,220
GS01,69/08/23,212,201,188,171,153,139,131,130,136,147,166,189,212,231,242,245,244,238,232,226,225,228,231,232
GS01,69/08/24,231,228,219,204,186,163,143,128,121,123,133,151,174,195,218,234,240,237,229,218,211,209,210,214
GS01,69/08/25,223,230,231,222,207,183,155,130,110,100,103,118,143,173,201,223,237,237,230,216,203,193,190,195
GS01,69/08/26,207,223,232,236,227,208,179,147,119,97,91,99,119,152,185,216,234,240,233,219,201,185,176,177
GS01,69/08/27,190,208,227,244,247,235,210,176,138,109,92,89,103,131,168,202,227,240,238,222,201,179,162,159
GS01,69/08/28,166,185,207,229,244,244,230,201,167,134,108,95,99,119,149,183,214,233,238,226,205,180,155,141
GS01,69/08/29,141,155,177,204,226,240,238,222,193,160,128,107,100,112,137,169,200,223,233,229,210,182,156,133
GS01,69/08/30,126,132,151,179,205,226,235,229,210,180,154,131,118,122,141,167,196,219,233,232,218,194,166,141
GS01,69/08/31,125,122,133,156,183,208,224,230,222,203,179,157,142,140,149,171,196,217,233,236,228,208,181,153
GS01,69/09/01,132,122,127,142,164,187,208,220,221,211,194,9999,9999,9999,194,195,195,213,230,236,232,216,191,165
GS01,69/09/02,142,127,123,127,143,161,181,197,204,202,194,182,172,167,167,177,191,206,218,224,224,213,195,173
GS01,69/09/03,152,135,124,123,129,144,161,178,188,193,192,189,184,181,181,185,195,206,217,221,222,216,203,186
GS01,69/09/04,168,151,138,131,132,141,154,166,178,184,189,190,191,192,192,194,201,207,214,218,219,215,206,195
GS01,69/09/05,180,166,152,143,138,138,143,152,163,173,183,190,195,199,201,202,204,206,209,212,213,212,209,203
GS01,69/09/06,196,185,173,159,147,139,137,139,145,156,168,182,194,203,209,212,211,208,206,206,206,206,206,206
GS01,69/09/07,204,200,192,180,163,149,139,133,134,142,157,174,191,206,217,221,220,215,208,203,201,200,202,207
GS01,69/09/08,212,212,210,198,181,162,143,129,122,125,137,156,177,198,212,220,219,212,201,190,182,181,185,192
GS01,69/09/09,202,212,216,211,198,174,152,131,9999,9999,9999,9999,9999,9999,9999,9999,9999,9999,9999,9999,9999,9999,9999,9999
GS01,69/09/10,9999,9999,9999,9999,9999,9999,9999,9999,9999,9999,9999,9999,9999,9999,9999,215,230,234,226,209,190,172,164,166
GS01,69/09/11,177,197,216,236,244,240,223,197,168,141,125,122,132,155,185,216,235,244,238,221,199,178,160,155
GS01,69/09/12,161,177,199,222,240,244,233,212,181,150,128,119,122,139,168,197,223,237,236,222,199,174,149,136
GS01,69/09/13,137,153,176,202,227,240,240,226,199,170,143,125,122,134,163,193,219,235,236,225,202,173,146,127
GS01,69/09/14,125,134,156,183,208,228,236,230,209,184,156,135,127,134,154,180,208,227,233,227,206,179,149,126
GS01,69/09/15,114,117,133,158,187,211,228,232,222,200,177,155,143,145,160,183,210,231,243,241,228,200,171,145
GS01,69/09/16,126,121,129,149,176,202,225,237,235,224,205,186,172,168,173,187,207,224,237,240,231,209,182,155
GS01,69/09/17,131,118,116,126,146,169,192,209,218,216,207,194,182,175,178,187,202,219,231,236,233,220,197,170
GS01,69/09/18,146,128,120,122,132,149,169,189,203,210,211,207,201,195,193,197,205,217,225,232,232,224,208,188
GS01,69/09/19,166,146,133,126,125,131,145,161,177,188,198,203,205,206,206,207,211,215,221,225,228,225,216,203
GS01,69/09/20,187,170,152,139,130,127,129,137,149,162,177,190,200,208,211,212,211,209,208,209,210,210,209,205
GS01,69/09/21,199,188,172,157,142,128,120,118,121,132,146,166,184,199,210,216,215,211,205,199,197,197,200,205
GS01,69/09/22,207,206,200,187,169,148,131,117,110,114,126,147,170,192,210,220,222,215,203,190,181,179,182,190
GS01,69/09/23,202,213,217,213,198,175,151,128,112,106,112,127,154,181,207,225,231,226,210,192,177,167,168,179
GS01,69/09/24,194,212,227,234,230,211,183,156,129,113,108,117,138,167,199,223,236,236,221,199,174,155,147,153
GS01,69/09/25,170,192,216,235,242,234,212,183,151,125,113,117,133,161,192,224,243,245,234,210,184,158,142,142
GS01,69/09/26,154,178,207,235,253,256,246,218,188,158,138,130,141,160,190,220,243,250,242,221,189,155,129,118
GS01,69/09/27,123,141,170,199,224,238,234,218,192,163,139,127,131,146,170,198,223,238,235,219,190,155,126,110
GS01,69/09/28,108,121,148,179,210,233,242,235,215,190,167,151,147,156,178,203,226,241,244,233,207,173,139,116
GS01,69/09/29,105,109,128,156,186,212,230,233,224,205,185,169,160,164,177,198,218,234,240,235,216,189,155,128
GS01,69/09/30,111,107,118,138,166,193,213,226,226,214,200,186,176,175,185,202,219,235,243,241,229,206,178,149
GS01,69/10/01,130,120,122,136,158,182,206,222,227,225,217,207,200,198,202,213,227,240,248,248,241,224,201,176
GS01,69/10/02,154,138,132,136,148,163,183,200,209,212,210,204,198,195,196,202,210,218,223,226,223,215,200,181
GS01,69/10/03,162,144,134,130,134,144,158,172,185,193,197,198,197,195,195,197,202,206,211,214,214,211,200,189
GS01,69/10/04,175,161,146,137,135,138,146,156,168,179,189,195,200,203,205,206,207,208,209,210,211,209,205,198
GS01,69/10/05,190,180,170,159,151,144,142,145,151,161,173,184,195,203,208,210,208,203,198,196,196,197,198,199
GS01,69/10/06,199,196,189,179,166,153,144,140,142,149,163,178,193,206,214,217,215,207,199,191,186,185,188,193
GS01,69/10/07,200,204,202,194,181,165,148,137,132,135,146,163,183,202,215,224,222,211,198,185,176,173,177,186
GS01,69/10/08,198,211,219,218,207,189,169,150,137,132,140,156,178,202,222,234,235,225,209,191,174,169,170,182
GS01,69/10/09,200,218,233,239,236,220,199,174,154,142,142,154,176,202,224,238,242,233,213,191,167,152,146,153
GS01,69/10/10,169,192,215,231,234,227,207,182,157,137,129,134,152,177,202,222,229,225,208,184,155,134,120,122
GS01,69/10/11,139,163,191,215,230,233,221,197,170,147,133,132,144,166,193,218,234,234,219,193,160,131,113,107
GS01,69/10/12,118,141,172,202,226,238,235,216,193,168,147,139,147,165,189,215,234,240,229,206,174,140,117,104
GS01,69/10/13,106,126,156,188,218,237,243,236,216,195,173,160,160,173,194,219,238,248,244,225,192,157,126,107
GS01,69/10/14,100,108,130,162,194,221,237,238,228,210,190,174,166,172,186,208,229,241,243,229,203,169,136,109
GS01,69/10/15,94,94,107,133,162,190,213,225,225,215,201,185,175,174,182,197,214,228,235,229,210,182,151,121
GS01,69/10/16,100,91,95,110,133,160,185,204,214,215,209,200,191,187,189,198,211,223,231,235,226,206,182,155
GS01,69/10/17,131,116,110,114,127,146,167,188,204,211,213,212,207,202,202,205,211,219,225,227,223,212,197,176
GS01,69/10/18,154,134,120,114,117,126,140,157,173,187,197,204,206,205,203,205,206,209,212,213,212,209,203,191
GS01,69/10/19,177,161,146,132,125,124,127,135,149,165,181,194,203,209,209,207,202,196,192,191,191,193,193,193
GS01,69/10/20,188,179,166,151,138,126,120,120,126,140,157,175,192,203,209,208,202,192,182,175,172,175,182,191
GS01,69/10/21,198,199,194,183,167,150,135,125,124,131,146,167,188,207,217,220,214,199,183,169,161,162,169,183
GS01,69/10/22,198,210,216,212,199,181,160,142,132,134,143,162,184,208,227,234,231,215,195,173,156,150,154,169
GS01,69/10/23,190,211,227,232,226,210,188,166,147,138,141,153,175,199,221,233,231,217,194,166,142,125,123,134
GS01,69/10/24,155,181,207,226,231,223,205,181,159,144,142,151,169,194,218,236,240,229,207,177,145,124,113,119
GS01,69/10/25,139,167,198,223,240,242,230,212,189,169,159,162,176,200,224,243,254,251,232,199,165,135,117,114
GS01,69/10/26,126,152,183,214,237,249,248,235,213,190,176,171,181,195,216,234,247,249,237,210,176,142,118,104
GS01,69/10/27,109,127,158,189,218,242,248,245,231,211,193,182,183,196,212,233,249,256,246,224,192,159,128,108
GS01,69/10/28,102,112,134,164,195,221,234,237,230,215,198,186,183,187,201,218,236,244,242,228,202,170,139,115
GS01,69/10/29,101,102,117,142,171,199,219,228,228,220,207,192,186,187,195,208,223,232,235,227,208,183,155,128
GS01,69/10/30,107,103,106,123,147,172,194,209,214,211,203,193,186,183,187,198,210,220,225,223,211,192,168,144
GS01,69/10/31,124,112,110,117,133,153,176,194,205,209,205,198,193,190,190,196,204,213,219,219,213,199,182,162
GS01,69/11/01,141,128,123,124,133,148,165,181,195,202,204,202,200,197,196,199,203,208,213,215,211,205,193,178
GS01,69/11/02,163,150,141,135,136,143,156,169,184,194,200,205,206,204,202,201,201,202,204,205,205,203,201,195
GS01,69/11/03,185,174,162,153,147,146,152,161,173,187,198,206,211,213,212,208,203,196,192,190,192,194,197,199
GS01,69/11/04,196,191,182,170,159,152,148,151,159,173,188,202,212,217,219,217,209,199,190,185,183,188,194,201
GS01,69/11/05,208,211,207,197,186,174,163,158,161,170,187,203,216,225,231,230,218,203,188,174,167,168,177,190
GS01,69/11/06,204,215,219,215,203,185,170,158,154,159,173,191,210,226,233,232,221,203,183,163,150,148,154,169
GS01,69/11/07,188,206,219,223,217,202,183,165,152,150,158,174,194,214,229,233,226,206,180,155,135,125,130,144
GS01,69/11/08,168,194,217,233,238,228,210,191,173,163,165,177,197,217,236,244,241,223,196,167,138,118,114,124
GS01,69/11/09,147,176,206,230,242,241,229,209,187,171,165,171,186,209,232,246,246,237,212,179,144,118,104,107
GS01,69/11/10,124,155,189,221,246,255,251,235,215,196,186,187,199,218,240,259,264,257,235,201,166,134,112,105
GS01,69/11/11,113,138,170,203,231,249,253,246,228,209,193,185,189,203,222,241,251,250,234,206,173,138,107,92
GS01,69/11/12,93,107,136,169,202,230,246,249,241,225,210,200,197,205,221,238,253,256,248,228,197,162,130,103
GS01,69/11/13,91,94,112,138,169,199,223,234,235,226,212,201,194,196,204,218,231,239,238,226,203,172,143,114
GS01,69/11/14,95,87,93,110,136,164,190,210,220,221,214,205,199,196,198,207,217,226,231,227,216,195,170,142
GS01,69/11/15,119,104,100,105,120,142,167,190,207,216,217,213,208,203,201,203,210,219,225,227,224,212,196,175
GS01,69/11/16,155,137,126,124,131,144,162,181,201,215,223,224,223,218,213,210,209,211,215,219,221,220,214,202
GS01,69/11/17,187,170,155,145,140,143,153,168,186,203,216,225,228,226,219,211,203,198,196,199,204,209,213,212
GS01,69/11/18,207,197,185,172,162,156,157,163,176,191,207,220,227,230,225,216,202,189,179,177,178,185,194,202
GS01,69/11/19,207,205,197,185,171,159,150,149,157,168,184,199,211,217,217,207,192,174,157,145,143,150,163,179
GS01,69/11/20,194,204,207,202,191,177,164,156,156,165,178,196,213,225,228,222,207,186,163,143,132,134,146,165
GS01,69/11/21,188,208,221,225,218,204,188,174,167,167,175,191,206,221,229,228,215,191,162,135,116,109,114,131
GS01,69/11/22,155,180,205,221,224,216,203,187,173,169,173,184,201,220,232,236,229,209,179,148,123,107,107,119
GS01,69/11/23,143,173,201,225,236,236,228,212,196,186,183,189,201,217,230,239,238,222,194,160,128,105,96,99
GS01,69/11/24,119,148,177,207,228,237,235,223,208,196,190,191,202,217,233,246,248,241,219,186,152,120,101,97
GS01,69/11/25,106,129,159,189,215,232,237,230,217,203,191,186,191,203,217,230,237,234,216,188,155,124,99,85
GS01,69/11/26,88,106,133,164,195,216,227,227,218,204,190,184,186,196,210,225,234,235,224,204,172,141,114,95
GS01,69/11/27,92,101,122,149,179,204,220,225,220,210,198,189,187,192,202,215,226,233,229,214,189,160,132,108
GS01,69/11/28,97,100,114,139,166,191,211,222,222,215,206,192,187,187,193,203,215,222,220,212,194,169,142,117
GS01,69/11/29,100,94,100,115,138,162,183,198,204,204,197,188,182,180,183,192,201,209,214,211,201,184,164,141
GS01,69/11/30,123,115,115,122,139,160,182,202,214,220,217,211,203,200,200,203,211,217,223,225,221,211,196,178
GS01,69/12/01,158,144,137,138,147,162,178,195,209,217,218,213,207,200,193,190,190,192,195,199,199,194,186,175
GS01,69/12/02,161,149,138,133,135,143,158,174,189,200,207,208,204,199,192,187,185,184,185,188,193,197,198,196
GS01,69/12/03,190,182,173,166,162,163,170,182,196,210,219,222,220,213,204,193,181,173,169,168,173,179,184,188
GS01,69/12/04,188,185,178,169,160,153,154,161,171,184,196,203,206,204,195,182,168,153,141,135,137,145,155,165
GS01,69/12/05,173,177,176,170,160,151,144,145,151,162,175,186,195,197,193,181,163,145,127,116,113,119,133,150
GS01,69/12/06,167,183,192,191,184,173,163,157,156,162,175,187,199,209,210,202,185,164,139,115,103,99,108,126
GS01,69/12/07,150,174,196,207,210,204,193,181,173,171,177,189,205,220,227,228,215,193,167,139,117,107,110,125
GS01,69/12/08,152,182,210,233,245,244,232,218,203,196,195,201,215,230,242,246,238,217,186,154,120,100,91,95
GS01,69/12/09,115,145,175,206,226,236,232,222,207,192,186,186,196,212,227,237,235,222,195,161,128,97,78,73
GS01,69/12/10,84,110,144,179,210,230,240,236,226,211,199,192,196,210,224,238,246,242,222,192,154,116,89,72
GS01,69/12/11,71,86,115,148,181,210,229,233,228,215,200,189,187,193,206,221,235,236,228,205,175,139,105,79
GS01,69/12/12,67,69,87,118,150,182,210,226,231,226,216,202,194,195,204,220,236,247,249,238,218,189,156,126
GS01,69/12/13,105,98,103,123,151,182,210,231,241,242,233,220,207,200,200,209,219,230,237,237,226,205,177,149
GS01,69/12/14,123,105,102,107,125,149,177,200,218,225,225,216,203,192,188,191,199,209,220,226,226,217,199,175
GS01,69/12/15,152,132,119,118,126,141,163,187,207,221,225,222,212,201,191,186,186,191,198,205,210,210,202,190
GS01,69/12/16,173,156,141,132,131,138,153,171,190,205,212,214,209,198,186,174,165,163,165,172,180,188,193,190
GS01,69/12/17,183,173,161,151,146,147,155,165,181,196,208,212,210,202,189,175,161,150,146,148,156,167,177,185
GS01,69/12/18,188,187,182,176,168,164,165,172,182,195,205,213,215,213,203,189,172,154,142,136,138,146,158,173
GS01,69/12/19,185,192,195,194,187,181,177,177,179,188,198,208,215,216,210,200,181,160,139,124,117,120,131,148
GS01,69/12/20,167,184,197,203,203,197,190,185,184,188,195,203,213,220,220,212,197,173,147,126,111,107,114,130
GS01,69/12/21,153,174,194,208,215,214,207,199,192,190,193,200,210,221,226,225,213,192,165,137,116,103,102,112
GS01,69/12/22,134,159,185,207,221,227,225,216,206,199,198,202,213,225,237,243,236,219,193,162,133,110,101,103
GS01,69/12/23,119,144,172,198,217,226,227,219,208,197,189,189,197,209,221,231,231,220,198,170,139,111,93,89
GS01,69/12/24,97,119,148,177,204,222,228,225,214,202,192,188,191,203,217,230,236,232,216,189,158,127,101,90
GS01,69/12/25,91,107,133,162,190,213,226,226,218,205,193,185,183,191,205,220,232,235,226,205,177,147,118,99
GS01,69/12/26,92,100,123,151,180,207,226,235,232,222,212,201,195,199,210,223,236,245,241,226,203,173,142,117
GS01,69/12/27,102,100,112,136,164,191,214,225,226,218,204,190,182,181,187,200,214,225,228,222,207,181,155,130
GS01,69/12/28,110,104,110,128,153,179,201,218,223,217,206,193,179,173,176,185,198,210,219,218,208,190,166,142
GS01,69/12/29,123,109,109,120,140,165,190,209,220,221,214,199,187,177,175,180,191,203,212,216,214,203,185,165
GS01,69/12/30,143,127,122,125,138,159,181,200,214,220,215,204,191,179,170,169,174,183,192,201,204,201,191,176
GS01,69/12/31,160,145,136,133,142,155,175,194,210,220,219,210,197,183,173,168,166,169,176,183,192,196,194,188
