GS01,00/01/01,270,273,273,267,260,254,253,255,261,272,283,293,297,296,290,279,262,244,229,220,217,219,230,243
GS01,00/01/02,257,269,276,277,273,264,258,255,258,264,274,285,295,299,298,291,276,257,237,220,210,210,219,233
GS01,00/01/03,252,271,286,293,294,288,281,274,269,272,279,289,305,313,320,313,299,278,251,227,210,200,203,216
GS01,00/01/04,235,257,279,293,299,296,287,276,266,260,262,270,280,293,303,304,296,279,254,226,201,185,181,189
GS01,00/01/05,208,233,259,282,294,297,293,280,265,255,251,256,265,280,293,301,299,287,264,235,206,185,174,175
GS01,00/01/06,190,214,241,269,288,299,297,290,274,258,250,250,258,271,288,302,308,300,282,253,224,195,177,173
GS01,00/01/07,181,203,233,263,290,305,312,308,294,279,265,258,260,274,292,307,316,315,302,275,245,213,187,172
GS01,00/01/08,174,189,213,243,272,293,305,304,293,277,262,248,247,255,270,287,303,309,301,282,254,221,193,173
GS01,00/01/09,165,173,194,221,252,279,296,301,293,282,262,248,242,243,255,275,289,301,301,289,267,238,209,185
GS01,00/01/10,171,174,186,212,244,273,297,310,310,300,285,268,256,254,261,276,291,307,312,306,289,265,234,208
GS01,00/01/11,188,180,184,199,225,253,277,294,299,294,279,261,247,238,239,247,262,276,288,289,279,262,239,213
GS01,00/01/12,190,178,178,188,206,231,257,277,287,288,280,264,247,234,230,233,244,257,270,278,279,271,257,236
GS01,00/01/13,217,202,196,198,210,232,256,278,293,300,298,287,271,258,247,246,248,256,270,282,288,287,279,265
GS01,00/01/14,248,233,223,218,222,235,252,269,285,295,297,290,277,262,248,235,232,232,238,249,258,265,267,263
GS01,00/01/15,254,241,231,222,221,225,236,251,265,277,285,286,279,267,253,237,224,217,214,220,229,239,250,256
GS01,00/01/16,257,254,248,239,234,231,235,244,255,269,279,285,283,278,265,249,231,214,205,201,206,219,233,249
GS01,00/01/17,262,269,271,268,261,256,253,252,258,268,278,289,295,297,289,274,253,231,211,195,191,197,211,231
GS01,00/01/18,253,272,284,290,288,280,272,266,262,265,273,284,294,303,304,295,278,252,222,198,181,178,185,203
GS01,00/01/19,229,258,281,296,301,297,288,277,266,262,264,273,286,299,309,309,298,276,245,212,186,169,167,178
GS01,00/01/20,203,236,269,296,312,317,312,298,283,270,265,267,278,295,309,320,319,302,274,237,200,170,153,152
GS01,00/01/21,167,196,229,263,289,303,305,295,278,260,248,244,250,265,284,302,309,304,284,252,213,177,147,134
GS01,00/01/22,139,161,193,230,265,289,299,298,283,264,246,235,234,244,264,284,300,308,297,276,243,204,170,147
GS01,00/01/23,140,148,175,208,244,276,296,301,294,277,257,241,233,236,253,272,294,307,311,300,277,244,208,179
GS01,00/01/24,162,160,175,201,234,266,291,303,300,288,270,249,234,232,239,255,276,294,303,302,289,264,234,203
GS01,00/01/25,181,170,176,195,220,250,279,294,299,293,279,259,241,230,230,240,257,274,287,294,289,275,253,227
GS01,00/01/26,203,188,185,193,212,238,265,285,295,293,283,267,248,235,229,232,241,256,271,279,282,279,265,248
GS01,00/01/27,227,210,202,205,216,235,256,276,289,291,285,273,255,240,228,223,227,236,246,256,265,266,261,252
GS01,00/01/28,241,228,219,216,220,231,248,264,278,284,284,275,261,245,232,222,217,218,225,230,239,245,248,247
GS01,00/01/29,243,235,228,223,224,228,237,249,260,269,272,268,259,247,236,222,213,208,207,210,218,226,234,239
GS01,00/01/30,245,245,244,241,240,239,243,251,261,268,275,278,274,268,258,247,232,221,212,209,212,218,228,239
GS01,00/01/31,249,256,260,259,257,255,253,254,257,263,269,272,273,272,266,254,241,225,210,198,194,196,205,218
GS01,00/02/01,233,248,259,265,267,264,259,254,252,254,260,267,273,276,277,269,258,241,222,203,192,189,194,207
GS01,00/02/02,226,245,264,278,284,281,277,269,261,258,260,267,277,285,291,289,280,263,238,215,196,185,184,194
GS01,00/02/03,212,235,259,278,288,291,287,276,264,256,253,258,266,280,291,296,293,279,257,229,205,188,179,184
GS01,00/02/04,200,224,251,275,292,299,296,285,271,257,249,249,258,272,288,299,301,292,271,242,213,186,169,165
GS01,00/02/05,176,199,227,255,278,292,294,287,270,254,240,235,241,254,273,291,300,297,282,257,226,196,173,163
GS01,00/02/06,167,185,214,245,274,293,304,299,283,264,249,237,240,252,271,294,311,318,309,289,262,230,203,186
GS01,00/02/07,184,195,219,247,280,303,317,317,304,285,266,248,242,248,265,286,309,320,319,306,283,250,218,197
GS01,00/02/08,187,192,210,237,269,297,319,324,319,303,282,264,253,253,266,286,310,329,338,334,316,289,256,226
GS01,00/02/09,209,205,214,235,260,287,309,320,318,303,282,261,242,234,240,254,275,295,310,308,299,278,252,225
GS01,00/02/10,204,195,197,212,236,263,286,303,306,299,282,260,240,226,224,233,249,270,288,298,297,286,268,246
GS01,00/02/11,224,211,209,217,233,256,280,299,307,305,294,275,253,237,226,226,237,253,269,283,290,288,279,262
GS01,00/02/12,244,230,223,222,233,249,269,286,297,299,294,280,262,243,228,221,221,231,244,258,272,279,280,275
GS01,00/02/13,266,256,247,244,246,255,268,283,292,299,298,288,275,258,240,225,218,216,221,231,245,257,264,272
GS01,00/02/14,271,269,264,260,257,260,267,274,284,293,297,296,290,278,263,247,233,223,218,221,229,243,257,273
GS01,00/02/15,286,291,293,294,290,288,288,292,296,301,307,310,309,303,291,274,254,236,216,207,206,211,227,246
GS01,00/02/16,265,281,293,298,296,291,285,280,276,279,283,291,297,302,299,290,270,247,221,199,187,183,193,212
GS01,00/02/17,235,261,284,297,303,301,292,281,269,264,266,274,285,297,305,305,294,272,243,213,190,175,175,187
GS01,00/02/18,210,240,270,293,306,309,303,288,274,261,258,262,273,290,305,314,313,297,271,237,202,177,166,166
GS01,00/02/19,185,214,248,279,300,310,310,296,277,261,248,246,256,273,294,312,322,319,301,269,236,203,178,170
GS01,00/02/20,179,203,236,271,303,321,327,320,302,280,263,255,258,272,292,314,334,339,330,307,273,236,206,186
GS01,00/02/21,185,198,225,259,291,316,327,321,305,283,260,243,238,245,264,288,310,324,326,313,287,253,220,193
GS01,00/02/22,181,186,205,234,264,294,309,313,301,280,254,234,221,221,235,257,282,303,313,310,296,269,237,210
GS01,00/02/23,192,187,199,220,249,277,299,306,300,282,258,235,217,210,218,234,256,279,297,303,298,282,259,234
GS01,00/02/24,216,207,210,227,250,275,296,310,310,297,276,254,233,221,221,232,247,266,280,293,292,284,272,253
GS01,00/02/25,233,224,220,229,245,266,286,300,304,296,281,262,241,226,217,219,230,245,261,274,281,282,275,264
GS01,00/02/26,252,240,238,240,250,265,283,296,301,300,291,273,256,238,225,223,226,236,248,261,271,276,278,274
GS01,00/02/27,267,261,257,256,261,270,282,292,299,298,294,282,269,253,239,230,228,229,233,241,251,258,264,267
GS01,00/02/28,267,264,262,259,263,266,272,281,286,290,290,286,279,268,256,247,239,234,232,235,239,244,252,259
GS01,00/02/29,265,270,271,270,268,267,267,269,272,274,276,274,271,266,257,246,235,224,216,213,212,217,226,238
GS01,00/03/01,251,262,271,274,274,272,268,265,264,263,266,269,272,272,267,259,248,232,217,205,200,201,209,223
GS01,00/03/02,241,258,272,281,284,279,274,265,259,255,257,265,271,278,281,278,267,251,231,213,198,192,195,206
GS01,00/03/03,226,247,267,280,287,285,276,264,251,244,243,248,258,270,279,282,278,264,242,220,198,183,182,191
GS01,00/03/04,209,234,259,280,292,296,289,274,258,248,241,244,258,273,289,301,301,294,274,249,223,202,191,195
GS01,00/03/05,210,234,262,287,306,311,306,292,272,253,240,240,249,266,287,304,313,309,292,267,238,210,190,186
GS01,00/03/06,194,215,244,273,296,308,308,296,275,252,233,226,231,247,270,294,312,315,305,285,255,223,200,186
GS01,00/03/07,188,205,231,263,291,311,317,309,292,267,242,229,228,240,262,289,312,326,324,309,283,252,221,200
GS01,00/03/08,193,203,223,254,282,306,316,311,296,271,243,223,214,220,239,266,295,313,320,314,293,265,236,211
GS01,00/03/09,197,199,214,237,266,292,308,310,298,277,249,224,209,203,213,234,261,284,300,304,294,272,248,223
GS01,00/03/10,205,199,207,223,248,273,291,299,292,274,250,222,201,188,190,204,228,254,276,287,288,278,260,238
GS01,00/03/11,220,210,209,221,239,261,281,292,292,280,260,235,212,195,188,195,210,232,255,274,284,283,275,262
GS01,00/03/12,249,237,236,240,253,270,287,299,302,297,283,262,238,218,204,199,206,217,233,253,266,274,276,271
GS01,00/03/13,263,255,248,248,253,263,274,283,290,290,282,269,252,231,215,205,199,202,210,223,238,252,261,266
GS01,00/03/14,266,263,260,257,257,258,264,270,275,278,276,272,262,247,232,216,203,197,196,201,212,226,239,253
GS01,00/03/15,261,268,270,268,267,265,263,263,264,266,268,269,268,261,251,236,220,205,192,188,190,199,216,234
GS01,00/03/16,254,269,279,286,283,278,274,269,267,270,276,285,292,299,298,292,275,255,235,217,209,208,218,235
GS01,00/03/17,258,279,299,306,307,300,290,276,264,258,259,266,277,288,295,294,284,265,237,212,191,178,179,192
GS01,00/03/18,214,241,267,285,293,291,279,262,245,233,229,234,248,266,283,294,294,281,257,227,200,180,173,178
GS01,00/03/19,199,226,256,282,297,299,291,274,252,234,224,224,238,259,282,301,313,309,293,267,235,209,191,189
GS01,00/03/20,201,227,258,286,308,315,309,290,266,241,220,213,218,237,262,285,305,311,300,279,248,217,192,181
GS01,00/03/21,184,202,227,260,284,297,298,283,258,231,209,193,195,210,233,264,289,306,307,295,273,242,215,197
GS01,00/03/22,192,203,225,255,282,301,306,296,274,246,220,198,190,197,215,241,269,290,298,295,277,252,225,202
GS01,00/03/23,191,194,211,236,262,284,295,290,274,249,220,197,185,185,200,223,251,274,294,299,294,278,259,239
GS01,00/03/24,226,229,240,263,288,314,327,326,313,290,263,238,221,211,215,230,251,273,289,300,298,287,271,253
GS01,00/03/25,238,232,236,248,264,282,295,299,292,276,253,229,209,197,195,205,222,242,261,276,281,279,271,258
GS01,00/03/26,246,239,238,246,258,272,285,291,289,277,262,241,224,209,203,204,213,226,242,255,266,268,266,261
GS01,00/03/27,253,247,245,246,253,262,271,279,278,272,261,246,228,212,202,197,200,207,219,231,242,250,254,255
GS01,00/03/28,253,250,249,247,249,255,260,266,268,266,260,250,239,225,213,206,201,203,210,218,229,239,249,259
GS01,00/03/29,265,269,270,269,268,270,272,272,275,275,273,270,263,256,246,237,230,224,221,222,227,235,245,256
GS01,00/03/30,265,272,275,276,273,269,266,262,259,260,260,261,259,257,251,241,230,221,210,205,206,210,220,235
GS01,00/03/31,250,265,274,278,275,270,261,254,248,247,249,255,263,267,269,265,256,242,227,212,205,205,212,228
GS01,00/04/01,249,266,283,291,291,283,270,255,242,236,237,244,255,266,271,273,264,249,228,208,193,184,186,198
GS01,00/04/02,217,241,261,276,281,276,261,243,225,213,211,218,233,249,265,274,273,260,240,217,194,181,175,184
GS01,00/04/03,203,228,254,274,285,281,269,248,226,208,199,203,219,241,262,280,286,280,263,238,211,188,177,179
GS01,00/04/04,195,221,247,272,287,291,280,259,233,208,192,191,204,224,251,278,293,295,285,263,235,210,191,184
GS01,00/04/05,194,216,244,272,294,305,299,280,253,225,202,193,199,217,248,279,304,318,316,302,278,248,222,208
GS01,00/04/06,209,224,246,273,296,309,308,293,266,231,201,179,175,185,211,241,270,291,298,293,275,249,222,203
GS01,00/04/07,197,203,222,247,272,289,296,287,264,233,202,176,162,164,184,212,244,273,293,296,290,273,250,231
GS01,00/04/08,219,219,231,250,273,291,302,299,283,256,225,195,173,164,171,191,218,245,269,281,282,273,256,238
GS01,00/04/09,223,217,221,233,251,269,280,282,274,255,227,198,175,157,156,165,184,211,236,256,268,269,262,251
GS01,00/04/10,239,231,231,239,251,265,278,285,283,270,253,230,205,187,176,177,187,205,228,250,269,280,285,283
GS01,00/04/11,279,274,270,271,276,282,289,294,294,288,277,259,240,219,203,195,193,199,212,228,245,260,268,273
GS01,00/04/12,274,273,270,267,268,270,272,278,280,280,277,271,260,246,231,218,209,205,204,212,224,237,253,266
GS01,00/04/13,275,279,281,277,272,267,264,263,263,266,268,270,268,263,253,240,224,211,202,199,204,215,230,248
GS01,00/04/14,265,277,283,284,278,270,261,253,250,250,256,263,271,276,275,266,251,233,216,201,197,200,210,229
GS01,00/04/15,250,270,282,286,283,273,257,245,235,229,233,244,257,269,279,279,268,254,233,213,199,195,202,217
GS01,00/04/16,240,262,282,292,292,282,268,247,230,218,216,226,242,260,278,287,286,276,256,232,211,197,194,204
GS01,00/04/17,223,248,270,286,292,284,269,245,222,205,197,202,218,240,263,281,291,287,273,249,225,205,193,195
GS01,00/04/18,210,233,259,278,288,286,272,248,221,197,181,181,195,215,242,268,285,290,284,265,241,219,201,195
GS01,00/04/19,206,226,250,272,289,292,282,261,232,204,183,174,181,198,225,255,278,292,294,282,262,240,220,208
GS01,00/04/20,210,225,248,271,290,298,293,275,249,219,193,178,177,189,211,239,266,288,295,289,277,258,238,223
GS01,00/04/21,216,225,242,263,283,295,296,283,259,231,203,182,174,181,197,224,253,280,297,301,295,283,265,251
GS01,00/04/22,241,245,255,274,292,305,308,300,281,254,226,201,187,184,195,215,240,265,285,295,297,286,271,255
GS01,00/04/23,245,242,248,261,277,291,300,299,286,266,241,216,199,191,195,209,228,252,273,285,290,288,276,264
GS01,00/04/24,254,248,250,257,270,284,291,293,285,268,248,226,206,195,193,199,215,231,251,267,274,278,275,266
GS01,00/04/25,260,255,251,255,262,271,279,283,280,268,253,236,218,203,196,196,203,217,231,249,262,269,272,272
GS01,00/04/26,268,265,262,261,263,268,273,278,278,272,264,252,237,222,214,208,207,214,225,238,252,265,273,279
GS01,00/04/27,282,282,280,279,277,278,279,283,283,281,277,271,261,249,241,232,226,225,229,235,245,259,270,279
GS01,00/04/28,285,287,286,280,275,269,266,263,265,267,268,268,267,261,253,244,234,225,221,222,226,236,249,262
GS01,00/04/29,273,281,285,281,274,263,254,247,244,245,249,257,262,262,260,253,241,229,216,210,210,216,229,246
GS01,00/04/30,263,278,285,286,279,268,252,240,232,231,236,248,260,270,275,273,263,249,234,219,212,214,223,240
GS01,00/05/01,260,280,295,299,294,282,262,244,228,222,226,239,257,275,289,296,291,278,260,239,223,217,219,231
GS01,00/05/02,253,276,295,307,306,293,272,247,224,209,207,218,238,262,285,300,305,296,280,258,236,221,218,224
GS01,00/05/03,243,267,289,307,313,304,283,256,226,202,192,197,214,242,272,297,312,312,302,281,255,234,221,219
GS01,00/05/04,232,254,279,299,312,310,293,264,231,199,179,176,186,211,245,277,303,315,313,298,276,251,232,224
GS01,00/05/05,229,245,267,289,306,310,299,276,241,204,176,160,161,179,207,242,276,298,308,302,287,265,243,229
GS01,00/05/06,227,236,255,276,296,306,303,286,256,221,185,160,151,157,179,212,246,277,297,302,297,282,262,246
GS01,00/05/07,237,239,252,270,290,303,307,298,276,243,209,181,160,155,166,188,220,253,280,295,300,293,279,265
GS01,00/05/08,252,250,253,266,281,295,302,301,287,265,234,204,180,165,164,176,198,227,254,277,288,294,288,278
GS01,00/05/09,269,261,261,265,275,287,297,301,296,282,262,237,212,191,180,180,190,208,232,256,273,284,288,283
GS01,00/05/10,275,269,263,263,267,273,281,288,288,283,271,255,235,215,199,192,190,200,215,234,254,272,281,285
GS01,00/05/11,285,281,275,271,268,268,272,276,279,280,278,272,260,246,230,217,209,208,212,224,239,257,274,284
GS01,00/05/12,291,293,287,282,274,267,264,264,265,270,275,277,275,269,257,243,230,219,215,216,224,240,257,272
GS01,00/05/13,284,290,290,284,274,262,253,246,244,246,256,261,271,274,270,263,249,233,223,216,217,228,243,260
GS01,00/05/14,276,288,293,289,279,264,248,234,227,226,234,246,260,273,281,279,272,257,240,226,219,222,233,249
GS01,00/05/15,266,281,291,293,285,269,248,229,213,207,211,225,243,263,279,287,289,278,261,244,230,224,230,241
GS01,00/05/16,259,279,293,299,294,279,257,232,211,198,196,206,224,249,273,289,296,292,279,260,241,230,227,235
GS01,00/05/17,252,271,287,300,299,289,268,241,214,193,184,188,204,228,254,278,296,298,292,277,258,242,232,233
GS01,00/05/18,246,263,285,300,305,299,281,255,226,198,180,177,187,209,237,266,288,299,299,288,270,254,239,234
GS01,00/05/19,241,255,274,292,303,302,288,265,235,203,182,170,174,191,218,247,275,293,301,298,285,268,253,243
GS01,00/05/20,242,252,268,287,300,305,298,279,250,222,194,177,172,184,205,231,261,285,298,301,294,280,264,250
GS01,00/05/21,246,251,263,279,294,301,300,286,264,234,205,184,173,175,190,212,240,264,284,293,292,282,268,253
GS01,00/05/22,244,244,252,265,278,291,294,285,267,245,218,193,178,174,181,198,223,247,270,285,290,287,279,266
GS01,00/05/23,256,253,254,264,276,288,295,293,280,261,239,215,197,187,188,198,217,238,260,277,288,291,286,277
GS01,00/05/24,268,261,258,262,271,280,288,291,286,274,256,236,217,203,198,200,211,229,247,264,277,285,286,282
GS01,00/05/25,273,267,261,259,262,269,275,279,278,273,260,245,227,213,202,198,204,213,229,246,261,274,280,280
GS01,00/05/26,277,271,263,259,257,259,262,268,271,270,266,257,244,231,219,212,209,212,221,235,249,265,276,281
GS01,00/05/27,283,280,273,266,258,255,255,257,258,262,263,262,257,248,239,229,220,217,219,227,239,253,268,280
GS01,00/05/28,288,290,287,280,270,261,255,253,255,262,267,273,278,278,272,262,252,242,236,236,242,252,267,281
GS01,00/05/29,293,298,297,288,273,258,243,233,229,233,243,254,266,274,275,269,259,245,232,225,224,230,245,260
GS01,00/05/30,278,290,295,290,276,257,236,219,209,210,219,235,256,273,284,288,281,269,253,239,231,230,240,255
GS01,00/05/31,275,292,304,305,295,275,249,222,204,196,201,215,241,266,287,302,306,297,282,266,249,243,245,257
GS01,00/06/01,275,295,312,320,314,296,269,236,206,187,182,193,218,248,279,303,317,317,308,287,268,252,245,247
GS01,00/06/02,261,281,300,313,315,304,280,247,211,181,166,168,184,213,250,284,309,322,321,309,290,271,257,254
GS01,00/06/03,261,278,299,317,329,328,311,282,243,207,179,168,173,196,230,269,303,327,338,334,320,300,284,272
GS01,00/06/04,272,283,299,318,333,338,331,309,276,238,203,180,172,182,204,239,274,305,325,330,325,311,292,278
GS01,00/06/05,270,272,283,298,316,326,326,314,291,255,220,190,169,167,179,203,237,270,297,312,317,310,296,281
GS01,00/06/06,269,265,269,281,296,308,317,313,298,275,244,213,188,174,174,189,212,243,271,293,306,309,304,293
GS01,00/06/07,281,272,270,275,284,296,306,310,306,295,272,247,221,200,191,193,206,227,252,276,295,305,306,301
GS01,00/06/08,290,279,272,269,272,280,289,296,298,293,284,269,248,228,212,205,207,217,236,257,277,293,301,302
GS01,00/06/09,297,288,278,268,268,269,276,285,290,294,293,286,276,255,241,227,222,224,233,247,264,280,293,296
GS01,00/06/10,295,289,278,266,256,251,248,249,255,263,265,269,269,263,250,240,228,222,225,233,244,260,276,287
GS01,00/06/11,293,293,286,273,260,248,241,238,239,246,256,266,273,277,274,266,254,244,239,238,245,258,273,286
GS01,00/06/12,296,300,297,286,271,253,239,228,226,229,239,254,268,280,287,286,279,268,257,251,251,257,270,284
GS01,00/06/13,297,308,310,303,289,269,249,230,220,218,227,242,261,280,296,302,300,292,280,268,261,263,270,283
GS01,00/06/14,298,312,318,316,304,285,260,237,217,207,211,222,243,264,286,301,307,303,292,277,263,257,258,267
GS01,00/06/15,280,294,306,309,302,285,262,232,208,191,188,195,214,240,265,286,300,303,298,285,270,257,253,256
GS01,00/06/16,266,283,299,308,307,296,274,245,214,191,177,180,194,216,244,271,292,303,302,291,276,262,253,252
GS01,00/06/17,260,272,289,301,306,299,283,256,225,196,175,170,178,196,223,252,278,294,301,296,283,268,255,249
GS01,00/06/18,251,263,280,293,302,302,290,269,240,209,186,171,173,186,210,238,266,288,300,301,292,279,264,254
GS01,00/06/19,252,258,272,289,301,307,300,283,258,229,200,180,173,180,198,225,253,278,294,302,298,286,273,259
GS01,00/06/20,252,256,263,276,289,299,300,290,268,241,214,190,178,178,189,210,235,262,283,296,298,292,279,267
GS01,00/06/21,256,253,258,267,282,295,301,296,280,258,232,207,189,182,187,202,224,250,272,289,296,296,288,274
GS01,00/06/22,264,256,256,262,272,284,292,293,284,268,247,225,207,192,189,197,212,234,257,277,289,292,289,279
GS01,00/06/23,268,259,254,254,260,271,281,286,284,277,261,245,226,210,202,203,210,226,246,265,280,291,292,288
GS01,00/06/24,278,267,258,253,251,259,268,277,280,280,272,261,246,232,220,215,214,222,238,255,271,285,291,291
GS01,00/06/25,285,274,263,252,245,244,249,257,263,268,269,264,255,245,232,223,217,218,227,239,255,270,281,286
GS01,00/06/26,285,278,267,254,242,234,231,235,241,251,260,264,264,261,252,243,234,229,229,236,248,263,276,287
GS01,00/06/27,292,290,281,266,249,232,221,219,222,233,246,259,270,274,274,267,258,249,244,242,249,261,274,288
GS01,00/06/28,299,303,299,286,270,246,229,219,213,218,233,253,271,286,293,295,292,280,269,259,256,259,270,284
GS01,00/06/29,297,305,308,298,279,256,229,205,193,190,200,218,243,268,286,296,297,289,277,262,253,251,256,268
GS01,00/06/30,285,298,307,305,293,270,240,210,184,170,170,185,211,242,271,294,305,306,296,282,267,257,253,260
GS01,00/07/01,274,290,305,312,308,291,263,228,193,168,156,161,181,212,246,280,303,314,311,300,283,267,256,255
GS01,00/07/02,265,282,300,313,319,311,289,257,217,182,158,151,160,184,219,256,288,309,317,312,299,283,266,259
GS01,00/07/03,261,272,289,307,321,324,312,286,250,212,180,158,155,167,193,230,267,295,315,320,312,299,281,267
GS01,00/07/04,261,265,278,296,314,324,323,310,282,246,210,180,164,165,180,208,241,275,299,313,314,306,290,273
GS01,00/07/05,260,258,266,277,296,312,320,316,300,275,243,209,187,175,177,196,224,254,283,302,311,309,298,282
GS01,00/07/06,266,257,257,265,276,293,306,310,305,291,268,240,213,196,188,195,213,238,265,289,302,307,303,290
GS01,00/07/07,274,261,254,253,261,273,286,298,301,298,285,267,245,228,215,213,223,239,263,286,308,318,320,314
GS01,00/07/08,303,293,284,282,284,291,299,303,308,310,306,298,285,269,254,246,247,253,268,284,301,313,317,313
GS01,00/07/09,303,289,274,259,251,250,253,261,270,277,283,284,282,273,264,253,248,250,258,271,285,299,306,307
GS01,00/07/10,303,294,281,265,251,243,239,241,247,256,265,273,280,281,277,272,264,258,259,264,274,286,297,305
GS01,00/07/11,306,303,293,276,259,244,232,226,227,234,245,259,273,284,287,286,281,273,267,267,269,277,289,297
GS01,00/07/12,304,305,300,288,270,252,235,221,216,218,227,243,262,277,291,296,295,288,281,274,273,276,282,292
GS01,00/07/13,301,306,306,300,285,265,243,223,209,207,212,224,245,265,283,295,298,295,286,276,268,265,269,276
GS01,00/07/14,286,297,302,300,289,271,248,222,203,191,189,199,219,242,267,287,300,300,295,284,272,263,261,266
GS01,00/07/15,276,290,301,304,300,285,263,237,210,191,182,186,203,227,254,279,296,303,303,293,280,269,260,260
GS01,00/07/16,270,281,295,304,306,297,278,253,224,197,182,178,187,210,237,266,289,303,307,301,289,275,263,257
GS01,00/07/17,261,274,288,303,310,307,293,270,239,212,187,176,181,198,223,254,280,300,310,307,299,284,267,257
GS01,00/07/18,255,264,279,295,307,311,303,284,257,228,200,183,179,190,213,240,268,293,307,309,301,287,271,256
GS01,00/07/19,250,254,266,282,298,308,307,294,271,243,213,190,180,182,197,222,250,276,296,304,301,291,274,257
GS01,00/07/20,245,245,252,268,285,300,304,299,282,258,229,205,188,183,192,211,239,265,287,300,302,296,283,266
GS01,00/07/21,250,245,247,258,273,289,301,301,292,276,252,226,206,196,198,213,234,260,282,299,308,307,296,281
GS01,00/07/22,265,252,249,255,267,282,296,305,302,290,272,252,231,217,213,221,234,254,277,296,307,311,305,292
GS01,00/07/23,274,258,248,244,252,263,277,286,292,289,280,264,247,232,223,222,232,243,262,280,293,300,300,290
GS01,00/07/24,276,261,247,237,236,240,251,264,274,279,277,271,260,247,237,231,232,240,254,267,283,292,295,292
GS01,00/07/25,281,269,253,237,227,225,231,239,253,263,271,272,272,267,257,250,248,248,255,264,278,290,298,299
GS01,00/07/26,293,284,268,248,232,220,215,219,227,240,254,265,274,275,272,266,261,256,255,259,266,276,286,293
GS01,00/07/27,294,290,279,259,239,218,205,197,199,210,225,245,261,275,281,282,277,270,264,260,260,266,275,284
GS01,00/07/28,294,297,293,278,257,232,208,190,182,184,197,218,243,267,285,295,297,291,282,273,266,265,270,280
GS01,00/07/29,292,302,306,301,285,261,231,202,182,171,175,193,218,248,277,298,309,309,302,288,273,264,262,268
GS01,00/07/30,281,295,306,311,303,284,254,219,189,166,158,164,186,216,251,284,305,314,312,299,281,266,257,256
GS01,00/07/31,267,283,298,311,315,305,283,250,212,179,155,151,161,188,221,258,288,305,313,305,289,270,253,246
GS01,00/08/01,250,264,284,301,314,317,303,277,242,204,172,153,152,169,196,231,267,294,307,308,297,279,257,241
GS01,00/08/02,237,244,260,280,300,311,311,295,267,230,196,170,157,161,179,210,245,276,296,304,299,284,262,243
GS01,00/08/03,231,230,241,257,279,298,306,302,286,258,227,196,174,169,178,200,229,260,286,300,301,290,270,250
GS01,00/08/04,232,223,226,238,255,276,291,298,291,275,253,225,201,187,185,200,222,248,274,290,297,292,278,258
GS01,00/08/05,238,225,220,225,237,255,271,283,287,280,268,246,225,210,203,208,223,243,264,284,295,295,287,271
GS01,00/08/06,250,234,222,219,223,234,250,264,272,276,272,262,247,234,224,223,231,243,261,277,290,296,292,282
GS01,00/08/07,263,245,231,221,218,223,231,244,255,263,268,265,260,252,244,239,240,246,256,268,280,289,291,285
GS01,00/08/08,273,259,243,229,219,215,218,223,234,245,253,258,261,260,257,252,250,252,254,262,272,279,284,284
GS01,00/08/09,279,268,255,239,225,214,209,210,216,224,236,249,258,264,266,266,262,260,258,259,265,271,276,280
GS01,00/08/10,279,276,267,253,237,223,209,204,203,208,220,235,250,264,274,278,277,272,268,264,263,268,272,278
GS01,00/08/11,284,285,283,272,258,239,221,206,198,198,206,221,242,263,278,289,292,288,280,271,264,262,265,271
GS01,00/08/12,280,288,290,287,275,257,234,213,199,191,192,205,225,248,271,289,298,297,291,280,269,262,261,267
GS01,00/08/13,277,290,300,303,297,283,260,235,210,195,190,197,215,241,266,288,302,307,301,290,275,263,256,259
GS01,00/08/14,268,284,298,308,309,299,278,252,224,201,189,192,205,228,256,283,307,318,316,305,287,269,257,256
GS01,00/08/15,265,279,299,315,322,318,301,275,243,214,196,189,197,218,245,276,302,317,321,312,295,276,258,251
GS01,00/08/16,255,268,287,306,320,324,314,292,261,229,204,189,188,204,229,259,289,309,316,313,299,280,259,244
GS01,00/08/17,242,250,268,291,309,320,319,304,277,246,217,196,188,198,218,247,276,302,318,318,307,288,265,247
GS01,00/08/18,238,241,256,276,299,317,320,315,295,266,238,211,198,199,213,237,266,292,312,318,314,297,274,252
GS01,00/08/19,235,231,242,259,283,303,316,318,306,286,261,235,217,210,218,234,260,286,308,320,321,309,288,263
GS01,00/08/20,244,231,232,245,263,284,303,313,309,296,277,255,234,223,224,233,252,275,297,312,316,311,294,271
GS01,00/08/21,249,232,225,229,241,260,279,294,300,297,288,271,251,236,232,236,249,266,283,300,308,307,296,280
GS01,00/08/22,256,236,221,216,220,232,250,266,277,283,282,274,264,250,243,241,246,257,270,284,296,299,294,282
GS01,00/08/23,265,245,227,215,211,214,225,239,253,264,273,275,271,265,259,255,255,260,267,277,287,294,294,290
GS01,00/08/24,278,263,243,226,214,208,209,217,228,243,256,268,276,280,278,276,273,271,271,277,282,288,293,293
GS01,00/08/25,291,282,268,250,230,214,205,202,206,218,234,255,272,285,292,294,292,286,280,277,278,283,288,296
GS01,00/08/26,301,301,294,280,259,236,216,203,195,198,212,233,258,281,298,308,310,303,293,282,275,272,276,283
GS01,00/08/27,295,305,308,301,284,260,232,204,186,177,182,201,228,258,285,304,312,312,300,283,269,259,257,264
GS01,00/08/28,279,295,306,310,304,283,256,223,193,172,164,172,194,226,261,289,309,314,306,290,271,254,244,246
GS01,00/08/29,261,280,299,315,320,310,288,9999,9999,9999,9999,9999,9999,9999,9999,9999,9999,9999,317,304,282,258,241,236
GS01,00/08/30,244,261,285,306,322,324,312,285,251,214,187,171,173,192,224,259,290,307,315,305,287,263,238,225
GS01,00/08/31,224,237,258,284,307,320,318,303,275,242,210,187,179,188,212,246,278,305,317,314,299,274,247,225
GS01,00/09/01,217,223,240,266,290,310,321,317,299,271,238,211,197,199,214,240,269,296,315,317,308,287,260,236
GS01,00/09/02,219,215,227,246,269,290,307,313,306,288,264,240,222,216,224,242,266,289,310,317,314,297,273,249
GS01,00/09/03,228,217,218,230,249,268,288,301,303,297,281,261,244,233,233,244,263,285,303,313,314,304,285,262
GS01,00/09/04,239,223,216,220,232,251,270,286,296,296,290,277,263,251,247,253,265,281,298,308,314,310,297,281
GS01,00/09/05,260,242,229,228,233,247,261,278,291,297,299,296,288,281,276,277,284,293,305,317,323,323,316,302
GS01,00/09/06,287,270,256,248,244,247,254,266,277,288,294,297,297,295,291,287,287,291,297,304,309,312,309,302
GS01,00/09/07,292,280,265,252,243,240,239,245,254,263,274,282,288,291,293,291,288,286,285,289,290,293,295,293
GS01,00/09/08,291,284,273,260,247,235,227,226,228,235,246,259,273,284,290,293,290,285,281,277,276,278,281,284
GS01,00/09/09,288,289,283,275,260,244,231,220,216,221,230,244,263,281,297,303,305,299,289,281,276,274,277,284
GS01,00/09/10,293,301,303,300,288,270,250,231,221,219,226,241,261,284,303,316,321,318,307,291,280,272,273,282
GS01,00/09/11,294,306,317,318,310,293,269,247,227,216,216,228,249,274,301,319,328,327,313,296,279,265,262,266
GS01,00/09/12,280,299,313,324,322,309,288,260,235,214,206,213,230,257,286,311,326,327,317,301,278,259,248,249
GS01,00/09/13,260,281,302,319,326,319,301,274,245,221,204,203,217,242,272,302,321,329,323,306,282,259,240,235
GS01,00/09/14,244,263,289,314,329,330,318,294,265,235,211,202,210,230,261,292,318,332,332,318,297,271,248,234
GS01,00/09/15,237,254,282,310,335,344,340,323,293,261,236,217,215,229,255,287,314,330,336,326,305,278,249,228
GS01,00/09/16,221,231,256,285,313,334,340,330,307,279,252,229,220,226,247,275,304,327,337,334,319,292,263,239
GS01,00/09/17,225,227,243,270,300,325,340,340,327,305,278,254,240,239,250,275,302,326,343,346,333,309,279,250
GS01,00/09/18,229,221,229,249,277,305,325,333,330,315,293,270,253,244,251,263,286,306,322,328,323,306,281,251
GS01,00/09/19,226,209,209,218,238,262,287,304,309,305,293,277,262,252,250,257,272,289,305,315,316,306,288,264
GS01,00/09/20,238,218,207,208,218,235,259,278,292,297,294,288,275,266,263,264,271,282,295,305,309,305,294,276
GS01,00/09/21,253,233,216,208,209,216,231,249,267,280,288,289,288,282,278,276,278,283,288,296,302,303,299,292
GS01,00/09/22,276,258,239,226,216,212,216,228,243,261,274,286,293,296,296,292,289,286,284,288,292,295,298,297
GS01,00/09/23,294,284,269,252,233,219,212,211,220,235,251,270,288,298,306,308,303,295,287,282,280,284,292,297
GS01,00/09/24,304,307,302,288,268,247,228,216,212,217,233,257,280,301,315,324,321,311,298,283,274,270,276,287
GS01,00/09/25,300,312,316,311,298,272,244,220,203,198,207,226,252,279,304,319,323,317,299,280,262,251,252,261
GS01,00/09/26,277,297,314,321,315,296,270,238,211,194,192,204,230,260,289,313,325,321,305,283,260,242,234,238
GS01,00/09/27,253,279,303,320,327,318,297,266,233,205,193,197,215,246,278,307,326,330,317,293,265,241,226,223
GS01,00/09/28,235,259,286,313,331,334,322,297,264,233,209,201,210,232,264,295,319,330,324,305,276,244,221,210
GS01,00/09/29,215,234,260,291,316,330,331,313,285,254,227,211,211,225,252,283,309,326,326,313,287,254,225,206
GS01,00/09/30,202,213,236,267,296,318,327,321,302,275,247,228,221,228,247,275,301,321,327,319,298,267,237,214
GS01,00/10/01,201,205,221,247,276,304,322,324,315,295,271,250,238,237,249,269,292,311,322,320,304,279,249,222
GS01,00/10/02,206,200,209,226,252,278,301,311,310,300,282,263,253,249,255,268,288,305,318,322,312,292,266,242
GS01,00/10/03,221,214,215,223,244,266,288,304,310,307,296,281,269,263,263,271,283,297,306,313,309,294,273,248
GS01,00/10/04,228,215,208,211,220,236,257,272,284,287,283,277,269,264,262,265,272,281,290,296,296,288,275,256
GS01,00/10/05,236,222,211,209,213,221,235,248,261,270,271,273,271,266,264,264,266,271,276,280,283,282,274,261
GS01,00/10/06,248,236,225,216,213,215,221,233,244,255,264,271,274,275,275,275,273,272,273,276,278,277,276,272
GS01,00/10/07,264,255,244,232,224,220,218,221,230,240,253,264,273,282,283,284,280,275,269,268,267,269,271,274
GS01,00/10/08,273,271,265,253,242,231,222,219,220,228,240,256,271,284,292,294,290,281,271,263,260,259,264,272
GS01,00/10/09,279,283,282,276,261,248,232,220,217,218,228,244,265,285,299,306,304,293,276,263,252,248,252,262
GS01,00/10/10,275,288,295,293,283,266,245,225,211,207,211,227,250,274,292,304,304,294,277,256,240,229,230,240
GS01,00/10/11,256,277,292,300,294,279,257,233,213,201,201,214,236,261,286,305,311,304,286,263,239,223,219,227
GS01,00/10/12,246,270,293,308,313,304,284,257,233,213,204,210,230,255,284,308,319,316,299,272,243,219,206,207
GS01,00/10/13,221,247,273,297,312,311,297,272,243,218,202,201,215,237,266,293,312,316,305,278,247,218,199,194
GS01,00/10/14,205,230,260,290,314,323,315,295,269,241,220,213,216,234,261,288,309,318,310,289,256,221,196,181
GS01,00/10/15,183,200,227,260,291,312,314,303,280,253,232,217,216,226,247,275,298,311,309,293,265,231,201,180
GS01,00/10/16,173,181,203,234,265,293,307,306,293,271,248,230,222,227,242,263,287,304,309,301,279,248,215,189
GS01,00/10/17,172,172,185,209,242,272,294,304,301,289,271,254,243,242,251,266,286,303,313,312,298,273,244,216
GS01,00/10/18,195,184,188,202,226,256,281,300,307,304,291,278,265,258,261,269,283,296,304,306,299,283,258,230
GS01,00/10/19,204,187,180,183,197,217,242,264,280,286,286,279,272,264,262,264,272,281,290,296,297,288,274,254
GS01,00/10/20,232,213,201,193,197,207,224,243,263,278,285,288,287,281,276,276,277,280,285,289,291,292,286,276
GS01,00/10/21,261,245,229,215,206,206,212,222,240,256,270,282,290,292,290,286,281,276,274,273,273,275,276,276
GS01,00/10/22,272,263,251,234,218,207,203,204,213,229,247,265,280,289,292,289,280,268,259,254,252,254,262,269
GS01,00/10/23,275,279,273,260,243,226,209,202,202,212,230,252,273,293,303,305,297,281,265,251,243,246,253,265
GS01,00/10/24,280,293,298,293,279,259,236,218,207,206,216,236,261,285,302,309,304,287,266,245,230,224,228,241
GS01,00/10/25,261,283,301,309,303,287,263,239,220,211,217,230,254,284,308,322,324,310,287,261,237,223,221,231
GS01,00/10/26,252,278,306,323,327,319,299,272,246,229,221,229,247,273,299,318,325,315,292,262,228,205,193,196
GS01,00/10/27,212,239,268,295,312,313,300,277,250,225,213,213,227,249,276,300,316,312,296,266,232,203,184,180
GS01,00/10/28,192,215,245,277,304,316,314,295,271,245,227,221,226,245,270,295,315,319,309,284,251,219,194,182
GS01,00/10/29,186,205,233,264,295,318,325,317,299,276,255,241,241,253,272,296,315,324,321,304,275,239,210,191
GS01,00/10/30,185,197,220,249,280,307,322,327,313,295,273,257,250,253,268,288,307,317,316,302,277,244,213,188
GS01,00/10/31,175,178,192,214,243,268,289,299,296,284,269,251,244,243,252,269,286,299,304,297,281,255,227,200
GS01,00/11/01,183,179,187,204,228,255,277,292,297,292,283,270,260,257,263,273,287,299,306,304,294,275,251,225
GS01,00/11/02,206,196,196,204,222,242,264,281,292,293,288,281,271,265,265,271,279,286,296,296,290,279,260,241
GS01,00/11/03,221,207,201,202,210,226,242,260,272,281,281,279,273,269,266,267,270,275,279,283,283,277,267,252
GS01,00/11/04,237,223,214,209,211,218,230,245,257,267,275,278,278,277,275,271,269,267,269,269,272,271,266,260
GS01,00/11/05,249,240,228,219,217,217,223,232,245,258,269,279,285,287,285,281,276,269,265,263,263,265,267,267
GS01,00/11/06,263,258,250,239,230,223,219,222,231,240,254,267,278,285,287,283,274,263,252,245,243,245,252,259
GS01,00/11/07,264,266,263,254,241,229,219,215,216,226,242,258,274,289,294,292,284,269,252,238,232,233,242,254
GS01,00/11/08,267,279,283,279,268,252,237,223,217,221,233,251,272,288,299,301,292,273,250,230,215,210,216,230
GS01,00/11/09,248,266,279,284,276,262,241,224,208,204,212,227,247,272,290,297,294,276,252,224,204,193,194,209
GS01,00/11/10,231,258,281,294,295,285,266,243,226,213,213,226,245,272,295,309,310,296,270,239,210,188,184,194
GS01,00/11/11,215,245,277,300,309,308,294,271,248,229,220,223,238,262,285,304,313,302,280,248,211,183,168,168
GS01,00/11/12,183,214,248,279,303,310,305,288,263,242,228,225,235,256,283,304,319,317,300,268,233,198,173,163
GS01,00/11/13,171,194,228,264,293,312,314,303,285,259,238,228,228,241,263,286,302,308,297,273,237,198,167,148
GS01,00/11/14,144,159,186,221,256,286,301,303,292,273,254,238,233,239,255,276,293,305,304,287,259,223,188,161
GS01,00/11/15,147,151,166,195,231,265,290,301,301,291,276,261,251,249,257,274,289,301,306,300,280,251,218,187
GS01,00/11/16,165,156,161,178,206,235,262,282,291,289,280,269,256,251,252,260,272,285,294,295,286,268,240,213
GS01,00/11/17,188,173,171,177,193,220,246,271,289,296,294,290,279,275,270,273,281,287,296,301,299,291,274,253
GS01,00/11/18,231,213,200,193,199,212,231,253,273,287,295,295,291,283,276,271,269,272,274,277,280,278,271,260
GS01,00/11/19,244,227,210,197,192,193,202,220,238,256,269,278,279,278,271,261,255,251,247,248,252,260,261,261
GS01,00/11/20,258,249,237,222,211,204,203,212,226,242,261,276,285,290,290,280,270,258,249,245,247,255,264,276
GS01,00/11/21,283,285,280,271,257,241,232,229,233,246,262,279,292,301,302,296,280,263,245,231,225,224,235,247
GS01,00/11/22,262,274,280,277,263,246,230,217,212,218,232,250,267,283,290,289,278,256,234,213,202,198,205,221
GS01,00/11/23,242,264,280,287,284,270,254,237,227,225,233,248,270,291,304,309,300,279,252,225,204,194,197,211
GS01,00/11/24,233,260,284,299,304,296,280,261,245,234,234,245,263,283,301,312,309,291,264,233,204,186,180,188
GS01,00/11/25,207,236,265,290,304,304,294,275,255,239,232,236,250,271,291,306,309,298,274,242,209,183,168,169
GS01,00/11/26,183,209,241,272,295,305,303,292,271,254,241,238,247,264,286,303,312,306,290,261,227,197,175,166
GS01,00/11/27,174,195,226,259,287,306,311,304,287,269,255,246,248,261,279,299,311,313,301,278,245,211,184,169
GS01,00/11/28,167,180,205,236,268,290,302,304,293,277,262,249,247,251,265,282,297,304,299,281,254,221,190,169
GS01,00/11/29,161,165,184,211,240,267,286,293,289,277,262,250,242,244,254,269,285,295,297,287,264,237,208,184
GS01,00/11/30,171,168,179,200,225,254,279,292,295,288,277,262,252,250,253,265,279,290,295,289,275,251,223,200
GS01,00/12/01,181,173,176,188,210,234,258,278,285,285,278,267,256,251,250,257,266,278,284,285,278,262,241,218
GS01,00/12/02,197,186,182,189,202,220,242,262,276,284,281,275,266,258,254,256,261,270,275,280,280,271,258,241
GS01,00/12/03,222,208,200,199,207,222,241,259,276,287,290,289,285,278,271,268,267,271,274,280,281,280,273,262
GS01,00/12/04,248,234,221,216,215,220,233,248,263,277,287,290,288,282,275,265,259,255,255,257,261,266,268,263
GS01,00/12/05,258,249,238,230,224,223,230,240,254,270,285,294,299,298,294,283,272,262,256,253,257,263,268,272
GS01,00/12/06,272,269,261,252,240,234,230,232,241,255,269,282,291,296,293,284,269,253,237,230,228,232,242,254
GS01,00/12/07,264,269,269,261,249,237,227,224,225,234,249,265,278,289,292,286,269,249,228,211,206,210,220,237
GS01,00/12/08,256,272,281,282,275,263,250,238,234,237,249,266,283,298,306,303,289,267,240,215,199,195,203,220
GS01,00/12/09,245,269,288,298,298,288,273,256,244,239,245,256,274,294,307,311,300,279,248,216,191,177,177,191
GS01,00/12/10,216,248,276,298,310,307,296,280,262,251,247,254,270,289,308,319,317,302,275,240,209,184,173,179
GS01,00/12/11,199,228,262,291,310,318,314,298,281,263,252,251,261,280,301,317,322,314,291,257,218,184,159,153
GS01,00/12/12,164,188,222,260,291,309,316,310,295,277,260,251,256,270,289,309,320,319,304,276,238,200,167,149
GS01,00/12/13,146,164,195,229,269,296,314,316,307,289,271,256,251,258,275,294,309,316,310,290,258,223,185,155
GS01,00/12/14,144,145,162,194,231,265,291,304,306,296,279,261,253,254,264,279,297,307,311,300,280,250,216,184
GS01,00/12/15,161,152,158,179,209,243,272,292,302,298,286,271,258,251,255,264,278,292,301,300,290,270,243,214
GS01,00/12/16,187,169,163,173,193,221,252,277,292,300,295,283,270,263,258,258,265,275,283,287,285,275,257,236
GS01,00/12/17,212,190,178,175,183,202,225,248,271,281,284,279,270,259,251,246,247,251,259,266,270,271,266,255
GS01,00/12/18,240,223,206,197,199,205,219,239,259,275,284,286,281,272,262,252,244,242,244,249,258,264,267,268
GS01,00/12/19,264,257,244,234,228,231,238,250,267,285,300,310,311,307,294,280,264,252,242,240,245,250,256,265
GS01,00/12/20,269,266,261,250,238,231,230,233,243,255,271,283,287,289,284,272,259,241,227,224,221,229,240,254
GS01,00/12/21,271,281,286,282,275,267,261,257,261,269,281,293,304,310,309,298,280,258,237,220,211,211,221,233
GS01,00/12/22,253,271,282,287,284,276,264,253,248,252,259,271,285,295,299,296,282,260,235,212,196,190,195,210
GS01,00/12/23,232,257,278,291,296,291,282,271,261,259,262,272,287,300,309,312,305,287,260,231,209,195,194,205
GS01,00/12/24,224,252,277,297,307,310,301,288,274,263,260,265,276,292,304,312,309,292,267,236,207,186,175,177
GS01,00/12/25,194,220,252,278,297,306,304,293,280,267,261,259,270,287,305,318,322,312,291,260,228,198,177,171
GS01,00/12/26,180,201,230,260,284,300,305,299,287,272,260,254,256,271,286,301,310,305,289,262,230,200,175,163
GS01,00/12/27,164,180,206,237,266,288,298,297,288,274,260,251,249,258,273,290,301,305,296,275,248,218,191,173
GS01,00/12/28,167,176,197,225,255,281,298,304,299,286,270,258,251,255,267,283,298,305,302,289,266,237,206,182
GS01,00/12/29,169,169,183,206,234,262,284,295,295,287,273,258,248,247,255,271,285,297,300,293,276,252,223,199
GS01,00/12/30,181,176,184,201,226,252,276,292,298,294,285,270,258,253,254,265,278,290,299,300,289,272,248,225
GS01,00/12/31,207,195,197,207,231,255,277,297,311,311,308,289,282,273,270,274,287,297,309,313,310,299,283,263
