GS01,04/01/01,261,258,253,246,242,241,245,253,264,275,283,286,285,280,270,258,245,231,223,221,225,231,241,250
GS01,04/01/02,260,264,265,262,257,254,255,257,262,272,281,287,291,291,285,275,260,242,226,216,214,218,227,238
GS01,04/01/03,251,263,272,273,272,268,264,263,264,268,277,284,291,294,292,283,268,248,227,210,200,200,205,220
GS01,04/01/04,238,256,271,279,281,278,272,266,260,260,264,270,278,285,289,284,271,252,228,203,185,178,181,193
GS01,04/01/05,214,236,258,273,283,283,278,271,262,258,258,265,273,284,292,294,286,268,244,217,193,176,173,181
GS01,04/01/06,200,224,252,274,289,296,295,285,273,265,260,262,269,281,295,301,298,285,260,231,202,179,166,166
GS01,04/01/07,181,206,233,262,284,295,298,293,280,267,259,257,264,275,290,302,307,297,280,253,220,192,173,168
GS01,04/01/08,175,196,225,254,281,299,306,303,291,277,264,256,258,268,283,297,304,303,289,264,233,202,175,158
GS01,04/01/09,157,171,195,225,255,279,293,295,287,274,259,247,246,253,267,283,298,302,296,276,249,216,186,164
GS01,04/01/10,155,161,181,210,240,268,288,296,294,283,270,258,250,254,267,283,301,311,311,301,281,252,221,195
GS01,04/01/11,177,173,185,207,238,267,291,304,306,296,283,266,254,252,256,270,286,299,304,300,286,262,234,206
GS01,04/01/12,183,173,176,190,214,243,270,287,295,291,280,265,248,241,241,250,264,280,291,297,291,278,258,234
GS01,04/01/13,210,196,193,202,218,246,273,294,310,314,308,295,279,267,261,263,270,281,294,301,303,298,285,266
GS01,04/01/14,243,224,213,212,221,238,259,281,296,303,301,290,274,257,245,239,239,246,255,266,273,277,274,265
GS01,04/01/15,250,236,222,216,217,227,242,261,278,290,292,285,275,258,243,230,224,223,227,236,248,257,262,264
GS01,04/01/16,260,250,243,232,229,230,241,254,267,280,288,286,280,267,252,236,221,211,207,209,219,231,244,255
GS01,04/01/17,263,267,262,258,252,249,250,255,265,273,285,291,289,281,269,251,233,215,201,196,197,206,221,239
GS01,04/01/18,255,269,277,278,275,270,265,263,265,272,280,288,290,290,283,269,249,227,204,189,180,182,194,212
GS01,04/01/19,238,262,280,293,297,295,288,282,278,279,285,292,301,307,307,299,282,258,229,203,183,174,176,192
GS01,04/01/20,215,244,273,293,306,309,304,294,284,275,274,280,288,299,306,307,296,277,248,216,187,168,160,165
GS01,04/01/21,184,214,247,277,300,312,315,308,295,283,276,276,284,297,311,321,322,310,286,253,218,190,169,164
GS01,04/01/22,173,196,230,264,296,316,327,324,313,296,282,275,277,288,304,319,328,325,307,278,240,203,172,155
GS01,04/01/23,152,165,193,226,261,289,306,310,301,286,269,255,251,258,275,292,307,313,308,288,258,224,191,166
GS01,04/01/24,156,161,179,207,240,271,294,303,299,288,271,256,246,248,259,276,296,311,315,306,285,255,222,195
GS01,04/01/25,175,172,182,202,231,261,287,302,303,296,279,261,244,238,243,255,274,294,303,304,292,269,241,214
GS01,04/01/26,191,179,182,196,219,245,271,290,296,292,279,260,242,231,228,236,252,270,284,292,289,278,258,235
GS01,04/01/27,214,200,197,205,223,245,269,290,299,298,292,276,257,243,236,236,245,258,274,284,287,282,271,256
GS01,04/01/28,237,223,217,218,230,245,265,281,292,295,289,275,260,242,230,224,227,237,247,259,270,271,267,260
GS01,04/01/29,249,238,231,231,236,247,261,276,285,290,289,279,265,250,233,224,219,220,227,235,245,251,255,254
GS01,04/01/30,251,246,242,239,242,248,259,269,278,285,287,280,272,259,245,232,221,217,215,219,227,235,242,249
GS01,04/01/31,253,254,254,253,253,256,262,268,275,280,283,281,275,267,254,240,226,214,206,202,204,211,219,231
GS01,04/02/01,243,249,256,259,259,258,261,262,263,266,271,273,272,269,261,249,234,219,204,195,191,193,203,216
GS01,04/02/02,232,247,258,266,270,270,267,266,264,265,269,273,278,281,278,272,260,244,224,208,197,195,200,212
GS01,04/02/03,232,251,271,286,292,293,289,283,275,271,272,276,283,290,293,292,279,263,239,214,195,184,181,192
GS01,04/02/04,211,233,257,277,290,292,289,283,270,263,260,263,270,280,290,294,290,276,254,226,200,179,169,175
GS01,04/02/05,189,213,242,268,286,296,296,290,277,265,258,257,265,278,291,302,305,295,275,245,213,184,163,158
GS01,04/02/06,167,190,219,247,272,289,293,287,275,258,245,241,244,255,272,288,298,298,285,260,231,198,172,160
GS01,04/02/07,162,177,205,236,266,288,297,295,283,266,248,237,237,247,263,283,302,307,300,280,249,215,182,161
GS01,04/02/08,153,164,185,217,248,276,292,294,285,268,247,231,225,231,245,265,286,300,302,290,269,236,202,177
GS01,04/02/09,163,162,180,206,238,267,287,296,290,274,254,234,220,216,227,244,266,285,296,292,280,253,223,194
GS01,04/02/10,172,166,174,192,221,250,273,285,283,271,251,229,210,202,205,217,237,257,274,281,276,261,239,212
GS01,04/02/11,190,178,179,191,212,239,264,282,287,280,262,241,221,205,202,207,223,242,262,276,281,275,260,241
GS01,04/02/12,222,206,200,206,219,239,263,280,289,286,272,253,230,212,200,197,205,217,234,250,261,266,262,252
GS01,04/02/13,238,225,217,216,224,238,255,270,281,282,275,258,238,218,201,191,190,196,206,220,236,247,254,254
GS01,04/02/14,252,246,241,239,244,250,263,274,285,290,287,279,264,248,231,217,208,205,209,219,230,246,258,266
GS01,04/02/15,272,275,275,272,271,272,275,280,284,290,290,287,279,266,251,232,217,204,194,190,194,201,216,232
GS01,04/02/16,245,259,268,270,272,269,268,267,267,269,272,272,271,265,254,241,223,203,185,172,165,168,178,197
GS01,04/02/17,218,240,260,274,280,281,279,271,267,266,267,272,279,283,282,277,263,242,218,193,176,166,167,182
GS01,04/02/18,203,230,256,276,289,293,288,279,267,260,257,261,268,278,286,287,280,260,235,205,177,158,152,157
GS01,04/02/19,175,203,234,260,281,291,290,280,266,252,243,244,251,266,280,290,292,281,260,229,196,167,150,145
GS01,04/02/20,156,179,209,241,267,283,288,279,262,244,229,222,227,241,258,277,289,287,272,245,210,177,152,140
GS01,04/02/21,143,160,189,222,253,276,286,283,267,247,228,216,215,227,247,271,291,300,295,276,245,212,183,162
GS01,04/02/22,156,167,189,219,251,278,291,293,281,258,237,220,215,221,238,264,288,305,310,302,282,255,226,205
GS01,04/02/23,194,201,213,239,266,292,309,312,301,282,255,234,219,216,227,245,269,287,296,294,279,254,227,200
GS01,04/02/24,183,181,188,207,234,259,278,285,280,260,240,215,198,190,197,213,236,260,276,284,281,265,245,223
GS01,04/02/25,205,198,205,218,240,265,282,293,291,278,258,234,214,201,200,211,228,248,268,280,282,276,263,247
GS01,04/02/26,231,223,225,235,252,270,289,301,303,294,277,259,237,221,214,215,225,240,257,268,275,275,268,255
GS01,04/02/27,243,234,233,236,246,262,275,286,289,283,271,254,234,216,204,200,202,212,224,236,247,252,253,249
GS01,04/02/28,244,240,239,240,248,258,269,277,281,279,270,258,242,227,213,205,202,204,211,220,231,238,246,250
GS01,04/02/29,252,254,254,257,262,267,275,280,285,285,281,274,265,254,242,231,222,216,216,218,224,232,242,251
GS01,04/03/01,259,265,271,272,276,276,277,279,279,276,277,275,269,261,252,241,228,215,206,204,204,210,221,232
GS01,04/03/02,247,260,269,277,278,279,277,273,271,271,271,273,276,274,271,264,251,235,219,208,201,201,206,221
GS01,04/03/03,239,256,273,282,287,286,281,274,269,262,262,268,272,279,280,277,268,251,230,211,196,190,191,205
GS01,04/03/04,226,249,272,289,298,300,293,282,270,263,262,265,276,287,297,302,294,276,252,225,201,186,180,188
GS01,04/03/05,206,232,258,280,293,296,290,276,259,246,240,241,253,268,284,295,297,288,265,235,206,184,170,172
GS01,04/03/06,187,216,246,277,296,307,305,294,275,257,244,243,250,266,283,303,312,308,291,263,229,199,176,169
GS01,04/03/07,177,199,230,259,285,298,298,286,265,240,222,212,214,230,253,276,296,304,295,275,246,212,183,167
GS01,04/03/08,167,182,208,241,271,290,297,289,268,242,218,202,198,207,229,258,284,302,306,293,271,239,208,186
GS01,04/03/09,175,183,204,233,264,287,301,298,280,255,227,205,193,195,211,238,267,291,304,303,289,264,235,209
GS01,04/03/10,192,192,204,227,255,281,297,298,287,262,232,206,187,182,192,212,239,268,287,297,294,279,257,234
GS01,04/03/11,217,209,214,232,253,278,296,303,295,276,250,222,199,183,183,197,219,244,265,282,289,284,273,256
GS01,04/03/12,239,228,229,236,252,271,287,296,292,278,257,231,207,186,178,180,192,210,231,251,266,269,270,263
GS01,04/03/13,254,247,243,246,255,269,283,292,293,288,271,251,229,207,192,186,188,196,210,226,240,253,260,263
GS01,04/03/14,261,258,255,254,260,266,274,283,285,282,276,263,245,227,210,198,191,190,195,204,217,231,244,255
GS01,04/03/15,262,267,270,270,271,273,275,277,281,280,277,271,262,249,234,220,205,196,189,189,194,204,217,233
GS01,04/03/16,249,262,272,275,278,274,271,271,268,267,269,270,266,263,255,242,227,210,195,186,181,184,196,213
GS01,04/03/17,234,255,271,282,284,282,275,266,259,257,258,262,270,276,277,270,258,239,219,199,187,180,185,199
GS01,04/03/18,222,247,271,287,296,295,287,274,259,252,250,255,267,279,288,290,283,266,241,214,190,174,170,177
GS01,04/03/19,196,223,251,273,288,288,280,264,244,229,221,225,236,255,274,286,290,281,260,233,206,183,171,171
GS01,04/03/20,185,209,240,268,286,294,288,271,248,227,213,211,220,238,262,283,295,296,282,256,226,198,179,172
GS01,04/03/21,180,199,227,255,279,290,287,273,247,221,201,191,196,211,237,264,284,293,287,268,242,212,188,175
GS01,04/03/22,177,193,218,246,273,289,291,280,258,231,206,190,190,202,227,256,279,297,300,291,268,244,218,201
GS01,04/03/23,196,205,225,249,273,293,300,292,270,243,215,193,184,187,9999,9999,9999,282,292,291,277,256,233,212
GS01,04/03/24,201,206,220,242,267,286,296,291,277,250,222,198,182,179,191,214,242,267,284,292,285,271,251,233
GS01,04/03/25,222,221,230,247,267,287,299,299,286,266,238,210,193,183,188,203,227,252,274,286,287,280,267,253
GS01,04/03/26,242,238,243,256,272,289,299,301,293,276,253,229,208,195,192,201,217,237,256,271,278,277,269,257
GS01,04/03/27,247,241,244,250,261,274,285,289,285,272,254,232,213,196,189,190,198,215,233,247,259,265,265,259
GS01,04/03/28,254,250,249,253,261,268,276,282,279,272,259,241,224,207,195,190,193,201,212,226,238,246,251,252
GS01,04/03/29,252,252,252,253,257,263,268,271,272,268,259,250,236,221,210,202,198,200,204,212,222,233,242,249
GS01,04/03/30,255,260,263,265,266,266,268,270,269,268,266,259,253,245,236,226,218,214,211,212,220,231,245,260
GS01,04/03/31,273,284,288,291,290,288,284,281,278,276,275,277,274,273,268,258,246,232,220,211,208,213,223,237
GS01,04/04/01,254,270,280,287,285,281,273,263,257,254,255,259,264,270,271,266,255,240,221,207,198,197,205,222
GS01,04/04/02,244,267,285,296,299,295,283,271,261,254,256,264,276,288,297,298,292,278,253,228,209,200,200,211
GS01,04/04/03,231,256,278,294,300,294,281,264,244,231,227,233,248,266,283,294,294,282,261,234,208,190,183,188
GS01,04/04/04,206,233,259,281,293,292,278,259,235,215,205,208,221,244,271,292,301,301,283,258,229,204,187,188
GS01,04/04/05,202,227,256,283,301,304,295,274,246,218,199,195,203,224,253,281,303,310,304,283,255,225,200,191
GS01,04/04/06,197,216,246,274,296,306,300,280,250,218,192,177,180,198,226,260,289,308,312,301,279,251,224,206
GS01,04/04/07,204,217,239,268,293,307,306,289,263,228,197,176,170,178,201,236,269,296,311,312,299,279,255,235
GS01,04/04/08,226,231,247,271,293,310,312,303,278,245,212,182,165,165,178,202,234,265,287,298,296,283,265,246
GS01,04/04/09,235,232,240,256,276,292,302,299,283,256,225,194,172,160,165,179,206,235,263,282,291,290,282,268
GS01,04/04/10,258,250,253,260,274,289,300,302,292,271,246,216,190,172,166,171,184,206,229,250,267,275,275,270
GS01,04/04/11,265,260,257,261,270,279,289,294,291,280,261,240,216,196,183,179,183,194,212,230,248,262,270,275
GS01,04/04/12,276,275,274,274,277,281,287,291,290,285,275,262,245,227,212,202,196,197,204,214,229,246,259,269
GS01,04/04/13,279,284,285,285,281,279,277,277,276,274,271,265,256,246,232,220,208,201,196,199,207,219,235,251
GS01,04/04/14,267,279,287,289,286,282,276,271,271,269,271,274,275,273,267,256,241,227,216,208,205,212,225,243
GS01,04/04/15,263,280,293,297,295,287,273,261,254,251,253,261,270,277,279,274,263,246,228,211,202,201,208,224
GS01,04/04/16,246,267,286,295,295,286,273,256,241,234,236,246,261,275,288,293,287,274,253,233,216,208,211,221
GS01,04/04/17,241,265,287,302,304,296,279,258,237,223,221,229,247,268,288,301,304,294,274,249,225,209,203,208
GS01,04/04/18,225,250,272,291,298,292,273,249,225,203,194,199,215,239,266,286,298,295,283,263,240,221,212,214
GS01,04/04/19,226,249,273,293,305,302,288,265,236,210,195,192,205,228,256,283,302,310,306,290,269,247,234,228
GS01,04/04/20,239,258,283,305,321,323,312,290,258,229,205,195,201,219,247,277,302,319,320,308,290,268,249,239
GS01,04/04/21,239,250,270,290,305,312,305,286,257,226,200,182,179,191,217,246,275,298,308,307,294,277,259,246
GS01,04/04/22,242,251,265,284,303,312,310,297,272,242,212,192,183,187,206,234,263,288,306,310,304,292,274,260
GS01,04/04/23,253,255,267,283,300,313,315,307,288,261,232,208,192,191,201,223,249,275,294,302,300,292,279,265
GS01,04/04/24,256,256,263,274,289,301,306,301,287,264,238,213,195,184,186,199,221,245,266,280,288,286,279,269
GS01,04/04/25,262,258,260,267,277,288,294,294,283,266,244,222,201,189,186,191,205,225,246,264,275,280,280,273
GS01,04/04/26,267,264,263,266,271,278,285,286,282,269,252,235,215,200,192,191,197,210,225,242,257,267,271,272
GS01,04/04/27,271,269,268,269,273,278,284,287,287,282,273,263,249,235,227,219,219,226,237,250,264,278,286,291
GS01,04/04/28,294,294,292,290,291,290,290,292,292,290,285,279,269,256,243,231,221,216,217,222,232,245,257,267
GS01,04/04/29,276,280,280,278,272,266,261,259,258,257,259,259,257,252,244,232,220,210,204,204,210,222,237,254
GS01,04/04/30,268,279,282,280,275,265,256,250,246,246,252,259,265,269,268,259,247,231,217,206,204,212,223,243
GS01,04/05/01,262,278,287,288,281,267,252,238,229,226,232,244,258,271,277,275,264,247,226,209,197,197,206,220
GS01,04/05/02,243,263,277,282,278,264,243,223,207,197,201,214,232,254,272,281,279,266,247,223,205,198,200,214
GS01,04/05/03,238,262,283,296,295,282,261,235,210,194,192,202,223,251,278,298,307,302,286,262,239,222,216,224
GS01,04/05/04,243,268,290,309,313,303,282,252,221,197,184,189,205,234,268,299,319,326,319,299,276,255,238,236
GS01,04/05/05,248,268,290,311,321,315,298,266,229,194,173,165,172,197,232,264,295,313,315,305,287,265,245,236
GS01,04/05/06,241,255,276,297,311,313,300,275,240,204,174,156,154,168,197,232,267,295,311,313,303,286,267,253
GS01,04/05/07,250,258,273,293,310,318,314,296,266,230,195,170,156,160,177,205,239,272,296,307,307,299,285,269
GS01,04/05/08,262,262,269,285,300,310,311,302,280,248,214,185,163,156,161,178,207,236,263,283,293,295,287,278
GS01,04/05/09,270,264,267,277,288,299,306,304,290,270,243,213,188,172,168,175,190,213,240,263,281,292,294,291
GS01,04/05/10,285,281,278,280,286,295,302,304,300,288,270,247,224,206,192,190,197,209,227,249,267,284,292,297
GS01,04/05/11,296,291,286,284,284,286,290,293,291,287,279,264,248,231,214,204,201,202,211,224,240,256,269,279
GS01,04/05/12,285,284,280,275,269,265,264,265,266,267,267,264,257,246,232,219,210,203,204,209,220,237,252,266
GS01,04/05/13,278,284,284,279,270,263,256,252,253,257,263,267,269,267,259,249,238,225,219,217,223,234,250,267
GS01,04/05/14,282,292,295,292,281,267,254,242,239,239,247,257,265,272,272,266,255,241,227,218,216,219,230,245
GS01,04/05/15,261,275,281,280,270,254,236,220,209,207,214,229,245,260,270,274,268,256,242,230,222,222,230,245
GS01,04/05/16,263,281,292,296,289,274,254,233,215,208,211,224,243,265,285,293,294,288,272,256,242,235,239,249
GS01,04/05/17,264,282,295,303,298,283,264,238,216,202,198,209,226,250,275,292,301,300,289,274,258,247,244,249
GS01,04/05/18,262,280,295,306,306,294,273,246,218,194,184,188,202,226,254,278,294,301,296,284,270,256,247,247
GS01,04/05/19,257,272,288,301,306,300,280,253,224,196,179,176,186,206,237,265,288,300,304,296,284,268,258,253
GS01,04/05/20,259,272,288,303,309,308,294,271,240,212,188,177,179,195,221,251,276,296,305,305,295,283,272,264
GS01,04/05/21,265,277,290,306,319,323,316,295,270,240,210,193,188,196,216,246,274,297,312,316,311,300,286,275
GS01,04/05/22,270,272,282,295,307,314,309,294,271,242,214,194,182,183,198,220,248,275,293,304,302,298,286,275
GS01,04/05/23,270,268,275,287,300,308,309,300,282,257,230,206,190,184,190,209,230,258,280,294,301,299,293,283
GS01,04/05/24,276,273,276,284,293,303,308,304,291,274,251,226,207,196,195,203,222,243,264,283,293,297,293,286
GS01,04/05/25,278,274,273,277,284,292,298,299,293,279,260,240,220,204,197,198,207,224,243,261,276,285,287,284
GS01,04/05/26,277,271,267,266,269,275,281,284,282,276,266,251,234,217,204,199,201,209,224,242,260,275,283,285
GS01,04/05/27,283,278,271,265,263,263,266,269,272,272,269,262,249,236,223,212,207,208,217,231,246,265,278,284
GS01,04/05/28,287,286,278,270,263,259,257,259,262,267,271,272,269,261,250,237,227,221,219,226,240,255,272,286
GS01,04/05/29,294,296,292,284,272,261,253,250,251,257,266,275,282,284,279,268,256,242,234,234,240,253,268,284
GS01,04/05/30,296,302,301,290,274,257,240,230,226,231,243,258,272,283,288,284,274,258,244,234,232,239,253,270
GS01,04/05/31,287,300,304,298,283,263,239,221,209,209,219,238,261,283,298,304,300,287,270,253,243,242,250,265
GS01,04/06/01,283,299,308,305,292,270,240,213,190,180,184,201,226,254,280,298,305,300,287,269,251,242,243,252
GS01,04/06/02,269,288,303,308,301,282,253,221,189,169,164,172,194,225,260,290,309,317,310,294,275,259,252,253
GS01,04/06/03,266,284,302,312,312,300,273,237,200,169,150,150,164,191,225,261,290,308,313,307,293,277,262,258
GS01,04/06/04,262,275,294,309,317,312,293,263,226,190,163,147,150,166,195,231,267,294,311,314,306,292,278,266
GS01,04/06/05,263,271,284,299,312,316,309,287,255,219,184,158,148,151,170,201,235,269,294,306,309,303,291,278
GS01,04/06/06,269,271,279,290,305,314,312,302,278,247,214,182,163,156,162,181,210,241,270,291,300,303,296,286
GS01,04/06/07,275,272,273,279,291,303,309,306,295,275,247,220,194,177,173,181,199,224,252,277,294,302,303,296
GS01,04/06/08,286,279,277,278,284,293,302,305,302,291,270,249,226,207,195,193,201,215,236,259,278,290,296,293
GS01,04/06/09,287,277,268,265,264,268,277,282,283,281,274,258,244,225,212,204,203,209,224,242,261,278,288,291
GS01,04/06/10,288,280,270,260,254,254,256,262,269,272,273,268,260,246,232,222,214,214,221,233,247,262,275,282
GS01,04/06/11,282,279,269,256,245,237,233,236,241,248,254,259,257,252,244,235,225,220,221,227,238,253,267,278
GS01,04/06/12,283,282,277,265,250,239,228,225,227,235,245,255,264,268,267,261,254,245,238,239,246,254,265,278
GS01,04/06/13,287,289,286,276,260,240,224,213,208,212,223,236,250,262,269,270,268,260,251,246,245,251,260,272
GS01,04/06/14,282,289,289,281,267,247,226,209,197,195,202,218,239,258,274,283,284,278,270,261,255,254,260,270
GS01,04/06/15,282,292,298,295,283,264,241,215,198,187,189,202,223,246,270,285,292,290,283,274,264,258,258,265
GS01,04/06/16,277,289,298,300,290,274,249,222,197,181,175,183,202,227,252,275,287,292,289,280,268,258,254,257
GS01,04/06/17,266,279,290,296,296,283,262,235,206,183,170,171,184,206,235,264,284,297,299,291,281,268,260,259
GS01,04/06/18,264,276,289,300,305,298,281,254,224,197,176,170,177,196,223,253,279,297,304,301,289,277,265,259
GS01,04/06/19,262,271,283,296,306,305,292,273,244,212,188,173,172,183,206,236,264,289,302,305,299,289,275,266
GS01,04/06/20,265,269,280,293,305,311,307,290,264,234,205,184,176,180,198,224,252,280,298,307,307,297,286,274
GS01,04/06/21,267,268,277,288,302,313,313,304,284,258,229,205,188,186,195,217,247,274,296,313,316,311,300,290
GS01,04/06/22,280,277,282,291,302,314,321,317,302,282,253,227,209,199,199,215,235,262,285,303,310,309,300,289
GS01,04/06/23,278,270,269,273,282,295,305,306,300,288,266,242,221,206,199,204,219,238,263,285,300,306,303,295
GS01,04/06/24,284,274,269,266,271,282,292,298,298,293,279,261,242,225,214,213,221,234,255,277,295,306,308,303
GS01,04/06/25,293,280,271,265,263,268,276,285,290,292,288,279,266,249,236,229,226,233,248,266,284,299,307,307
GS01,04/06/26,300,288,277,265,258,256,259,267,277,284,288,288,280,270,258,245,238,239,244,257,272,288,299,304
GS01,04/06/27,303,293,279,263,246,238,234,235,245,255,268,276,280,279,272,262,252,244,243,249,261,275,290,299
GS01,04/06/28,304,300,289,272,253,235,224,220,222,233,249,266,280,291,292,290,279,270,263,260,265,273,286,299
GS01,04/06/29,308,311,301,287,265,243,221,206,202,205,218,240,263,284,297,302,298,290,280,269,264,268,278,290
GS01,04/06/30,302,310,309,298,279,254,225,200,183,177,183,201,227,256,282,299,307,305,295,283,273,268,270,279
GS01,04/07/01,292,304,311,307,293,271,240,210,184,166,163,173,198,228,262,290,310,318,315,303,291,281,275,278
GS01,04/07/02,287,301,313,319,316,300,274,239,205,177,161,161,175,204,239,274,303,321,329,324,310,296,284,278
GS01,04/07/03,283,295,310,323,328,321,302,272,235,200,173,159,161,177,207,243,276,303,319,324,316,302,288,276
GS01,04/07/04,275,282,295,308,320,321,312,290,260,222,188,163,153,159,178,210,243,274,299,310,313,305,291,275
GS01,04/07/05,269,269,278,292,307,317,318,307,284,253,220,189,172,167,175,196,225,258,285,304,310,306,294,279
GS01,04/07/06,267,262,266,274,289,306,313,316,304,281,252,221,197,183,183,197,218,245,272,295,307,309,301,288
GS01,04/07/07,274,264,258,260,271,287,302,309,307,294,273,248,225,208,199,202,216,235,262,284,300,307,304,293
GS01,04/07/08,278,265,255,250,256,266,280,291,296,292,284,268,249,232,220,218,224,239,258,278,295,305,307,300
GS01,04/07/09,287,271,257,246,244,248,257,270,280,285,284,278,267,254,242,236,236,244,259,275,290,300,304,302
GS01,04/07/10,293,281,266,252,241,238,242,249,260,269,277,279,277,271,265,257,255,257,264,277,289,303,311,312
GS01,04/07/11,308,297,282,266,252,241,238,240,246,258,267,276,283,284,282,278,273,271,273,278,286,295,304,307
GS01,04/07/12,307,300,290,273,257,240,228,223,226,233,244,258,272,281,286,287,284,280,276,277,281,288,294,301
GS01,04/07/13,307,305,300,287,270,253,234,223,217,220,230,245,262,279,291,299,301,298,293,287,284,285,289,296
GS01,04/07/14,302,307,303,295,281,259,237,218,203,200,206,222,241,263,283,297,303,303,298,291,284,281,283,290
GS01,04/07/15,298,307,312,308,297,279,254,228,206,196,194,205,223,248,274,295,305,309,308,297,286,279,275,280
GS01,04/07/16,289,299,308,312,308,294,270,244,217,196,188,191,206,231,261,289,309,318,317,309,296,284,276,277
GS01,04/07/17,282,293,307,316,318,311,293,265,236,210,193,189,198,218,248,277,302,319,324,319,309,295,284,279
GS01,04/07/18,281,293,306,318,324,322,308,284,253,225,200,186,189,204,230,260,291,310,320,320,312,297,283,274
GS01,04/07/19,270,279,293,308,321,326,319,300,272,241,211,193,187,195,215,244,276,301,317,321,316,304,289,276
GS01,04/07/20,269,272,284,301,315,326,327,316,293,264,233,208,194,194,207,233,264,292,313,325,322,312,295,279
GS01,04/07/21,268,267,275,288,306,321,327,325,309,284,255,229,209,202,206,225,248,277,304,319,323,316,301,285
GS01,04/07/22,269,260,262,271,286,301,314,317,310,294,270,245,223,210,209,218,240,265,290,308,317,314,301,284
GS01,04/07/23,268,256,251,256,266,281,296,306,308,301,285,265,246,228,220,225,238,259,283,304,316,319,313,298
GS01,04/07/24,280,265,252,248,253,265,280,293,301,302,295,283,267,254,241,237,245,258,276,296,310,319,314,304
GS01,04/07/25,288,270,253,242,239,243,253,268,280,289,291,289,282,272,261,254,253,260,271,287,302,312,315,308
GS01,04/07/26,297,279,260,242,231,225,228,239,250,264,276,283,285,284,278,272,267,266,271,281,291,303,309,309
GS01,04/07/27,302,291,273,253,236,223,216,217,224,239,255,270,284,293,296,295,291,286,284,285,290,300,306,312
GS01,04/07/28,311,304,291,273,252,232,214,204,202,209,224,246,268,288,302,309,309,304,298,294,291,295,301,309
GS01,04/07/29,314,316,311,298,277,251,227,207,193,191,198,218,244,272,295,313,322,320,314,303,293,289,290,298
GS01,04/07/30,307,315,320,316,301,278,249,220,196,182,179,190,215,247,280,309,326,332,328,318,302,292,288,294
GS01,04/07/31,303,319,329,333,328,311,284,252,216,191,176,174,190,216,250,283,311,328,331,324,311,295,282,279
GS01,04/08/01,286,300,317,329,335,328,308,279,241,205,181,167,170,190,223,260,294,319,330,327,316,297,279,267
GS01,04/08/02,265,279,295,316,330,336,328,306,273,236,202,180,172,181,204,239,275,304,323,328,320,304,282,264
GS01,04/08/03,256,260,276,297,321,334,336,325,300,265,232,204,187,188,203,230,265,294,318,328,324,310,290,269
GS01,04/08/04,254,250,257,274,296,315,328,328,314,288,257,226,205,197,205,223,251,280,303,317,319,310,293,269
GS01,04/08/05,250,238,237,248,267,287,306,313,310,295,272,246,225,212,213,223,245,271,295,311,317,310,297,275
GS01,04/08/06,255,238,230,233,243,263,281,295,302,298,285,268,250,238,231,237,250,269,289,304,313,313,304,289
GS01,04/08/07,267,248,234,230,237,250,264,281,289,293,289,279,267,257,250,253,258,269,286,300,310,314,309,296
GS01,04/08/08,278,258,242,232,229,235,246,256,269,278,281,279,276,268,263,261,266,274,284,296,305,309,307,300
GS01,04/08/09,287,271,255,241,233,229,234,241,250,261,271,276,281,282,283,281,282,284,289,296,302,308,307,304
GS01,04/08/10,295,284,270,256,241,232,227,227,234,244,253,265,276,284,288,291,290,290,291,295,297,301,304,303
GS01,04/08/11,299,293,283,270,254,237,226,219,218,225,236,250,265,278,289,296,298,296,291,288,287,288,291,294
GS01,04/08/12,295,295,293,283,268,249,231,215,207,207,216,231,250,272,288,300,307,305,299,292,288,285,287,292
GS01,04/08/13,297,302,306,302,288,271,249,226,210,201,204,215,235,260,283,300,311,315,309,299,289,280,279,283
GS01,04/08/14,290,301,309,312,306,290,268,242,218,200,194,201,219,245,272,297,313,319,317,306,292,280,273,274
GS01,04/08/15,282,297,311,320,320,309,288,259,229,202,188,187,198,222,253,282,305,317,318,308,293,276,263,260
GS01,04/08/16,267,280,298,313,323,322,307,282,250,219,197,187,193,213,242,275,302,318,321,313,298,279,262,254
GS01,04/08/17,256,266,285,305,320,324,315,293,263,231,204,185,183,197,223,256,286,308,318,314,300,280,260,244
GS01,04/08/18,241,249,265,287,308,321,324,312,288,256,225,201,190,195,216,244,277,303,320,322,312,292,268,248
GS01,04/08/19,236,238,251,272,296,317,326,323,305,278,247,222,205,202,215,240,270,298,320,328,322,305,283,261
GS01,04/08/20,245,242,249,264,286,308,326,330,321,302,276,251,230,222,227,244,269,295,316,328,324,308,284,259
GS01,04/08/21,238,226,223,232,249,271,292,305,307,300,284,262,242,230,230,239,256,279,303,316,320,312,293,269
GS01,04/08/22,246,228,220,220,231,251,271,289,299,298,291,279,264,252,248,249,262,278,294,310,315,312,298,278
GS01,04/08/23,255,234,218,212,214,224,241,259,274,284,287,284,277,269,265,262,268,276,288,302,312,315,308,294
GS01,04/08/24,276,256,239,229,220,222,230,243,258,273,283,291,295,296,295,294,293,294,299,306,314,317,316,307
GS01,04/08/25,296,280,261,243,227,217,215,218,227,241,256,272,285,294,300,303,300,298,296,296,299,301,304,304
GS01,04/08/26,302,294,282,265,246,227,213,205,205,214,231,250,272,291,307,316,316,313,307,300,299,299,303,308
GS01,04/08/27,311,313,309,298,278,254,230,211,200,198,207,226,251,277,300,316,322,321,311,298,288,283,284,289
GS01,04/08/28,299,308,315,312,300,279,251,223,200,185,184,196,220,252,282,307,322,327,319,305,288,274,268,271
GS01,04/08/29,282,297,311,322,320,306,282,248,214,191,177,179,196,223,257,290,315,324,322,308,290,270,256,255
GS01,04/08/30,266,283,303,321,330,324,307,280,244,212,189,181,189,212,243,278,309,328,331,322,302,278,260,251
GS01,04/08/31,255,274,299,322,344,352,345,323,289,256,226,209,207,220,248,282,313,333,339,331,312,287,260,244
GS01,04/09/01,238,250,272,297,320,336,335,320,295,263,233,211,202,207,227,257,290,315,325,323,306,283,255,233
GS01,04/09/02,222,222,236,261,289,311,322,319,303,277,249,226,212,214,228,251,279,305,320,322,313,290,262,236
GS01,04/09/03,217,211,220,237,261,285,305,312,304,288,264,242,227,225,234,250,271,296,314,322,316,296,272,246
GS01,04/09/04,224,211,214,224,245,269,288,302,306,295,283,265,249,242,245,255,276,295,309,316,314,302,277,253
GS01,04/09/05,231,217,213,218,231,249,270,285,292,292,282,273,262,256,256,261,275,289,302,311,312,305,289,269
GS01,04/09/06,247,229,219,215,221,233,249,265,278,284,284,281,275,271,270,273,282,292,300,308,310,307,296,282
GS01,04/09/07,265,248,234,227,226,229,238,251,263,273,279,284,287,286,287,291,294,299,304,308,311,310,305,297
GS01,04/09/08,287,274,262,251,243,239,242,246,253,262,272,281,286,291,294,294,296,296,296,296,298,296,295,290
GS01,04/09/09,284,277,265,252,241,229,221,220,220,227,240,253,267,277,286,290,290,288,281,278,277,277,278,280
GS01,04/09/10,280,281,277,267,253,237,223,211,206,209,220,235,254,272,285,294,295,289,281,272,268,265,266,272
GS01,04/09/11,277,283,284,280,268,250,230,212,198,195,202,215,237,260,281,296,301,299,289,279,269,260,260,266
GS01,04/09/12,276,288,296,299,291,275,252,227,205,191,191,203,224,251,277,297,308,306,297,283,266,255,250,254
GS01,04/09/13,266,283,299,309,309,297,275,246,220,199,191,195,214,242,272,298,312,317,310,294,274,254,244,243
GS01,04/09/14,255,277,297,316,326,319,302,276,246,219,199,199,210,235,265,293,313,324,318,304,282,255,238,230
GS01,04/09/15,236,255,280,305,320,323,312,289,259,228,205,194,198,216,245,276,300,313,312,297,274,247,225,210
GS01,04/09/16,213,226,251,281,305,319,320,304,278,247,220,203,200,212,237,269,296,317,322,312,290,261,233,212
GS01,04/09/17,204,214,235,265,295,316,326,321,303,275,248,225,214,218,236,265,292,313,323,318,301,273,243,217
GS01,04/09/18,200,199,213,239,269,296,313,318,309,290,268,245,229,228,239,261,285,308,318,318,305,284,254,224
GS01,04/09/19,204,193,198,215,242,270,292,307,310,301,286,269,255,248,251,266,286,305,319,321,312,294,268,241
GS01,04/09/20,218,201,197,204,220,245,267,285,297,298,293,284,273,265,263,270,282,297,309,316,314,301,283,257
GS01,04/09/21,233,216,204,202,211,223,242,262,278,288,292,292,289,282,280,282,286,295,304,309,310,306,295,278
GS01,04/09/22,257,239,224,214,211,215,223,237,253,268,279,287,293,295,296,297,298,301,303,306,309,306,301,290
GS01,04/09/23,278,262,246,231,219,210,209,213,224,236,251,269,280,292,298,299,297,292,289,289,288,290,289,289
GS01,04/09/24,286,279,266,254,238,222,210,202,202,210,225,244,265,284,297,304,303,295,286,278,273,271,276,284
GS01,04/09/25,290,295,293,283,266,247,227,210,200,200,209,230,255,280,299,312,314,308,295,278,265,259,264,272
GS01,04/09/26,287,301,309,309,297,276,252,227,207,197,200,215,239,267,293,310,319,314,302,282,262,249,246,255
GS01,04/09/27,271,292,310,320,321,306,281,253,225,206,200,210,230,258,289,313,330,329,315,294,268,245,235,239
GS01,04/09/28,257,282,310,332,340,333,314,284,252,223,207,208,222,250,282,311,330,335,325,301,272,244,225,221
GS01,04/09/29,235,260,291,321,340,343,334,311,280,252,229,222,229,249,279,309,336,347,340,321,292,259,233,224
GS01,04/09/30,230,252,284,315,342,358,356,342,315,285,259,244,243,257,279,308,330,342,339,321,291,257,226,203
GS01,04/10/01,198,211,235,267,297,321,329,324,307,282,259,242,234,242,262,289,313,329,333,322,299,270,237,213
GS01,04/10/02,198,202,220,249,280,309,325,326,319,302,281,264,253,256,269,290,312,329,336,330,311,284,254,225
GS01,04/10/03,206,201,211,231,257,285,304,313,314,304,288,271,259,258,264,278,297,311,320,320,309,288,261,233
GS01,04/10/04,213,201,202,214,233,258,281,295,301,300,293,283,274,269,274,282,294,308,316,318,314,300,280,256
GS01,04/10/05,234,220,214,219,233,249,270,286,299,303,302,297,289,286,288,293,301,311,319,324,323,314,300,279
GS01,04/10/06,261,246,235,233,237,248,262,276,289,296,302,302,302,301,300,302,306,309,314,315,312,307,296,285
GS01,04/10/07,272,257,246,236,232,234,240,251,262,273,283,291,295,299,301,301,301,300,299,298,298,296,293,287
GS01,04/10/08,279,270,259,248,239,232,228,232,239,250,263,275,286,295,300,301,300,294,289,286,283,283,286,288
GS01,04/10/09,287,287,281,271,260,247,236,230,230,240,251,269,288,303,314,319,321,331,301,286,282,278,279,287
GS01,04/10/10,290,295,293,288,273,256,238,225,217,220,230,247,269,289,303,312,309,299,288,271,260,257,261,272
GS01,04/10/11,286,300,309,309,301,285,262,240,225,219,224,240,265,289,311,324,325,315,296,276,259,247,245,255
GS01,04/10/12,272,293,310,318,315,302,279,253,230,215,212,225,248,276,302,320,326,320,302,277,252,234,229,236
GS01,04/10/13,254,281,306,326,334,329,306,278,252,227,215,221,236,263,294,319,330,327,309,281,249,226,210,211
GS01,04/10/14,226,251,284,314,334,338,323,299,270,241,223,220,230,254,286,314,334,335,320,292,260,229,207,198
GS01,04/10/15,205,227,258,293,322,334,333,315,289,262,238,226,229,245,272,300,321,329,321,299,267,231,203,186
GS01,04/10/16,185,201,229,266,299,324,331,326,309,283,260,245,239,251,272,296,318,329,327,311,280,246,213,188
GS01,04/10/17,176,182,204,235,271,301,320,324,315,299,278,260,249,253,267,287,308,322,328,318,294,261,227,198
GS01,04/10/18,179,175,187,210,240,271,293,308,312,304,291,277,268,264,271,286,302,316,324,321,306,281,249,216
GS01,04/10/19,193,181,184,196,218,245,268,290,302,305,301,294,288,282,284,291,300,311,320,321,314,298,277,250
GS01,04/10/20,226,207,198,199,208,225,245,267,283,296,300,301,299,296,296,300,306,313,321,327,328,323,314,301
GS01,04/10/21,283,263,246,235,231,234,244,258,274,286,296,303,307,306,305,303,302,299,299,298,298,296,292,286
GS01,04/10/22,275,264,251,238,230,226,225,232,246,261,276,294,307,314,318,317,312,305,299,296,296,294,298,299
GS01,04/10/23,296,290,278,261,245,230,220,216,219,229,245,263,280,295,301,302,294,281,267,256,249,249,255,265
GS01,04/10/24,275,283,282,273,258,239,221,209,204,209,222,241,266,285,299,303,298,283,265,247,235,231,236,250
GS01,04/10/25,269,286,297,297,288,268,245,224,212,208,216,234,258,284,304,315,312,299,278,253,233,221,221,235
GS01,04/10/26,257,281,303,312,312,297,276,251,231,221,220,235,260,284,308,323,326,314,294,268,242,225,219,226
GS01,04/10/27,248,273,299,318,325,321,303,279,256,237,229,234,252,275,300,319,326,317,297,265,233,206,192,194
GS01,04/10/28,212,241,275,304,322,325,316,297,273,251,238,237,249,272,297,318,329,325,309,279,244,211,190,184
GS01,04/10/29,195,221,254,286,312,325,324,310,290,267,249,242,247,263,286,308,324,327,315,290,256,221,193,179
GS01,04/10/30,183,201,231,265,294,315,323,318,304,283,263,251,251,262,279,303,320,329,322,304,275,240,209,188
GS01,04/10/31,184,195,219,249,279,307,322,325,318,302,284,271,265,271,286,304,320,330,329,316,294,263,231,206
GS01,04/11/01,192,196,212,236,266,293,313,325,322,313,299,288,280,281,288,303,320,330,333,325,306,282,254,227
GS01,04/11/02,211,204,212,228,252,277,298,312,318,314,306,295,286,283,286,295,306,314,319,317,305,286,262,238
GS01,04/11/03,217,208,205,212,229,250,271,288,300,305,302,295,287,284,285,290,297,305,309,311,307,293,277,257
GS01,04/11/04,238,223,216,215,221,236,253,269,283,292,295,293,289,287,285,285,289,290,295,296,294,287,276,262
GS01,04/11/05,247,233,224,218,217,224,236,250,264,275,285,287,289,289,288,287,285,284,286,285,285,284,280,273
GS01,04/11/06,264,253,242,233,228,228,233,242,255,268,281,289,295,299,298,293,289,282,278,275,275,277,277,279
GS01,04/11/07,277,272,263,251,241,230,226,229,237,249,264,278,289,295,297,294,285,273,263,255,251,254,261,268
GS01,04/11/08,276,281,277,269,256,241,228,221,223,231,246,264,281,293,299,296,287,272,256,242,234,235,243,256
GS01,04/11/09,270,283,290,288,277,261,242,228,222,225,238,257,280,296,307,308,298,280,258,237,220,217,223,238
GS01,04/11/10,260,280,295,301,295,281,260,240,225,220,227,243,266,289,305,312,306,285,259,232,208,194,196,210
GS01,04/11/11,234,264,290,306,310,303,285,263,243,229,228,240,260,285,308,319,318,303,276,244,213,192,184,193
GS01,04/11/12,217,251,285,313,329,331,322,304,279,257,247,250,265,290,313,330,333,321,295,261,225,193,176,172
GS01,04/11/13,188,217,253,286,312,325,322,309,287,263,246,241,246,265,289,309,320,317,299,268,230,194,166,154
GS01,04/11/14,161,184,218,255,289,312,322,322,308,290,270,258,256,269,287,309,324,328,318,293,259,221,188,165
GS01,04/11/15,159,170,197,232,267,300,323,330,329,317,303,292,284,287,299,316,333,342,342,326,298,263,226,195
GS01,04/11/16,177,174,187,212,241,273,297,315,322,318,308,297,286,283,288,299,312,323,328,319,302,277,244,212
GS01,04/11/17,187,173,174,186,208,234,262,282,297,300,299,294,285,280,280,283,290,300,306,308,301,284,261,235
GS01,04/11/18,208,189,181,181,190,210,231,254,274,285,292,293,289,285,282,281,282,286,290,297,296,291,282,265
GS01,04/11/19,246,228,212,207,207,214,230,247,266,283,295,301,302,299,295,290,286,284,285,288,289,291,290,285
GS01,04/11/20,274,260,244,231,222,219,224,234,250,268,284,296,303,306,302,293,283,276,271,270,273,278,283,287
GS01,04/11/21,287,281,270,257,242,231,227,230,238,252,268,283,295,301,299,292,277,262,249,241,240,245,254,266
GS01,04/11/22,273,279,277,268,254,240,228,221,223,234,247,264,280,293,297,291,277,258,237,222,215,215,224,241
GS01,04/11/23,257,273,280,280,271,257,242,230,225,229,240,256,273,289,296,296,284,262,236,212,198,194,200,217
GS01,04/11/24,237,259,277,287,285,277,262,248,237,231,237,250,266,286,297,301,295,275,247,219,197,184,185,198
GS01,04/11/25,220,247,272,291,298,295,284,267,252,244,243,250,266,285,299,308,304,288,261,229,200,179,174,180
GS01,04/11/26,197,226,258,282,299,303,297,284,269,257,252,255,266,284,303,315,317,307,285,254,223,199,184,186
GS01,04/11/27,203,231,263,293,314,327,325,313,297,280,270,267,273,286,304,319,324,318,298,269,234,203,181,173
GS01,04/11/28,178,200,228,260,287,305,314,310,296,281,269,261,262,273,287,302,312,314,302,278,246,213,186,170
GS01,04/11/29,169,184,208,238,270,294,309,310,304,291,276,267,264,269,283,300,315,319,313,297,268,236,207,184
GS01,04/11/30,174,180,199,225,255,283,301,310,306,296,285,275,267,269,278,289,305,313,311,300,277,251,221,196
GS01,04/12/01,180,178,189,208,235,264,285,299,302,297,288,278,268,265,269,280,291,300,303,297,283,261,236,210
GS01,04/12/02,191,181,183,197,218,242,266,283,290,292,286,276,268,263,265,270,278,287,292,290,282,267,246,224
GS01,04/12/03,204,188,185,189,203,222,245,265,281,287,286,281,273,269,265,269,275,282,290,294,293,286,274,257
GS01,04/12/04,241,226,217,215,221,232,251,271,288,299,305,305,301,293,287,284,283,287,292,296,301,302,297,290
GS01,04/12/05,281,268,259,255,256,266,282,296,310,322,326,328,324,317,311,303,294,289,285,285,285,287,288,284
GS01,04/12/06,277,266,253,240,231,227,229,239,252,267,279,287,290,288,279,269,258,245,239,235,238,246,255,264
GS01,04/12/07,268,269,263,254,242,233,232,233,244,259,276,290,300,303,299,289,274,258,243,234,233,240,251,267
GS01,04/12/08,281,291,294,289,278,265,253,247,248,257,271,287,299,306,307,296,278,255,233,214,204,206,217,237
GS01,04/12/09,258,278,290,294,287,275,258,245,237,242,251,267,284,297,303,299,282,258,232,205,186,181,188,209
GS01,04/12/10,236,265,290,306,309,301,289,274,260,256,260,272,290,310,321,323,310,289,257,223,194,176,173,186
GS01,04/12/11,211,243,276,301,317,318,310,294,275,263,258,263,277,294,309,318,314,296,264,227,189,161,147,151
GS01,04/12/12,168,201,237,273,299,314,316,308,292,277,266,265,272,287,306,322,327,319,295,262,222,186,162,153
GS01,04/12/13,161,184,219,260,296,322,336,333,324,308,292,283,282,291,309,326,338,337,323,295,257,216,180,157
GS01,04/12/14,151,161,187,220,258,291,314,322,321,310,294,280,273,277,287,303,319,329,326,309,281,243,206,174
GS01,04/12/15,157,155,169,195,227,261,291,309,316,315,303,290,278,275,280,293,308,321,327,323,306,279,246,212
GS01,04/12/16,187,175,176,192,218,249,280,304,320,324,318,308,297,288,286,293,303,315,324,325,316,300,275,245
GS01,04/12/17,219,198,188,192,205,227,253,278,296,309,311,304,294,283,274,272,276,285,296,303,307,302,289,269
GS01,04/12/18,247,228,215,210,214,226,247,270,291,306,313,312,304,294,281,273,270,272,278,286,291,297,295,286
GS01,04/12/19,272,258,242,232,229,232,244,260,278,294,305,308,305,297,282,270,259,251,252,257,266,274,283,286
GS01,04/12/20,283,277,267,257,250,248,254,264,278,295,309,316,319,317,305,292,276,263,256,253,259,271,284,291
GS01,04/12/21,298,300,294,288,278,270,267,271,279,288,301,310,315,316,309,295,278,259,242,233,229,238,251,267
GS01,04/12/22,282,294,300,300,295,288,282,280,281,288,299,311,320,325,324,314,297,275,251,233,225,225,236,253
GS01,04/12/23,274,293,308,315,315,309,301,292,288,288,293,303,314,323,324,319,305,283,256,231,212,203,207,222
GS01,04/12/24,242,267,290,304,312,311,304,294,283,280,281,286,298,309,317,319,311,292,265,236,211,196,193,204
GS01,04/12/25,223,248,278,301,316,319,315,305,295,286,282,285,295,307,319,326,324,309,285,255,226,203,192,194
GS01,04/12/26,208,234,264,291,314,323,325,318,306,294,286,282,286,298,311,321,324,315,294,265,233,204,185,178
GS01,04/12/27,186,207,237,268,295,312,321,317,305,293,283,276,279,290,306,320,330,326,311,287,255,221,196,180
GS01,04/12/28,179,193,219,249,278,300,314,314,307,294,279,271,268,274,288,303,316,321,312,294,266,234,206,184
GS01,04/12/29,177,180,204,234,260,291,313,313,314,305,291,275,274,275,285,301,318,326,324,314,292,260,231,208
GS01,04/12/30,187,183,198,222,246,277,299,311,311,303,290,275,263,261,265,278,294,304,309,304,288,264,237,208
GS01,04/12/31,189,181,187,203,231,259,285,304,310,309,302,287,278,272,272,286,297,312,320,320,311,295,270,245
