GS01,06/01/01,140,160,194,228,265,292,307,307,300,286,271,263,263,273,288,306,317,319,306,281,246,209,174,151
GS01,06/01/02,146,155,178,213,250,283,308,319,317,305,291,276,267,271,284,300,319,327,325,311,282,248,212,181
GS01,06/01/03,163,159,174,197,232,267,296,312,321,315,301,284,270,266,269,279,297,312,318,315,299,271,237,207
GS01,06/01/04,180,168,169,182,208,238,267,290,303,304,295,281,263,253,251,257,271,286,298,303,301,285,261,234
GS01,06/01/05,208,189,184,187,202,226,253,278,295,301,297,284,267,252,243,240,247,258,271,280,285,283,269,252
GS01,06/01/06,231,214,201,199,205,221,244,263,282,295,294,288,273,256,242,235,231,237,249,262,271,278,275,267
GS01,06/01/07,258,246,233,228,228,236,250,267,283,296,299,295,285,270,252,238,229,225,225,232,243,254,259,262
GS01,06/01/08,260,254,248,241,237,240,247,259,271,283,289,290,284,273,258,241,225,213,206,207,214,223,235,245
GS01,06/01/09,253,257,257,254,250,250,252,256,263,273,279,282,281,274,264,249,230,213,199,193,193,198,212,228
GS01,06/01/10,244,259,267,270,271,269,267,268,269,275,282,287,289,290,284,272,255,234,211,196,188,187,196,212
GS01,06/01/11,233,252,269,279,284,283,279,274,269,268,273,276,283,287,288,281,265,245,218,193,177,168,171,182
GS01,06/01/12,204,228,249,268,280,283,279,272,264,257,259,262,268,277,284,285,276,257,232,202,176,160,153,159
GS01,06/01/13,178,203,232,258,274,281,282,275,266,255,249,250,258,270,283,289,288,276,252,222,194,168,154,154
GS01,06/01/14,168,192,223,252,277,293,299,295,284,272,262,260,266,281,296,311,319,316,296,270,237,206,184,172
GS01,06/01/15,176,192,220,249,276,295,304,301,289,273,259,252,251,261,278,292,304,305,293,269,240,206,176,159
GS01,06/01/16,158,169,193,224,254,281,296,298,294,278,262,250,245,252,267,285,301,309,306,289,262,230,201,176
GS01,06/01/17,168,171,190,218,246,276,295,300,297,282,265,249,239,240,248,265,281,295,296,285,267,239,208,183
GS01,06/01/18,165,162,173,195,224,252,275,287,288,280,263,247,234,231,238,251,269,283,292,290,277,257,231,204
GS01,06/01/19,186,177,181,197,222,247,270,288,293,287,274,258,240,232,233,239,253,269,280,284,279,266,246,222
GS01,06/01/20,203,189,187,194,213,236,259,277,287,285,274,257,239,227,222,225,234,249,262,273,274,269,255,240
GS01,06/01/21,222,209,204,208,220,239,259,278,290,293,286,274,257,243,233,229,234,244,254,266,273,277,273,264
GS01,06/01/22,250,241,231,229,235,248,265,281,293,299,296,286,271,254,241,233,231,235,243,254,262,271,270,268
GS01,06/01/23,263,256,249,245,247,253,264,276,288,293,293,283,270,253,239,227,217,212,213,215,225,236,243,249
GS01,06/01/24,252,252,249,246,247,248,254,263,272,278,283,281,272,261,248,232,218,204,198,195,198,208,220,233
GS01,06/01/25,245,252,257,258,257,255,256,258,262,269,274,275,274,269,259,244,229,211,194,185,182,188,199,216
GS01,06/01/26,235,253,267,275,278,277,274,271,269,272,277,282,285,287,283,271,255,233,211,191,178,176,183,200
GS01,06/01/27,222,248,270,288,298,300,296,289,280,277,278,283,289,298,301,298,284,263,235,206,184,170,168,179
GS01,06/01/28,201,230,261,287,305,313,311,301,288,277,272,273,280,293,304,306,301,282,255,220,186,160,146,146
GS01,06/01/29,163,192,227,260,286,302,306,298,283,267,256,252,257,271,288,302,308,300,278,244,206,172,146,136
GS01,06/01/30,142,166,200,236,270,295,308,306,293,275,257,246,247,260,277,298,312,314,303,277,242,204,168,147
GS01,06/01/31,139,150,176,209,246,277,297,302,295,278,257,238,230,236,252,273,295,309,309,294,267,230,194,164
GS01,06/02/01,150,148,165,194,230,262,290,303,303,290,268,248,233,230,241,262,290,313,326,321,310,278,244,210
GS01,06/02/02,186,176,182,199,226,259,285,300,304,292,272,247,226,212,212,224,246,269,289,297,294,281,257,231
GS01,06/02/03,208,194,192,204,226,252,278,300,307,302,286,263,242,221,214,218,230,250,266,279,286,279,266,248
GS01,06/02/04,227,214,208,212,225,244,266,281,289,289,278,259,236,216,202,196,202,215,230,245,258,262,260,253
GS01,06/02/05,243,234,228,230,239,249,266,280,288,291,285,272,251,231,213,200,197,201,207,220,233,242,249,251
GS01,06/02/06,248,243,241,240,243,252,260,271,279,282,281,273,259,243,227,211,200,196,196,202,211,222,236,245
GS01,06/02/07,252,255,260,262,266,270,277,284,289,295,297,293,287,279,265,252,238,226,217,214,217,223,235,247
GS01,06/02/08,258,268,276,280,282,283,282,282,283,285,286,288,286,283,275,262,248,230,213,202,193,193,202,215
GS01,06/02/09,233,250,264,273,277,276,274,270,265,263,264,267,269,271,270,263,250,233,211,191,178,172,176,188
GS01,06/02/10,209,231,253,270,280,283,280,273,266,261,261,266,272,279,287,287,280,263,239,214,192,178,174,181
GS01,06/02/11,197,221,247,269,283,289,287,278,266,256,252,253,262,274,286,295,293,281,259,233,203,182,170,171
GS01,06/02/12,183,207,236,261,281,290,291,282,268,254,244,242,249,260,276,288,294,287,269,241,209,180,162,155
GS01,06/02/13,164,184,212,240,265,281,285,279,265,248,235,230,234,246,264,283,295,297,285,264,234,204,179,164
GS01,06/02/14,165,179,206,235,262,282,291,285,271,253,235,223,222,234,254,274,290,298,295,277,252,222,194,173
GS01,06/02/15,169,181,201,229,258,280,293,293,279,261,238,224,217,222,237,257,278,293,294,285,264,236,208,186
GS01,06/02/16,174,176,195,216,244,270,285,289,281,262,242,222,211,9999,9999,9999,9999,9999,292,289,277,254,228,204
GS01,06/02/17,189,187,197,215,242,268,285,293,287,271,249,225,209,204,207,223,242,262,276,280,274,258,236,215
GS01,06/02/18,196,189,193,207,228,251,272,281,277,267,245,224,205,191,191,202,218,237,256,267,267,261,245,230
GS01,06/02/19,213,203,206,213,229,249,267,280,281,272,255,233,214,198,191,194,206,222,239,253,259,259,252,240
GS01,06/02/20,229,220,216,222,232,247,264,276,281,277,265,247,226,208,196,192,197,206,221,234,246,253,255,252
GS01,06/02/21,245,240,236,237,244,255,266,277,282,281,272,258,242,221,208,196,195,199,203,215,228,236,246,251
GS01,06/02/22,252,252,253,252,254,259,269,275,281,283,278,270,259,242,228,213,205,199,198,202,210,221,234,245
GS01,06/02/23,255,262,269,271,271,272,274,275,278,278,279,274,268,259,245,230,214,200,189,183,183,192,202,219
GS01,06/02/24,236,254,266,274,277,274,272,268,264,263,264,266,268,265,258,246,229,208,189,172,162,161,170,187
GS01,06/02/25,211,235,257,273,279,279,274,263,255,249,249,254,261,268,271,266,253,233,206,181,159,146,149,162
GS01,06/02/26,186,216,247,272,288,293,288,276,261,249,245,251,263,279,293,302,298,280,251,221,192,169,156,159
GS01,06/02/27,177,205,240,270,294,303,300,287,267,246,233,230,238,254,274,290,297,289,267,234,198,166,143,136
GS01,06/02/28,144,167,200,236,267,284,289,278,258,233,214,205,209,227,251,278,297,304,293,269,234,197,168,149
GS01,06/03/01,150,166,196,231,266,293,304,299,281,255,230,213,209,221,246,276,304,323,325,313,287,254,219,196
GS01,06/03/02,182,191,211,242,273,301,316,313,297,270,238,215,200,202,218,244,274,298,311,310,293,267,238,211
GS01,06/03/03,194,193,205,229,256,283,301,305,294,271,241,212,192,184,191,211,238,266,285,292,288,273,250,227
GS01,06/03/04,209,203,208,223,245,269,286,293,286,268,242,212,187,172,169,182,202,227,249,264,271,266,255,239
GS01,06/03/05,223,217,217,228,244,263,279,286,284,272,251,226,202,183,173,177,188,205,226,244,256,259,257,250
GS01,06/03/06,240,234,234,240,251,267,280,287,287,280,266,247,225,206,190,186,189,197,211,226,239,247,252,252
GS01,06/03/07,252,248,250,252,258,267,274,281,282,277,269,255,239,222,205,195,191,193,200,208,219,229,238,246
GS01,06/03/08,253,256,259,263,267,271,277,281,282,282,276,269,260,248,235,222,212,206,201,201,205,213,223,234
GS01,06/03/09,245,255,261,266,268,268,268,267,266,263,260,259,258,252,243,233,221,209,198,190,189,192,203,217
GS01,06/03/10,232,249,262,270,273,273,270,266,260,259,260,262,265,268,268,260,250,235,217,202,191,190,196,209
GS01,06/03/11,228,248,266,278,284,286,279,268,262,254,252,257,265,274,280,283,275,261,241,219,201,192,193,203
GS01,06/03/12,222,246,269,287,298,298,292,281,265,257,254,258,270,283,296,305,304,293,273,246,224,205,198,204
GS01,06/03/13,221,243,268,288,301,304,296,280,261,245,236,238,248,263,282,298,304,299,282,255,228,204,188,188
GS01,06/03/14,201,224,251,278,296,303,297,282,262,240,227,225,233,251,273,294,308,308,293,268,239,210,188,181
GS01,06/03/15,187,206,232,260,281,291,287,274,252,228,209,199,204,219,242,267,286,297,292,275,249,221,196,183
GS01,06/03/16,185,199,226,253,277,294,294,282,260,9999,9999,9999,9999,9999,230,257,284,301,304,294,275,251,228,214
GS01,06/03/17,210,220,243,272,295,312,316,303,282,253,225,203,195,199,216,240,267,287,296,291,276,253,228,208
GS01,06/03/18,198,203,217,238,263,283,292,287,270,244,218,193,182,182,196,219,248,273,290,297,292,277,259,240
GS01,06/03/19,228,228,238,258,282,302,316,316,302,282,254,228,210,203,207,222,245,269,288,300,299,288,274,257
GS01,06/03/20,243,238,242,254,270,287,300,302,293,275,250,222,202,188,187,197,215,237,258,275,284,282,276,264
GS01,06/03/21,253,246,249,256,268,282,296,301,296,284,263,239,216,198,190,194,205,219,238,254,267,272,272,268
GS01,06/03/22,263,258,257,261,267,278,288,292,292,283,269,249,229,209,197,192,193,201,213,228,244,256,265,271
GS01,06/03/23,274,274,275,277,282,288,294,300,300,299,291,279,264,246,231,220,213,209,212,218,228,241,253,266
GS01,06/03/24,275,281,285,287,286,284,283,281,281,280,277,272,264,255,242,228,215,203,194,192,195,205,219,235
GS01,06/03/25,253,269,279,283,283,278,272,266,261,259,260,263,265,264,257,246,230,212,195,182,175,177,190,208
GS01,06/03/26,230,257,274,285,288,282,271,260,250,246,247,255,269,277,282,278,266,247,221,199,182,174,178,195
GS01,06/03/27,218,250,274,291,300,295,281,262,244,231,231,239,254,272,288,294,289,273,247,216,191,173,167,178
GS01,06/03/28,201,231,264,289,302,302,290,269,244,226,217,223,242,267,291,313,320,314,292,264,233,209,193,195
GS01,06/03/29,212,238,270,299,319,320,310,287,255,228,209,203,215,239,267,296,316,319,307,282,252,220,197,187
GS01,06/03/30,192,213,242,272,296,307,302,282,251,219,193,180,185,207,237,273,302,319,316,303,276,246,219,203
GS01,06/03/31,203,216,240,268,293,308,308,292,262,227,192,169,162,172,197,230,264,291,303,301,286,262,236,218
GS01,06/04/01,211,218,236,260,285,302,306,297,271,238,203,174,159,160,176,204,237,268,291,300,297,284,264,248
GS01,06/04/02,238,240,251,269,291,308,318,316,299,271,239,211,189,180,189,209,237,268,297,314,316,312,299,286
GS01,06/04/03,276,273,278,291,307,320,329,329,316,296,268,236,211,195,191,198,214,235,257,274,285,288,282,273
GS01,06/04/04,266,261,263,269,280,290,300,302,297,284,264,241,219,200,191,191,200,216,234,252,267,275,280,279
GS01,06/04/05,277,276,277,281,288,297,304,309,307,301,288,275,259,242,227,218,219,223,229,245,255,264,275,277
GS01,06/04/06,281,283,281,283,284,286,289,290,287,283,277,270,259,245,234,222,213,212,212,217,229,238,250,261
GS01,06/04/07,270,278,280,281,280,279,278,277,276,275,272,271,267,261,252,242,230,220,212,210,213,221,234,247
GS01,06/04/08,261,274,281,284,281,278,272,267,264,265,266,272,278,279,278,270,258,243,228,217,213,215,224,238
GS01,06/04/09,256,271,282,285,284,275,265,252,244,241,242,249,257,266,270,268,257,244,226,209,197,193,201,214
GS01,06/04/10,233,255,271,279,281,272,259,245,230,221,222,230,242,258,272,277,272,261,242,221,203,194,195,206
GS01,06/04/11,226,248,267,282,286,278,266,247,227,214,210,217,233,251,271,285,289,281,265,243,223,207,202,210
GS01,06/04/12,229,255,279,296,305,300,285,262,240,220,211,214,228,251,274,295,307,303,293,272,248,226,215,216
GS01,06/04/13,229,250,276,295,307,305,293,269,240,217,201,197,208,229,258,284,304,311,306,288,265,242,225,218
GS01,06/04/14,226,245,267,289,303,305,293,270,241,211,188,181,184,204,230,258,283,297,300,288,268,245,227,215
GS01,06/04/15,217,231,253,275,292,299,293,274,246,214,188,172,171,183,208,239,268,292,303,300,289,268,249,236
GS01,06/04/16,235,244,260,283,301,313,310,295,270,238,210,188,178,185,204,231,261,287,306,309,302,289,268,254
GS01,06/04/17,245,247,258,275,292,303,305,295,272,244,212,187,172,169,179,200,225,251,273,286,288,282,269,257
GS01,06/04/18,247,246,251,264,277,287,293,288,273,249,221,196,176,166,168,182,200,225,248,266,274,277,272,263
GS01,06/04/19,255,252,252,260,270,280,286,286,277,259,235,212,190,174,169,174,187,205,226,244,259,270,272,270
GS01,06/04/20,266,264,265,267,275,283,290,295,292,284,269,252,232,215,203,200,202,212,227,242,257,270,279,284
GS01,06/04/21,285,284,282,281,281,284,289,291,292,287,280,268,254,237,222,210,203,203,206,215,228,243,257,268
GS01,06/04/22,277,282,282,279,275,272,269,269,271,268,270,268,259,251,239,226,212,203,197,197,206,220,236,255
GS01,06/04/23,271,285,289,288,282,272,262,258,256,257,263,270,274,273,268,256,240,223,210,201,201,210,226,248
GS01,06/04/24,269,289,300,302,296,283,267,254,246,248,255,267,281,292,295,292,277,258,238,219,208,208,217,237
GS01,06/04/25,259,282,299,306,302,286,266,245,228,222,228,242,262,283,298,303,297,282,260,236,217,207,210,221
GS01,06/04/26,242,267,289,301,301,287,265,238,212,196,193,203,227,254,281,299,307,300,284,259,237,222,216,221
GS01,06/04/27,240,264,287,305,311,302,280,252,219,191,180,184,203,232,265,293,311,317,308,289,267,247,233,232
GS01,06/04/28,243,262,286,304,312,307,289,259,225,192,171,163,173,197,231,264,292,307,310,301,283,262,246,237
GS01,06/04/29,243,257,277,297,311,312,300,277,244,207,178,162,163,177,205,239,271,297,310,308,298,282,265,252
GS01,06/04/30,251,260,274,293,309,314,308,290,263,227,194,170,160,166,185,214,247,276,296,305,303,292,277,265
GS01,06/05/01,259,264,276,291,305,315,315,304,282,252,222,196,177,172,182,201,229,257,280,294,299,296,289,275
GS01,06/05/02,269,268,273,282,297,307,310,305,290,268,241,216,194,181,179,190,210,232,255,273,282,286,282,275
GS01,06/05/03,268,265,265,271,279,288,293,291,283,267,245,224,201,185,178,180,190,206,226,245,260,269,272,270
GS01,06/05/04,266,262,261,263,268,274,280,283,279,270,257,240,222,204,193,188,190,199,215,229,246,259,266,268
GS01,06/05/05,267,265,262,259,261,263,265,269,269,265,260,251,240,227,214,205,200,201,208,219,232,245,258,265
GS01,06/05/06,268,270,268,265,261,258,257,257,258,259,259,257,253,245,236,226,216,211,209,213,222,237,249,260
GS01,06/05/07,271,277,275,273,266,259,252,248,247,250,254,258,262,261,256,247,236,226,219,216,221,231,244,257
GS01,06/05/08,271,281,283,280,272,260,248,239,234,234,240,250,259,267,269,264,254,240,227,217,215,220,231,246
GS01,06/05/09,261,276,282,281,272,259,242,226,217,214,220,233,249,264,274,278,272,262,246,233,224,225,232,246
GS01,06/05/10,264,282,291,295,287,272,252,232,215,206,209,222,240,260,279,290,291,284,269,253,238,233,236,246
GS01,06/05/11,265,285,298,304,299,285,263,238,218,202,200,210,227,253,276,293,301,298,285,268,249,237,231,236
GS01,06/05/12,249,267,281,292,289,277,255,227,200,177,169,173,189,215,244,271,289,293,289,275,257,242,232,231
GS01,06/05/13,243,261,280,294,299,291,272,245,214,185,169,164,176,199,229,263,287,302,305,297,281,264,251,246
GS01,06/05/14,252,268,286,302,312,309,295,270,235,204,179,167,170,188,213,246,275,295,306,302,291,274,258,248
GS01,06/05/15,248,256,270,287,299,299,289,268,237,205,176,157,150,159,180,211,243,270,288,295,290,280,266,254
GS01,06/05/16,248,252,263,278,292,300,297,284,256,224,194,166,152,153,165,188,217,247,271,284,288,286,275,264
GS01,06/05/17,256,255,260,271,285,294,295,288,271,243,213,187,166,157,160,174,198,223,249,269,281,284,282,274
GS01,06/05/18,265,261,262,267,277,287,294,293,283,264,241,215,191,173,168,172,185,206,230,253,270,281,283,281
GS01,06/05/19,275,270,266,267,272,278,285,290,287,277,263,242,221,203,190,186,189,202,221,241,262,279,289,293
GS01,06/05/20,293,288,281,277,277,278,283,289,292,290,284,273,257,240,225,215,210,210,218,231,247,266,280,288
GS01,06/05/21,291,288,279,270,261,254,254,256,261,264,268,266,259,249,234,218,206,199,197,204,217,235,251,266
GS01,06/05/22,276,279,274,265,251,239,230,228,230,237,246,256,261,261,254,243,227,215,207,205,210,225,242,260
GS01,06/05/23,274,284,283,274,259,241,225,213,211,217,229,247,264,274,277,272,262,246,232,224,222,229,242,259
GS01,06/05/24,278,291,295,290,273,252,227,208,197,196,206,224,247,267,281,288,283,269,254,240,229,226,234,249
GS01,06/05/25,264,280,290,290,275,253,226,197,176,167,170,187,210,239,262,278,284,279,266,251,237,230,232,242
GS01,06/05/26,256,274,287,292,284,265,238,205,178,159,150,160,180,209,241,267,283,288,283,271,257,244,240,245
GS01,06/05/27,256,272,288,297,295,284,260,229,196,168,151,151,165,190,224,255,281,296,300,293,280,267,258,256
GS01,06/05/28,262,277,292,307,312,308,291,264,230,196,172,161,164,182,211,245,276,299,310,311,301,287,275,267
GS01,06/05/29,266,276,287,301,311,312,301,278,248,214,183,164,159,166,189,218,249,276,294,301,298,288,276,265
GS01,06/05/30,262,265,276,287,301,306,302,288,264,231,200,176,162,162,175,197,224,252,276,289,293,288,276,265
GS01,06/05/31,258,256,263,273,284,294,295,288,271,246,218,193,173,164,168,182,205,231,256,272,282,284,278,268
GS01,06/06/01,259,255,257,263,272,282,288,286,277,260,238,215,193,179,176,182,196,218,240,257,272,279,277,269
GS01,06/06/02,262,252,250,252,260,269,275,279,276,266,251,234,215,198,188,188,196,210,230,248,264,276,279,275
GS01,06/06/03,268,262,254,251,253,257,263,268,270,267,260,247,233,219,207,200,201,208,222,238,253,267,275,277
GS01,06/06/04,274,268,259,251,248,248,251,255,260,264,262,258,252,241,229,220,215,216,223,237,251,265,276,283
GS01,06/06/05,283,279,271,261,251,246,244,246,249,255,263,267,265,260,253,242,233,229,229,235,246,260,273,284
GS01,06/06/06,288,286,279,267,254,241,231,228,230,238,247,257,265,268,267,260,252,244,238,237,244,254,268,280
GS01,06/06/07,287,290,286,275,261,244,229,220,215,218,229,243,259,269,273,274,269,258,248,242,242,248,257,271
GS01,06/06/08,281,287,288,279,264,245,224,208,198,199,204,222,241,260,277,284,281,274,264,253,249,251,260,270
GS01,06/06/09,284,294,299,295,282,263,241,218,201,196,201,215,237,264,285,300,306,303,291,280,267,263,265,272
GS01,06/06/10,284,298,305,305,296,276,249,222,197,181,176,184,202,230,257,281,296,298,293,281,266,253,251,256
GS01,06/06/11,267,280,294,299,294,279,256,225,195,170,158,158,175,201,233,261,285,300,301,294,279,266,256,254
GS01,06/06/12,261,274,287,296,300,289,268,240,208,177,154,147,155,174,201,237,266,287,299,297,288,274,262,254
GS01,06/06/13,256,266,280,292,301,301,288,264,233,199,170,152,148,158,181,214,246,275,294,303,299,288,273,261
GS01,06/06/14,256,259,271,284,297,302,297,280,254,221,188,162,149,149,163,189,220,252,277,293,297,289,278,265
GS01,06/06/15,254,254,262,273,287,299,301,293,274,247,215,185,164,155,160,175,201,231,260,281,293,293,286,275
GS01,06/06/16,264,256,258,264,277,290,300,301,293,275,250,223,199,179,172,176,192,216,242,266,282,289,289,280
GS01,06/06/17,268,257,249,249,256,266,279,287,287,279,262,240,217,197,184,182,189,204,225,247,269,284,288,286
GS01,06/06/18,277,263,252,245,245,250,260,270,278,281,276,264,247,229,214,205,203,210,225,242,261,278,288,289
GS01,06/06/19,283,272,259,244,235,233,236,244,255,263,268,267,261,249,237,226,219,219,224,236,251,267,279,286
GS01,06/06/20,285,277,263,247,231,220,217,218,226,239,252,262,267,266,259,250,241,235,233,238,249,262,274,285
GS01,06/06/21,289,286,277,257,238,220,206,200,202,210,226,243,258,267,271,268,260,253,247,245,250,259,270,281
GS01,06/06/22,290,293,286,271,251,228,207,192,185,189,201,221,243,262,275,282,280,275,268,261,258,263,270,282
GS01,06/06/23,292,300,301,291,274,252,224,202,184,178,185,199,222,249,271,287,296,294,288,280,271,269,269,276
GS01,06/06/24,288,296,302,300,286,266,238,210,183,168,164,173,193,222,251,275,291,297,292,285,274,265,263,267
GS01,06/06/25,277,288,298,303,298,281,260,230,197,173,160,158,174,201,231,260,285,297,300,296,285,273,266,265
GS01,06/06/26,271,282,296,305,308,300,281,254,221,191,169,159,165,184,213,244,274,296,305,303,295,284,271,265
GS01,06/06/27,267,278,291,302,312,310,298,278,247,216,187,170,167,175,198,229,258,286,300,306,301,290,277,267
GS01,06/06/28,262,266,277,292,303,311,305,289,262,232,202,179,166,170,184,210,240,269,290,301,301,292,278,264
GS01,06/06/29,257,256,264,276,290,301,304,296,276,251,223,195,177,172,179,198,224,252,276,289,295,290,278,264
GS01,06/06/30,254,250,253,263,276,289,298,297,285,266,242,216,196,184,185,198,217,244,269,286,296,296,288,276
GS01,06/07/01,264,255,252,256,267,280,292,297,293,280,261,240,218,203,195,202,215,234,257,276,289,294,287,279
GS01,06/07/02,265,253,247,246,249,260,270,281,284,280,270,255,240,224,215,216,224,239,256,275,290,296,294,286
GS01,06/07/03,273,260,249,243,242,247,255,265,272,275,272,266,253,241,231,226,227,235,248,266,281,291,295,291
GS01,06/07/04,281,269,255,242,237,236,239,246,255,262,268,268,263,258,248,240,237,239,248,259,273,285,291,292
GS01,06/07/05,287,276,262,247,235,228,225,229,236,246,255,263,269,269,267,262,259,258,261,268,277,289,298,303
GS01,06/07/06,302,295,283,265,249,234,225,223,225,233,246,258,271,278,280,278,275,269,266,266,271,277,287,292
GS01,06/07/07,295,291,282,268,249,230,213,202,198,204,215,231,250,265,275,282,281,279,272,268,268,272,279,287
GS01,06/07/08,290,293,288,276,261,239,216,199,186,183,192,208,230,254,272,285,290,290,284,274,268,267,269,276
GS01,06/07/09,285,292,294,288,276,254,227,201,180,168,169,182,206,231,260,281,296,299,297,286,274,266,265,269
GS01,06/07/10,279,290,299,300,293,275,248,217,187,165,158,162,181,207,238,269,291,303,305,297,284,272,265,264
GS01,06/07/11,271,285,297,305,305,293,271,241,207,176,156,150,159,182,213,247,276,297,307,303,293,279,267,262
GS01,06/07/12,262,272,287,302,312,310,294,268,234,200,170,152,152,164,190,223,256,284,303,307,301,288,272,259
GS01,06/07/13,256,263,277,294,310,316,311,293,264,229,196,170,157,158,175,204,236,269,293,303,304,294,278,262
GS01,06/07/14,252,250,259,273,291,306,311,304,284,255,223,190,171,161,166,189,219,248,278,294,301,296,282,263
GS01,06/07/15,247,237,239,250,267,286,301,303,295,278,248,219,194,180,177,189,212,239,268,289,299,301,291,273
GS01,06/07/16,254,239,232,235,248,265,281,294,296,289,271,250,226,208,199,202,216,237,260,284,296,304,298,284
GS01,06/07/17,264,246,233,225,229,242,257,273,284,285,282,270,255,240,228,225,232,245,262,281,293,303,302,292
GS01,06/07/18,276,255,237,224,217,219,229,244,257,267,273,272,267,259,250,245,245,253,265,278,291,302,305,301
GS01,06/07/19,290,276,257,237,224,219,221,229,241,253,264,272,275,273,267,263,260,260,266,274,283,291,298,297
GS01,06/07/20,291,280,264,245,225,211,202,202,210,221,237,250,262,272,275,277,276,274,275,277,282,290,295,301
GS01,06/07/21,301,296,285,267,247,227,211,201,199,204,217,235,254,271,285,293,296,294,289,286,283,286,292,297
GS01,06/07/22,301,303,299,287,271,249,223,203,190,185,194,210,230,255,277,293,300,300,294,287,282,279,280,286
GS01,06/07/23,294,300,304,300,286,265,242,216,193,180,178,188,210,235,261,283,298,302,300,291,280,274,272,274
GS01,06/07/24,282,294,302,304,299,283,259,230,202,180,169,172,189,214,243,270,292,303,303,295,282,270,263,263
GS01,06/07/25,268,282,295,304,307,298,280,252,221,191,170,162,170,191,219,249,274,291,296,290,279,264,251,246
GS01,06/07/26,250,263,277,293,301,301,287,265,234,201,174,160,160,175,202,233,262,285,295,292,284,268,251,242
GS01,06/07/27,243,252,266,285,300,307,303,286,260,227,198,176,168,176,196,226,256,282,297,299,292,276,259,244
GS01,06/07/28,237,243,256,273,289,303,306,298,276,249,218,194,180,182,195,220,249,276,296,305,302,288,271,254
GS01,06/07/29,240,239,247,262,280,297,305,303,290,268,242,217,198,192,199,217,243,270,292,301,301,290,273,254
GS01,06/07/30,238,232,233,244,259,276,290,295,290,275,254,231,212,201,203,216,237,261,282,296,300,293,278,259
GS01,06/07/31,241,227,224,228,241,258,274,283,285,278,265,248,230,218,214,221,237,258,279,294,302,301,289,272
GS01,06/08/01,253,236,227,226,232,245,260,273,279,282,276,263,250,238,231,232,240,255,272,288,296,298,292,276
GS01,06/08/02,259,240,227,219,218,225,236,247,257,262,266,264,257,249,244,241,246,253,265,278,287,293,290,279
GS01,06/08/03,265,249,233,220,212,212,218,227,238,247,255,260,260,259,257,254,253,255,264,274,282,287,289,283
GS01,06/08/04,273,260,244,227,216,208,205,209,216,227,239,251,258,266,269,269,268,268,270,275,279,287,288,286
GS01,06/08/05,284,275,260,245,227,212,201,198,199,207,220,236,251,265,275,281,282,279,274,274,274,277,281,283
GS01,06/08/06,285,283,274,260,242,223,204,191,182,184,194,212,233,256,273,287,293,289,285,278,273,272,275,280
GS01,06/08/07,286,289,289,282,267,244,220,197,178,169,173,188,211,239,265,286,299,304,298,287,277,269,268,272
GS01,06/08/08,281,292,300,301,294,274,244,216,186,166,158,166,186,214,246,276,298,306,307,296,283,269,262,262
GS01,06/08/09,272,286,301,314,315,303,279,248,213,183,166,161,171,197,230,262,292,310,313,304,289,270,254,250
GS01,06/08/10,255,270,289,309,319,318,303,275,237,199,171,157,157,174,205,244,277,302,312,309,297,277,256,243
GS01,06/08/11,242,250,268,291,312,324,322,305,274,236,200,175,164,173,196,229,264,295,313,316,308,289,263,241
GS01,06/08/12,228,230,247,270,295,317,325,319,299,269,234,203,185,182,196,221,254,285,307,318,313,295,268,241
GS01,06/08/13,224,218,222,241,268,289,308,314,306,287,260,234,211,202,208,224,250,275,299,313,314,304,281,253
GS01,06/08/14,229,212,209,218,237,262,283,298,300,292,278,257,236,225,224,233,251,274,295,309,314,308,291,269
GS01,06/08/15,244,223,210,210,220,239,260,277,286,290,284,271,258,249,245,250,261,276,293,308,313,311,300,283
GS01,06/08/16,259,238,220,211,212,221,236,251,264,273,278,277,272,267,264,266,272,280,292,304,312,313,307,293
GS01,06/08/17,275,256,238,223,214,211,220,233,244,256,265,271,275,277,277,280,282,285,290,298,304,307,303,296
GS01,06/08/18,286,273,256,239,224,213,209,214,220,231,243,255,266,278,284,286,288,287,289,289,291,296,295,296
GS01,06/08/19,292,286,273,258,240,223,209,202,200,208,219,234,250,266,280,288,290,289,285,281,279,279,281,286
GS01,06/08/20,290,289,285,275,258,237,217,201,191,188,195,210,230,253,273,286,292,292,285,277,270,267,267,273
GS01,06/08/21,280,287,289,287,276,257,234,210,190,180,180,192,214,240,265,284,294,296,290,279,269,259,256,259
GS01,06/08/22,269,283,294,300,295,280,257,231,204,9999,9999,9999,9999,9999,9999,9999,293,300,297,285,269,253,245,248
GS01,06/08/23,257,272,291,303,305,297,278,252,221,9999,9999,9999,9999,9999,9999,9999,9999,9999,302,290,274,256,242,238
GS01,06/08/24,244,259,279,297,309,308,294,271,240,210,188,9999,9999,9999,9999,9999,285,299,301,293,276,257,238,228
GS01,06/08/25,227,240,262,284,301,307,300,282,9999,9999,9999,9999,9999,191,215,245,272,291,299,292,277,255,234,219
GS01,06/08/26,214,223,241,263,286,299,299,289,267,239,213,193,184,190,210,240,268,289,301,298,285,264,238,217
GS01,06/08/27,207,210,227,248,272,291,301,299,284,260,232,210,198,201,215,237,265,288,304,305,294,274,247,226
GS01,06/08/28,211,209,218,238,261,283,297,301,294,277,255,234,218,213,224,242,266,290,305,309,302,286,261,238
GS01,06/08/29,217,208,212,226,245,266,284,295,293,285,269,251,237,230,234,248,266,288,305,312,310,295,274,250
GS01,06/08/30,230,217,212,217,233,252,270,286,292,289,280,268,257,250,249,256,268,286,302,311,312,303,284,263
GS01,06/08/31,243,227,218,219,226,239,257,272,283,286,286,280,272,268,266,268,277,290,303,311,315,311,296,280
GS01,06/09/01,260,242,228,223,222,229,239,254,267,275,279,281,281,281,281,281,284,293,299,306,311,308,300,291
GS01,06/09/02,278,260,245,234,225,221,225,233,242,255,267,276,284,289,291,291,292,293,294,297,301,300,300,297
GS01,06/09/03,289,279,264,247,233,222,214,212,217,228,243,260,277,291,301,305,304,300,295,292,293,294,297,299
GS01,06/09/04,298,296,287,272,253,234,218,207,203,208,220,240,262,283,301,311,314,310,302,292,285,282,286,293
GS01,06/09/05,304,310,313,303,287,263,238,219,204,200,208,226,252,281,304,322,330,328,318,302,288,278,276,285
GS01,06/09/06,297,314,326,329,319,298,268,236,210,194,190,200,223,254,288,314,329,331,319,302,282,265,257,261
GS01,06/09/07,275,297,319,336,337,323,297,261,224,195,182,184,201,228,265,299,323,334,326,307,281,258,242,239
GS01,06/09/08,250,270,299,326,340,339,322,290,252,218,193,183,191,214,247,282,312,330,328,313,289,260,234,221
GS01,06/09/09,224,241,271,306,332,345,341,320,287,250,220,200,199,211,240,272,306,329,334,324,300,268,238,215
GS01,06/09/10,207,216,241,274,308,332,341,334,311,280,252,227,217,223,242,270,300,324,336,332,315,283,248,218
GS01,06/09/11,201,202,215,240,271,299,318,323,314,294,267,244,230,230,242,261,285,306,322,322,310,286,251,219
GS01,06/09/12,198,187,191,208,232,259,284,299,302,293,277,259,246,243,249,262,280,300,313,317,310,293,267,234
GS01,06/09/13,208,191,190,196,211,234,257,275,287,290,284,275,266,262,264,272,285,300,310,316,316,304,286,262
GS01,06/09/14,237,217,205,203,209,222,241,258,271,278,281,279,276,273,273,277,283,291,301,306,306,303,289,272
GS01,06/09/15,255,235,218,208,206,208,215,228,242,253,266,273,277,279,280,283,289,293,297,301,304,301,297,288
GS01,06/09/16,275,260,244,231,221,214,215,220,229,240,253,265,276,283,289,293,294,295,294,292,293,293,291,290
GS01,06/09/17,286,279,268,255,240,226,219,215,217,223,234,249,264,278,289,294,294,292,286,283,280,279,281,283
GS01,06/09/18,286,288,285,276,262,245,231,219,213,214,222,237,256,274,288,300,302,297,289,278,272,268,268,274
GS01,06/09/19,283,290,296,293,282,265,242,225,210,203,207,222,241,263,286,299,302,297,286,272,260,252,251,257
GS01,06/09/20,270,284,295,299,294,276,256,232,211,199,197,206,225,248,274,292,301,299,288,270,252,238,231,236
GS01,06/09/21,250,269,287,300,303,294,274,247,221,202,195,199,214,240,267,290,303,304,293,274,254,234,222,223
GS01,06/09/22,234,257,280,298,310,308,294,272,243,219,203,199,210,231,259,286,304,311,302,282,257,232,214,211
GS01,06/09/23,221,239,263,286,304,310,305,287,261,235,215,206,212,229,253,280,303,314,310,295,271,243,220,208
GS01,06/09/24,213,230,253,283,308,323,324,312,289,261,238,225,225,240,264,292,315,329,327,309,282,253,226,210
GS01,06/09/25,208,218,241,270,297,316,324,319,302,277,255,239,235,243,261,286,308,325,327,316,294,266,235,213
GS01,06/09/26,203,209,226,254,280,304,319,321,310,294,272,257,247,250,266,287,309,327,335,328,309,284,255,228
GS01,06/09/27,214,212,226,246,271,297,317,325,324,314,299,282,271,273,279,293,310,328,337,334,320,297,267,243
GS01,06/09/28,223,214,215,229,250,274,294,307,311,306,297,286,275,271,274,285,299,313,322,323,316,298,273,247
GS01,06/09/29,227,214,209,217,230,247,264,282,292,297,295,289,281,277,277,283,292,302,311,316,313,302,284,261
GS01,06/09/30,241,225,215,213,218,229,242,257,271,278,285,287,284,284,284,286,291,297,302,305,305,298,288,273
GS01,06/10/01,256,242,226,216,211,210,219,228,240,254,266,275,282,285,286,286,285,286,286,287,289,288,287,280
GS01,06/10/02,271,259,246,233,221,213,210,212,219,232,250,265,281,293,299,300,297,291,284,280,280,282,284,287
GS01,06/10/03,287,283,273,259,242,225,210,203,202,210,226,248,270,291,304,309,305,295,282,270,265,267,272,283
GS01,06/10/04,293,298,297,287,270,248,226,207,195,194,205,226,253,279,300,312,313,302,284,263,248,244,249,263
GS01,06/10/05,284,301,314,315,302,280,254,228,206,196,199,215,241,273,302,322,327,318,298,273,251,236,234,248
GS01,06/10/06,270,300,326,340,340,328,301,268,242,223,215,225,249,279,311,337,349,344,326,297,266,242,231,236
GS01,06/10/07,256,289,324,352,365,362,345,316,284,259,245,246,263,291,324,352,368,369,353,324,289,258,238,231
GS01,06/10/08,244,273,309,345,371,380,373,352,322,293,271,263,269,288,315,342,362,365,353,328,290,250,221,203
GS01,06/10/09,205,222,252,290,321,341,347,337,316,289,266,253,253,266,289,315,334,344,339,317,285,247,212,187
GS01,06/10/10,178,187,211,246,282,308,323,325,317,299,279,265,258,265,279,302,325,338,338,325,299,266,231,201
GS01,06/10/11,182,179,193,218,249,280,303,315,314,305,292,280,272,271,280,295,314,328,333,327,311,285,255,224
GS01,06/10/12,200,187,188,201,223,249,273,289,297,297,293,283,277,273,276,288,299,312,320,319,311,292,269,244
GS01,06/10/13,221,203,196,199,209,227,247,266,278,284,286,285,281,279,281,284,292,297,304,307,302,293,279,261
GS01,06/10/14,242,225,213,207,208,215,229,245,259,271,279,283,285,286,286,287,289,292,294,296,297,294,288,279
GS01,06/10/15,267,252,239,228,221,221,222,231,243,256,269,279,287,290,293,292,290,287,287,286,287,287,288,285
GS01,06/10/16,283,276,265,254,240,230,225,226,233,244,256,272,283,293,298,297,292,285,277,272,270,269,273,278
GS01,06/10/17,280,282,277,266,252,238,225,218,218,226,238,254,272,286,294,298,293,281,266,256,249,247,252,261
GS01,06/10/18,271,279,283,279,266,249,231,217,209,209,218,233,254,273,286,292,287,275,257,240,226,221,225,237
GS01,06/10/19,253,271,282,286,280,265,246,226,211,205,209,224,245,268,287,297,296,285,264,242,222,212,215,227
GS01,06/10/20,245,268,288,301,302,293,272,249,229,219,218,228,249,271,293,307,308,296,274,249,224,207,202,209
GS01,06/10/21,227,251,276,296,304,299,283,261,237,219,212,216,233,255,278,297,304,295,275,248,218,195,183,185
GS01,06/10/22,200,224,254,280,297,303,294,275,252,231,221,221,233,253,278,299,310,307,290,263,232,205,187,183
GS01,06/10/23,195,218,249,278,303,317,314,301,282,259,243,236,241,257,278,300,315,316,303,277,247,215,193,181
GS01,06/10/24,184,202,230,261,293,313,320,313,297,277,258,248,250,261,280,300,317,320,314,294,264,232,203,184
GS01,06/10/25,181,193,216,246,276,302,317,317,310,296,278,266,263,272,289,311,329,338,337,323,298,266,237,216
GS01,06/10/26,205,209,223,247,276,303,321,330,326,316,301,287,279,280,288,303,317,324,326,315,295,268,238,212
GS01,06/10/27,194,190,197,215,239,264,286,299,304,299,291,280,272,269,272,283,295,305,310,305,290,269,244,218
GS01,06/10/28,197,186,185,193,210,231,252,269,282,289,287,281,275,271,272,277,288,296,303,305,298,284,264,242
GS01,06/10/29,222,205,198,197,204,218,237,255,271,282,289,290,289,286,283,284,287,291,294,296,296,290,279,264
GS01,06/10/30,245,227,213,203,200,204,214,227,244,258,271,278,283,284,281,277,276,274,274,275,278,278,278,272
GS01,06/10/31,263,251,237,223,212,207,208,214,226,244,262,276,290,297,296,291,283,273,266,264,265,270,277,282
GS01,06/11/01,282,278,268,251,236,223,212,209,214,227,246,265,282,296,301,298,287,269,255,245,241,246,256,270
GS01,06/11/02,281,289,289,278,263,243,224,214,209,216,232,253,277,296,309,308,298,278,254,235,222,220,230,248
GS01,06/11/03,269,289,302,302,290,270,248,227,213,211,220,238,263,288,306,311,304,284,254,225,203,193,198,216
GS01,06/11/04,242,271,295,309,308,296,275,249,228,218,218,231,254,279,302,313,310,293,263,228,197,175,171,182
GS01,06/11/05,207,240,274,299,313,312,298,275,252,234,227,231,249,273,295,314,319,306,280,243,205,175,156,159
GS01,06/11/06,177,208,244,280,305,317,313,298,278,257,243,241,252,271,293,313,322,319,300,267,229,191,167,156
GS01,06/11/07,164,188,223,260,293,315,325,322,308,291,276,268,269,281,300,318,329,329,315,288,251,210,176,153
GS01,06/11/08,146,160,183,215,247,275,290,295,289,276,261,250,247,253,268,284,298,305,299,284,257,223,191,163
GS01,06/11/09,149,150,165,189,218,247,270,282,285,278,267,258,251,251,258,272,286,295,298,288,269,243,213,185
GS01,06/11/10,165,157,160,176,198,224,247,265,276,276,270,263,256,254,257,267,278,288,292,289,278,260,238,214
GS01,06/11/11,191,177,174,178,193,214,236,256,271,279,280,277,274,271,271,277,282,290,297,299,297,288,275,256
GS01,06/11/12,236,221,210,208,212,222,238,255,271,284,289,288,286,281,278,276,276,278,282,284,285,282,277,266
GS01,06/11/13,252,237,226,216,215,219,227,240,255,269,280,286,287,286,282,278,274,273,273,275,277,280,280,276
GS01,06/11/14,270,261,250,240,234,230,233,240,252,265,278,288,295,296,293,289,281,271,266,262,262,268,275,280
GS01,06/11/15,282,283,277,266,253,243,236,234,240,250,264,277,287,292,293,287,276,263,252,244,242,245,252,263
GS01,06/11/16,273,279,279,275,264,253,244,235,236,243,257,271,286,297,301,296,286,268,248,236,227,227,236,249
GS01,06/11/17,264,278,287,288,281,269,257,244,239,241,251,266,283,9999,9999,9999,291,272,250,227,215,210,215,231
GS01,06/11/18,250,272,290,298,298,288,273,259,246,243,250,262,279,296,308,312,302,283,259,232,209,200,201,211
GS01,06/11/19,235,260,283,302,308,303,291,274,259,248,249,258,274,292,309,316,311,295,268,238,212,193,188,197
GS01,06/11/20,218,246,278,306,321,325,319,303,286,273,268,271,284,303,318,329,329,316,291,260,229,203,188,189
GS01,06/11/21,204,229,262,291,314,324,322,310,293,275,266,262,269,285,301,314,320,312,292,262,227,197,176,169
GS01,06/11/22,177,197,227,260,288,308,314,310,297,279,265,259,261,272,289,306,314,314,300,273,241,207,180,165
GS01,06/11/23,163,176,203,233,263,288,304,307,299,284,270,259,256,263,276,292,304,309,302,283,254,223,192,170
GS01,06/11/24,161,167,183,211,241,269,292,301,301,292,279,269,263,264,272,285,299,306,305,294,271,242,211,183
GS01,06/11/25,167,162,170,189,215,244,271,288,296,294,284,274,267,264,267,276,289,299,303,300,287,265,237,211
GS01,06/11/26,188,175,175,184,205,230,255,278,292,299,297,290,282,276,274,279,286,294,303,305,298,286,267,243
GS01,06/11/27,222,205,197,200,213,230,254,277,297,309,314,312,305,299,294,290,293,296,302,307,308,303,294,277
GS01,06/11/28,257,238,223,215,214,222,237,254,272,289,300,301,300,292,283,276,269,267,269,274,279,282,282,278
GS01,06/11/29,266,253,238,226,220,218,225,239,255,273,288,298,301,297,289,278,264,254,248,249,252,264,272,277
GS01,06/11/30,275,272,260,247,233,226,222,226,238,251,268,283,292,294,289,277,259,240,227,218,223,233,246,261
GS01,06/12/01,275,282,281,272,260,246,234,231,234,244,260,278,290,299,298,288,268,244,221,204,198,203,218,240
GS01,06/12/02,262,281,291,292,285,273,261,249,245,249,259,273,289,303,306,300,284,258,229,201,182,177,185,203
GS01,06/12/03,227,254,277,291,293,286,273,259,247,242,246,258,273,289,300,301,288,265,233,199,172,157,158,170
GS01,06/12/04,197,229,259,284,299,302,293,280,265,255,254,260,272,288,303,310,304,284,252,214,180,152,140,146
GS01,06/12/05,165,193,227,260,284,295,296,286,272,259,251,252,259,275,290,304,305,295,272,238,201,167,143,137
GS01,06/12/06,146,167,199,232,262,283,293,290,278,265,251,246,249,259,274,289,297,294,278,251,215,180,151,132
GS01,06/12/07,131,145,171,205,239,267,285,292,288,276,263,257,252,259,274,292,305,308,300,281,252,217,184,157
GS01,06/12/08,147,149,166,195,224,254,276,287,289,280,268,258,250,252,261,274,286,297,295,286,264,238,206,179
GS01,06/12/09,158,153,161,179,207,236,262,279,286,287,278,266,258,257,260,271,281,293,301,295,283,265,240,214
GS01,06/12/10,193,178,179,190,207,232,257,277,289,293,287,279,268,261,259,262,271,279,286,289,283,272,254,232
GS01,06/12/11,210,193,185,188,199,217,238,258,273,281,280,273,261,253,247,246,249,256,264,267,268,265,254,241
GS01,06/12/12,223,208,198,193,201,211,228,247,264,275,278,276,268,259,251,244,242,245,249,255,259,261,259,253
GS01,06/12/13,244,232,220,214,213,218,229,245,260,274,282,284,277,272,262,252,245,240,238,243,248,254,256,260
GS01,06/12/14,259,253,246,236,230,230,233,245,256,267,278,282,282,280,268,256,245,233,226,225,229,235,244,257
GS01,06/12/15,256,264,261,255,251,245,240,245,251,264,275,281,287,286,277,266,249,234,220,209,210,213,225,238
GS01,06/12/16,251,264,266,267,264,257,251,250,252,260,268,280,287,291,289,277,264,243,223,209,202,201,213,225
GS01,06/12/17,246,262,277,282,282,278,271,264,261,262,271,276,290,299,299,293,279,256,232,210,193,189,192,207
GS01,06/12/18,227,248,268,282,285,281,272,261,250,247,248,254,265,277,283,282,269,249,221,192,170,158,156,169
GS01,06/12/19,191,218,245,267,280,287,281,271,261,251,249,254,264,276,287,292,285,267,240,209,180,159,148,154
GS01,06/12/20,171,196,228,255,277,288,288,279,266,254,245,246,254,266,281,292,291,280,259,229,195,166,147,142
GS01,06/12/21,153,176,208,239,267,288,297,294,284,271,258,253,256,269,282,298,303,300,283,257,224,189,163,149
GS01,06/12/22,148,167,193,224,258,285,301,306,300,290,274,263,262,265,281,300,310,313,305,285,253,218,186,162
GS01,06/12/23,151,157,177,206,238,269,291,303,303,294,279,264,257,258,269,285,301,312,313,299,275,245,211,181
GS01,06/12/24,163,159,169,189,218,248,275,294,300,295,284,268,253,246,250,261,274,289,295,291,279,254,224,194
GS01,06/12/25,169,155,156,169,191,218,247,270,282,285,277,264,250,239,236,241,251,267,277,282,279,267,245,220
GS01,06/12/26,196,178,169,174,186,208,236,260,279,288,287,277,264,252,244,242,249,261,274,286,294,296,286,269
GS01,06/12/27,254,234,224,221,226,240,259,282,302,315,316,308,297,280,265,256,251,251,257,265,274,281,278,272
GS01,06/12/28,260,243,231,221,217,226,235,252,271,286,296,294,286,274,261,246,237,230,230,236,247,259,267,272
GS01,06/12/29,272,267,259,249,243,241,244,253,265,279,288,290,289,278,264,247,226,212,203,199,207,219,231,245
GS01,06/12/30,257,264,265,262,258,253,253,254,261,270,281,289,290,287,276,262,240,216,198,186,184,192,207,225
GS01,06/12/31,245,261,272,274,274,270,262,259,260,264,271,279,285,287,282,272,252,227,201,179,168,167,176,195
