GS01,43/01/01,167,163,162,148,143,142,143,154,167,181,193,198,203,198,187,173,159,149,139,134,137,147,159,171
GS01,43/01/02,177,183,182,174,166,161,154,158,163,172,187,197,206,206,200,189,171,149,131,116,113,116,125,148
GS01,43/01/03,160,175,192,182,181,174,165,157,155,164,174,188,202,206,211,200,189,163,139,117,98,103,105,125
GS01,43/01/04,155,176,197,205,210,209,190,183,170,165,170,187,200,213,221,221,207,189,154,122,97,88,81,106
GS01,43/01/05,124,150,181,206,211,215,203,193,181,161,163,170,179,195,213,219,215,197,167,131,94,83,64,65
GS01,43/01/06,89,113,154,185,209,217,217,209,189,177,160,162,170,189,210,223,226,220,194,162,124,91,65,59
GS01,43/01/07,67,88,126,162,191,216,222,218,205,185,170,157,156,170,190,210,224,224,212,184,150,115,78,60
GS01,43/01/08,56,67,100,133,167,203,218,225,217,201,183,164,157,160,178,202,221,235,230,213,185,146,109,83
GS01,43/01/09,65,65,82,111,146,181,205,218,217,203,185,167,150,149,158,174,192,208,211,207,189,162,130,100
GS01,43/01/10,78,67,73,92,121,153,182,206,210,209,191,175,160,146,151,160,176,194,204,211,201,189,161,131
GS01,43/01/11,105,91,91,100,121,149,177,200,219,220,215,198,181,169,164,162,171,188,205,210,215,207,190,171
GS01,43/01/12,151,132,121,121,129,146,165,187,204,210,207,200,181,166,151,146,146,152,164,179,185,179,182,166
GS01,43/01/13,149,136,127,119,125,132,148,172,184,192,197,193,184,167,156,145,139,137,141,154,161,168,171,170
GS01,43/01/14,164,156,145,141,136,143,149,163,177,189,200,198,189,184,170,159,144,137,136,143,144,155,163,165
GS01,43/01/15,174,166,160,160,154,156,159,165,177,182,194,198,195,193,181,172,147,137,131,125,130,137,146,159
GS01,43/01/16,161,174,174,172,171,167,164,169,168,179,191,194,202,200,199,186,170,153,138,128,123,128,139,153
GS01,43/01/17,169,182,189,193,191,186,180,177,173,179,186,193,203,206,208,203,184,166,143,121,107,104,112,123
GS01,43/01/18,144,161,177,188,192,188,182,176,165,167,167,171,185,193,198,198,190,172,147,119,99,88,89,101
GS01,43/01/19,117,145,161,181,192,191,184,175,167,159,156,162,171,183,195,201,197,182,158,129,98,83,78,82
GS01,43/01/20,100,123,150,171,185,193,192,181,167,156,149,150,158,174,186,197,201,189,169,137,107,82,66,63
GS01,43/01/21,76,98,128,156,175,190,191,186,171,157,147,142,146,157,177,195,200,200,186,159,129,97,76,65
GS01,43/01/22,69,87,117,145,171,190,198,194,182,166,151,143,141,156,173,188,206,211,203,182,151,122,95,81
GS01,43/01/23,84,94,124,153,184,215,227,226,213,191,176,161,154,161,173,197,210,220,221,205,178,146,113,92
GS01,43/01/24,78,87,104,129,158,189,201,211,207,190,171,156,142,150,157,175,200,208,216,205,186,163,128,106
GS01,43/01/25,88,86,97,120,149,177,194,213,209,198,178,162,143,143,145,156,179,198,208,212,195,180,143,125
GS01,43/01/26,106,94,99,105,140,167,183,206,209,201,184,172,154,141,143,148,163,182,194,204,194,191,168,141
GS01,43/01/27,127,104,108,121,130,158,182,198,207,206,196,181,160,144,139,138,148,160,173,182,187,183,171,157
GS01,43/01/28,140,122,117,115,125,142,163,182,197,201,197,187,171,154,140,136,136,143,157,167,175,182,177,165
GS01,43/01/29,155,145,135,130,133,141,162,174,191,204,203,193,186,166,151,138,130,134,141,146,167,170,175,171
GS01,43/01/30,169,167,159,149,147,156,163,175,188,200,206,203,198,188,171,157,147,138,134,138,147,159,169,181
GS01,43/01/31,183,189,188,180,176,173,174,179,186,195,203,206,206,198,185,170,153,136,123,118,117,128,137,156
GS01,43/02/01,168,182,186,190,183,177,171,167,172,178,184,193,200,200,195,180,165,140,122,106,93,95,111,126
GS01,43/02/02,149,169,189,199,197,192,183,173,167,165,173,179,190,201,202,198,180,161,130,103,84,77,78,95
GS01,43/02/03,120,147,175,194,206,206,199,188,178,172,176,173,190,211,222,234,221,208,177,144,115,97,88,86
GS01,43/02/04,107,134,175,198,226,229,228,216,192,176,169,170,185,191,217,225,230,215,188,156,126,93,74,67
GS01,43/02/05,77,104,137,169,198,219,223,212,194,174,158,149,151,164,188,210,225,226,209,181,140,103,72,54
GS01,43/02/06,56,73,98,132,174,201,213,211,195,175,156,136,132,142,160,189,212,225,224,207,179,135,114,90
GS01,43/02/07,78,78,101,144,173,209,235,241,233,219,193,169,157,160,174,195,215,235,242,231,211,189,145,117
GS01,43/02/08,96,94,106,126,152,184,205,221,219,203,182,155,138,130,133,152,176,196,213,221,211,189,160,132
GS01,43/02/09,109,101,105,120,142,170,195,213,216,209,192,170,149,131,129,135,154,169,187,196,198,187,169,147
GS01,43/02/10,126,110,111,118,134,155,176,191,199,196,183,166,144,126,116,120,125,143,161,173,177,173,167,153
GS01,43/02/11,133,121,119,120,129,143,159,175,185,190,179,165,152,130,119,112,116,121,133,145,156,154,157,151
GS01,43/02/12,142,130,125,126,133,140,153,167,176,179,182,173,160,148,130,119,116,111,122,130,140,149,156,158
GS01,43/02/13,153,157,148,151,147,152,159,167,176,179,183,181,173,162,150,139,129,118,117,119,124,137,147,151
GS01,43/02/14,159,166,166,167,162,163,161,171,172,180,184,182,180,179,167,157,142,128,117,114,117,119,131,142
GS01,43/02/15,157,165,171,174,173,167,172,166,167,169,172,180,184,183,180,172,158,144,126,113,106,106,115,130
GS01,43/02/16,145,162,176,184,185,182,178,171,167,163,165,174,178,187,189,187,181,159,140,120,100,98,102,116
GS01,43/02/17,135,155,179,189,197,198,193,185,173,168,168,175,183,197,200,204,202,190,167,143,118,105,100,111
GS01,43/02/18,129,150,176,198,213,220,216,204,188,178,168,171,183,196,211,222,220,211,189,157,126,106,96,95
GS01,43/02/19,111,135,159,183,204,212,209,196,176,164,152,149,155,173,189,206,216,213,202,171,146,110,97,89
GS01,43/02/20,95,113,147,172,196,216,211,208,182,171,154,144,148,163,178,199,216,222,212,188,162,130,101,87
GS01,43/02/21,91,105,128,162,190,206,214,206,191,170,147,135,130,142,159,181,202,213,213,197,170,138,112,94
GS01,43/02/22,91,102,126,156,185,205,216,211,196,175,155,135,126,129,144,169,193,211,216,210,190,162,135,106
GS01,43/02/23,93,94,112,130,164,190,208,215,209,186,164,145,131,128,138,161,184,203,218,215,202,180,153,127
GS01,43/02/24,108,106,117,137,163,187,207,214,208,192,168,144,129,117,122,135,157,176,195,204,197,185,161,141
GS01,43/02/25,120,115,114,128,150,171,191,207,208,200,181,161,136,122,120,127,145,165,183,199,202,198,187,165
GS01,43/02/26,147,133,136,138,152,176,195,209,215,208,196,174,153,135,122,122,131,144,162,178,187,191,187,176
GS01,43/02/27,163,147,141,141,148,162,179,193,201,200,192,178,158,138,123,112,115,120,130,145,161,173,175,178
GS01,43/02/28,166,166,155,153,156,161,169,179,194,197,197,187,177,159,145,130,123,122,126,135,147,158,172,184
GS01,43/03/01,190,188,191,186,182,185,188,193,202,206,209,210,203,192,178,162,145,137,129,126,130,143,162,174
GS01,43/03/02,186,197,200,201,198,190,186,182,184,192,195,199,203,198,191,178,159,142,122,110,107,110,125,144
GS01,43/03/03,164,184,205,206,211,202,191,183,175,176,178,188,198,207,205,199,185,164,139,112,100,92,99,116
GS01,43/03/04,141,166,191,209,215,213,199,184,170,161,160,169,185,198,211,216,208,188,160,131,102,87,82,92
GS01,43/03/05,116,144,173,205,212,219,209,191,173,153,145,151,165,183,203,219,220,212,188,158,124,97,84,84
GS01,43/03/06,96,127,161,191,213,226,221,202,177,154,137,136,144,165,191,212,227,228,214,188,154,120,93,84
GS01,43/03/07,88,108,139,172,200,219,222,209,187,161,137,122,124,138,163,191,213,226,222,207,175,141,114,92
GS01,43/03/08,90,101,124,156,184,211,217,213,193,167,139,119,113,119,138,170,196,218,224,219,197,171,142,117
GS01,43/03/09,105,114,131,156,185,208,224,227,214,191,162,138,118,119,129,151,179,203,218,221,209,187,162,139
GS01,43/03/10,123,118,128,147,172,193,213,219,213,194,170,146,124,113,113,128,151,176,196,207,204,192,174,152
GS01,43/03/11,134,126,126,139,157,177,195,204,203,191,171,149,124,107,103,108,123,147,167,184,191,185,174,164
GS01,43/03/12,148,136,137,143,155,171,188,202,203,197,184,164,144,125,112,113,118,135,150,168,180,185,182,174
GS01,43/03/13,162,155,152,154,159,171,185,195,201,200,192,177,162,143,128,121,121,128,138,151,164,172,176,176
GS01,43/03/14,174,169,166,164,166,173,181,188,193,194,192,183,172,157,143,131,128,126,131,136,146,159,166,174
GS01,43/03/15,173,181,178,174,174,175,180,179,189,186,188,188,181,173,165,154,142,136,134,136,143,150,161,173
GS01,43/03/16,183,188,192,194,191,189,187,184,184,186,190,192,192,190,186,176,164,154,146,131,128,133,143,153
GS01,43/03/17,171,179,192,193,194,187,182,174,169,166,167,175,182,182,184,179,170,154,136,118,111,108,117,129
GS01,43/03/18,149,165,180,191,192,189,183,167,159,153,152,160,169,174,188,188,180,168,148,125,109,102,105,116
GS01,43/03/19,135,156,175,191,197,196,189,175,156,148,143,147,163,169,190,196,199,192,167,147,118,108,104,107
GS01,43/03/20,123,151,173,194,206,210,198,187,167,151,141,150,157,175,193,206,221,208,196,164,149,119,102,100
GS01,43/03/21,115,139,164,193,204,208,208,188,160,145,127,129,137,149,172,200,208,213,205,179,154,130,107,96
GS01,43/03/22,106,124,156,176,203,214,216,200,177,152,133,123,122,147,158,189,220,229,222,221,189,169,146,129
GS01,43/03/23,127,143,165,191,213,225,236,222,195,165,143,125,118,128,145,174,198,219,227,222,198,173,145,119
GS01,43/03/24,111,114,134,162,187,210,220,214,198,173,141,119,104,109,123,146,180,202,216,220,209,187,164,144
GS01,43/03/25,124,124,133,156,180,205,218,218,208,183,152,126,106,98,109,129,155,181,200,212,206,194,171,149
GS01,43/03/26,133,125,131,147,169,188,203,210,200,185,159,128,107,93,92,105,126,149,172,188,196,192,178,163
GS01,43/03/27,148,134,132,143,154,179,192,200,199,188,167,141,121,101,92,98,111,129,154,171,185,192,190,180
GS01,43/03/28,170,156,158,157,166,177,191,202,207,202,190,171,152,131,114,111,115,123,145,158,176,189,195,195
GS01,43/03/29,192,183,180,175,175,180,188,196,201,201,193,181,167,150,135,124,114,115,116,132,143,157,174,183
GS01,43/03/30,188,186,183,180,184,177,175,182,179,189,186,181,178,167,155,136,123,114,113,109,115,131,148,163
GS01,43/03/31,178,189,194,190,180,181,168,163,169,163,173,176,177,180,173,155,142,127,107,99,102,105,121,140
GS01,43/04/01,161,179,191,199,194,185,173,160,152,152,157,168,176,186,186,182,170,149,129,109,98,97,100,121
GS01,43/04/02,141,167,185,197,197,192,175,154,139,131,131,144,158,173,185,192,185,169,147,120,100,90,89,97
GS01,43/04/03,120,148,172,192,199,198,182,163,139,124,117,124,138,160,184,200,207,197,179,152,126,101,92,96
GS01,43/04/04,113,143,174,191,211,216,204,183,155,132,119,118,131,147,176,199,217,215,208,183,155,128,107,103
GS01,43/04/05,112,133,162,189,209,216,210,188,163,134,107,95,97,115,143,173,197,208,208,195,170,144,117,106
GS01,43/04/06,102,116,143,170,192,205,206,194,168,138,110,89,85,98,120,153,181,205,211,203,188,167,141,124
GS01,43/04/07,112,126,136,163,185,205,213,210,186,158,127,106,91,96,107,138,167,192,213,214,205,191,175,150
GS01,43/04/08,139,144,155,173,191,218,227,225,214,187,158,131,110,111,114,140,168,196,220,228,227,216,203,189
GS01,43/04/09,163,158,157,175,190,209,222,224,214,193,163,137,112,106,104,118,141,164,187,199,202,199,186,170
GS01,43/04/10,162,150,150,159,172,183,198,200,195,181,163,137,116,99,92,100,107,134,155,169,178,186,174,173
GS01,43/04/11,157,156,151,154,167,168,185,192,190,181,168,151,133,115,106,102,108,126,144,161,173,186,187,183
GS01,43/04/12,176,178,170,172,178,188,195,209,209,207,197,185,168,155,141,133,132,134,153,164,175,182,191,191
GS01,43/04/13,197,191,188,183,187,184,187,192,194,194,191,183,170,162,152,142,132,131,134,142,153,166,175,180
GS01,43/04/14,185,190,188,183,179,173,172,170,170,173,175,177,175,168,163,153,140,134,127,127,131,141,150,165
GS01,43/04/15,176,186,184,183,180,173,165,159,156,156,161,166,170,174,172,165,152,142,128,121,120,125,134,151
GS01,43/04/16,168,183,188,190,188,178,167,153,145,145,149,158,167,176,183,183,173,158,142,128,118,117,126,141
GS01,43/04/17,161,181,192,198,196,185,169,152,139,131,133,141,156,172,187,192,186,175,154,131,115,106,108,122
GS01,43/04/18,145,167,185,195,194,187,168,148,128,114,113,122,137,162,178,194,197,187,173,147,127,113,107,117
GS01,43/04/19,135,159,186,200,207,201,185,162,135,119,105,113,127,149,180,200,217,210,201,180,154,138,121,122
GS01,43/04/20,137,161,183,203,215,214,201,174,147,118,102,97,108,129,157,185,208,217,215,195,172,145,126,119
GS01,43/04/21,126,147,169,193,212,219,212,190,161,129,107,96,97,115,145,176,206,227,231,220,198,175,149,133
GS01,43/04/22,136,145,166,190,212,221,219,202,173,138,108,87,81,91,111,139,174,197,214,215,202,182,160,138
GS01,43/04/23,130,140,152,173,194,210,213,205,182,152,119,95,78,79,93,118,148,179,202,214,210,199,178,159
GS01,43/04/24,147,145,151,165,188,203,215,212,198,173,142,117,93,82,84,102,125,156,179,201,209,204,194,177
GS01,43/04/25,164,153,156,160,176,192,201,208,201,181,158,132,108,90,83,89,103,126,153,173,189,196,194,187
GS01,43/04/26,176,167,159,162,169,180,191,198,199,188,171,154,133,110,98,93,98,112,133,152,172,184,191,192
GS01,43/04/27,188,180,171,170,169,171,181,185,190,187,182,169,152,135,114,107,99,100,108,123,140,158,170,181
GS01,43/04/28,185,182,175,169,164,160,160,163,167,171,173,170,163,153,138,124,114,105,105,112,124,143,159,174
GS01,43/04/29,188,192,191,187,177,170,165,161,163,167,176,180,182,181,172,163,147,131,122,120,123,133,149,169
GS01,43/04/30,185,201,204,202,195,179,164,155,151,152,162,173,183,194,194,189,177,160,144,129,122,128,138,154
GS01,43/05/01,176,194,205,209,202,187,169,148,136,131,135,150,167,185,198,202,195,182,164,141,129,123,128,142
GS01,43/05/02,164,186,205,212,212,195,176,150,127,117,117,128,148,173,191,206,209,199,182,160,144,129,128,135
GS01,43/05/03,156,177,199,214,216,205,185,156,130,109,99,106,121,150,177,201,214,212,199,180,156,139,128,128
GS01,43/05/04,144,164,189,208,216,216,193,171,137,110,94,94,103,128,157,190,206,220,215,199,174,155,136,133
GS01,43/05/05,144,163,181,202,216,216,209,181,154,119,96,83,88,108,137,171,197,217,220,215,197,180,162,150
GS01,43/05/06,152,160,184,203,220,226,222,206,175,145,115,97,92,107,129,157,187,216,225,227,215,196,178,162
GS01,43/05/07,157,166,177,193,215,222,222,209,187,159,130,104,92,93,109,133,164,192,209,219,216,202,189,171
GS01,43/05/08,161,163,171,188,199,215,220,213,196,171,146,122,103,96,105,121,148,175,197,210,213,208,195,182
GS01,43/05/09,170,166,168,178,189,201,210,210,201,182,160,135,112,103,102,111,133,155,178,196,207,209,202,192
GS01,43/05/10,182,176,175,179,187,198,208,210,207,194,178,156,135,120,111,114,124,141,164,178,196,198,202,194
GS01,43/05/11,184,179,172,172,176,183,187,195,193,189,176,162,148,131,119,115,120,126,142,159,175,185,190,190
GS01,43/05/12,187,180,174,170,169,169,174,178,179,180,175,169,155,144,132,121,119,124,133,145,161,175,184,190
GS01,43/05/13,193,187,186,177,171,170,170,171,175,178,180,178,172,168,156,147,136,132,132,142,153,168,180,195
GS01,43/05/14,202,205,198,193,185,178,172,172,168,175,177,186,191,192,185,174,161,152,142,146,145,158,176,187
GS01,43/05/15,196,202,202,200,188,175,164,156,144,151,158,168,177,185,182,181,172,154,146,134,133,144,161,171
GS01,43/05/16,186,207,206,207,197,180,160,145,134,132,142,155,170,185,201,200,196,183,167,149,139,147,152,167
GS01,43/05/17,188,209,220,222,214,198,176,157,139,133,133,149,166,183,207,216,216,205,194,168,153,144,150,157
GS01,43/05/18,178,199,217,227,219,205,185,157,127,112,108,120,135,156,186,209,214,213,205,186,166,147,142,148
GS01,43/05/19,161,182,204,213,223,208,189,162,124,105,88,92,105,133,166,195,214,225,220,205,182,165,148,144
GS01,43/05/20,155,173,201,217,227,225,207,185,151,118,95,82,90,110,143,174,204,224,230,218,203,181,161,155
GS01,43/05/21,150,166,183,204,221,224,218,195,162,126,96,74,72,83,110,141,179,206,223,227,214,196,178,159
GS01,43/05/22,153,158,171,191,210,220,220,207,181,149,109,84,68,70,85,114,147,179,205,219,221,212,193,177
GS01,43/05/23,165,159,165,181,195,215,220,215,197,168,135,106,85,74,80,96,125,152,182,204,213,212,203,187
GS01,43/05/24,175,163,165,169,183,198,211,209,203,185,161,130,104,88,85,88,112,136,161,190,207,214,215,205
GS01,43/05/25,195,188,182,179,187,200,211,212,218,205,191,166,144,127,113,112,118,132,157,178,202,214,222,219
GS01,43/05/26,209,198,187,185,183,186,195,204,205,205,200,188,173,154,131,119,115,128,136,163,172,188,210,205
GS01,43/05/27,209,205,195,187,178,177,177,180,189,192,199,190,191,175,160,146,139,135,141,147,161,180,197,211
GS01,43/05/28,211,212,208,197,183,172,168,164,169,176,182,193,196,193,183,177,164,156,152,153,162,172,187,202
GS01,43/05/29,214,220,215,208,189,181,164,154,152,159,169,183,191,202,198,196,182,171,160,150,151,155,168,185
GS01,43/05/30,200,212,213,209,190,176,160,136,119,123,135,149,166,180,195,196,188,182,166,151,146,144,153,164
GS01,43/05/31,187,198,206,207,199,178,155,128,113,107,108,125,142,166,186,198,202,197,181,169,151,152,148,163
GS01,43/06/01,175,198,209,213,208,196,170,141,115,100,96,104,125,152,175,198,210,210,200,185,171,157,154,160
GS01,43/06/02,171,188,206,218,215,206,187,152,129,104,90,92,107,132,162,186,208,215,212,201,183,168,159,155
GS01,43/06/03,165,183,199,214,220,212,199,172,138,112,92,85,95,114,147,177,201,215,220,215,200,187,170,167
GS01,43/06/04,168,182,203,218,229,229,218,198,169,138,114,98,100,112,141,170,193,222,232,231,217,197,183,171
GS01,43/06/05,171,177,190,206,220,226,220,203,177,147,120,98,86,97,112,138,173,197,214,220,215,203,186,174
GS01,43/06/06,166,169,178,190,204,217,214,207,188,157,132,105,93,89,100,123,148,178,197,210,211,208,190,181
GS01,43/06/07,168,167,172,183,195,205,212,208,194,173,147,124,103,97,98,114,137,161,184,201,208,203,198,183
GS01,43/06/08,174,166,169,173,182,195,200,201,195,180,157,137,116,104,100,108,122,144,166,185,199,201,197,189
GS01,43/06/09,176,170,167,167,173,182,193,197,195,187,173,155,138,120,113,113,122,137,159,179,193,203,203,198
GS01,43/06/10,188,177,168,166,166,172,181,188,189,185,179,167,152,139,124,123,124,135,148,166,181,194,199,197
GS01,43/06/11,194,181,175,166,163,164,167,169,177,182,181,175,167,158,147,135,129,131,139,153,165,183,192,200
GS01,43/06/12,197,190,179,166,161,157,152,154,156,163,168,173,174,168,162,149,141,133,138,137,154,168,185,194
GS01,43/06/13,199,198,190,178,165,154,144,140,144,148,157,168,175,177,179,173,161,151,145,144,150,161,177,191
GS01,43/06/14,202,207,202,191,176,158,145,132,127,132,141,158,173,186,195,192,185,175,161,154,154,161,172,187
GS01,43/06/15,202,215,217,207,193,173,149,131,118,117,123,139,161,183,198,207,206,196,181,167,157,156,164,178
GS01,43/06/16,194,208,217,214,203,182,154,128,107,95,99,111,133,160,188,204,213,207,195,181,166,155,157,166
GS01,43/06/17,180,199,212,218,213,198,167,138,109,86,79,86,102,135,167,196,216,222,217,199,180,163,160,160
GS01,43/06/18,175,191,211,223,227,215,190,166,133,101,81,73,97,116,149,185,212,231,238,226,208,189,175,172
GS01,43/06/19,174,190,208,227,236,232,216,192,159,118,90,75,73,92,125,153,190,219,232,236,225,204,186,175
GS01,43/06/20,170,179,195,211,226,233,228,208,179,142,107,81,77,82,99,134,167,203,218,235,234,219,205,186
GS01,43/06/21,175,175,180,198,218,229,232,219,200,174,141,110,91,82,88,103,137,171,196,222,225,225,209,191
GS01,43/06/22,182,168,173,182,193,213,219,218,206,189,161,130,107,93,88,99,116,142,170,198,211,219,210,197
GS01,43/06/23,182,169,162,166,173,189,200,208,205,195,177,156,131,116,103,103,112,130,154,180,197,211,208,202
GS01,43/06/24,190,177,164,158,159,168,179,189,195,192,185,174,158,138,126,116,117,129,143,162,181,197,205,202
GS01,43/06/25,193,180,167,152,149,149,154,163,170,178,178,178,167,161,146,137,131,130,138,153,172,189,198,202
GS01,43/06/26,201,192,180,165,153,144,142,143,152,162,171,174,179,173,167,159,150,146,147,154,166,178,192,203
GS01,43/06/27,203,202,192,180,161,144,137,132,137,147,162,174,185,191,191,186,176,171,167,163,170,182,191,204
GS01,43/06/28,214,215,209,197,178,160,142,129,122,131,135,169,175,196,196,200,195,183,175,167,168,174,183,196
GS01,43/06/29,209,218,216,206,193,171,150,130,113,114,120,135,155,176,195,203,205,200,192,178,170,171,172,186
GS01,43/06/30,196,207,213,212,200,180,157,132,110,98,99,115,133,161,183,202,209,210,201,188,173,170,170,174
GS01,43/07/01,186,202,215,214,211,194,172,144,119,100,91,96,116,142,167,192,208,215,210,197,183,169,165,166
GS01,43/07/02,175,192,204,215,215,208,185,157,129,104,88,86,98,122,152,180,203,213,217,206,195,178,166,164
GS01,43/07/03,171,184,200,216,220,218,203,179,149,117,99,87,92,111,137,168,194,215,221,220,206,190,176,167
GS01,43/07/04,170,177,195,212,225,227,221,201,169,142,112,97,93,103,126,155,183,209,222,223,214,199,184,172
GS01,43/07/05,167,172,184,202,217,224,224,210,187,157,125,101,90,93,112,136,166,191,209,217,216,205,186,169
GS01,43/07/06,163,161,167,181,198,211,215,212,193,168,141,113,95,91,101,121,147,175,198,210,214,204,189,171
GS01,43/07/07,159,156,156,166,183,197,207,209,198,184,159,131,108,99,102,115,137,161,188,203,208,208,197,179
GS01,43/07/08,168,159,155,158,175,185,197,206,202,192,173,151,131,116,110,117,133,155,177,197,210,211,205,193
GS01,43/07/09,175,163,157,156,163,174,185,195,197,193,182,166,147,130,123,123,129,146,166,186,204,211,205,199
GS01,43/07/10,188,173,160,155,156,161,169,178,186,189,189,177,169,156,142,138,138,145,159,178,195,208,210,208
GS01,43/07/11,197,182,170,153,151,146,151,159,166,175,182,181,177,170,158,152,142,147,152,164,179,192,202,204
GS01,43/07/12,198,188,176,159,147,138,134,136,144,154,165,174,179,180,175,166,160,153,153,158,168,181,193,201
GS01,43/07/13,202,198,186,168,152,136,123,120,121,130,146,162,176,185,188,185,178,166,160,160,166,173,187,198
GS01,43/07/14,205,204,198,183,165,140,121,104,100,104,116,136,158,178,189,195,192,183,172,162,159,162,170,182
GS01,43/07/15,194,201,204,195,178,153,128,105,86,82,91,105,130,159,181,196,202,199,186,174,162,158,162,173
GS01,43/07/16,184,197,207,203,195,173,144,112,87,70,66,75,102,130,163,188,202,207,201,185,170,156,150,160
GS01,43/07/17,171,187,202,210,211,196,170,136,102,72,59,59,77,103,138,174,201,212,217,204,187,168,156,154
GS01,43/07/18,165,178,195,212,222,218,198,170,130,96,68,59,64,84,114,150,185,208,222,218,203,184,164,155
GS01,43/07/19,153,166,183,202,218,224,219,197,164,127,94,68,61,69,92,127,161,194,214,218,213,193,173,157
GS01,43/07/20,149,154,166,184,204,216,221,212,189,157,122,92,73,72,84,109,142,177,203,215,217,203,184,167
GS01,43/07/21,152,144,151,163,182,202,218,217,203,180,153,123,101,86,89,102,127,156,184,206,211,210,196,175
GS01,43/07/22,160,144,139,145,159,178,194,204,205,193,173,151,129,108,102,108,125,146,173,196,210,213,205,189
GS01,43/07/23,171,154,143,140,147,160,177,191,195,196,184,173,155,138,129,127,132,149,170,188,206,215,210,202
GS01,43/07/24,188,168,153,142,142,146,156,169,179,186,186,177,168,157,150,144,145,153,165,178,193,204,208,203
GS01,43/07/25,194,180,162,150,140,138,142,150,160,170,179,184,182,177,170,164,162,163,168,180,189,202,208,210
GS01,43/07/26,205,197,183,167,150,138,135,134,142,152,164,174,182,188,185,181,179,173,176,176,186,195,204,209
GS01,43/07/27,209,205,195,180,162,143,130,125,125,135,148,161,177,189,194,195,193,188,183,181,183,189,195,203
GS01,43/07/28,211,216,209,199,182,162,144,128,123,124,135,151,173,193,208,214,215,213,202,198,191,195,201,207
GS01,43/07/29,217,228,230,226,203,192,166,145,129,123,125,140,161,184,205,219,224,219,209,198,189,186,187,192
GS01,43/07/30,203,215,224,227,218,202,179,148,125,110,111,118,139,167,192,211,223,224,217,205,192,183,179,183
GS01,43/07/31,195,208,223,229,228,215,196,164,136,113,104,105,121,149,174,202,220,229,223,210,196,182,171,172
GS01,43/08/01,179,195,212,225,230,224,207,178,148,121,101,99,108,131,161,191,214,228,229,222,204,187,174,168
GS01,43/08/02,174,186,202,221,233,234,223,199,167,138,116,103,101,118,142,176,202,225,231,230,216,195,177,164
GS01,43/08/03,165,173,188,210,224,235,233,216,188,159,133,106,102,111,131,162,191,216,232,235,223,205,185,168
GS01,43/08/04,161,166,179,197,217,232,235,227,207,180,152,127,111,113,124,152,182,207,227,234,228,212,190,172
GS01,43/08/05,159,160,168,182,205,218,231,230,216,193,167,140,120,114,119,138,164,191,214,226,226,213,194,173
GS01,43/08/06,157,148,149,159,176,193,207,215,210,196,176,150,131,120,117,130,152,178,200,216,222,216,198,179
GS01,43/08/07,158,149,143,146,160,174,188,203,206,199,186,169,148,134,129,133,148,168,189,206,216,216,206,188
GS01,43/08/08,168,155,145,142,146,156,171,186,195,195,190,180,166,151,144,143,149,162,178,196,212,213,211,195
GS01,43/08/09,180,162,151,141,138,141,152,162,175,183,186,183,177,168,159,155,154,164,170,183,199,206,207,202
GS01,43/08/10,188,172,154,141,132,130,133,142,153,163,173,181,183,180,177,171,169,168,169,179,188,198,205,206
GS01,43/08/11,199,189,172,156,138,128,122,123,128,140,157,171,184,192,196,192,185,180,173,175,179,187,195,205
GS01,43/08/12,205,200,188,172,152,131,116,107,104,113,127,148,170,188,202,205,201,192,182,172,173,179,184,195
GS01,43/08/13,205,205,204,194,176,149,126,107,93,90,101,120,146,176,199,212,214,208,196,183,171,167,174,181
GS01,43/08/14,197,208,215,211,198,177,148,115,93,79,80,94,122,154,184,209,220,222,213,194,176,164,159,165
GS01,43/08/15,180,196,213,219,216,199,172,138,108,82,69,71,89,120,153,188,212,224,221,206,185,167,153,152
GS01,43/08/16,161,180,201,219,227,222,207,176,139,106,78,68,72,99,132,171,200,224,228,220,202,177,157,143
GS01,43/08/17,146,161,183,210,226,234,225,203,170,133,101,81,77,86,116,150,185,215,228,228,213,188,164,141
GS01,43/08/18,136,144,164,187,211,226,232,218,194,161,128,103,89,91,107,136,168,202,219,224,214,197,169,148
GS01,43/08/19,131,132,140,160,184,204,218,219,207,181,155,128,108,102,110,129,157,185,206,220,217,202,179,156
GS01,43/08/20,133,123,125,140,159,179,199,207,206,188,173,149,129,118,120,129,152,174,195,213,216,208,192,168
GS01,43/08/21,144,131,124,127,141,159,178,192,200,195,187,170,157,141,137,142,154,173,191,206,216,214,203,182
GS01,43/08/22,162,144,130,125,130,144,159,178,187,194,194,186,177,168,161,161,168,179,193,208,220,220,214,205
GS01,43/08/23,188,171,154,143,136,138,149,163,178,188,193,195,193,187,181,178,180,183,190,197,206,212,212,207
GS01,43/08/24,198,183,166,154,140,134,134,144,152,163,173,182,188,190,190,187,184,183,184,188,192,199,204,203
GS01,43/08/25,200,193,182,167,150,138,130,130,134,143,154,169,178,191,194,197,193,189,186,183,189,191,196,202
GS01,43/08/26,205,204,197,186,170,153,139,130,126,130,141,157,173,192,204,209,206,200,193,186,186,186,190,195
GS01,43/08/27,206,210,213,202,191,175,157,137,127,122,130,146,166,187,206,218,222,217,204,191,182,179,182,189
GS01,43/08/28,199,210,219,220,210,190,167,145,127,114,115,128,149,173,195,213,219,219,207,193,179,170,167,176
GS01,43/08/29,187,204,217,223,222,208,186,160,132,114,107,116,130,160,186,213,225,226,219,202,184,168,160,162
GS01,43/08/30,172,190,211,225,230,223,204,173,144,124,106,106,119,143,170,204,222,231,227,209,188,169,156,153
GS01,43/08/31,162,178,196,215,228,228,219,191,159,132,110,101,107,128,155,186,212,223,225,213,195,172,150,142
GS01,43/09/01,144,157,178,202,221,228,223,205,174,145,120,103,102,118,142,170,196,218,224,217,198,175,152,139
GS01,43/09/02,133,139,159,182,206,223,226,217,194,164,136,117,110,112,132,160,188,213,225,223,210,186,162,142
GS01,43/09/03,131,134,146,167,192,215,225,225,211,185,161,137,120,119,129,151,181,207,223,228,219,199,174,151
GS01,43/09/04,132,126,134,152,173,195,214,222,215,199,178,152,135,127,131,147,170,195,216,222,219,206,182,156
GS01,43/09/05,138,127,126,137,158,178,195,209,214,203,188,172,156,143,144,150,168,190,206,218,219,212,195,170
GS01,43/09/06,146,132,124,125,138,155,175,189,198,201,195,181,170,155,151,151,159,177,193,203,211,209,197,180
GS01,43/09/07,158,140,127,121,127,133,147,162,177,184,191,187,179,172,164,162,164,172,179,194,200,204,199,187
GS01,43/09/08,173,152,138,126,121,120,128,141,158,168,180,184,190,189,186,183,178,181,181,188,197,201,203,201
GS01,43/09/09,191,177,160,144,132,124,121,124,134,150,163,179,190,199,201,201,193,188,184,182,188,193,198,201
GS01,43/09/10,201,194,183,166,147,129,116,108,110,120,137,155,176,194,204,208,205,197,186,179,176,178,183,193
GS01,43/09/11,199,205,202,191,175,150,130,109,101,103,115,135,162,186,210,221,224,218,205,189,175,170,173,185
GS01,43/09/12,202,215,226,225,213,189,163,135,113,100,103,118,148,178,206,229,239,236,223,199,182,167,163,170
GS01,43/09/13,185,207,225,237,238,223,199,165,129,106,98,103,122,152,189,216,236,240,229,209,181,158,143,144
GS01,43/09/14,157,179,205,227,238,233,215,184,145,114,94,88,100,125,157,191,216,230,226,210,182,152,131,121
GS01,43/09/15,126,146,176,204,228,237,231,205,170,136,107,92,97,111,143,175,208,227,231,219,195,168,140,122
GS01,43/09/16,116,128,152,186,216,233,239,229,203,175,143,121,112,119,144,175,204,228,237,233,216,185,153,125
GS01,43/09/17,114,118,133,160,190,215,232,235,221,200,170,146,131,130,142,166,191,216,232,235,223,201,168,140
GS01,43/09/18,119,113,120,141,166,191,215,225,222,210,188,166,150,140,147,164,184,207,220,228,224,210,182,154
GS01,43/09/19,130,116,115,127,146,170,192,209,217,213,200,185,164,159,157,163,183,200,216,226,223,215,202,172
GS01,43/09/20,152,133,122,124,134,156,176,195,206,208,206,199,188,178,175,179,187,202,214,226,231,228,219,204
GS01,43/09/21,184,166,150,145,147,156,173,186,200,207,210,209,206,200,191,193,197,198,210,214,220,215,212,200
GS01,43/09/22,188,171,157,150,142,140,148,161,168,179,190,196,195,197,193,195,188,194,191,198,201,206,205,203
GS01,43/09/23,192,194,162,159,159,135,144,148,153,167,179,191,202,207,211,208,204,199,194,197,196,197,201,202
GS01,43/09/24,202,202,195,185,175,152,147,142,139,147,161,177,190,203,211,215,211,203,195,190,186,183,188,191
GS01,43/09/25,202,207,209,203,188,167,154,144,134,140,144,166,180,204,215,223,220,213,196,183,174,168,170,178
GS01,43/09/26,190,197,208,205,200,180,161,137,122,114,120,135,155,181,201,214,220,211,198,178,162,158,152,166
GS01,43/09/27,174,198,209,219,218,199,182,154,132,118,119,130,155,178,205,221,230,224,211,188,170,157,151,155
GS01,43/09/28,168,190,215,225,234,228,206,182,153,133,125,131,147,178,203,226,239,238,225,205,180,156,144,147
GS01,43/09/29,160,180,202,226,235,236,223,197,168,138,123,120,132,156,187,211,231,236,225,205,176,153,131,128
GS01,43/09/30,138,159,179,210,228,236,225,209,176,151,128,116,123,141,170,201,221,231,229,210,182,152,129,116
GS01,43/10/01,119,135,158,188,214,229,231,221,199,168,144,127,123,137,159,188,215,229,230,218,194,167,135,113
GS01,43/10/02,113,120,140,173,196,223,235,233,218,187,164,143,132,144,158,186,213,229,241,233,216,187,156,136
GS01,43/10/03,128,127,138,173,200,233,253,258,258,248,235,211,191,182,188,204,224,246,256,252,236,210,179,151
GS01,43/10/04,131,121,131,152,170,197,218,229,232,220,208,186,171,163,161,169,191,211,224,226,221,201,176,149
GS01,43/10/05,123,111,107,117,130,152,179,194,205,207,202,189,178,168,167,169,180,197,208,222,216,214,189,170
GS01,43/10/06,143,132,118,124,124,147,162,184,204,210,211,213,202,193,182,195,196,206,217,225,223,224,210,195
GS01,43/10/07,174,160,143,136,132,139,151,165,182,196,210,212,216,214,207,201,196,203,198,210,212,217,215,205
GS01,43/10/08,195,180,164,151,139,139,142,145,159,174,191,204,217,224,222,217,208,202,196,196,200,205,210,214
GS01,43/10/09,214,205,194,176,164,149,137,137,142,150,170,189,208,222,231,228,221,210,197,188,184,186,198,205
GS01,43/10/10,216,221,224,204,189,171,154,136,138,138,151,172,199,219,236,244,242,220,210,197,177,173,181,192
GS01,43/10/11,207,223,232,228,215,193,167,149,126,119,123,144,172,200,226,238,237,227,206,182,160,151,150,163
GS01,43/10/12,182,206,228,237,231,217,190,161,137,121,117,127,152,179,207,231,240,232,210,179,150,129,124,128
GS01,43/10/13,146,175,201,224,233,228,206,179,144,123,108,114,124,150,181,209,226,224,209,181,146,117,100,97
GS01,43/10/14,108,138,167,198,221,225,213,193,161,136,117,108,115,136,166,195,218,227,214,189,156,119,99,85
GS01,43/10/15,93,111,146,182,212,224,226,207,189,157,139,123,124,136,163,189,216,225,222,205,173,138,109,88
GS01,43/10/16,81,99,124,159,188,210,221,219,204,178,156,140,131,141,162,183,210,222,224,214,191,158,128,99
GS01,43/10/17,84,92,103,134,166,193,213,220,213,191,176,159,146,147,156,176,197,214,224,217,202,178,148,117
GS01,43/10/18,100,95,98,121,146,174,200,213,211,207,191,176,168,164,167,177,193,207,219,217,209,185,164,138
GS01,43/10/19,117,100,100,108,129,150,173,193,201,198,192,180,176,167,168,171,185,194,203,211,201,193,173,152
GS01,43/10/20,129,116,109,107,119,137,150,172,187,192,189,186,180,178,173,170,181,183,197,197,202,189,183,169
GS01,43/10/21,146,147,125,124,129,133,149,156,174,186,192,194,193,188,188,186,180,180,184,185,190,185,186,182
GS01,43/10/22,172,159,151,139,134,135,138,146,156,170,182,193,194,197,197,192,190,182,181,181,181,183,186,185
GS01,43/10/23,183,178,166,153,141,138,135,131,146,151,167,178,187,194,196,192,183,175,167,166,160,165,167,176
GS01,43/10/24,179,181,177,167,156,134,130,122,121,133,149,167,182,190,201,197,194,182,165,155,149,151,154,169
GS01,43/10/25,175,186,192,185,172,163,143,132,125,123,135,159,174,194,208,213,206,194,175,158,147,143,149,161
GS01,43/10/26,179,197,210,210,204,194,173,156,141,135,140,153,177,197,217,225,223,213,190,169,147,136,137,144
GS01,43/10/27,164,188,205,222,220,210,191,169,147,136,131,140,159,185,207,224,226,218,197,171,146,126,117,126
GS01,43/10/28,144,168,199,218,227,224,205,186,161,139,130,135,147,173,201,219,230,225,207,178,147,124,110,109
GS01,43/10/29,123,149,180,208,227,235,223,206,182,159,141,139,149,168,195,217,234,234,224,189,159,125,104,94
GS01,43/10/30,100,124,150,185,209,224,226,212,191,166,146,135,138,152,175,201,219,227,222,198,167,134,107,87
GS01,43/10/31,86,102,128,162,192,217,227,223,209,186,162,144,140,146,167,189,210,219,217,200,172,137,104,79
GS01,43/11/01,69,79,100,125,158,185,204,209,203,185,166,147,134,140,150,171,191,204,210,201,181,148,121,89
GS01,43/11/02,76,73,82,106,135,162,189,201,207,200,185,168,154,151,157,169,187,202,210,209,194,173,146,115
GS01,43/11/03,90,82,85,88,119,130,162,189,193,207,200,182,173,165,158,169,174,189,196,204,198,183,164,139
GS01,43/11/04,116,99,93,94,106,128,147,168,186,196,199,198,190,180,179,171,178,183,191,203,200,196,185,165
GS01,43/11/05,148,129,115,106,113,118,131,152,168,184,193,198,195,190,185,179,178,173,177,180,188,187,185,176
GS01,43/11/06,164,159,140,129,121,118,123,133,148,168,182,197,204,209,203,200,188,181,176,176,181,186,189,193
GS01,43/11/07,188,184,173,152,138,122,117,125,135,140,156,174,190,200,195,192,180,164,153,143,146,139,156,162
GS01,43/11/08,175,178,179,167,158,138,125,115,113,120,140,151,182,193,204,202,192,175,155,135,129,125,135,148
GS01,43/11/09,175,189,199,201,190,176,160,142,142,134,151,169,190,212,229,240,233,216,192,161,143,138,139,154
GS01,43/11/10,174,200,218,228,222,206,189,164,145,137,137,148,164,189,207,225,220,206,181,150,130,105,100,117
GS01,43/11/11,135,167,191,210,224,218,208,181,168,155,134,150,162,187,218,235,232,224,202,166,135,110,92,95
GS01,43/11/12,111,140,171,202,218,225,221,198,173,157,140,139,154,173,195,214,229,224,207,179,143,111,90,83
GS01,43/11/13,92,115,149,178,208,220,225,216,197,175,155,145,150,163,185,209,222,228,218,190,159,122,97,77
GS01,43/11/14,78,95,122,154,185,209,219,218,205,184,165,150,148,154,172,194,209,218,213,200,170,136,105,84
GS01,43/11/15,74,80,98,131,160,188,208,214,207,195,178,164,158,162,170,191,204,219,222,210,191,160,135,108
GS01,43/11/16,90,89,102,123,148,171,202,216,216,206,202,183,172,167,170,180,196,204,220,211,204,175,153,131
GS01,43/11/17,99,96,102,108,137,156,192,199,217,208,202,193,187,178,169,185,200,205,221,206,207,187,186,133
GS01,43/11/18,135,114,119,130,142,164,190,195,207,211,222,208,200,190,190,190,193,205,204,211,210,200,176,169
GS01,43/11/19,159,135,139,102,135,141,155,167,182,204,195,200,190,183,178,184,179,179,182,177,183,179,177,165
GS01,43/11/20,154,147,131,125,123,127,140,160,172,191,197,201,200,192,188,183,188,183,174,182,180,186,187,185
GS01,43/11/21,178,169,163,157,143,144,150,155,168,177,186,198,198,200,198,184,183,169,155,146,158,150,171,168
GS01,43/11/22,177,170,166,152,146,137,131,136,140,158,168,187,199,204,207,201,188,177,160,164,145,158,153,170
GS01,43/11/23,181,187,186,185,170,150,151,127,144,137,158,178,188,202,204,200,190,176,155,137,134,125,140,146
GS01,43/11/24,165,185,194,194,187,170,158,147,146,136,140,173,187,203,214,200,200,190,160,142,125,130,120,144
GS01,43/11/25,163,183,200,210,208,198,180,164,150,150,148,167,184,202,220,229,222,204,178,146,123,111,110,121
GS01,43/11/26,146,171,200,218,222,219,204,186,166,153,149,160,175,195,216,229,230,214,191,161,128,109,98,101
GS01,43/11/27,121,150,183,205,227,229,221,201,180,158,150,151,160,180,204,219,223,216,193,167,125,98,79,77
GS01,43/11/28,82,111,150,179,205,223,227,214,197,175,159,148,160,174,193,219,227,229,214,187,150,117,89,75
GS01,43/11/29,78,98,127,162,193,214,229,227,215,196,175,162,157,166,182,205,219,229,221,200,168,127,96,73
GS01,43/11/30,61,69,93,125,159,186,210,217,213,199,180,160,150,155,165,184,200,212,216,204,182,148,115,87
GS01,43/12/01,69,67,78,102,137,164,192,213,219,215,203,186,174,170,175,187,203,216,224,222,206,182,149,118
GS01,43/12/02,95,84,84,96,122,147,177,201,210,213,205,195,179,167,167,173,179,194,202,207,203,189,166,141
GS01,43/12/03,116,100,90,94,107,123,153,177,199,212,213,210,201,192,176,181,185,188,203,218,221,219,206,190
GS01,43/12/04,176,141,128,118,121,131,152,164,187,205,212,213,210,197,190,179,171,173,173,181,189,193,194,187
GS01,43/12/05,177,160,145,132,127,128,137,149,172,187,204,210,213,208,199,187,174,163,160,159,166,177,181,184
GS01,43/12/06,183,176,165,153,143,140,134,139,149,172,187,202,207,202,207,192,174,162,150,140,142,148,164,178
GS01,43/12/07,187,188,198,181,170,165,156,153,153,172,180,207,216,233,223,230,201,188,169,159,141,152,154,169
GS01,43/12/08,182,205,212,209,205,192,180,169,168,171,179,195,210,222,232,230,212,188,162,140,122,114,120,134
GS01,43/12/09,152,179,194,204,206,198,184,172,157,154,159,167,183,199,213,222,210,196,168,139,111,99,92,107
GS01,43/12/10,130,157,187,203,215,215,203,189,175,163,165,170,181,201,220,231,231,215,194,163,132,111,96,98
GS01,43/12/11,116,142,172,200,217,223,220,206,186,172,163,164,173,191,209,223,228,220,199,170,135,108,84,81
GS01,43/12/12,94,119,157,182,210,226,230,221,208,188,176,171,172,183,205,219,230,226,214,187,155,121,90,79
GS01,43/12/13,81,96,125,160,188,207,221,220,208,191,176,166,165,170,189,206,218,224,217,199,172,138,102,84
GS01,43/12/14,78,85,107,136,168,196,216,218,212,202,185,172,164,167,175,196,213,225,221,212,193,161,128,101
GS01,43/12/15,92,86,105,128,161,192,215,220,225,217,200,184,174,166,175,188,204,213,221,213,201,178,148,122
GS01,43/12/16,105,93,104,120,140,176,199,218,227,220,212,199,184,177,179,193,203,221,229,225,219,200,177,153
GS01,43/12/17,129,118,116,121,139,167,190,209,220,224,219,203,193,183,173,172,174,186,195,196,200,194,176,155
GS01,43/12/18,134,123,114,116,120,143,167,185,206,211,214,205,195,182,175,170,177,185,190,196,199,194,185,172
GS01,43/12/19,156,140,129,127,129,136,159,173,192,201,204,203,193,182,172,163,157,160,160,164,172,173,170,165
GS01,43/12/20,152,143,132,122,122,127,134,149,166,178,189,192,188,183,175,166,159,151,152,153,158,160,171,172
GS01,43/12/21,170,166,156,149,143,138,140,153,161,177,193,199,197,198,189,176,163,151,144,141,143,152,161,167
GS01,43/12/22,173,172,169,159,151,147,142,146,152,172,178,195,199,202,195,185,169,153,136,129,130,131,143,157
GS01,43/12/23,174,179,185,182,173,161,156,149,154,160,174,184,196,203,206,195,183,162,138,123,112,113,128,142
GS01,43/12/24,163,184,202,205,206,196,185,176,166,174,181,200,215,227,231,226,209,188,163,136,115,106,111,130
GS01,43/12/25,152,176,202,213,219,214,197,184,172,167,170,176,192,210,227,228,222,200,175,131,121,89,88,105
GS01,43/12/26,125,150,183,204,222,223,216,196,177,164,156,164,169,191,212,222,223,207,177,141,109,80,68,67
GS01,43/12/27,77,113,148,181,205,220,218,210,193,174,160,155,160,177,196,214,222,214,195,165,121,85,58,44
GS01,43/12/28,51,73,111,144,179,199,209,206,194,175,154,140,139,152,168,190,202,206,192,170,132,95,61,40
GS01,43/12/29,34,46,69,103,139,171,191,193,191,176,158,136,131,136,148,171,186,202,196,182,157,121,85,56
GS01,43/12/30,36,39,52,83,117,151,173,193,198,186,172,155,140,136,143,149,179,187,200,191,180,151,121,89
GS01,43/12/31,67,49,54,77,106,138,163,191,198,193,189,171,153,148,145,146,160,178,186,193,182,172,145,117
