GS01,95/01/01,114,145,178,211,235,247,246,233,216,199,189,188,198,214,234,251,255,245,223,187,148,113,89,81
GS01,95/01/02,90,111,145,179,211,232,239,233,217,198,181,170,173,185,206,226,241,244,230,203,168,130,98,80
GS01,95/01/03,79,93,122,156,191,220,239,239,230,214,192,176,173,179,198,219,240,249,249,232,205,168,134,107
GS01,95/01/04,95,102,123,152,188,220,246,256,254,242,219,199,189,188,198,215,239,254,261,256,236,210,175,144
GS01,95/01/05,125,119,128,148,176,206,232,248,252,243,225,201,185,175,178,189,207,224,237,238,230,213,187,158
GS01,95/01/06,137,123,126,139,161,185,212,231,239,239,226,207,189,174,167,169,181,194,208,217,215,208,191,170
GS01,95/01/07,150,136,131,137,151,171,194,214,227,230,223,209,192,174,163,161,167,179,190,202,208,206,197,183
GS01,95/01/08,167,154,147,147,155,168,187,204,217,222,220,210,195,179,165,156,153,158,166,176,186,193,193,189
GS01,95/01/09,182,172,166,162,164,173,187,201,214,224,227,222,214,200,187,175,167,164,165,173,182,192,200,202
GS01,95/01/10,202,200,198,193,190,192,198,207,215,222,227,226,218,210,196,182,167,156,149,148,152,160,170,179
GS01,95/01/11,185,190,192,190,189,188,188,193,200,209,214,219,219,215,207,196,179,163,149,142,140,147,155,169
GS01,95/01/12,183,193,201,205,204,200,197,195,197,201,209,215,219,221,219,209,195,175,156,140,133,135,142,156
GS01,95/01/13,175,192,207,214,216,213,206,202,199,199,204,209,218,225,228,223,211,193,168,145,129,120,122,134
GS01,95/01/14,153,175,198,212,219,219,214,204,195,191,192,198,209,221,229,231,225,206,182,154,128,114,111,116
GS01,95/01/15,136,161,188,208,220,225,219,209,196,185,180,183,192,206,221,230,228,215,192,161,132,109,96,98
GS01,95/01/16,113,138,169,195,215,225,225,215,200,186,177,174,182,198,214,226,234,228,208,181,149,119,99,91
GS01,95/01/17,100,122,152,183,209,226,231,225,210,192,177,169,173,185,204,222,236,237,225,202,169,137,109,93
GS01,95/01/18,94,111,139,170,201,223,232,230,218,199,181,167,165,173,194,216,234,243,238,222,199,166,134,110
GS01,95/01/19,100,109,130,159,191,217,234,235,223,206,186,169,159,162,175,195,214,229,233,223,203,177,144,118
GS01,95/01/20,103,103,118,143,175,204,225,235,232,217,196,176,159,155,162,179,201,218,229,229,218,197,168,139
GS01,95/01/21,118,108,115,132,158,187,212,227,229,220,201,178,158,148,148,159,177,196,212,220,218,208,186,162
GS01,95/01/22,139,126,124,134,156,181,204,225,232,228,214,195,172,158,150,153,168,184,201,217,224,222,212,193
GS01,95/01/23,175,161,152,155,168,187,210,229,241,243,234,218,198,178,165,158,161,172,184,196,209,215,212,204
GS01,95/01/24,194,180,173,168,172,183,201,218,231,238,235,223,206,187,169,158,150,149,154,164,175,187,195,197
GS01,95/01/25,195,190,183,176,175,179,188,200,213,222,226,221,211,197,179,162,148,139,134,137,146,160,172,186
GS01,95/01/26,193,196,199,195,191,189,190,195,205,213,220,223,221,214,203,185,167,150,136,129,130,139,153,169
GS01,95/01/27,185,200,209,213,210,206,199,197,198,203,211,216,220,220,216,203,187,163,140,123,112,112,121,139
GS01,95/01/28,164,187,208,220,224,219,212,202,194,192,196,205,214,223,228,223,211,188,160,132,112,102,102,117
GS01,95/01/29,141,169,197,219,231,232,226,213,198,190,188,196,208,223,237,243,238,222,195,162,132,111,101,104
GS01,95/01/30,125,153,186,215,234,242,239,224,206,188,179,180,189,207,228,241,246,237,212,180,145,115,95,91
GS01,95/01/31,102,128,160,194,221,238,240,230,211,192,175,168,175,190,212,234,247,249,235,208,172,139,111,96
GS01,95/02/01,99,114,142,175,207,230,239,235,219,197,174,160,156,166,188,214,233,244,241,223,192,159,127,105
GS01,95/02/02,97,105,127,157,187,216,231,230,219,197,174,153,143,145,161,186,211,229,236,228,208,179,148,123
GS01,95/02/03,108,109,123,147,176,206,227,234,229,212,188,164,146,141,150,169,193,214,228,229,219,198,171,144
GS01,95/02/04,125,121,128,146,172,198,221,233,232,221,199,175,153,141,142,154,175,196,212,221,220,209,190,169
GS01,95/02/05,151,140,142,154,173,197,218,234,237,231,216,195,174,158,149,152,165,183,200,213,217,214,202,188
GS01,95/02/06,173,162,159,164,175,194,213,229,236,234,223,206,186,168,155,150,156,168,181,194,204,209,204,198
GS01,95/02/07,187,178,172,173,180,192,207,221,231,232,226,214,197,179,163,153,150,153,162,171,181,189,191,190
GS01,95/02/08,186,182,177,176,178,186,195,206,215,219,217,212,200,188,175,162,153,152,151,157,165,175,183,188
GS01,95/02/09,192,192,191,190,191,192,197,205,211,215,218,217,213,203,192,181,166,157,152,150,155,162,172,182
GS01,95/02/10,191,200,204,205,202,202,201,200,202,205,209,211,212,208,201,191,175,158,144,134,130,133,142,154
GS01,95/02/11,171,183,195,199,200,198,193,189,186,187,192,196,204,207,206,201,188,169,150,133,120,119,125,138
GS01,95/02/12,158,178,196,208,212,209,204,195,187,184,185,192,201,210,215,217,207,192,168,146,126,116,117,127
GS01,95/02/13,148,174,199,218,229,230,224,213,200,190,186,190,201,212,225,233,230,216,195,168,141,121,114,120
GS01,95/02/14,137,163,191,214,230,234,230,217,201,185,176,178,186,201,219,232,239,232,213,184,154,126,110,106
GS01,95/02/15,118,142,172,201,223,234,232,219,202,180,166,162,169,184,206,226,241,242,229,205,172,142,117,105
GS01,95/02/16,111,130,159,190,218,234,239,230,211,187,168,155,156,169,190,215,236,246,240,222,193,161,130,110
GS01,95/02/17,107,118,143,175,205,227,237,232,215,190,165,147,140,146,165,190,214,234,239,229,208,178,146,120
GS01,95/02/18,109,114,134,160,193,219,234,236,222,199,172,148,135,134,146,169,197,220,233,235,222,198,172,144
GS01,95/02/19,126,124,133,155,184,210,231,237,230,211,187,159,140,130,135,152,175,199,219,229,229,215,194,170
GS01,95/02/20,150,140,142,155,179,204,225,239,239,225,203,176,152,136,130,138,156,177,199,216,224,221,208,192
GS01,95/02/21,174,161,158,164,179,200,222,237,241,236,220,196,171,151,139,136,143,158,176,192,206,212,208,200
GS01,95/02/22,188,178,171,171,178,191,207,221,229,229,220,203,183,163,145,135,133,137,147,161,174,187,194,196
GS01,95/02/23,193,189,186,182,182,187,198,207,215,220,218,210,199,181,165,149,139,134,134,141,153,165,180,191
GS01,95/02/24,199,205,205,203,201,200,202,206,211,217,220,221,215,205,192,178,161,146,136,133,136,145,161,177
GS01,95/02/25,193,205,214,214,212,209,202,199,200,201,208,214,218,217,212,199,183,163,146,131,126,127,137,157
GS01,95/02/26,178,201,217,227,230,225,215,205,199,198,200,211,221,229,233,229,216,196,173,150,133,124,129,142
GS01,95/02/27,165,191,215,232,240,238,227,213,197,187,186,193,207,222,235,240,236,220,193,165,138,120,114,121
GS01,95/02/28,139,167,196,219,234,236,228,210,189,173,164,167,180,199,219,235,239,232,212,185,154,131,116,116
GS01,95/03/01,131,157,188,216,239,248,243,228,204,181,164,160,166,185,210,230,246,247,235,211,179,150,126,117
GS01,95/03/02,121,141,168,196,223,237,237,223,201,175,153,141,143,156,181,208,230,241,237,220,193,164,137,121
GS01,95/03/03,120,131,154,184,211,231,238,230,209,183,157,139,132,142,164,190,217,238,242,235,214,188,161,142
GS01,95/03/04,136,142,160,185,214,235,248,244,230,204,175,154,142,141,157,180,205,227,240,239,226,205,181,159
GS01,95/03/05,148,147,158,179,203,225,238,239,227,206,180,155,137,130,135,153,177,201,219,225,223,209,190,172
GS01,95/03/06,157,152,157,171,191,211,227,233,227,210,187,161,141,128,127,137,155,176,194,207,209,203,189,174
GS01,95/03/07,160,153,154,164,177,195,211,221,219,209,192,170,149,133,126,129,142,160,177,191,201,201,195,184
GS01,95/03/08,175,166,165,169,179,193,206,216,219,213,201,184,166,150,139,137,141,152,166,178,190,195,194,190
GS01,95/03/09,184,177,172,173,179,186,198,206,209,208,201,190,175,159,146,138,137,140,146,159,168,178,184,187
GS01,95/03/10,187,185,184,185,187,191,198,203,207,209,206,200,193,183,171,161,155,153,155,161,172,183,193,203
GS01,95/03/11,209,212,216,212,214,214,213,214,217,218,221,219,217,209,200,186,175,164,156,151,155,160,173,184
GS01,95/03/12,196,207,212,213,211,207,203,200,196,199,202,206,211,213,209,201,190,175,163,153,151,153,162,178
GS01,95/03/13,195,212,223,227,226,219,210,199,192,189,193,199,208,216,221,217,206,187,168,147,135,130,136,150
GS01,95/03/14,169,191,209,218,220,214,202,187,173,165,166,172,186,200,211,217,211,195,172,148,126,112,113,123
GS01,95/03/15,143,168,191,207,216,211,199,182,163,149,144,149,163,182,202,216,218,211,191,162,135,112,102,107
GS01,95/03/16,122,149,177,200,216,218,207,187,163,143,131,129,142,164,188,212,226,226,212,187,157,129,110,105
GS01,95/03/17,117,142,170,200,222,228,223,204,176,149,129,122,131,150,177,209,232,243,239,219,189,157,133,121
GS01,95/03/18,124,143,169,198,222,234,234,216,188,156,131,113,110,124,150,180,210,231,237,225,204,175,145,127
GS01,95/03/19,121,131,155,183,210,229,235,225,200,168,138,114,105,111,130,160,191,219,234,235,223,198,172,148
GS01,95/03/20,135,137,152,171,199,220,230,227,210,182,149,121,103,97,107,129,158,185,208,218,218,203,185,162
GS01,95/03/21,148,143,149,166,187,210,225,227,218,197,167,138,114,100,100,112,135,161,184,203,211,208,196,183
GS01,95/03/22,168,158,158,167,183,202,218,226,223,210,186,159,134,114,104,107,119,139,160,179,194,200,196,190
GS01,95/03/23,181,170,166,169,176,189,203,211,213,207,193,174,152,131,116,110,113,121,136,153,168,180,188,189
GS01,95/03/24,190,186,182,180,182,186,195,203,209,208,202,194,180,162,148,136,129,129,134,143,155,170,182,192
GS01,95/03/25,201,205,203,200,199,197,198,201,204,206,207,205,199,189,176,162,149,138,132,132,137,148,164,178
GS01,95/03/26,194,205,210,211,204,198,193,186,186,190,195,198,205,205,197,188,173,155,141,131,129,133,145,162
GS01,95/03/27,181,199,209,214,212,202,190,178,171,170,176,186,198,206,211,207,197,181,161,143,133,129,136,151
GS01,95/03/28,171,192,212,221,223,213,199,181,164,156,157,166,183,198,211,216,210,195,175,152,131,119,119,128
GS01,95/03/29,146,171,194,210,215,210,193,172,151,136,131,137,155,175,196,212,217,210,193,169,146,128,118,124
GS01,95/03/30,138,162,187,208,219,218,205,183,158,135,121,122,137,160,186,211,226,228,219,198,174,151,137,137
GS01,95/03/31,148,172,198,220,237,239,230,209,181,154,132,125,134,153,180,209,229,239,236,221,198,172,152,142
GS01,95/04/01,147,162,185,210,229,237,234,216,190,159,133,119,121,135,161,191,216,233,236,225,206,181,158,142
GS01,95/04/02,139,149,166,190,211,223,223,211,186,157,128,108,100,109,129,159,188,213,224,223,211,190,170,153
GS01,95/04/03,144,150,164,183,205,220,224,217,195,168,140,116,103,103,117,141,168,194,210,213,207,192,172,156
GS01,95/04/04,146,145,155,172,191,207,216,214,198,176,149,125,108,101,108,124,150,176,197,207,208,199,184,168
GS01,95/04/05,157,153,157,168,184,201,210,212,203,185,162,138,119,106,105,116,134,156,177,193,199,198,188,177
GS01,95/04/06,166,161,162,169,180,193,204,210,206,193,177,156,137,121,115,118,130,148,166,183,194,200,198,191
GS01,95/04/07,185,181,178,182,189,199,208,215,217,210,198,184,167,151,140,136,139,149,162,174,187,195,197,196
GS01,95/04/08,192,187,183,181,183,186,190,195,196,194,190,181,170,156,144,135,131,132,139,150,164,176,185,191
GS01,95/04/09,194,193,191,189,185,185,187,189,190,193,195,194,190,182,171,161,153,147,148,153,162,175,189,201
GS01,95/04/10,209,216,216,208,204,196,190,186,186,188,191,196,199,198,191,182,169,156,148,142,144,151,165,180
GS01,95/04/11,194,204,209,208,200,188,178,167,162,166,171,180,193,198,201,196,184,169,154,143,138,141,154,172
GS01,95/04/12,192,211,221,223,219,209,194,182,175,172,180,192,208,222,232,232,226,210,188,167,152,146,151,164
GS01,95/04/13,185,204,223,229,225,212,192,170,152,140,138,150,170,189,211,223,223,212,191,168,147,133,132,141
GS01,95/04/14,162,188,210,225,227,218,199,173,147,129,121,129,147,173,203,225,238,236,221,197,172,153,144,149
GS01,95/04/15,166,191,217,239,249,243,227,198,166,139,120,118,131,155,188,218,240,248,241,220,194,168,149,144
GS01,95/04/16,153,173,199,223,241,242,229,204,170,137,113,102,107,126,158,192,222,242,247,238,219,194,173,157
GS01,95/04/17,158,171,193,220,240,250,244,225,194,159,126,106,99,110,134,166,201,231,247,248,236,216,194,174
GS01,95/04/18,165,170,185,206,229,242,245,234,209,176,141,115,101,99,112,140,173,205,230,243,244,233,216,200
GS01,95/04/19,187,188,193,212,232,250,261,258,244,221,190,162,139,126,131,147,169,199,223,241,250,248,236,219
GS01,95/04/20,205,194,193,198,211,224,234,238,229,211,187,159,133,115,108,113,126,148,172,193,208,216,213,206
GS01,95/04/21,196,188,183,183,191,200,211,218,218,210,195,175,154,132,122,117,121,133,151,169,187,201,207,209
GS01,95/04/22,206,201,193,190,190,195,202,209,214,213,208,198,183,167,154,142,138,141,150,163,181,196,210,219
GS01,95/04/23,223,223,218,213,206,202,203,208,214,220,222,223,218,211,195,184,172,166,163,167,177,189,202,214
GS01,95/04/24,224,226,222,214,203,190,182,178,178,181,189,194,198,199,192,181,168,156,146,143,147,156,169,186
GS01,95/04/25,201,211,216,215,204,190,176,166,162,164,173,185,197,208,210,207,197,184,169,160,157,162,171,189
GS01,95/04/26,206,224,233,234,226,211,192,175,163,159,165,179,195,215,226,230,226,212,195,176,163,158,160,173
GS01,95/04/27,190,207,221,225,220,205,183,161,140,129,131,142,160,182,202,214,217,210,194,176,160,150,150,158
GS01,95/04/28,174,194,211,222,223,210,190,164,140,120,114,123,141,164,191,211,223,223,214,196,178,161,155,157
GS01,95/04/29,170,191,209,224,231,224,207,181,151,126,113,114,128,151,180,206,225,232,227,213,196,177,165,163
GS01,95/04/30,172,190,210,229,240,238,224,200,170,139,119,111,119,139,167,196,220,236,236,227,212,193,175,167
GS01,95/05/01,171,183,201,220,232,236,227,207,177,147,120,107,106,117,144,174,201,223,232,228,217,202,183,172
GS01,95/05/02,171,179,196,214,231,240,235,221,197,168,140,120,112,118,138,165,194,219,236,239,231,220,202,188
GS01,95/05/03,182,184,194,211,227,238,240,233,211,185,159,133,121,119,131,154,181,205,228,235,237,228,211,198
GS01,95/05/04,186,184,189,201,216,227,234,230,214,194,169,144,125,116,120,134,157,182,204,219,225,223,214,203
GS01,95/05/05,194,188,190,198,210,222,233,233,224,208,188,165,143,128,124,130,144,165,187,205,214,217,213,204
GS01,95/05/06,194,187,183,183,191,201,209,215,213,203,189,173,153,139,130,131,138,154,173,191,205,214,215,210
GS01,95/05/07,204,196,188,184,186,191,196,203,204,200,192,181,166,151,139,132,132,139,153,169,185,197,204,206
GS01,95/05/08,204,197,190,183,181,179,182,187,192,192,194,189,181,172,160,149,144,143,150,160,174,189,200,208
GS01,95/05/09,210,208,200,192,182,175,172,173,178,181,187,191,193,189,180,169,157,149,148,152,161,174,189,203
GS01,95/05/10,211,213,210,200,187,174,165,158,158,165,174,186,194,198,198,190,178,165,153,149,152,162,178,193
GS01,95/05/11,208,218,217,212,198,180,162,149,144,144,155,171,187,201,210,210,199,185,169,156,150,155,166,183
GS01,95/05/12,202,218,224,221,209,189,164,144,130,124,130,147,170,193,214,222,220,209,192,173,159,155,162,176
GS01,95/05/13,198,219,233,237,229,211,185,157,134,119,117,131,153,183,211,230,241,236,222,202,181,167,165,171
GS01,95/05/14,189,211,231,241,240,226,201,170,139,113,103,108,127,156,192,221,243,250,245,228,207,189,177,175
GS01,95/05/15,186,207,228,246,254,247,227,195,159,128,105,99,107,131,166,203,234,256,262,254,236,216,196,189
GS01,95/05/16,191,206,227,246,259,262,250,225,190,152,120,101,99,113,139,176,212,241,255,258,249,233,212,196
GS01,95/05/17,191,199,212,232,249,257,255,237,209,175,139,114,99,102,118,145,177,208,232,243,243,233,216,198
GS01,95/05/18,186,184,191,205,221,235,240,232,214,187,155,125,102,94,99,115,141,172,199,219,227,226,216,200
GS01,95/05/19,185,177,178,185,200,214,224,227,218,200,175,148,123,107,103,109,125,149,174,197,213,219,217,206
GS01,95/05/20,195,183,177,178,185,197,209,216,217,209,195,177,154,136,125,122,129,145,165,186,204,218,223,221
GS01,95/05/21,214,204,192,189,187,193,202,210,215,216,212,202,187,173,160,152,151,158,170,186,204,220,229,233
GS01,95/05/22,231,225,213,203,196,194,197,204,212,217,221,221,215,206,194,184,176,175,178,185,197,212,223,230
GS01,95/05/23,232,228,219,207,193,181,177,176,180,186,193,201,205,203,198,188,179,172,170,173,181,193,206,217
GS01,95/05/24,225,226,221,210,193,177,166,157,157,163,175,187,200,209,209,206,197,187,179,173,176,183,195,209
GS01,95/05/25,222,229,230,221,207,187,168,155,146,148,159,173,192,207,217,221,217,206,196,187,180,184,191,205
GS01,95/05/26,218,231,237,233,222,204,180,159,143,139,145,160,182,203,220,231,235,227,216,203,192,189,191,200
GS01,95/05/27,214,228,237,241,231,214,187,161,140,125,125,137,156,180,205,222,231,228,220,207,192,183,180,185
GS01,95/05/28,199,212,226,234,230,217,194,166,138,117,110,116,132,158,185,209,225,231,224,212,197,184,177,176
GS01,95/05/29,188,204,220,234,237,229,212,183,152,127,113,113,122,148,177,207,229,241,242,233,219,204,191,187
GS01,95/05/30,193,206,222,236,246,244,230,206,175,147,123,112,116,134,160,190,216,234,241,238,226,212,196,188
GS01,95/05/31,188,198,211,229,242,246,239,220,192,162,134,115,113,122,144,174,202,226,240,240,231,217,199,188
GS01,95/06/01,182,186,198,213,227,236,235,222,200,170,141,120,110,113,128,152,181,207,226,234,231,219,204,188
GS01,95/06/02,179,181,189,202,216,228,233,227,210,186,158,132,115,109,119,138,165,193,215,230,234,226,214,198
GS01,95/06/03,186,181,183,192,206,220,229,228,220,203,177,155,133,122,121,133,154,179,205,223,230,232,226,215
GS01,95/06/04,203,195,191,197,206,221,230,236,231,219,202,181,161,145,139,144,157,178,200,220,234,240,235,226
GS01,95/06/05,213,201,193,190,194,203,214,222,224,220,210,195,180,161,152,149,155,168,187,206,222,232,235,228
GS01,95/06/06,218,206,193,185,182,185,192,199,206,210,206,200,191,176,163,156,154,159,171,188,204,218,226,226
GS01,95/06/07,220,208,195,182,173,169,170,175,183,191,196,198,196,188,178,167,158,155,158,168,183,199,212,218
GS01,95/06/08,217,212,198,184,169,157,151,150,156,166,176,188,196,198,196,187,176,167,163,166,176,191,206,218
GS01,95/06/09,226,227,220,205,187,167,153,143,143,151,167,184,201,213,219,216,207,195,183,176,178,186,202,217
GS01,95/06/10,230,237,234,224,205,181,158,139,130,130,141,162,187,209,224,232,230,219,205,192,183,184,192,207
GS01,95/06/11,223,236,240,235,219,195,166,138,115,106,110,127,152,183,209,227,235,231,218,201,186,175,177,185
GS01,95/06/12,201,219,233,235,227,208,178,144,113,92,84,93,116,148,182,213,233,240,234,220,202,187,178,180
GS01,95/06/13,192,212,231,244,247,236,212,179,143,110,90,86,99,126,163,197,228,247,250,244,228,207,191,186
GS01,95/06/14,190,206,226,243,254,252,238,209,173,136,106,91,92,108,138,172,207,234,250,251,241,223,206,190
GS01,95/06/15,186,193,209,229,246,254,251,233,202,167,132,105,95,101,118,150,184,217,240,251,249,238,219,202
GS01,95/06/16,189,189,200,216,235,251,256,247,226,197,164,133,113,107,115,134,164,194,222,239,245,239,226,207
GS01,95/06/17,191,183,185,195,211,227,239,239,230,213,185,157,132,119,117,128,150,176,202,224,235,236,229,214
GS01,95/06/18,198,186,181,182,191,206,219,229,227,220,204,181,160,141,133,136,149,169,192,213,230,238,237,227
GS01,95/06/19,214,200,189,184,187,195,208,221,226,226,219,206,190,174,161,157,163,174,191,209,226,237,239,235
GS01,95/06/20,225,211,196,184,179,182,189,199,210,216,216,213,206,196,184,177,175,177,188,201,215,227,234,234
GS01,95/06/21,228,218,203,188,176,170,170,175,184,194,202,207,207,203,196,189,185,183,187,196,208,220,230,234
GS01,95/06/22,234,227,216,201,185,171,165,162,165,175,188,198,206,210,211,206,200,194,192,195,201,212,223,230
GS01,95/06/23,235,235,227,213,198,179,164,155,153,160,172,187,203,214,220,222,218,213,205,201,202,208,216,227
GS01,95/06/24,235,240,239,227,212,193,171,155,146,144,154,172,191,209,222,230,231,225,216,208,201,201,207,216
GS01,95/06/25,228,237,240,237,224,204,181,158,140,133,137,150,170,194,215,229,238,235,228,218,209,204,205,211
GS01,95/06/26,226,239,250,250,244,226,203,173,151,134,131,139,158,182,208,228,243,245,239,227,214,202,198,200
GS01,95/06/27,211,226,238,246,246,234,213,185,156,134,122,123,138,162,192,217,235,246,244,234,220,206,197,195
GS01,95/06/28,203,215,232,244,249,244,227,201,170,141,121,114,123,143,171,200,224,240,244,238,225,208,196,189
GS01,95/06/29,191,202,219,234,245,246,234,211,184,151,124,111,111,126,150,180,210,230,239,238,228,212,195,184
GS01,95/06/30,183,188,203,220,234,241,237,223,195,164,137,116,109,116,135,164,193,218,235,239,233,219,201,186
GS01,95/07/01,180,182,193,209,228,241,245,236,214,188,159,136,123,121,133,157,186,213,233,242,240,229,210,193
GS01,95/07/02,181,177,183,196,212,227,235,233,221,198,173,148,128,120,125,141,167,195,218,235,239,231,217,200
GS01,95/07/03,185,176,177,186,199,216,229,236,231,218,197,173,151,139,137,145,166,190,215,234,242,240,229,213
GS01,95/07/04,196,183,175,175,184,197,210,220,222,217,203,184,167,152,142,143,153,173,194,215,229,233,229,216
GS01,95/07/05,201,184,172,167,169,178,189,201,212,213,210,200,186,169,159,154,159,170,188,207,222,231,235,227
GS01,95/07/06,214,198,184,170,165,166,173,183,194,204,210,208,204,194,183,176,171,174,187,197,214,227,234,232
GS01,95/07/07,224,210,193,176,162,152,151,156,166,178,191,201,206,205,199,191,184,180,181,190,201,215,226,230
GS01,95/07/08,229,221,207,188,168,155,141,139,145,156,172,190,207,216,220,218,209,201,195,195,198,208,221,230
GS01,95/07/09,236,236,227,210,189,166,144,130,125,128,144,166,188,209,223,229,226,218,209,200,195,201,211,222
GS01,95/07/10,233,241,243,232,213,189,160,135,119,113,121,140,166,195,219,236,244,240,228,215,202,197,201,212
GS01,95/07/11,225,238,247,246,234,212,180,149,121,104,101,113,136,166,199,226,244,248,242,227,210,196,190,193
GS01,95/07/12,205,221,237,245,242,228,202,169,134,106,90,90,105,132,165,200,228,244,245,234,216,197,184,181
GS01,95/07/13,189,204,226,242,250,248,230,202,167,130,103,91,95,114,144,180,213,239,250,247,232,213,194,182
GS01,95/07/14,181,194,211,233,252,261,253,235,203,166,134,112,106,115,136,169,204,231,252,258,249,232,211,192
GS01,95/07/15,183,186,200,219,240,256,259,250,229,197,164,138,122,121,133,157,188,218,242,253,253,240,219,198
GS01,95/07/16,182,176,182,197,217,238,252,251,239,218,191,164,145,136,140,154,180,207,235,252,256,250,235,213
GS01,95/07/17,194,183,180,189,205,223,238,248,245,231,212,189,168,156,153,163,180,201,224,243,251,249,238,221
GS01,95/07/18,199,182,174,172,180,195,210,222,227,224,213,198,180,167,162,163,173,189,208,226,238,242,236,223
GS01,95/07/19,206,187,173,166,165,173,187,199,209,214,210,204,194,184,175,172,177,187,202,217,228,237,236,229
GS01,95/07/20,216,200,184,170,162,162,171,180,191,200,205,205,205,199,194,190,190,194,202,213,224,230,234,232
GS01,95/07/21,224,211,197,181,167,161,160,163,170,178,187,195,200,202,200,197,194,192,195,202,208,216,221,225
GS01,95/07/22,221,216,203,189,171,158,150,146,147,157,169,182,193,201,205,205,202,198,194,196,198,205,213,217
GS01,95/07/23,220,219,211,198,183,164,147,135,132,135,144,163,180,192,204,209,208,204,198,192,190,194,198,206
GS01,95/07/24,215,219,217,211,194,175,153,134,121,119,125,140,160,182,200,211,214,211,204,196,187,185,188,196
GS01,95/07/25,205,216,221,220,209,190,168,143,122,113,112,126,146,169,193,210,220,220,212,199,188,180,178,184
GS01,95/07/26,194,209,220,224,220,207,183,155,129,110,102,109,128,152,180,204,220,224,220,207,193,181,174,175
GS01,95/07/27,185,200,214,226,231,221,201,174,144,118,102,101,114,137,167,194,217,228,228,218,202,184,172,169
GS01,95/07/28,175,190,208,225,235,233,221,197,165,135,113,102,108,127,156,187,213,233,235,229,213,194,177,167
GS01,95/07/29,167,179,197,217,233,239,232,215,185,155,127,110,108,120,145,177,205,228,240,237,224,206,186,169
GS01,95/07/30,162,169,186,207,227,240,242,231,207,178,147,124,114,119,137,166,195,222,237,239,229,212,189,170
GS01,95/07/31,158,158,169,187,208,226,235,232,216,191,162,137,121,119,128,149,179,207,227,236,233,220,198,179
GS01,95/08/01,163,154,158,170,190,210,223,230,222,205,183,159,140,131,134,150,172,199,222,236,239,230,211,189
GS01,95/08/02,170,156,153,159,173,192,211,222,224,217,200,182,163,150,146,155,170,190,212,230,237,236,222,202
GS01,95/08/03,181,165,153,151,157,171,188,205,212,214,208,195,181,168,160,161,169,183,202,218,230,233,226,212
GS01,95/08/04,194,175,157,147,146,150,161,175,190,199,203,202,196,186,178,173,174,181,194,208,220,228,228,219
GS01,95/08/05,206,188,170,153,141,138,140,149,163,177,191,199,201,200,195,189,184,185,189,197,207,218,224,223
GS01,95/08/06,216,205,186,166,149,134,127,128,136,149,166,182,196,205,208,207,202,196,193,194,198,205,213,219
GS01,95/08/07,221,217,206,187,165,144,128,116,115,121,137,159,181,202,216,221,220,212,202,195,191,196,202,212
GS01,95/08/08,223,227,226,216,196,171,144,121,108,105,113,133,158,187,210,225,230,226,216,202,191,186,188,197
GS01,95/08/09,211,224,233,233,219,196,167,137,111,97,96,108,133,163,196,220,235,235,226,209,192,179,174,181
GS01,95/08/10,195,214,231,240,238,223,197,164,132,106,92,96,113,143,178,210,233,243,237,221,198,178,164,162
GS01,95/08/11,174,193,215,235,243,240,222,193,157,125,104,93,101,122,156,191,222,238,241,230,209,183,164,153
GS01,95/08/12,156,172,195,221,241,247,241,220,188,152,123,105,103,117,144,177,209,233,242,239,223,198,173,153
GS01,95/08/13,146,156,176,201,225,241,246,235,211,179,148,124,113,118,137,167,197,223,239,242,230,210,181,157
GS01,95/08/14,141,141,154,176,202,224,236,234,221,197,168,143,125,122,134,155,183,209,227,236,231,214,191,165
GS01,95/08/15,144,136,139,154,176,198,215,224,220,206,184,162,144,136,141,156,178,201,220,233,233,221,203,179
GS01,95/08/16,156,140,136,144,159,180,198,212,214,209,195,178,164,153,153,162,179,198,215,227,232,227,212,192
GS01,95/08/17,169,151,140,138,147,160,179,195,203,204,200,189,178,170,165,168,178,193,207,219,226,227,217,202
GS01,95/08/18,185,167,151,143,144,151,163,178,188,196,196,196,189,183,181,180,184,192,202,213,221,224,221,212
GS01,95/08/19,200,185,169,156,149,146,151,161,170,180,188,192,194,192,191,190,190,193,197,204,211,217,218,214
GS01,95/08/20,207,197,184,169,157,148,143,147,154,162,174,185,191,197,200,202,201,199,199,201,204,211,214,217
GS01,95/08/21,217,212,204,191,176,161,150,145,145,151,164,179,194,207,216,219,219,215,210,204,201,203,207,214
GS01,95/08/22,219,221,219,208,194,175,156,142,135,136,147,162,181,200,214,223,225,220,210,199,193,190,195,203
GS01,95/08/23,212,221,225,222,211,191,171,149,133,127,131,146,166,188,210,224,230,227,216,202,190,182,181,189
GS01,95/08/24,202,218,229,234,229,212,189,162,138,123,120,129,150,176,201,222,232,234,224,208,191,177,171,176
GS01,95/08/25,189,207,225,237,237,227,206,179,148,125,114,119,135,162,193,219,236,242,234,218,197,177,164,164
GS01,95/08/26,175,195,217,235,245,242,225,199,167,139,121,116,125,149,180,211,233,244,241,227,205,183,164,157
GS01,95/08/27,163,180,203,229,247,252,244,223,191,162,137,124,127,144,173,204,233,250,252,241,220,192,169,156
GS01,95/08/28,154,165,188,215,238,253,255,242,217,184,156,134,127,137,159,188,218,238,247,240,221,195,167,145
GS01,95/08/29,134,139,155,180,206,227,239,235,218,191,164,140,127,129,145,171,201,226,240,241,228,205,175,150
GS01,95/08/30,133,130,141,161,189,214,231,238,231,214,191,165,149,144,153,170,197,221,240,246,240,223,197,169
GS01,95/08/31,147,136,137,151,172,195,217,232,236,227,212,192,175,164,164,176,195,216,235,245,247,233,212,186
GS01,95/09/01,162,143,135,138,151,169,188,208,217,219,212,201,187,176,171,174,184,200,216,228,233,227,212,193
GS01,95/09/02,171,151,137,129,132,141,157,176,191,202,205,204,199,192,187,185,190,198,210,220,228,231,226,213
GS01,95/09/03,197,178,163,148,140,141,148,160,176,190,204,212,215,217,214,210,207,206,210,217,225,231,232,228
GS01,95/09/04,219,208,192,175,158,148,143,144,153,166,183,198,211,220,223,221,217,212,207,206,209,216,221,226
GS01,95/09/05,227,224,212,199,179,161,147,138,136,144,160,179,199,216,228,233,231,221,208,198,194,196,203,213
GS01,95/09/06,222,229,227,219,201,178,156,137,124,125,135,155,178,204,225,236,238,230,214,198,186,181,187,199
GS01,95/09/07,214,230,240,239,229,207,179,153,131,120,122,137,162,189,217,235,243,239,223,201,183,170,166,175
GS01,95/09/08,193,214,232,244,243,227,203,172,142,121,113,119,138,165,196,222,237,240,228,207,182,160,149,151
GS01,95/09/09,166,190,215,237,247,243,225,197,164,135,119,116,130,156,188,218,240,250,243,220,195,166,147,142
GS01,95/09/10,151,174,202,230,249,254,246,223,193,161,139,128,133,152,180,210,236,251,248,233,210,180,153,137
GS01,95/09/11,137,151,179,209,237,251,253,243,216,187,162,144,140,152,176,203,230,250,253,243,221,193,160,138
GS01,95/09/12,128,134,154,182,208,229,239,235,218,194,169,148,140,144,161,185,211,231,242,239,224,197,168,142
GS01,95/09/13,125,123,136,158,186,212,230,235,227,210,189,169,155,153,165,184,206,228,240,243,232,214,187,160
GS01,95/09/14,140,131,135,151,172,197,218,229,231,221,206,189,175,169,173,185,203,221,237,243,239,224,202,178
GS01,95/09/15,156,141,138,144,160,179,201,217,223,222,212,201,189,183,180,187,200,214,228,236,237,229,215,196
GS01,95/09/16,175,159,148,148,156,169,188,205,214,221,221,215,208,201,199,201,209,219,228,237,241,239,228,216
GS01,95/09/17,201,185,175,170,169,175,189,204,219,228,238,239,235,231,224,223,225,231,238,247,253,256,253,244
GS01,95/09/18,232,219,205,193,184,182,182,189,197,209,217,225,229,231,229,227,224,222,222,224,229,232,233,233
GS01,95/09/19,229,220,208,194,180,170,165,165,170,180,194,206,217,224,227,226,221,213,207,204,206,212,217,223
GS01,95/09/20,227,224,219,207,193,177,164,156,155,163,175,192,209,224,233,234,231,221,209,202,197,199,206,217
GS01,95/09/21,227,233,235,226,213,193,175,159,149,150,160,179,200,219,234,240,237,226,211,197,184,179,184,194
GS01,95/09/22,210,225,233,235,226,207,184,161,143,136,142,158,180,205,226,238,238,227,210,190,172,161,162,171
GS01,95/09/23,188,210,229,239,237,222,199,171,147,132,129,140,163,191,218,236,242,235,217,194,169,151,144,150
GS01,95/09/24,167,194,219,238,245,240,222,195,167,143,130,135,154,180,210,237,250,250,234,210,183,158,144,143
GS01,95/09/25,155,180,210,236,253,255,243,221,189,161,142,136,145,167,197,226,246,253,242,220,191,159,135,125
GS01,95/09/26,130,150,178,210,236,248,247,232,206,177,151,137,139,153,178,208,233,247,245,225,197,166,138,118
GS01,95/09/27,115,126,150,180,212,236,245,241,223,198,174,155,147,155,174,201,228,248,252,242,221,189,158,132
GS01,95/09/28,117,119,134,161,192,218,238,244,235,217,194,171,159,156,167,187,210,231,240,237,222,196,166,136
GS01,95/09/29,115,107,113,129,155,183,209,224,226,218,203,185,170,164,168,180,199,217,229,235,228,207,181,153
GS01,95/09/30,129,115,110,117,134,156,180,199,209,213,206,194,183,174,172,176,187,201,213,221,221,212,193,171
GS01,95/10/01,146,128,116,114,120,134,153,172,188,201,205,204,196,190,185,183,188,197,207,214,221,220,213,200
GS01,95/10/02,183,164,149,140,137,141,149,163,181,196,209,217,220,216,212,208,207,207,211,216,220,222,224,219
GS01,95/10/03,210,196,180,164,150,142,141,147,158,173,189,204,215,221,222,217,209,199,194,193,198,203,211,216
GS01,95/10/04,217,214,205,190,173,159,147,144,146,158,175,193,212,226,233,233,224,211,198,187,185,190,198,209
GS01,95/10/05,221,227,225,217,202,181,163,149,142,145,157,177,199,219,234,239,234,220,199,181,170,166,175,189
GS01,95/10/06,207,223,233,234,221,202,179,155,138,133,138,154,177,201,222,234,234,221,199,174,154,144,145,158
GS01,95/10/07,179,202,224,234,233,220,197,9999,9999,9999,9999,9999,9999,9999,9999,9999,9999,9999,9999,9999,9999,9999,9999,9999
GS01,95/10/08,9999,9999,9999,9999,9999,9999,9999,9999,9999,9999,9999,9999,9999,9999,9999,9999,9999,9999,9999,9999,9999,9999,9999,9999
GS01,95/10/09,9999,9999,9999,9999,9999,9999,9999,9999,9999,9999,9999,9999,9999,9999,9999,9999,9999,258,242,217,185,152,130,119
GS01,95/10/10,126,147,178,208,234,249,248,235,212,186,166,155,157,172,195,220,240,249,243,225,195,163,134,115
GS01,95/10/11,114,128,155,188,218,240,248,243,226,203,182,166,162,172,190,215,237,249,251,238,213,182,152,131
GS01,95/10/12,119,124,144,172,201,228,244,247,238,220,200,184,174,176,189,210,233,247,253,247,227,200,170,144
GS01,95/10/13,128,125,137,158,186,211,231,241,240,227,212,195,185,182,189,204,222,237,246,245,234,211,186,161
GS01,95/10/14,142,131,134,148,168,193,215,229,233,229,218,204,192,187,189,196,211,224,232,235,230,216,196,173
GS01,95/10/15,153,138,133,139,154,174,194,211,221,224,219,211,202,195,192,196,204,214,224,229,228,220,207,190
GS01,95/10/16,172,158,149,147,153,165,182,198,211,220,221,218,214,208,203,203,205,209,215,222,225,224,217,208
GS01,95/10/17,194,181,169,160,158,161,170,184,195,207,214,217,217,213,208,205,201,198,200,202,204,207,209,206
GS01,95/10/18,199,190,179,167,159,155,156,164,175,187,200,210,215,218,215,209,204,195,190,188,190,196,201,206
GS01,95/10/19,208,205,200,189,177,167,160,159,167,178,194,209,220,228,229,225,216,204,192,185,183,186,195,205
GS01,95/10/20,214,221,220,212,199,183,168,160,159,166,179,197,215,229,237,236,226,210,193,177,169,169,178,193
GS01,95/10/21,210,224,233,231,219,201,183,166,156,156,166,181,205,225,239,243,237,219,195,173,157,151,156,170
GS01,95/10/22,193,215,233,242,238,225,203,179,161,152,155,171,193,217,237,249,248,230,204,176,151,136,133,144
GS01,95/10/23,167,195,224,242,248,241,221,197,173,156,151,160,181,206,230,247,251,239,217,185,153,128,119,124
GS01,95/10/24,143,174,204,231,249,252,243,221,195,174,159,158,173,197,223,247,260,256,238,209,175,145,125,123
GS01,95/10/25,135,162,197,227,254,270,269,255,230,204,184,174,179,196,219,243,260,262,249,223,187,150,121,105
GS01,95/10/26,105,123,153,187,219,243,252,248,233,210,188,173,169,180,199,223,245,254,251,233,203,166,132,109
GS01,95/10/27,98,105,127,157,191,222,242,248,241,224,203,184,172,173,184,205,226,240,245,236,213,182,148,118
GS01,95/10/28,98,93,103,124,154,183,208,225,230,223,209,192,177,172,176,193,211,227,236,237,225,203,176,145
GS01,95/10/29,122,110,109,118,140,166,192,213,226,229,223,212,200,191,189,193,205,217,229,235,232,221,203,179
GS01,95/10/30,155,136,126,126,137,155,177,199,216,227,232,228,221,210,204,203,207,211,220,226,230,227,221,208
GS01,95/10/31,187,169,152,142,141,148,162,178,196,213,224,228,228,222,214,208,203,199,203,206,212,217,220,218
GS01,95/11/01,210,197,182,170,161,158,162,173,187,202,218,230,236,237,232,223,210,197,192,188,189,195,201,207
GS01,95/11/02,208,206,198,185,172,162,154,156,162,173,191,207,219,228,230,9999,9999,9999,9999,9999,9999,9999,9999,9999
GS01,95/11/03,9999,9999,220,211,198,183,170,162,161,167,181,197,216,231,238,234,223,202,182,165,155,156,166,180
GS01,95/11/04,196,213,222,222,213,200,182,166,157,157,165,179,198,216,228,230,222,203,177,153,135,129,133,147
GS01,95/11/05,168,191,209,220,220,210,193,174,158,151,154,167,185,205,224,233,230,212,186,157,132,117,116,126
GS01,95/11/06,148,176,204,223,232,228,215,194,174,161,158,165,181,202,225,238,241,229,206,176,146,123,114,119
GS01,95/11/07,136,164,194,221,238,243,235,217,197,180,171,172,183,204,228,247,256,252,235,207,176,149,134,132
GS01,95/11/08,150,176,208,237,260,271,268,256,235,215,199,191,198,214,233,251,264,262,248,222,188,154,129,114
GS01,95/11/09,116,133,159,189,218,238,245,238,223,203,188,177,175,186,203,222,237,241,235,215,185,153,125,106
GS01,95/11/10,101,112,135,164,196,220,232,233,225,208,191,179,173,179,193,211,229,238,238,226,204,176,148,125
GS01,95/11/11,114,118,134,157,187,213,234,241,240,226,211,196,185,184,192,206,222,232,235,227,209,184,158,131
GS01,95/11/12,114,107,115,132,157,182,203,216,219,213,201,187,176,172,176,186,201,211,218,218,209,192,170,147
GS01,95/11/13,126,114,115,124,143,166,190,207,217,217,211,200,188,181,180,184,194,203,211,215,211,201,187,167
GS01,95/11/14,147,134,128,132,141,161,181,202,217,223,222,217,209,203,197,199,202,209,217,223,225,222,213,201
GS01,95/11/15,183,169,159,155,157,167,181,197,210,219,224,221,215,207,197,191,187,187,190,193,196,198,196,190
GS01,95/11/16,181,170,158,150,145,146,155,168,183,196,205,211,211,207,200,191,183,178,176,179,182,187,191,195
GS01,95/11/17,194,189,182,173,162,157,158,164,176,189,203,215,221,223,217,207,195,181,171,167,166,173,182,191
GS01,95/11/18,198,202,198,190,178,165,158,156,162,174,190,204,217,225,224,214,201,182,165,154,149,155,166,182
GS01,95/11/19,200,212,218,215,206,191,176,166,164,170,184,201,217,230,236,233,219,196,173,151,139,138,148,168
GS01,95/11/20,191,212,232,239,236,224,206,190,179,179,188,204,223,242,253,257,245,225,197,168,146,133,136,151
GS01,95/11/21,174,203,230,247,253,245,229,207,188,175,175,186,203,226,242,252,250,232,203,170,138,117,109,119
GS01,95/11/22,142,174,208,238,255,258,248,230,207,188,177,179,192,214,235,253,256,245,222,185,149,116,99,98
GS01,95/11/23,113,143,180,217,248,263,264,253,233,213,195,189,195,213,236,257,270,271,255,224,187,149,122,107
GS01,95/11/24,112,132,167,204,239,264,276,273,259,240,217,202,200,210,228,251,268,276,270,249,214,176,141,115
GS01,95/11/25,105,113,138,172,208,240,261,268,261,247,225,208,196,198,209,227,247,260,262,252,230,197,160,131
GS01,95/11/26,109,104,115,140,171,205,233,251,255,249,235,220,204,201,205,216,234,250,260,259,246,225,194,164
GS01,95/11/27,140,126,127,139,162,190,219,241,253,255,246,234,219,207,203,206,215,228,241,245,243,232,211,187
GS01,95/11/28,163,144,134,136,148,168,192,216,234,242,242,236,225,213,202,201,203,209,221,229,234,231,223,208
GS01,95/11/29,190,170,158,151,155,166,183,203,222,237,245,244,239,228,217,208,203,203,208,216,224,230,231,227
GS01,95/11/30,216,205,192,182,180,183,191,207,222,238,250,257,255,250,239,227,215,207,204,207,214,222,229,234
GS01,95/12/01,233,229,220,210,201,197,198,204,215,229,243,253,258,256,248,236,219,203,191,187,189,196,207,218
GS01,95/12/02,228,231,231,224,216,207,199,199,203,213,226,238,247,252,249,237,219,200,183,169,165,170,180,196
GS01,95/12/03,212,226,234,234,228,217,209,202,199,204,214,226,240,250,254,247,232,211,186,166,153,151,159,175
GS01,95/12/04,198,217,233,243,242,234,222,212,204,201,208,219,234,248,257,257,248,229,201,174,153,143,147,159
GS01,95/12/05,181,207,230,247,254,250,240,226,213,205,205,212,227,243,255,264,258,242,214,183,154,134,127,136
GS01,95/12/06,156,183,212,236,249,251,245,231,215,202,197,200,210,228,246,256,258,247,226,194,162,136,120,118
GS01,95/12/07,133,158,188,215,237,248,245,234,218,204,191,189,197,211,229,245,252,247,230,202,170,138,116,108
GS01,95/12/08,114,136,166,197,224,243,248,242,228,211,198,189,192,204,222,240,253,256,245,222,191,159,132,115
GS01,95/12/09,113,125,150,178,208,230,240,240,229,212,196,183,180,186,201,218,233,240,235,219,192,161,130,108
GS01,95/12/10,99,105,124,151,184,212,229,236,230,215,200,186,179,180,192,209,224,236,238,229,209,179,152,126
GS01,95/12/11,111,110,121,144,173,201,224,237,238,228,213,199,187,184,191,203,218,233,240,237,224,203,177,151
GS01,95/12/12,132,122,125,141,164,192,215,234,241,235,224,210,192,186,186,193,205,216,226,229,221,208,187,165
GS01,95/12/13,143,129,126,134,150,173,198,218,229,232,225,214,199,188,184,185,191,203,211,219,220,212,200,181
GS01,95/12/14,160,149,138,138,148,165,185,206,222,229,227,220,206,195,186,181,181,188,195,203,208,210,204,195
GS01,95/12/15,182,167,157,154,156,167,184,201,216,229,232,230,222,212,200,189,183,181,183,186,193,198,202,199
GS01,95/12/16,192,183,171,161,157,158,165,180,194,209,221,224,220,212,200,186,173,166,162,164,170,179,189,198
GS01,95/12/17,201,199,194,186,179,175,176,182,193,206,220,227,231,227,216,202,184,167,154,147,149,157,170,184
GS01,95/12/18,196,205,207,201,193,183,174,174,178,186,200,213,224,226,221,209,189,168,147,131,126,130,143,162
GS01,95/12/19,184,202,215,218,216,204,195,184,181,186,195,211,223,232,236,228,210,185,157,131,114,109,115,134
GS01,95/12/20,160,187,211,224,228,223,210,194,183,178,181,193,209,225,236,237,226,203,172,139,113,96,93,108
GS01,95/12/21,133,165,199,226,241,243,235,219,202,190,185,190,203,223,240,248,244,228,198,160,124,97,82,83
GS01,95/12/22,99,128,165,197,225,237,236,225,207,188,174,171,180,196,216,234,242,237,216,183,145,110,86,73
GS01,95/12/23,80,103,137,175,210,234,247,242,228,209,189,178,179,190,210,231,246,251,240,215,181,144,109,86
GS01,95/12/24,80,90,116,151,189,222,242,250,242,227,208,191,186,191,205,227,246,261,260,247,219,184,146,116
GS01,95/12/25,99,97,111,135,168,199,224,240,240,232,212,194,177,173,177,193,210,226,234,233,218,193,163,133
GS01,95/12/26,110,100,103,119,146,175,205,226,234,231,219,199,181,168,166,173,188,205,218,224,220,206,184,158
GS01,95/12/27,132,117,114,121,138,160,188,208,224,227,221,208,190,174,165,164,171,183,196,206,212,207,195,176
GS01,95/12/28,157,138,130,129,138,155,176,197,214,222,224,213,199,185,170,163,163,169,180,191,200,205,203,196
GS01,95/12/29,183,172,161,158,162,170,185,202,218,230,235,232,223,211,198,184,177,175,177,184,192,200,205,205
GS01,95/12/30,202,197,189,184,181,183,192,201,216,226,235,237,233,225,212,197,183,170,164,160,164,173,183,191
GS01,95/12/31,197,198,197,190,186,183,183,189,196,206,217,223,224,222,214,201,186,170,156,149,150,157,170,183
