GS01,36/01/01,149,135,123,121,129,152,167,188,203,213,212,198,183,165,150,139,135,143,150,162,173,181,184,172
GS01,36/01/02,171,146,147,139,144,154,162,186,205,216,214,204,196,184,158,154,135,134,140,139,157,174,180,185
GS01,36/01/03,190,187,182,175,168,175,182,190,201,215,224,219,216,205,189,168,155,144,135,129,140,149,161,175
GS01,36/01/04,188,189,192,185,181,177,172,180,188,195,202,208,208,197,187,172,151,130,112,101,104,113,126,141
GS01,36/01/05,161,179,187,190,190,186,184,182,187,191,198,204,212,209,204,191,173,152,123,105,95,92,101,121
GS01,36/01/06,142,161,185,199,202,205,196,187,182,182,185,190,203,208,211,202,188,168,133,108,83,81,77,89
GS01,36/01/07,114,139,166,190,197,200,199,190,175,172,170,175,181,196,205,204,200,182,153,119,95,74,66,68
GS01,36/01/08,87,116,146,175,195,205,201,192,182,171,165,165,175,187,204,214,214,205,183,152,120,91,73,70
GS01,36/01/09,80,104,134,166,193,207,216,207,192,180,168,163,168,181,198,211,222,217,202,173,142,110,83,69
GS01,36/01/10,66,81,115,139,174,196,207,203,193,177,162,151,149,161,174,198,207,216,208,189,158,124,97,71
GS01,36/01/11,66,77,100,130,161,188,204,204,198,184,170,152,144,146,161,181,196,212,213,200,179,150,121,95
GS01,36/01/12,79,86,99,127,154,180,201,215,209,198,180,164,149,147,161,175,195,215,218,213,203,180,149,132
GS01,36/01/13,110,108,115,131,159,183,205,217,217,207,191,172,156,146,150,160,173,189,200,200,199,180,163,135
GS01,36/01/14,117,110,106,121,144,160,190,209,213,206,187,172,152,138,137,147,153,167,181,187,192,181,165,150
GS01,36/01/15,131,125,117,127,141,161,182,192,210,207,198,187,161,142,137,145,142,155,168,163,179,180,173,158
GS01,36/01/16,148,132,138,130,140,156,175,190,202,207,197,188,168,159,150,143,144,146,156,162,166,177,176,172
GS01,36/01/17,166,158,153,150,153,166,174,189,201,205,204,195,180,165,151,144,136,136,139,143,147,157,166,165
GS01,36/01/18,167,166,159,159,161,166,175,182,190,196,198,193,186,174,159,147,135,127,124,121,129,135,143,154
GS01,36/01/19,163,168,171,171,172,172,173,178,185,191,195,197,192,187,177,164,150,136,126,120,119,126,136,149
GS01,36/01/20,165,179,187,188,190,187,184,183,182,188,192,195,198,196,190,177,162,143,123,110,100,99,109,125
GS01,36/01/21,142,165,183,191,198,195,193,187,180,180,183,190,197,201,202,195,185,164,139,117,98,89,93,102
GS01,36/01/22,126,153,176,193,206,206,202,189,182,176,176,181,191,201,208,209,202,182,153,125,98,80,72,79
GS01,36/01/23,100,124,156,183,200,209,206,194,181,166,165,163,174,185,199,213,215,193,172,140,107,81,68,62
GS01,36/01/24,69,99,129,162,184,202,207,196,177,158,155,143,144,162,178,198,208,203,185,154,122,90,65,53
GS01,36/01/25,57,77,110,148,175,202,210,213,197,184,162,155,147,168,185,211,229,234,238,208,185,150,107,89
GS01,36/01/26,86,95,118,148,186,213,232,233,222,202,180,160,148,153,166,197,216,234,237,223,195,164,127,99
GS01,36/01/27,83,80,96,124,156,187,212,217,215,195,173,146,127,125,131,154,179,198,208,208,194,172,137,109
GS01,36/01/28,86,80,88,105,136,166,192,208,207,196,174,148,126,115,112,129,149,172,192,202,200,189,167,145
GS01,36/01/29,122,109,112,120,142,171,195,213,219,213,197,175,146,130,123,123,139,156,174,190,200,197,187,169
GS01,36/01/30,149,138,134,138,153,174,197,215,221,224,211,190,164,140,125,120,123,132,144,161,174,179,182,173
GS01,36/01/31,164,157,150,150,157,167,184,197,208,210,205,190,170,150,132,118,113,119,127,137,150,161,171,172
GS01,36/02/01,174,173,168,167,169,175,184,192,202,208,204,197,187,169,154,138,122,115,111,116,123,136,147,160
GS01,36/02/02,167,171,176,177,178,181,185,188,193,197,200,199,194,187,172,158,138,122,110,103,105,110,125,137
GS01,36/02/03,156,168,178,182,184,182,180,180,182,182,184,188,190,184,182,169,154,135,114,99,91,91,98,115
GS01,36/02/04,134,155,174,185,193,188,188,180,175,172,177,188,195,197,215,218,203,180,164,134,119,105,102,118
GS01,36/02/05,137,160,180,199,206,209,202,195,180,176,170,173,182,194,202,205,202,182,157,130,100,83,73,85
GS01,36/02/06,104,125,154,183,194,205,203,193,177,166,159,158,169,184,199,208,210,200,182,152,121,97,80,78
GS01,36/02/07,92,115,147,172,196,205,206,196,180,163,154,150,153,169,188,207,213,213,198,167,145,110,87,76
GS01,36/02/08,83,101,126,158,185,202,209,199,185,166,148,138,142,154,173,196,218,224,212,196,167,135,112,92
GS01,36/02/09,91,102,127,158,184,208,214,212,193,174,156,140,134,140,161,182,203,216,217,207,186,153,124,102
GS01,36/02/10,96,103,120,150,176,201,215,212,201,180,159,140,128,131,147,167,187,206,217,213,195,173,143,119
GS01,36/02/11,108,105,120,142,171,195,215,218,212,191,167,143,127,125,129,149,169,190,201,205,196,178,152,131
GS01,36/02/12,112,107,115,132,158,178,198,207,203,187,166,142,123,115,118,130,151,168,185,193,194,182,166,147
GS01,36/02/13,131,121,125,135,152,176,194,205,205,194,177,155,133,120,115,121,136,151,168,179,187,179,174,157
GS01,36/02/14,147,139,135,145,155,176,193,204,208,204,190,171,152,133,126,125,131,141,154,168,173,177,175,167
GS01,36/02/15,162,150,149,153,159,172,187,198,204,199,189,174,155,139,126,115,117,125,132,142,155,161,164,167
GS01,36/02/16,163,161,160,161,162,170,179,189,191,196,192,177,164,151,139,125,120,118,118,126,136,142,153,159
GS01,36/02/17,166,166,172,172,173,175,181,183,190,193,192,185,181,169,156,146,129,128,116,119,123,129,142,159
GS01,36/02/18,163,181,187,190,194,188,193,190,192,197,199,193,198,190,180,169,153,136,126,113,109,113,121,138
GS01,36/02/19,155,173,188,196,198,197,189,180,178,176,179,185,189,191,192,182,170,150,132,111,99,91,98,113
GS01,36/02/20,130,162,179,198,201,204,193,184,174,167,171,177,188,197,205,202,192,172,146,120,100,84,83,92
GS01,36/02/21,115,145,171,195,212,214,209,192,175,158,153,159,170,186,202,211,213,197,176,146,110,85,71,75
GS01,36/02/22,90,118,150,183,202,213,209,193,170,151,139,137,145,170,188,208,222,216,199,170,133,102,80,74
GS01,36/02/23,85,97,140,166,194,222,222,220,193,163,147,143,141,164,185,220,234,250,240,220,181,143,105,90
GS01,36/02/24,89,101,125,163,199,213,225,210,196,162,135,118,112,123,145,176,208,232,231,222,203,171,133,105
GS01,36/02/25,95,102,127,145,188,202,224,222,204,175,142,119,99,99,114,147,170,196,210,216,206,181,154,129
GS01,36/02/26,111,108,118,146,175,198,220,226,212,195,163,122,107,98,93,126,140,176,198,210,214,199,180,148
GS01,36/02/27,138,125,132,153,166,193,208,223,217,194,170,143,112,99,92,99,117,141,163,186,192,192,181,162
GS01,36/02/28,151,147,144,152,166,190,208,208,221,203,191,166,133,109,106,99,108,129,149,169,177,188,194,184
GS01,36/02/29,172,161,165,164,177,194,203,213,215,213,202,178,162,136,118,110,113,116,121,137,157,164,176,177
GS01,36/03/01,177,176,176,173,180,187,198,201,209,206,203,196,176,163,147,130,124,118,119,124,137,147,161,167
GS01,36/03/02,178,180,181,182,181,185,187,190,194,196,196,192,185,175,163,151,132,120,113,107,115,120,130,148
GS01,36/03/03,160,170,178,183,180,176,177,175,171,176,175,180,183,182,175,164,150,134,118,110,102,105,112,127
GS01,36/03/04,145,165,174,185,187,183,180,167,166,159,163,166,172,181,183,181,169,151,132,115,94,88,95,104
GS01,36/03/05,130,147,166,180,188,184,176,162,152,142,144,152,164,179,184,190,187,171,151,127,106,88,86,97
GS01,36/03/06,116,140,165,185,199,194,189,172,152,145,137,142,152,169,188,197,201,195,169,147,121,101,95,92
GS01,36/03/07,108,134,163,181,199,199,193,177,158,138,126,127,138,154,176,194,207,200,189,161,134,115,97,87
GS01,36/03/08,95,123,146,173,194,202,195,188,161,139,120,116,124,145,163,184,202,214,206,197,170,138,124,109
GS01,36/03/09,110,129,151,181,204,212,224,202,182,152,126,120,121,133,157,181,203,216,218,205,184,155,131,112
GS01,36/03/10,110,120,143,168,190,207,210,197,177,152,127,104,101,106,124,151,176,193,202,198,182,159,133,114
GS01,36/03/11,107,110,125,149,173,190,198,192,172,148,123,101,86,88,98,123,147,169,181,185,177,158,138,118
GS01,36/03/12,109,106,120,138,158,180,193,194,179,156,132,105,89,83,90,110,131,154,175,184,183,171,154,140
GS01,36/03/13,128,125,129,148,167,187,202,202,195,176,150,130,113,98,100,119,136,159,177,190,196,193,182,172
GS01,36/03/14,155,152,154,160,175,193,212,215,214,202,177,157,132,113,114,114,128,142,168,178,181,184,184,173
GS01,36/03/15,164,156,159,163,172,187,198,207,201,195,178,160,141,122,113,108,110,123,134,147,159,165,170,164
GS01,36/03/16,162,158,153,157,160,163,172,179,179,178,165,154,135,118,106,96,94,94,101,112,124,134,145,153
GS01,36/03/17,150,158,154,156,157,157,166,163,170,169,170,160,152,136,124,118,104,100,97,104,116,120,134,150
GS01,36/03/18,163,169,175,181,176,177,181,171,175,179,178,180,172,167,157,150,137,116,106,103,101,100,120,132
GS01,36/03/19,152,166,175,180,175,171,165,157,152,148,153,160,164,166,163,157,142,123,102,88,81,79,88,112
GS01,36/03/20,132,152,166,184,183,177,165,151,140,134,138,145,161,173,182,184,176,156,134,111,92,84,84,99
GS01,36/03/21,126,151,177,195,202,196,187,170,146,138,132,144,165,183,202,215,211,202,176,149,119,97,90,92
GS01,36/03/22,114,140,169,194,205,208,193,170,145,123,107,111,129,151,180,200,211,207,196,168,138,110,93,87
GS01,36/03/23,99,124,155,186,203,210,202,182,151,121,99,93,100,124,154,185,211,222,217,198,170,140,115,98
GS01,36/03/24,103,123,147,176,204,217,215,199,165,134,100,83,82,95,127,163,190,218,226,217,198,170,143,125
GS01,36/03/25,118,128,146,175,203,217,224,210,185,148,114,88,75,77,100,131,164,193,211,217,207,188,165,145
GS01,36/03/26,129,138,144,169,192,210,219,216,195,166,130,100,76,68,74,101,130,158,186,200,203,191,177,154
GS01,36/03/27,145,141,144,160,180,198,210,211,202,175,147,114,86,69,71,81,104,128,152,174,188,190,182,170
GS01,36/03/28,159,153,154,162,176,192,203,208,199,183,164,139,117,98,87,84,95,118,139,158,175,184,183,180
GS01,36/03/29,173,168,167,169,177,184,197,205,206,200,183,166,145,124,111,102,103,115,128,143,158,173,179,179
GS01,36/03/30,180,180,175,175,182,183,191,197,200,197,187,175,165,145,130,119,108,106,113,120,128,144,154,165
GS01,36/03/31,168,170,171,171,167,166,169,169,172,173,172,170,164,156,143,132,121,111,109,109,113,125,136,145
GS01,36/04/01,159,166,170,173,169,164,160,157,155,156,160,160,162,161,158,148,134,120,111,101,101,107,118,130
GS01,36/04/02,145,162,169,175,171,165,155,149,143,141,143,152,162,166,172,169,161,147,134,117,109,107,114,128
GS01,36/04/03,150,169,184,194,194,187,180,166,155,152,152,164,177,194,204,215,208,201,183,162,147,140,141,152
GS01,36/04/04,169,188,207,220,223,219,204,185,167,154,150,159,169,188,203,217,222,214,197,176,155,138,129,135
GS01,36/04/05,148,169,189,205,213,207,196,174,152,134,125,127,141,158,181,201,213,213,204,186,161,139,125,124
GS01,36/04/06,137,156,178,199,210,210,198,176,151,127,110,105,114,134,159,183,200,209,205,192,168,146,126,121
GS01,36/04/07,129,144,168,189,206,210,201,182,158,130,107,97,100,118,142,170,193,211,215,206,185,162,143,130
GS01,36/04/08,129,142,160,180,199,207,202,187,160,133,104,88,84,95,119,143,172,196,205,206,189,172,153,138
GS01,36/04/09,132,138,159,180,200,210,214,205,181,152,124,104,97,102,121,147,177,201,217,222,216,198,177,159
GS01,36/04/10,152,151,163,178,199,208,215,205,192,161,132,107,91,87,94,116,140,168,187,196,199,188,172,158
GS01,36/04/11,145,144,152,160,178,199,203,201,189,163,135,108,90,82,83,98,120,145,166,182,190,187,178,166
GS01,36/04/12,155,148,154,162,174,187,198,200,191,176,153,127,107,91,87,92,106,128,149,166,182,185,183,175
GS01,36/04/13,167,165,160,168,177,188,200,206,205,192,179,160,141,124,115,114,119,139,154,169,184,192,191,191
GS01,36/04/14,186,182,178,177,181,188,195,198,198,193,181,166,148,130,117,110,108,113,127,140,155,167,177,182
GS01,36/04/15,182,181,180,174,173,174,177,178,184,182,179,171,162,147,134,122,113,110,114,125,137,151,164,176
GS01,36/04/16,182,188,187,181,176,172,168,172,174,176,179,180,180,172,162,149,135,124,118,115,121,132,148,160
GS01,36/04/17,177,187,189,187,176,166,155,146,147,148,156,164,170,172,169,159,145,127,113,103,100,105,120,141
GS01,36/04/18,162,176,188,186,180,166,148,135,125,124,136,148,161,178,186,187,176,157,140,122,112,112,119,137
GS01,36/04/19,159,182,200,212,206,189,170,148,130,123,132,146,166,190,206,215,214,199,181,158,140,129,127,140
GS01,36/04/20,159,185,204,219,216,201,180,147,121,103,99,111,136,162,190,213,223,218,203,179,156,136,127,131
GS01,36/04/21,147,170,192,211,215,206,187,154,118,92,76,77,94,117,146,171,190,204,209,197,173,154,137,137
GS01,36/04/22,145,165,189,213,227,223,211,182,147,114,89,81,91,112,143,172,194,214,227,228,212,191,173,163
GS01,36/04/23,163,176,196,216,229,235,226,205,173,138,105,81,69,75,97,120,144,173,190,199,203,189,171,155
GS01,36/04/24,149,155,167,183,202,212,209,199,173,145,115,86,67,59,70,92,120,152,172,188,197,195,180,167
GS01,36/04/25,157,160,168,183,200,216,223,219,205,180,148,118,98,90,96,115,142,172,200,213,222,222,219,202
GS01,36/04/26,190,182,185,192,203,212,220,217,207,187,159,131,106,89,81,87,104,124,148,169,179,188,185,177
GS01,36/04/27,171,164,163,165,173,183,191,196,192,182,165,149,124,106,97,89,99,110,130,148,163,180,182,183
GS01,36/04/28,181,175,167,167,170,179,185,189,191,187,176,166,150,135,120,111,108,113,123,138,151,166,173,178
GS01,36/04/29,177,179,172,167,162,162,165,170,175,175,175,172,165,154,142,131,123,119,125,132,143,159,172,183
GS01,36/04/30,191,192,189,183,175,167,164,166,167,173,177,180,182,181,174,163,154,144,140,140,148,156,171,182
GS01,36/05/01,192,197,197,191,183,168,160,152,152,152,161,167,177,182,184,176,166,154,142,132,135,139,151,163
GS01,36/05/02,181,186,192,188,178,159,146,135,124,125,132,144,157,171,180,180,174,167,148,137,131,134,142,156
GS01,36/05/03,170,185,193,194,183,167,148,129,112,110,110,126,143,161,178,185,183,176,166,146,135,132,133,143
GS01,36/05/04,162,177,190,196,190,173,153,129,109,96,96,105,123,142,161,176,187,190,179,162,147,135,133,141
GS01,36/05/05,157,175,190,200,198,188,169,144,118,99,93,98,116,138,161,181,197,207,203,188,172,158,149,152
GS01,36/05/06,161,179,195,209,213,207,188,166,141,116,99,96,108,130,157,184,207,221,223,218,201,185,172,167
GS01,36/05/07,173,184,203,217,226,223,207,181,152,121,102,94,98,120,144,174,198,217,222,217,202,187,169,156
GS01,36/05/08,158,167,182,202,213,212,203,180,154,124,96,84,80,92,114,145,171,198,212,214,208,192,175,160
GS01,36/05/09,155,161,174,188,204,211,206,191,166,137,107,86,74,80,93,120,148,173,193,204,204,195,180,166
GS01,36/05/10,160,159,167,182,196,207,210,202,182,156,127,102,84,81,90,108,133,159,182,198,203,200,189,175
GS01,36/05/11,165,161,164,173,185,200,205,202,190,169,144,119,100,87,86,98,117,140,162,181,193,199,195,184
GS01,36/05/12,173,165,163,168,175,185,194,198,193,178,158,135,113,98,88,90,101,117,136,151,165,176,183,186
GS01,36/05/13,178,169,164,163,165,173,180,186,188,183,170,154,138,124,111,102,102,112,127,143,157,171,182,187
GS01,36/05/14,189,183,173,168,166,167,170,178,184,185,183,176,164,150,136,122,119,119,127,140,155,172,185,196
GS01,36/05/15,201,199,191,181,171,165,165,168,173,181,186,188,186,180,166,154,143,134,135,142,148,164,180,194
GS01,36/05/16,203,205,201,191,177,160,150,148,151,157,169,180,187,190,186,175,162,150,141,137,142,152,167,181
GS01,36/05/17,195,204,206,197,182,164,151,139,132,130,144,156,169,181,189,193,188,174,160,147,141,149,158,175
GS01,36/05/18,191,204,209,204,189,166,146,125,106,96,106,122,140,160,177,189,195,187,172,157,147,142,147,162
GS01,36/05/19,178,197,210,212,200,178,150,119,96,83,82,99,126,156,184,208,221,221,211,193,178,165,163,171
GS01,36/05/20,183,201,218,225,221,205,179,145,116,91,78,82,106,137,167,196,219,227,223,210,195,175,167,167
GS01,36/05/21,181,191,208,223,221,210,190,160,120,90,66,60,73,97,126,159,188,208,218,214,200,184,170,165
GS01,36/05/22,165,177,193,209,218,220,205,180,147,110,81,61,62,74,100,135,165,194,211,214,210,197,182,168
GS01,36/05/23,167,173,185,202,219,226,221,206,175,144,105,85,70,72,88,115,147,177,201,216,216,209,195,184
GS01,36/05/24,170,172,177,194,208,220,222,216,197,169,137,107,84,78,86,103,128,155,182,200,208,206,197,183
GS01,36/05/25,172,167,168,176,189,203,211,211,199,181,157,129,104,86,83,92,112,137,162,182,198,201,198,186
GS01,36/05/26,177,165,160,163,176,184,196,203,202,194,174,153,131,110,100,100,110,127,148,172,186,198,200,192
GS01,36/05/27,184,176,165,164,165,174,182,187,193,191,181,166,151,133,118,111,114,124,139,157,173,188,192,191
GS01,36/05/28,184,174,164,157,153,154,159,167,170,176,173,169,160,149,138,126,127,124,132,149,165,178,189,195
GS01,36/05/29,190,187,177,167,159,153,152,157,161,170,175,179,177,170,165,154,146,143,146,152,162,176,188,197
GS01,36/05/30,198,193,185,172,160,149,139,140,142,149,157,166,175,180,176,172,164,159,156,158,165,176,188,200
GS01,36/05/31,208,210,205,198,182,168,154,147,148,152,162,178,190,203,206,205,202,191,182,177,175,180,190,201
GS01,36/06/01,211,216,215,208,191,173,157,141,130,125,132,147,166,183,195,202,202,197,186,177,172,173,179,191
GS01,36/06/02,205,216,221,217,202,181,160,140,125,115,115,120,133,146,165,183,195,205,205,193,181,173,175,182
GS01,36/06/03,197,212,222,226,217,198,173,148,126,110,104,113,130,144,162,180,195,205,211,208,193,181,179,182
GS01,36/06/04,191,206,221,229,228,216,195,166,136,115,104,107,122,148,174,196,215,227,232,223,207,195,185,184
GS01,36/06/05,191,204,219,230,234,224,207,181,157,134,116,105,102,122,143,160,179,195,213,222,219,207,191,184
GS01,36/06/06,186,197,212,226,237,238,227,208,184,160,132,111,102,110,126,144,165,184,199,209,215,213,200,188
GS01,36/06/07,182,184,190,199,209,216,220,212,183,150,118,98,90,95,105,119,136,151,170,184,195,200,201,186
GS01,36/06/08,176,175,181,189,201,210,216,217,200,172,137,107,91,86,96,110,129,146,166,183,196,203,204,194
GS01,36/06/09,183,175,174,180,189,200,210,216,210,191,169,136,112,95,96,107,124,142,161,178,192,202,206,204
GS01,36/06/10,193,183,175,175,180,188,198,206,209,205,188,171,154,138,127,120,121,132,146,161,176,187,195,199
GS01,36/06/11,194,183,167,163,166,173,181,190,196,201,189,170,147,129,117,114,120,134,147,160,172,184,191,196
GS01,36/06/12,197,186,172,162,157,157,162,177,185,190,192,184,171,153,139,128,128,134,142,152,163,175,185,192
GS01,36/06/13,197,196,185,169,156,149,148,144,163,171,181,184,185,180,170,160,152,148,149,154,161,171,184,191
GS01,36/06/14,196,199,194,177,157,142,133,134,140,148,155,164,170,176,180,180,172,163,161,165,170,179,185,192
GS01,36/06/15,198,202,203,194,166,141,124,116,117,126,139,152,167,177,187,195,191,182,175,173,173,180,192,204
GS01,36/06/16,213,218,214,201,178,153,129,109,101,103,114,133,149,164,176,185,192,196,196,187,179,179,186,192
GS01,36/06/17,200,207,212,214,198,176,145,116,95,86,89,107,129,156,181,202,210,217,212,203,193,187,185,189
GS01,36/06/18,197,206,215,220,220,207,176,138,108,86,78,87,100,118,137,157,177,190,198,202,202,195,188,185
GS01,36/06/19,191,202,212,221,226,224,204,166,131,99,81,77,88,101,118,136,157,177,192,200,205,200,187,180
GS01,36/06/20,183,190,201,211,219,222,216,195,162,125,93,75,75,88,104,120,139,156,172,183,191,195,190,178
GS01,36/06/21,174,178,186,197,206,214,218,212,185,151,115,90,79,85,98,114,134,150,172,188,205,209,196,182
GS01,36/06/22,173,171,180,189,200,211,217,219,204,176,141,113,93,91,102,121,138,156,176,200,209,213,205,189
GS01,36/06/23,179,169,172,183,195,207,216,221,214,193,166,136,113,102,102,114,132,155,175,196,211,216,208,191
GS01,36/06/24,175,165,159,165,176,190,205,211,208,196,179,154,132,115,107,112,131,154,180,199,212,213,206,193
GS01,36/06/25,176,162,155,155,162,175,187,198,202,198,186,170,151,134,127,127,136,153,175,196,209,217,214,204
GS01,36/06/26,187,174,163,156,156,164,173,184,191,195,191,184,172,159,148,144,148,158,175,191,208,216,217,212
GS01,36/06/27,198,185,170,156,154,150,157,166,173,178,186,184,182,172,163,156,155,159,167,180,194,208,209,210
GS01,36/06/28,203,192,177,163,151,145,143,152,157,168,179,183,187,185,184,178,177,175,178,186,198,211,218,220
GS01,36/06/29,216,208,197,180,164,152,145,142,146,155,166,179,188,195,197,196,191,186,183,186,192,199,207,214
GS01,36/06/30,214,212,202,188,170,153,138,128,125,128,142,153,173,186,194,194,195,192,185,182,182,183,188,200
GS01,36/07/01,203,208,204,191,180,156,137,122,111,111,119,131,152,171,188,200,202,200,194,184,180,179,183,191
GS01,36/07/02,199,210,211,205,191,173,149,126,109,99,103,114,135,161,184,204,213,216,210,203,188,186,187,192
GS01,36/07/03,202,212,223,222,213,199,178,152,128,108,102,110,127,151,181,207,223,231,227,217,206,191,184,187
GS01,36/07/04,190,203,216,226,225,213,192,164,131,111,92,89,99,126,150,183,205,224,225,218,206,192,179,175
GS01,36/07/05,180,191,206,221,224,218,202,179,145,116,91,82,84,100,129,161,188,209,224,217,212,193,175,166
GS01,36/07/06,164,173,187,204,216,221,210,192,160,130,101,81,74,82,102,136,168,199,215,221,216,198,184,164
GS01,36/07/07,157,161,173,193,209,221,220,210,188,158,126,99,83,81,93,124,155,184,209,221,220,209,189,173
GS01,36/07/08,164,155,162,176,194,211,224,223,213,191,152,124,102,92,96,116,144,173,198,217,223,216,199,181
GS01,36/07/09,166,156,157,168,186,204,215,224,216,197,167,143,123,110,108,120,143,174,201,220,231,230,217,196
GS01,36/07/10,177,162,157,160,173,192,208,224,224,221,208,188,168,149,140,145,158,179,201,220,235,241,231,215
GS01,36/07/11,194,175,158,148,158,168,183,202,210,216,210,201,187,171,160,156,161,176,192,208,226,230,230,222
GS01,36/07/12,202,184,166,151,144,149,156,170,185,198,203,205,196,189,179,172,174,175,187,201,217,227,231,226
GS01,36/07/13,216,198,178,158,142,134,135,142,155,174,189,195,203,204,199,195,192,190,192,195,207,216,224,225
GS01,36/07/14,223,212,197,175,149,133,122,119,121,135,153,168,184,195,200,196,194,193,188,188,193,200,207,212
GS01,36/07/15,214,210,200,182,161,136,115,104,96,105,116,137,161,183,196,204,206,202,195,189,184,187,192,199
GS01,36/07/16,210,213,212,200,182,157,129,107,92,86,93,109,135,162,186,202,211,210,203,192,185,181,183,189
GS01,36/07/17,198,211,216,212,202,180,150,122,96,78,76,87,109,139,169,191,208,213,210,197,187,176,172,173
GS01,36/07/18,186,201,212,218,212,202,175,143,114,83,72,74,88,115,148,180,204,215,215,204,190,177,166,164
GS01,36/07/19,172,186,202,216,223,216,199,173,138,105,84,74,81,103,136,166,196,214,219,210,198,177,162,157
GS01,36/07/20,160,175,189,206,217,223,214,191,161,128,97,84,81,95,119,151,182,205,219,215,203,186,167,153
GS01,36/07/21,154,161,175,192,212,222,220,208,183,152,122,99,92,100,117,146,174,199,217,219,213,197,175,159
GS01,36/07/22,148,148,160,175,198,211,219,215,198,173,145,119,103,101,112,130,156,181,204,217,216,200,182,162
GS01,36/07/23,148,140,143,156,175,196,210,214,204,189,164,142,120,110,110,126,149,174,196,209,213,206,191,168
GS01,36/07/24,151,139,139,141,157,175,190,203,203,195,178,161,143,132,126,136,152,172,194,208,213,211,199,178
GS01,36/07/25,158,143,133,131,138,150,167,178,184,184,177,164,152,140,136,139,149,166,183,195,206,206,200,183
GS01,36/07/26,163,146,133,127,129,136,148,160,167,174,172,168,161,152,148,147,153,165,177,188,198,203,198,188
GS01,36/07/27,174,158,143,132,128,128,131,143,154,162,170,171,165,161,156,160,165,170,178,188,198,205,207,201
GS01,36/07/28,191,176,162,148,135,130,130,135,141,151,161,173,178,181,181,178,177,176,180,187,195,201,206,203
GS01,36/07/29,197,188,177,161,145,134,126,123,128,134,150,162,176,188,194,196,192,188,185,187,192,198,205,202
GS01,36/07/30,195,184,172,158,148,137,128,122,120,126,140,154,168,182,195,202,202,195,188,182,182,187,192,195
GS01,36/07/31,194,184,172,158,146,138,132,124,122,122,129,147,168,190,206,218,222,215,206,196,188,185,188,194
GS01,36/08/01,202,211,215,211,197,179,155,127,105,93,93,107,128,158,184,206,217,218,212,201,184,175,173,179
GS01,36/08/02,191,207,221,222,219,202,177,146,118,95,85,91,104,138,168,197,218,228,226,213,197,180,170,166
GS01,36/08/03,175,190,211,223,229,223,202,175,140,110,88,81,90,111,142,177,202,224,230,219,200,180,160,151
GS01,36/08/04,159,171,192,217,229,235,221,199,162,130,101,85,87,98,129,160,193,218,229,223,205,183,160,147
GS01,36/08/05,143,152,172,198,220,237,235,220,191,159,127,101,94,100,121,150,185,213,228,232,219,199,172,148
GS01,36/08/06,138,139,153,173,200,218,228,227,210,178,150,122,105,105,118,143,173,202,226,232,223,206,177,152
GS01,36/08/07,135,126,132,148,172,195,215,221,216,197,172,146,125,116,122,134,160,188,210,221,221,208,185,157
GS01,36/08/08,133,118,113,124,141,163,190,205,207,200,184,165,147,135,132,141,161,181,202,218,224,216,197,174
GS01,36/08/09,148,127,113,113,122,138,159,178,191,195,189,180,167,157,153,152,165,178,194,210,217,216,208,189
GS01,36/08/10,169,147,127,116,117,123,138,153,169,182,187,186,184,177,175,174,177,184,196,210,219,226,218,206
GS01,36/08/11,188,166,147,132,120,116,122,132,146,162,175,183,188,189,188,186,188,188,191,196,203,208,212,207
GS01,36/08/12,198,186,167,148,129,116,110,110,115,131,146,162,175,187,193,194,192,191,190,189,193,198,199,202
GS01,36/08/13,200,197,184,168,148,130,114,102,98,103,117,135,156,174,190,199,201,199,193,187,185,183,189,195
GS01,36/08/14,202,207,206,196,178,156,132,112,96,92,97,113,135,160,182,198,206,205,197,184,175,171,171,175
GS01,36/08/15,185,198,207,207,199,178,155,130,106,89,89,99,120,148,176,197,209,213,207,193,179,166,160,166
GS01,36/08/16,177,192,208,217,216,205,181,156,123,102,89,91,107,131,163,189,209,217,216,202,184,165,154,152
GS01,36/08/17,163,179,198,220,226,224,211,185,162,132,108,92,100,123,152,181,206,219,218,205,188,168,149,141
GS01,36/08/18,148,160,182,203,219,222,216,196,170,137,112,97,96,111,138,166,195,216,221,211,194,169,145,133
GS01,36/08/19,131,143,165,186,210,221,221,211,187,155,127,108,100,108,131,157,187,210,221,216,200,175,151,130
GS01,36/08/20,122,128,141,168,189,208,215,212,196,171,142,121,110,112,127,153,182,206,220,222,210,186,161,137
GS01,36/08/21,123,120,132,152,175,197,210,214,205,187,166,145,129,126,133,152,179,203,219,226,218,199,174,149
GS01,36/08/22,130,121,126,137,160,183,198,208,205,193,177,157,143,137,142,153,172,193,211,220,218,202,181,154
GS01,36/08/23,133,121,120,128,143,162,179,190,196,189,183,169,155,145,146,153,167,182,197,211,212,203,186,163
GS01,36/08/24,143,128,120,122,128,141,160,176,185,187,184,177,165,161,161,162,171,183,198,207,212,212,202,183
GS01,36/08/25,164,148,135,128,130,135,147,161,171,178,182,182,179,176,173,172,176,182,193,201,206,206,201,188
GS01,36/08/26,175,157,144,134,128,126,130,139,150,161,168,175,180,179,179,178,180,182,184,190,197,197,198,191
GS01,36/08/27,183,175,159,145,138,124,124,123,131,142,157,168,181,189,194,195,194,194,194,192,194,197,198,200
GS01,36/08/28,198,193,184,170,155,139,128,119,118,122,136,150,170,184,197,204,205,199,191,188,184,184,189,193
GS01,36/08/29,199,203,199,187,173,152,134,118,108,108,116,132,156,177,197,210,215,210,199,187,177,174,173,180
GS01,36/08/30,191,204,208,207,193,174,150,125,107,96,99,115,136,166,190,210,220,218,206,190,175,165,160,166
GS01,36/08/31,184,198,213,220,215,198,177,146,120,98,90,98,118,151,182,208,226,226,216,198,175,155,143,145
GS01,36/09/01,162,181,203,224,228,222,202,173,141,112,93,91,105,131,166,198,222,230,226,204,179,156,135,132
GS01,36/09/02,139,163,189,217,233,235,223,197,165,131,103,92,95,115,147,178,208,227,227,214,185,154,130,113
GS01,36/09/03,115,129,157,188,213,228,232,216,185,153,123,105,102,111,139,171,202,224,228,222,197,169,133,111
GS01,36/09/04,102,108,128,162,193,219,233,231,212,184,156,131,121,123,138,165,193,218,235,232,215,186,150,121
GS01,36/09/05,101,96,109,134,166,195,219,224,220,204,183,157,143,139,149,166,194,213,229,236,227,207,172,140
GS01,36/09/06,116,102,102,116,143,169,196,212,218,212,199,181,168,161,162,171,190,214,227,239,236,221,195,167
GS01,36/09/07,137,119,108,110,123,143,167,189,201,205,201,192,182,176,172,175,187,201,215,222,226,219,205,183
GS01,36/09/08,157,136,119,109,113,124,138,157,174,186,191,193,189,185,181,182,187,194,205,213,220,219,211,198
GS01,36/09/09,179,161,143,126,121,120,127,140,153,168,179,187,193,193,193,195,194,194,199,203,207,209,211,207
GS01,36/09/10,197,186,169,152,139,127,124,123,133,144,159,175,187,197,200,201,198,194,192,190,190,193,197,200
GS01,36/09/11,199,197,187,174,158,142,128,121,119,126,139,155,172,190,203,208,207,199,188,182,176,178,180,188
GS01,36/09/12,198,205,206,198,186,165,143,125,115,113,120,136,158,180,198,210,209,204,193,177,169,161,163,163
GS01,36/09/13,183,198,207,211,205,186,164,139,119,110,109,123,148,173,195,213,220,216,209,185,168,155,153,161
GS01,36/09/14,176,194,212,224,224,212,194,169,144,123,118,122,143,169,196,221,231,233,217,196,176,158,148,151
GS01,36/09/15,164,188,210,228,235,231,217,192,163,139,127,123,140,164,194,218,235,238,228,207,186,162,146,145
GS01,36/09/16,153,173,198,226,242,244,238,216,191,163,143,135,141,160,186,210,231,241,236,218,192,164,141,128
GS01,36/09/17,131,147,171,200,222,233,234,221,198,171,148,133,131,142,165,190,216,231,231,217,197,166,142,122
GS01,36/09/18,119,127,147,180,204,224,232,229,212,189,163,148,138,144,162,185,211,227,230,224,203,176,147,124
GS01,36/09/19,113,113,129,154,184,205,219,223,214,193,173,153,140,141,150,168,194,212,221,219,203,178,149,124
GS01,36/09/20,108,102,111,131,155,181,202,209,206,195,179,161,150,145,152,167,187,206,218,218,211,188,162,138
GS01,36/09/21,119,108,109,125,145,169,189,204,209,203,194,181,171,166,163,176,190,206,220,225,219,204,185,158
GS01,36/09/22,138,122,120,122,137,157,174,192,203,204,201,190,183,176,174,179,188,201,212,221,220,212,197,178
GS01,36/09/23,157,139,130,128,133,145,163,177,189,198,199,199,193,189,186,186,191,200,207,212,217,213,204,185
GS01,36/09/24,172,155,143,132,131,136,143,156,167,180,188,193,193,193,193,191,191,192,197,201,205,205,202,194
GS01,36/09/25,184,171,157,144,136,133,133,138,147,160,172,182,193,198,200,200,194,191,187,188,189,191,196,195
GS01,36/09/26,193,186,172,161,145,135,127,126,131,139,153,174,186,201,207,207,201,194,187,180,180,178,191,195
GS01,36/09/27,203,200,201,190,176,157,144,128,128,130,146,166,189,206,218,224,221,208,194,181,173,174,183,196
GS01,36/09/28,206,218,216,216,200,178,151,137,126,117,128,145,170,194,216,220,225,210,192,172,154,147,150,164
GS01,36/09/29,185,201,216,220,214,196,169,144,119,106,107,123,151,176,200,220,222,213,190,164,139,124,122,136
GS01,36/09/30,157,183,205,223,227,215,194,165,138,118,112,117,136,164,193,218,230,223,205,176,145,118,104,108
GS01,36/10/01,129,160,190,218,232,234,222,196,163,142,123,116,129,152,183,207,230,234,223,199,166,130,102,92
GS01,36/10/02,102,127,160,196,223,241,241,228,204,173,148,136,140,153,182,213,236,247,241,218,184,147,117,98
GS01,36/10/03,98,116,146,184,219,245,260,253,242,219,200,186,185,203,218,242,255,270,269,249,216,187,141,115
GS01,36/10/04,96,102,117,148,183,211,228,234,222,208,187,174,165,159,171,193,213,230,234,229,205,174,142,110
GS01,36/10/05,87,79,85,105,134,165,185,204,207,203,188,176,163,161,163,173,192,205,215,222,210,187,164,129
GS01,36/10/06,106,89,84,91,110,134,150,178,186,191,189,181,172,167,165,177,182,197,205,212,208,196,182,155
GS01,36/10/07,135,119,103,99,103,116,137,154,177,184,187,186,185,179,178,178,182,185,192,197,199,197,186,172
GS01,36/10/08,151,134,119,108,101,106,114,129,148,162,172,178,180,180,179,175,175,172,175,178,182,184,182,179
GS01,36/10/09,170,157,148,126,115,109,108,113,123,136,151,163,174,178,179,175,167,163,159,158,160,162,168,169
GS01,36/10/10,170,166,155,142,125,116,108,104,127,141,154,167,191,194,203,200,199,182,177,171,165,168,176,185
GS01,36/10/11,192,199,200,193,179,164,147,139,131,136,147,165,185,202,214,210,206,188,179,167,152,147,156,172
GS01,36/10/12,181,202,206,211,202,184,165,150,136,132,143,155,175,197,213,219,216,199,183,162,147,138,144,152
GS01,36/10/13,170,193,211,221,222,208,193,167,157,143,141,162,174,200,220,232,233,220,206,180,157,140,134,147
GS01,36/10/14,162,189,216,234,242,239,218,192,173,157,152,158,174,197,219,236,240,230,212,183,157,133,125,125
GS01,36/10/15,139,163,191,213,229,231,221,203,180,160,148,148,158,176,205,219,230,230,210,185,155,127,111,104
GS01,36/10/16,115,139,167,194,212,228,222,209,188,166,144,145,144,164,185,208,220,223,214,190,161,129,105,95
GS01,36/10/17,96,113,141,172,200,217,224,216,199,177,158,151,149,159,176,203,219,227,224,204,178,146,119,102
GS01,36/10/18,93,100,130,152,186,200,227,220,220,192,179,160,154,154,177,195,214,229,225,214,188,162,132,106
GS01,36/10/19,96,97,112,131,166,190,210,220,218,200,186,170,161,160,168,187,206,218,226,218,206,178,151,128
GS01,36/10/20,104,105,109,133,154,181,206,220,225,228,207,201,185,183,186,202,207,222,230,230,222,200,175,147
GS01,36/10/21,130,115,116,124,139,161,185,201,212,212,205,197,186,182,180,185,197,207,219,222,218,206,184,163
GS01,36/10/22,140,124,117,117,127,146,164,183,198,207,207,203,198,193,187,188,192,197,204,208,208,203,191,173
GS01,36/10/23,155,139,124,118,119,126,139,153,167,178,188,191,190,185,182,179,176,176,179,184,188,188,185,177
GS01,36/10/24,165,151,140,126,117,118,123,133,148,164,175,184,188,191,186,183,175,170,167,168,172,175,178,180
GS01,36/10/25,176,169,156,146,132,125,119,121,129,145,160,174,185,196,192,188,180,168,158,154,152,159,167,177
GS01,36/10/26,182,185,180,172,157,145,132,127,131,144,157,180,200,212,219,216,207,188,174,158,157,161,170,188
GS01,36/10/27,203,215,218,214,202,183,166,150,142,145,155,173,193,212,220,224,212,190,162,140,128,119,128,146
GS01,36/10/28,169,191,206,210,205,187,166,144,129,124,129,139,165,183,205,210,205,188,159,129,107,92,91,106
GS01,36/10/29,132,162,190,210,216,210,192,171,151,135,132,138,161,182,211,219,224,211,185,152,115,95,80,89
GS01,36/10/30,112,144,181,214,232,242,229,208,186,163,155,153,169,193,216,236,245,236,215,181,143,107,87,81
GS01,36/10/31,93,120,156,193,223,240,242,230,210,187,173,165,168,186,208,244,249,226,213,179,140,106,83,78
GS01,36/11/01,86,114,151,185,217,240,244,235,220,202,184,171,165,176,192,211,233,242,241,220,195,150,112,92
GS01,36/11/02,73,79,101,131,165,197,220,229,230,212,202,180,171,173,183,202,216,231,232,222,199,171,136,102
GS01,36/11/03,81,74,84,104,134,167,194,212,221,215,204,188,178,177,182,192,210,222,230,229,214,189,161,132
GS01,36/11/04,103,95,90,98,120,146,174,195,207,212,205,198,187,183,181,190,196,208,219,220,220,207,191,164
GS01,36/11/05,137,123,110,116,120,132,154,177,191,197,202,198,195,184,181,176,178,184,186,191,192,187,180,165
GS01,36/11/06,146,132,120,108,111,119,131,148,166,178,188,190,190,184,175,172,168,170,173,180,180,182,180,177
GS01,36/11/07,169,160,146,137,133,132,139,152,169,183,194,204,204,204,200,192,178,179,175,175,183,187,193,197
GS01,36/11/08,195,192,183,174,163,154,152,157,158,177,181,197,204,203,203,197,184,168,163,158,156,158,166,172
GS01,36/11/09,182,182,185,177,169,151,141,141,143,149,159,172,185,197,198,190,175,165,138,130,127,132,148,158
GS01,36/11/10,167,177,187,194,176,168,152,141,139,146,148,168,184,198,198,198,190,174,152,130,115,114,122,135
GS01,36/11/11,158,175,192,206,201,196,183,167,159,154,160,173,188,204,223,218,209,194,166,146,128,116,117,128
GS01,36/11/12,152,174,199,214,224,219,207,189,172,167,165,173,189,205,220,230,223,205,182,157,129,110,105,118
GS01,36/11/13,140,152,189,206,218,227,213,200,177,167,164,164,181,199,218,231,230,218,195,160,130,107,93,98
GS01,36/11/14,111,133,164,189,213,212,215,200,183,167,160,155,160,179,196,212,219,209,195,164,137,112,91,82
GS01,36/11/15,90,110,142,170,195,215,218,214,196,180,166,158,163,176,197,213,225,221,209,185,154,124,100,85
GS01,36/11/16,85,102,127,157,184,208,221,217,212,194,178,162,160,170,184,195,216,220,213,194,165,137,108,91
GS01,36/11/17,85,92,107,131,166,189,209,219,210,201,183,168,161,160,171,186,203,214,214,200,180,151,122,99
GS01,36/11/18,88,84,93,114,146,169,193,210,210,208,192,178,168,167,169,183,198,212,218,215,201,178,152,128
GS01,36/11/19,109,100,100,115,141,162,191,210,219,221,210,200,188,176,178,183,197,209,217,215,207,188,170,143
GS01,36/11/20,126,111,107,110,123,148,170,188,202,208,203,192,181,171,165,166,173,182,186,193,192,188,170,153
GS01,36/11/21,138,115,108,109,115,131,150,172,188,200,205,203,190,184,173,170,169,174,177,188,192,193,192,178
GS01,36/11/22,164,152,139,135,128,133,147,166,182,207,210,217,212,206,199,185,183,180,176,187,193,201,204,199
GS01,36/11/23,193,186,175,161,151,150,150,161,171,189,204,212,215,209,202,189,176,163,157,156,161,172,183,192
GS01,36/11/24,197,195,188,177,165,155,152,156,164,180,195,211,219,222,216,202,186,166,150,140,140,146,157,173
GS01,36/11/25,185,195,197,193,178,168,152,151,149,154,170,184,200,209,208,203,184,156,133,111,102,108,116,137
GS01,36/11/26,163,182,194,202,195,186,173,160,152,155,165,177,197,213,219,214,198,172,142,112,93,86,92,113
GS01,36/11/27,141,171,197,213,220,218,195,180,169,161,167,175,197,214,231,238,225,200,173,135,108,97,90,98
GS01,36/11/28,127,160,199,222,242,241,238,219,201,187,187,186,203,222,237,251,248,231,205,165,126,93,81,81
GS01,36/11/29,95,125,162,197,224,238,241,232,212,197,184,180,184,203,223,235,248,242,225,190,153,116,88,71
GS01,36/11/30,77,94,124,161,197,223,233,237,224,206,190,181,179,191,205,223,240,242,233,207,174,132,103,74
GS01,36/12/01,67,73,93,128,163,196,216,224,222,211,193,179,173,175,188,207,220,232,232,220,195,162,126,96
GS01,36/12/02,82,81,91,116,147,181,207,224,227,222,209,195,183,181,189,202,217,231,238,234,219,197,167,138
GS01,36/12/03,112,99,100,116,136,166,188,213,223,220,213,197,188,175,179,182,195,208,217,222,216,203,182,156
GS01,36/12/04,132,116,110,114,129,150,174,195,210,214,211,201,183,177,170,171,176,183,192,202,201,193,181,167
GS01,36/12/05,148,133,122,122,127,139,161,181,197,207,207,203,190,178,168,165,162,164,169,177,182,182,179,172
GS01,36/12/06,164,152,143,128,132,136,150,164,178,190,196,193,193,181,172,164,154,154,154,154,160,168,175,177
GS01,36/12/07,173,167,163,151,144,146,152,164,175,191,199,201,201,193,184,171,160,147,141,141,141,148,157,164
GS01,36/12/08,166,167,167,162,154,148,151,156,160,174,184,188,194,193,182,174,157,144,131,121,125,127,137,151
GS01,36/12/09,163,169,177,178,171,168,161,156,159,163,174,182,193,192,190,181,166,149,128,115,106,108,115,131
GS01,36/12/10,148,164,176,182,183,179,169,162,159,161,168,177,188,198,202,196,184,163,141,123,107,103,106,117
GS01,36/12/11,140,159,179,193,201,198,191,181,170,165,170,177,189,201,209,210,199,180,158,131,114,99,96,108
GS01,36/12/12,131,155,179,197,213,217,214,203,189,179,178,176,190,199,212,213,215,193,174,146,115,96,86,91
GS01,36/12/13,109,135,162,183,206,210,212,203,189,174,166,167,176,187,206,215,213,207,186,159,128,102,82,84
GS01,36/12/14,92,113,145,173,197,212,217,209,198,184,167,160,165,179,195,208,216,211,193,168,137,106,86,73
GS01,36/12/15,73,90,120,154,181,203,212,215,202,184,167,156,158,167,183,201,210,210,203,177,147,111,87,67
GS01,36/12/16,59,72,96,125,156,180,201,203,200,185,168,157,149,153,165,183,201,207,204,191,167,133,101,81
GS01,36/12/17,69,69,86,111,141,172,194,207,207,200,184,167,157,154,164,180,197,211,216,211,192,167,137,112
GS01,36/12/18,93,90,95,113,138,168,191,210,216,212,199,181,166,160,162,176,187,201,210,210,203,184,159,130
GS01,36/12/19,109,98,100,109,129,156,181,201,208,208,200,189,168,154,152,150,162,176,189,197,197,187,166,142
GS01,36/12/20,123,108,104,107,118,139,165,186,199,210,203,195,175,160,154,151,150,159,171,181,189,189,183,174
GS01,36/12/21,155,140,125,123,129,143,158,184,198,211,214,206,194,178,160,149,145,147,157,167,177,187,188,185
GS01,36/12/22,175,160,155,143,143,148,155,174,189,202,207,209,202,186,170,152,138,128,132,135,147,158,166,175
GS01,36/12/23,174,171,164,158,150,148,150,161,172,184,195,202,200,193,179,162,141,124,114,110,121,129,150,167
GS01,36/12/24,179,184,187,184,179,171,166,168,175,184,196,201,209,205,198,182,160,137,117,103,102,112,121,141
GS01,36/12/25,167,182,195,202,196,192,185,177,174,178,188,196,208,214,211,203,180,153,125,103,85,84,94,116
GS01,36/12/26,142,169,191,204,213,210,203,191,180,178,184,192,201,216,222,221,206,183,151,118,94,78,75,91
GS01,36/12/27,114,146,176,203,219,225,222,211,198,190,185,190,199,214,229,236,232,213,182,149,114,88,73,75
GS01,36/12/28,92,120,154,185,211,225,225,217,203,190,178,175,181,196,214,230,231,224,202,170,135,99,74,65
GS01,36/12/29,71,92,126,159,191,213,224,220,208,192,174,168,165,178,194,214,227,229,215,191,158,119,86,66
GS01,36/12/30,60,71,96,129,164,192,208,214,206,191,172,157,151,157,174,192,210,219,217,200,177,143,110,82
GS01,36/12/31,69,71,88,114,147,179,203,213,208,201,181,163,150,147,158,175,188,213,216,212,201,173,148,116
