GS01,76/01/01,101,125,156,185,211,224,226,218,206,192,180,177,184,197,217,232,241,234,215,185,152,121,98,90
GS01,76/01/02,96,116,146,180,208,229,239,236,222,205,191,180,182,192,208,226,239,242,230,204,174,140,108,88
GS01,76/01/03,85,97,120,150,180,207,224,226,217,202,185,170,163,168,183,200,219,228,226,212,187,157,126,101
GS01,76/01/04,88,91,109,136,166,195,218,229,228,217,201,183,171,169,179,197,217,232,238,231,213,186,157,130
GS01,76/01/05,111,106,116,137,165,195,220,236,241,232,217,198,182,173,176,188,205,224,237,241,232,214,193,172
GS01,76/01/06,150,135,130,140,160,188,214,233,239,235,224,206,186,173,171,176,190,205,217,222,219,207,187,165
GS01,76/01/07,145,129,124,131,147,168,191,211,222,223,217,201,184,168,160,159,167,179,192,202,205,201,190,174
GS01,76/01/08,155,142,135,137,147,164,184,204,218,225,222,212,198,182,171,164,165,172,182,194,203,206,201,191
GS01,76/01/09,179,168,159,156,160,170,185,201,215,222,222,215,202,188,174,164,160,159,162,170,178,183,185,181
GS01,76/01/10,177,169,162,159,159,164,173,185,197,208,213,211,202,191,177,166,155,148,145,148,156,164,172,177
GS01,76/01/11,178,177,175,173,171,174,179,187,197,206,215,218,215,207,196,185,172,161,150,146,148,158,169,179
GS01,76/01/12,188,193,195,194,190,187,186,188,193,199,206,211,212,209,201,189,174,157,141,127,122,125,135,148
GS01,76/01/13,162,175,187,193,194,191,188,184,183,187,193,199,205,209,210,203,190,172,150,132,117,113,119,132
GS01,76/01/14,150,170,187,200,206,206,203,194,188,186,188,196,205,213,221,221,213,196,169,142,120,106,104,112
GS01,76/01/15,130,154,177,199,213,217,212,203,191,183,179,182,191,202,214,221,219,205,180,150,120,98,86,88
GS01,76/01/16,103,127,157,184,205,216,217,208,194,180,171,170,177,190,206,221,229,222,204,174,142,110,89,81
GS01,76/01/17,89,109,140,175,205,224,231,227,213,195,180,173,174,186,205,225,241,247,236,212,181,146,116,97
GS01,76/01/18,96,110,137,171,205,231,246,247,236,216,198,182,175,181,196,218,239,250,247,231,201,166,131,104
GS01,76/01/19,89,92,112,141,178,211,234,244,237,217,196,177,166,167,179,201,225,243,248,239,214,185,151,122
GS01,76/01/20,101,96,108,134,167,200,226,238,237,223,202,178,161,153,158,174,197,217,232,234,224,204,176,146
GS01,76/01/21,121,108,111,126,153,185,212,232,236,228,210,186,164,146,143,151,168,189,208,220,220,209,190,167
GS01,76/01/22,143,124,118,126,144,170,198,220,231,231,220,201,179,161,151,149,157,174,190,203,211,211,201,186
GS01,76/01/23,167,149,136,134,144,161,184,205,221,227,223,209,190,170,153,144,142,147,160,174,186,196,197,192
GS01,76/01/24,183,171,159,152,154,161,177,194,208,217,219,210,195,176,156,140,131,129,132,141,154,165,174,179
GS01,76/01/25,180,179,173,168,167,169,177,188,199,208,213,213,205,192,177,161,147,135,129,129,135,146,159,171
GS01,76/01/26,181,189,192,191,188,186,185,188,194,202,210,214,212,207,196,182,165,147,132,121,118,123,135,151
GS01,76/01/27,167,183,195,201,203,200,196,193,191,196,201,207,213,214,211,201,185,163,142,123,110,106,111,124
GS01,76/01/28,142,164,184,200,206,206,199,190,183,178,181,187,196,206,211,209,200,183,158,133,113,99,97,106
GS01,76/01/29,125,149,175,197,211,217,214,204,192,183,179,183,194,207,220,227,227,216,192,167,140,116,105,105
GS01,76/01/30,118,141,170,199,220,231,232,223,207,192,181,179,186,199,215,229,235,229,210,183,152,123,103,95
GS01,76/01/31,103,123,152,182,209,227,231,224,208,191,176,169,170,183,201,219,236,238,226,202,174,143,115,101
GS01,76/02/01,101,114,138,168,197,222,234,231,217,199,180,164,162,170,188,209,230,242,238,223,198,166,138,116
GS01,76/02/02,107,114,133,161,192,220,235,239,228,211,190,172,162,164,178,199,222,240,244,236,217,189,161,136
GS01,76/02/03,120,118,130,153,181,209,228,235,230,215,194,172,156,150,157,176,198,221,232,234,223,201,175,149
GS01,76/02/04,129,120,126,143,168,195,217,230,230,217,199,176,157,146,146,158,179,199,216,223,219,205,184,162
GS01,76/02/05,142,131,134,147,166,191,215,230,235,229,213,194,176,161,157,163,179,199,217,227,228,221,207,189
GS01,76/02/06,171,157,152,158,172,191,212,229,235,233,220,203,182,164,154,152,159,172,189,202,210,209,202,191
GS01,76/02/07,176,164,158,159,167,182,199,215,223,225,218,202,184,165,150,142,143,152,163,176,186,192,191,186
GS01,76/02/08,177,169,162,161,165,177,191,204,215,220,217,208,194,178,164,152,147,148,154,164,174,182,188,190
GS01,76/02/09,189,184,180,178,177,182,191,200,208,213,215,211,202,190,175,160,149,142,140,143,152,161,170,179
GS01,76/02/10,185,187,188,186,185,186,188,194,201,208,212,213,210,202,192,180,167,155,145,141,143,150,160,173
GS01,76/02/11,185,195,202,204,204,203,201,201,200,202,206,211,213,212,207,197,182,163,147,131,123,123,131,144
GS01,76/02/12,162,180,195,204,207,204,198,191,185,183,186,192,199,205,207,203,192,176,152,129,111,102,103,114
GS01,76/02/13,134,157,180,196,206,208,201,192,181,173,170,175,187,198,210,216,212,198,173,144,119,99,92,99
GS01,76/02/14,116,143,171,196,214,221,216,204,188,173,164,165,175,190,208,223,226,221,200,171,138,108,90,87
GS01,76/02/15,99,123,154,186,211,226,229,219,201,181,164,156,162,178,201,224,240,245,233,206,174,139,111,96
GS01,76/02/16,100,116,148,182,212,234,241,235,213,186,163,150,149,163,187,212,236,249,244,223,193,156,124,103
GS01,76/02/17,98,110,136,169,201,226,238,233,212,184,157,137,129,135,155,182,209,228,234,226,203,169,136,110
GS01,76/02/18,97,101,119,149,183,213,231,234,222,199,172,146,130,127,142,166,195,222,240,244,234,211,182,153
GS01,76/02/19,132,124,133,154,184,212,233,241,235,214,185,156,132,119,119,134,158,185,206,219,218,204,184,160
GS01,76/02/20,139,127,127,140,162,187,209,222,221,209,187,161,136,117,108,111,127,149,170,187,197,194,187,172
GS01,76/02/21,157,144,139,144,156,177,197,211,217,214,199,179,155,134,119,112,117,130,146,162,177,185,187,183
GS01,76/02/22,176,166,160,160,167,179,194,208,217,218,211,198,179,159,142,130,126,130,139,151,164,177,187,192
GS01,76/02/23,193,192,190,189,191,196,204,214,221,226,224,216,205,189,172,156,146,139,138,141,149,160,171,182
GS01,76/02/24,190,195,198,197,196,195,196,199,204,208,210,211,208,199,188,174,159,145,135,129,130,137,148,161
GS01,76/02/25,175,189,199,203,203,198,194,191,189,191,194,199,202,203,200,190,175,158,141,127,120,118,125,139
GS01,76/02/26,158,176,193,203,206,202,193,183,177,173,174,180,188,195,199,197,188,171,149,128,110,101,101,112
GS01,76/02/27,130,152,174,191,200,200,191,179,166,156,154,159,171,183,196,202,200,188,167,144,120,103,96,101
GS01,76/02/28,118,141,167,190,205,210,206,192,177,160,151,155,166,183,200,216,222,218,201,177,151,128,114,114
GS01,76/02/29,126,147,174,201,220,229,227,214,195,174,159,154,163,180,201,223,235,237,223,199,170,142,122,113
GS01,76/03/01,117,135,161,188,210,220,218,205,185,162,142,133,135,148,177,204,221,224,213,192,164,137,116,106
GS01,76/03/02,111,128,155,182,206,220,220,208,185,160,139,128,128,142,166,193,215,226,224,210,186,159,135,120
GS01,76/03/03,118,127,149,178,206,224,229,223,207,184,158,138,127,131,148,173,198,219,228,225,208,184,159,138
GS01,76/03/04,126,127,141,163,188,210,222,221,208,185,158,134,118,114,124,146,170,193,210,212,204,186,164,144
GS01,76/03/05,130,125,133,152,174,195,212,216,207,187,161,138,117,109,113,128,150,173,192,201,200,190,171,151
GS01,76/03/06,137,131,135,146,166,189,205,213,209,195,174,150,129,115,112,120,139,160,181,196,200,196,184,170
GS01,76/03/07,156,149,149,156,172,190,208,217,218,209,193,171,150,135,127,129,140,155,172,187,199,201,197,188
GS01,76/03/08,178,169,165,167,175,187,201,210,213,207,197,180,162,144,130,125,126,135,148,161,174,183,185,184
GS01,76/03/09,179,174,171,171,175,184,194,202,208,209,203,194,180,164,149,139,134,135,142,152,163,173,181,186
GS01,76/03/10,189,189,187,185,185,186,190,195,200,203,203,199,191,179,166,152,141,132,129,133,141,152,164,176
GS01,76/03/11,186,195,198,198,196,192,190,190,192,196,200,201,202,196,187,175,162,148,135,128,127,135,150,166
GS01,76/03/12,183,198,210,214,213,208,202,196,191,192,197,206,213,219,218,211,197,178,157,139,129,128,135,151
GS01,76/03/13,173,194,210,219,220,214,203,190,177,170,170,178,190,202,211,214,206,188,162,136,114,101,101,113
GS01,76/03/14,136,164,189,207,216,213,200,180,162,149,144,150,165,184,203,216,220,209,186,158,130,107,97,102
GS01,76/03/15,119,148,179,207,223,225,216,195,171,150,136,137,150,172,197,222,235,235,220,194,160,130,109,102
GS01,76/03/16,110,135,166,197,219,227,221,200,172,143,120,111,117,136,163,193,217,231,227,209,179,150,121,105
GS01,76/03/17,105,120,148,179,209,227,230,217,190,158,130,109,105,114,140,172,204,228,236,230,210,181,153,130
GS01,76/03/18,120,126,145,174,206,227,238,231,210,179,148,120,106,107,122,151,184,213,233,240,233,212,187,164
GS01,76/03/19,147,142,152,174,202,227,242,242,228,202,170,138,116,106,110,127,155,185,213,227,230,222,205,183
GS01,76/03/20,165,155,157,170,190,214,231,237,231,212,185,156,129,110,104,113,130,156,181,200,212,213,206,193
GS01,76/03/21,178,167,163,167,180,198,214,224,224,214,196,172,146,123,110,107,116,131,152,171,188,197,199,194
GS01,76/03/22,186,177,170,168,174,184,197,207,211,208,197,180,160,139,123,114,113,121,133,147,163,175,183,187
GS01,76/03/23,186,182,178,174,175,180,187,195,202,203,200,191,180,167,152,140,133,129,130,136,147,158,169,179
GS01,76/03/24,187,192,193,188,184,180,180,184,186,187,189,188,184,176,166,154,141,131,125,124,127,135,146,159
GS01,76/03/25,171,182,189,190,186,181,175,170,168,169,172,178,182,182,178,170,158,145,131,121,119,119,128,142
GS01,76/03/26,158,174,185,191,191,185,176,167,159,156,160,166,178,188,194,194,187,174,157,140,130,126,131,144
GS01,76/03/27,163,183,201,214,218,214,203,190,177,169,170,178,190,205,216,223,220,210,190,170,151,138,135,141
GS01,76/03/28,155,177,196,212,218,214,201,183,164,148,142,145,158,176,195,209,214,210,195,174,154,136,127,128
GS01,76/03/29,139,161,186,207,219,218,207,189,166,146,133,131,141,160,182,204,217,220,210,192,170,149,134,130
GS01,76/03/30,137,158,183,206,225,232,226,209,183,159,142,135,143,160,187,213,235,245,241,225,200,177,158,147
GS01,76/03/31,148,161,182,205,224,233,229,212,186,159,134,120,119,131,155,182,206,223,227,218,198,175,153,138
GS01,76/04/01,133,142,160,181,203,218,220,208,185,160,133,113,105,112,132,158,186,209,221,219,207,186,167,149
GS01,76/04/02,140,144,159,179,201,219,227,220,203,175,146,122,109,108,121,148,177,204,223,229,222,208,187,166
GS01,76/04/03,154,153,162,179,198,215,227,224,209,184,155,129,109,102,110,127,152,178,199,212,212,204,188,171
GS01,76/04/04,157,152,156,170,187,204,218,221,213,195,171,146,123,110,109,120,140,165,190,205,213,212,201,186
GS01,76/04/05,173,164,162,169,182,197,210,217,213,201,181,158,135,116,109,112,125,144,166,185,197,201,199,190
GS01,76/04/06,180,172,167,169,178,191,203,212,214,208,194,175,156,139,125,120,126,140,160,179,195,208,213,213
GS01,76/04/07,208,202,195,191,193,198,207,214,219,216,208,195,178,161,146,135,130,134,145,158,172,184,192,195
GS01,76/04/08,194,191,186,181,179,180,183,188,192,193,191,186,177,164,152,140,129,124,126,133,145,158,171,181
GS01,76/04/09,189,193,192,187,181,178,174,175,178,181,185,187,187,182,172,161,147,134,126,122,127,139,154,170
GS01,76/04/10,185,196,200,199,192,183,173,166,163,165,171,179,187,191,191,184,169,152,134,123,119,124,136,154
GS01,76/04/11,174,192,202,204,198,186,172,158,147,144,151,163,180,193,203,206,196,180,160,140,126,121,126,143
GS01,76/04/12,166,190,208,218,216,204,186,163,142,130,133,146,166,189,208,219,220,208,186,161,140,126,124,137
GS01,76/04/13,158,185,209,225,227,217,195,168,141,122,114,121,140,167,196,220,231,231,216,190,163,142,129,132
GS01,76/04/14,148,174,202,225,237,234,218,189,158,132,114,111,125,152,185,216,241,253,250,231,206,180,159,150
GS01,76/04/15,155,175,201,226,244,246,235,208,174,139,111,95,97,114,145,181,214,236,244,237,217,194,170,153
GS01,76/04/16,151,163,185,210,233,243,240,223,194,159,126,102,92,99,122,155,189,221,242,246,239,219,196,175
GS01,76/04/17,165,168,180,202,226,241,247,237,214,183,148,119,98,95,105,132,164,195,221,235,236,227,210,191
GS01,76/04/18,175,169,173,189,208,224,235,233,218,194,163,133,107,94,93,108,130,159,184,205,217,218,209,195
GS01,76/04/19,183,175,174,181,194,210,221,226,220,206,183,158,131,114,105,108,120,141,165,185,201,210,209,201
GS01,76/04/20,192,185,179,179,186,195,207,214,216,209,195,177,155,136,123,118,123,134,150,168,185,197,203,205
GS01,76/04/21,202,196,191,187,188,194,201,207,211,211,205,195,181,166,153,142,137,139,148,159,173,187,197,204
GS01,76/04/22,207,206,202,195,189,185,185,188,192,194,194,191,185,176,165,154,144,140,140,144,153,165,177,188
GS01,76/04/23,197,201,201,196,188,180,175,174,176,179,184,190,192,191,188,178,169,160,153,152,156,165,177,192
GS01,76/04/24,205,215,218,216,208,195,184,175,171,172,178,187,197,204,206,202,194,181,168,157,152,156,164,176
GS01,76/04/25,191,204,213,214,207,192,176,161,150,147,152,163,177,192,203,206,203,194,181,167,157,155,159,172
GS01,76/04/26,187,204,217,223,220,208,189,170,152,142,142,152,169,188,206,217,219,213,201,185,170,161,159,165
GS01,76/04/27,180,199,215,225,226,216,196,174,152,133,127,133,149,170,194,213,222,223,214,198,181,164,157,160
GS01,76/04/28,173,192,211,226,232,226,208,185,157,132,119,120,131,154,180,204,220,227,221,206,190,173,161,160
GS01,76/04/29,170,187,207,225,234,234,221,198,170,142,123,117,123,144,172,199,222,236,237,227,208,190,172,164
GS01,76/04/30,167,180,197,215,229,233,226,203,175,146,121,107,105,121,147,174,203,223,232,228,215,198,181,168
GS01,76/05/01,165,172,191,212,231,238,232,214,188,159,133,116,116,128,151,179,207,232,243,242,231,214,194,181
GS01,76/05/02,176,181,194,211,227,236,234,219,195,165,135,113,102,106,122,147,176,204,223,229,224,213,196,181
GS01,76/05/03,172,173,182,198,213,227,231,224,205,179,151,126,111,107,116,139,165,194,216,228,232,225,212,199
GS01,76/05/04,189,185,189,201,216,230,239,237,225,205,181,156,136,124,126,138,159,185,210,227,236,237,231,217
GS01,76/05/05,204,197,195,202,213,224,235,239,232,220,201,179,159,143,134,138,151,170,192,212,226,233,233,225
GS01,76/05/06,215,205,198,197,201,209,218,225,226,219,209,192,172,153,141,136,140,152,168,187,202,214,217,217
GS01,76/05/07,211,202,193,186,183,185,189,195,199,201,198,190,178,163,148,137,132,133,142,158,173,189,202,207
GS01,76/05/08,206,202,193,183,174,168,168,172,177,183,188,191,187,179,168,154,143,136,135,140,153,169,185,197
GS01,76/05/09,204,205,199,189,177,164,156,153,155,162,172,182,190,193,188,178,165,151,140,136,140,152,170,186
GS01,76/05/10,201,209,208,200,185,167,150,137,132,136,148,164,181,195,201,199,188,174,158,145,141,146,158,175
GS01,76/05/11,193,208,214,212,198,178,155,133,117,115,122,141,162,187,203,213,211,198,183,166,151,148,153,167
GS01,76/05/12,188,209,223,226,217,197,171,143,120,107,105,118,143,172,200,222,230,227,213,196,179,165,162,170
GS01,76/05/13,188,210,230,241,238,223,196,165,134,111,99,104,124,153,188,217,236,244,237,220,199,181,168,165
GS01,76/05/14,175,193,212,229,236,228,205,176,143,112,89,79,85,105,137,170,202,223,230,226,210,192,174,164
GS01,76/05/15,163,174,192,212,227,231,221,197,164,129,97,79,73,83,107,141,175,205,222,228,221,205,188,171
GS01,76/05/16,165,169,182,201,219,231,230,215,190,157,124,99,82,82,97,122,155,188,212,225,227,220,206,191
GS01,76/05/17,179,178,187,202,220,234,240,236,219,192,162,133,112,102,106,122,147,175,203,220,227,226,216,202
GS01,76/05/18,188,179,178,185,200,213,223,224,217,199,176,150,127,112,107,115,131,155,180,204,219,223,221,212
GS01,76/05/19,200,188,183,182,190,200,210,218,217,207,191,171,151,134,121,119,128,144,164,183,201,212,216,211
GS01,76/05/20,202,192,182,176,175,180,189,196,201,198,191,179,164,147,133,126,127,136,150,164,181,196,205,207
GS01,76/05/21,203,194,186,178,173,172,177,183,190,196,197,194,186,175,164,154,149,149,156,167,181,196,208,215
GS01,76/05/22,216,212,204,194,184,177,174,175,179,184,188,191,192,188,180,171,163,158,156,160,169,181,193,203
GS01,76/05/23,209,210,205,196,182,171,161,157,156,161,170,179,187,191,191,187,179,172,165,163,166,175,186,198
GS01,76/05/24,208,214,213,206,191,175,160,149,142,143,151,164,177,189,196,199,195,187,178,171,167,170,179,191
GS01,76/05/25,205,215,219,218,207,189,170,153,140,135,142,155,172,190,203,214,214,208,197,188,179,177,181,192
GS01,76/05/26,205,222,229,229,217,198,174,151,134,127,131,143,164,186,206,220,226,221,210,199,188,182,182,188
GS01,76/05/27,200,215,229,235,231,216,194,169,143,124,118,124,141,163,187,208,224,227,222,210,196,183,178,179
GS01,76/05/28,189,205,220,232,235,227,208,182,154,128,115,113,124,147,175,202,224,235,236,227,211,196,185,182
GS01,76/05/29,187,201,219,234,243,238,225,200,170,140,118,108,113,132,159,191,218,238,245,240,226,211,195,184
GS01,76/05/30,185,194,209,227,241,245,236,216,187,154,125,107,102,113,135,166,197,223,236,238,228,214,199,186
GS01,76/05/31,180,184,196,213,228,240,238,224,200,168,139,113,101,105,120,149,181,211,233,241,239,228,213,197
GS01,76/06/01,189,187,194,209,225,238,244,236,219,192,162,135,115,108,115,136,165,197,222,237,241,234,222,206
GS01,76/06/02,192,185,185,196,209,224,234,232,223,202,178,151,128,112,111,122,145,173,200,221,232,233,225,212
GS01,76/06/03,196,185,181,184,195,208,220,226,222,212,193,170,146,126,116,118,131,152,177,200,217,224,222,212
GS01,76/06/04,200,188,179,175,180,191,201,209,212,208,196,180,159,140,127,122,129,144,167,189,208,220,223,217
GS01,76/06/05,205,192,179,170,168,173,182,192,199,203,201,193,180,164,149,138,136,143,159,177,197,216,226,230
GS01,76/06/06,225,214,200,188,178,175,176,183,192,202,209,211,208,198,185,171,163,159,163,174,188,205,217,225
GS01,76/06/07,225,217,205,188,170,158,151,149,153,164,176,188,196,198,193,184,173,163,158,162,171,184,199,212
GS01,76/06/08,220,222,215,200,181,161,145,134,134,142,156,174,193,206,212,210,201,190,178,173,172,182,196,212
GS01,76/06/09,226,233,232,220,202,180,157,138,126,124,136,157,182,204,223,230,230,221,207,194,186,185,193,207
GS01,76/06/10,222,236,242,239,224,202,175,147,125,112,113,130,154,181,207,227,238,234,224,208,193,184,184,193
GS01,76/06/11,208,224,239,244,239,222,195,164,134,110,100,104,123,151,184,215,234,243,240,228,212,195,187,186
GS01,76/06/12,195,210,227,240,244,235,214,183,149,115,91,85,93,116,148,180,209,230,238,233,218,201,187,178
GS01,76/06/13,181,194,210,227,239,239,228,204,171,137,105,89,88,101,126,160,193,222,240,243,233,217,202,187
GS01,76/06/14,183,188,203,222,237,248,251,240,219,188,154,122,101,97,106,130,161,191,219,238,243,237,223,206
GS01,76/06/15,188,182,185,197,214,231,242,243,230,201,168,138,117,108,112,129,157,186,214,233,240,237,224,206
GS01,76/06/16,189,180,180,190,203,218,230,232,223,203,175,148,127,113,115,132,153,178,203,220,230,228,219,203
GS01,76/06/17,187,177,173,176,189,203,215,223,221,210,190,167,146,128,121,128,144,165,189,209,222,226,222,210
GS01,76/06/18,195,181,172,169,175,185,199,208,212,208,197,183,164,149,139,138,146,163,181,199,215,223,223,217
GS01,76/06/19,205,191,178,169,167,173,181,193,201,203,201,193,181,169,158,152,154,162,177,193,208,219,224,221
GS01,76/06/20,214,201,187,174,166,164,168,176,185,193,198,197,192,185,177,170,167,169,177,188,201,213,222,224
GS01,76/06/21,220,211,201,184,171,163,159,162,168,178,187,195,198,200,195,190,185,182,184,190,200,211,221,226
GS01,76/06/22,229,226,217,203,187,172,161,157,162,170,183,196,206,214,218,216,211,206,202,201,204,213,222,231
GS01,76/06/23,238,238,232,219,203,184,167,153,148,149,159,173,190,205,215,218,216,209,203,196,193,197,205,215
GS01,76/06/24,224,231,233,227,213,193,172,152,140,137,143,158,179,200,217,229,233,231,222,212,203,199,202,211
GS01,76/06/25,221,232,238,236,225,208,184,160,139,126,125,138,157,180,204,221,231,231,224,214,202,193,191,197
GS01,76/06/26,207,221,234,238,234,219,195,167,139,119,109,114,130,156,184,209,226,232,229,218,205,193,184,184
GS01,76/06/27,193,206,221,232,235,227,207,179,150,122,104,99,108,132,162,193,219,234,236,229,214,199,187,181
GS01,76/06/28,186,197,212,226,235,236,224,199,166,135,110,94,97,113,142,174,204,227,238,234,222,204,188,177
GS01,76/06/29,176,183,198,216,231,238,234,217,190,157,125,103,94,102,125,157,190,217,234,239,232,216,198,182
GS01,76/06/30,174,176,188,205,222,236,240,229,209,179,145,116,98,97,110,136,166,198,222,234,232,223,205,186
GS01,76/07/01,171,166,171,185,203,219,231,232,218,190,160,133,114,106,115,138,167,196,221,235,238,228,212,192
GS01,76/07/02,175,167,169,180,196,215,227,232,229,212,187,161,137,124,121,136,159,185,210,230,239,236,224,207
GS01,76/07/03,188,174,167,170,182,199,214,225,227,221,206,187,165,147,138,141,156,177,202,224,239,244,238,223
GS01,76/07/04,204,186,171,165,166,177,191,205,214,217,214,204,188,172,159,154,157,169,187,208,224,236,236,230
GS01,76/07/05,213,195,176,162,157,159,166,179,191,202,209,211,205,195,183,174,171,173,181,195,211,225,232,234
GS01,76/07/06,227,215,201,186,171,159,154,157,164,179,193,203,211,212,206,197,191,188,188,196,208,221,231,237
GS01,76/07/07,236,226,212,196,180,165,153,146,144,150,166,184,200,213,221,221,215,208,202,198,202,211,221,232
GS01,76/07/08,240,241,233,217,195,172,150,136,128,131,143,164,186,208,223,231,229,223,213,202,197,199,208,219
GS01,76/07/09,230,238,239,230,212,189,163,138,120,112,116,130,155,182,206,224,234,234,225,212,201,194,195,203
GS01,76/07/10,215,231,241,242,232,213,185,155,128,110,104,112,132,160,189,217,235,242,239,227,212,199,191,194
GS01,76/07/11,204,220,236,247,248,237,214,183,150,123,106,104,116,141,173,206,229,244,248,240,224,208,194,188
GS01,76/07/12,192,206,225,241,250,248,232,204,171,138,113,99,103,120,148,180,211,233,243,240,226,208,191,179
GS01,76/07/13,177,186,204,223,239,246,240,222,193,158,129,108,99,109,131,161,193,219,237,241,234,218,198,180
GS01,76/07/14,172,174,187,206,224,237,241,231,210,180,152,125,113,113,127,152,182,210,231,241,239,227,210,189
GS01,76/07/15,175,171,178,192,211,228,238,237,224,201,173,147,128,122,127,143,169,198,223,237,239,230,213,194
GS01,76/07/16,177,166,166,174,191,209,225,230,227,211,191,166,145,133,132,143,163,185,208,226,234,232,221,203
GS01,76/07/17,185,170,162,164,176,191,207,219,221,216,203,186,167,152,147,152,165,184,207,223,232,233,226,212
GS01,76/07/18,195,178,164,158,162,172,186,199,207,207,203,192,180,167,159,157,163,177,193,209,222,229,226,216
GS01,76/07/19,200,184,170,159,156,160,170,182,191,197,198,195,187,179,172,167,169,176,187,199,211,220,222,217
GS01,76/07/20,207,194,178,162,153,149,151,158,168,176,184,187,188,186,182,178,177,178,183,191,201,210,217,217
GS01,76/07/21,211,202,190,175,162,149,144,144,150,159,171,182,190,195,195,193,191,188,187,189,195,203,211,217
GS01,76/07/22,218,213,204,189,172,156,142,134,133,140,151,165,178,190,197,200,201,197,193,190,191,195,203,209
GS01,76/07/23,214,216,212,202,187,168,148,132,121,120,130,146,164,183,198,207,211,208,200,192,187,188,192,200
GS01,76/07/24,210,218,221,216,203,184,161,141,123,114,117,130,151,175,197,214,222,221,213,203,194,187,188,192
GS01,76/07/25,203,217,229,231,223,206,182,154,128,110,102,111,129,155,182,205,221,226,221,209,196,185,177,179
GS01,76/07/26,188,204,220,230,232,220,199,170,139,114,96,95,107,132,163,194,218,230,230,221,205,187,173,167
GS01,76/07/27,172,186,205,220,231,231,217,192,159,126,101,89,92,111,140,174,205,225,233,228,214,193,173,162
GS01,76/07/28,163,172,191,213,230,239,234,216,187,150,119,97,89,99,124,159,193,219,234,236,226,206,184,165
GS01,76/07/29,155,160,175,195,217,234,240,233,213,182,148,120,103,100,109,130,158,187,213,233,239,231,210,186
GS01,76/07/30,166,156,160,177,200,223,237,236,219,190,158,130,111,107,120,148,179,208,230,238,233,217,193,168
GS01,76/07/31,149,142,149,165,186,209,224,230,225,207,183,156,133,124,126,142,168,197,221,235,237,227,206,181
GS01,76/08/01,158,141,138,144,160,180,200,214,218,213,199,178,159,143,140,147,162,187,211,229,237,232,218,197
GS01,76/08/02,173,154,142,139,147,161,180,197,208,210,206,196,184,171,163,163,170,185,204,220,232,235,227,212
GS01,76/08/03,193,171,153,140,138,144,158,172,186,196,201,202,196,189,183,179,181,187,200,215,228,236,234,224
GS01,76/08/04,208,189,168,151,140,134,136,144,157,170,184,194,199,199,197,192,188,188,191,198,208,216,220,221
GS01,76/08/05,216,205,189,171,153,139,132,132,137,149,165,182,196,206,210,210,206,202,199,198,201,208,215,221
GS01,76/08/06,224,221,211,194,174,153,137,126,121,126,138,157,178,197,211,217,217,212,203,195,192,194,201,210
GS01,76/08/07,220,225,222,213,195,172,150,130,116,112,119,136,159,184,205,219,225,221,211,198,189,185,187,196
GS01,76/08/08,207,218,226,225,213,195,168,142,118,103,102,112,135,162,190,212,225,226,219,203,187,175,171,177
GS01,76/08/09,192,209,222,230,228,215,194,164,135,112,102,105,121,147,175,204,224,234,232,220,200,183,173,172
GS01,76/08/10,184,202,222,238,245,241,224,197,164,135,115,108,116,138,166,198,224,238,238,227,208,188,169,162
GS01,76/08/11,166,181,203,224,238,241,232,211,183,150,124,109,111,126,151,180,209,229,238,232,213,192,169,153
GS01,76/08/12,153,163,182,205,225,236,236,224,199,169,142,121,114,122,142,170,200,225,240,238,224,204,178,159
GS01,76/08/13,148,152,168,189,213,231,239,235,219,193,165,143,129,132,146,169,197,221,238,242,234,215,191,169
GS01,76/08/14,153,148,156,173,194,216,232,236,228,210,188,164,147,144,151,168,190,215,232,241,237,222,200,175
GS01,76/08/15,157,144,147,159,177,199,216,225,223,212,194,175,158,149,150,161,181,201,219,230,232,224,207,185
GS01,76/08/16,164,150,144,148,161,178,197,211,217,214,205,190,176,166,164,169,182,201,220,232,238,234,223,203
GS01,76/08/17,181,163,152,148,153,166,181,196,204,208,203,194,184,176,172,174,182,194,207,219,227,228,221,206
GS01,76/08/18,190,173,159,150,148,153,162,176,188,197,201,200,196,190,184,183,185,193,202,212,221,225,222,215
GS01,76/08/19,204,190,174,161,151,148,152,160,172,183,192,197,199,200,198,195,194,196,200,206,213,218,220,218
GS01,76/08/20,213,204,190,174,161,149,145,147,152,163,176,188,197,204,208,209,206,202,201,203,207,212,217,221
GS01,76/08/21,221,218,209,195,179,163,149,142,141,148,159,176,191,204,215,218,216,210,203,199,197,198,203,210
GS01,76/08/22,217,222,220,211,196,174,153,135,124,124,133,152,174,196,213,224,226,223,212,199,188,186,189,198
GS01,76/08/23,210,222,229,228,218,198,172,149,127,116,118,132,156,183,209,226,235,235,223,206,192,180,177,186
GS01,76/08/24,200,218,234,243,242,227,202,172,143,122,114,121,142,173,202,227,243,244,235,215,194,176,164,165
GS01,76/08/25,177,197,219,236,243,235,217,189,155,125,104,102,113,142,175,207,230,242,238,221,197,173,153,148
GS01,76/08/26,157,175,202,227,245,250,242,217,184,150,123,108,112,132,163,196,224,241,245,235,213,183,158,142
GS01,76/08/27,140,153,179,209,234,250,252,240,212,177,145,122,113,123,149,183,217,241,252,248,228,203,173,151
GS01,76/08/28,143,148,168,196,226,252,266,264,249,223,192,165,149,150,167,194,222,247,263,264,250,227,194,165
GS01,76/08/29,145,138,147,168,199,226,246,253,247,230,207,182,162,153,160,177,201,227,247,255,250,233,206,176
GS01,76/08/30,152,137,133,142,164,191,216,234,241,236,224,206,186,172,170,179,196,217,236,249,252,245,225,200
GS01,76/08/31,177,157,144,143,153,171,192,211,224,229,229,219,208,197,190,189,197,212,227,240,247,245,235,216
GS01,76/09/01,194,172,155,146,146,154,168,184,200,211,217,215,211,204,199,197,201,209,221,231,238,238,231,218
GS01,76/09/02,202,184,167,152,145,146,152,164,176,190,200,208,212,213,210,206,204,204,208,214,221,225,225,222
GS01,76/09/03,213,200,186,169,157,147,145,148,156,170,185,200,211,219,221,219,214,207,203,202,207,214,220,225
GS01,76/09/04,226,222,213,197,180,163,151,144,144,153,168,187,206,221,231,232,227,217,207,201,199,203,210,219
GS01,76/09/05,228,231,229,220,203,182,163,147,138,138,148,166,188,210,226,235,234,224,210,195,186,183,189,201
GS01,76/09/06,216,228,234,234,222,203,180,157,140,132,136,153,174,200,222,237,242,234,220,201,184,172,173,183
GS01,76/09/07,201,220,235,241,238,222,200,173,149,132,129,136,157,184,210,232,243,240,228,208,187,170,162,167
GS01,76/09/08,183,206,229,245,249,240,222,193,165,144,132,133,151,175,204,229,244,247,237,218,193,171,158,156
GS01,76/09/09,168,190,217,242,255,254,240,217,188,161,143,137,145,166,193,221,241,249,242,224,200,174,153,142
GS01,76/09/10,148,165,190,216,237,246,242,224,198,169,146,136,139,154,178,206,231,245,243,229,206,179,154,139
GS01,76/09/11,137,151,173,199,221,238,242,234,214,187,163,145,142,151,171,197,221,237,243,235,215,188,162,140
GS01,76/09/12,131,137,154,179,203,223,234,233,221,200,180,162,152,154,170,190,212,231,240,238,223,199,172,148
GS01,76/09/13,134,133,144,163,187,210,227,233,228,213,195,177,166,165,174,189,211,231,243,247,239,220,195,171
GS01,76/09/14,152,144,148,163,185,207,227,238,239,231,216,200,187,181,186,197,213,228,240,246,242,230,208,187
GS01,76/09/15,166,153,147,153,165,183,204,217,224,223,216,206,195,190,189,194,204,218,230,238,239,230,216,197
GS01,76/09/16,178,163,153,150,157,169,184,200,211,218,218,213,207,202,200,201,207,216,225,234,238,235,226,213
GS01,76/09/17,198,184,172,165,164,168,179,190,201,211,219,222,221,219,217,215,217,218,222,226,231,233,230,223
GS01,76/09/18,214,200,187,176,167,163,165,171,181,192,202,210,217,220,221,218,215,211,207,208,210,213,216,217
GS01,76/09/19,214,208,197,183,169,159,152,152,157,168,182,197,210,219,223,223,217,210,202,197,195,199,205,213
GS01,76/09/20,220,223,218,209,191,173,158,146,143,149,163,184,204,221,233,236,232,221,208,196,189,189,196,208
GS01,76/09/21,221,233,238,235,222,201,178,157,144,142,151,170,196,221,241,250,250,237,219,200,183,174,176,189
GS01,76/09/22,209,229,245,251,245,228,202,174,149,136,137,152,179,209,236,253,256,249,231,207,183,166,160,170
GS01,76/09/23,192,218,243,259,263,253,230,200,170,145,134,141,162,192,224,247,259,256,237,210,182,155,138,136
GS01,76/09/24,152,180,213,241,259,262,249,222,190,160,139,134,145,170,204,236,257,261,249,225,193,162,138,126
GS01,76/09/25,132,157,190,224,250,262,260,244,215,184,156,143,146,163,192,223,247,262,259,241,210,175,142,120
GS01,76/09/26,115,127,156,192,223,247,260,256,236,209,181,160,152,158,180,209,236,254,258,248,224,191,154,125
GS01,76/09/27,110,111,129,158,189,220,240,249,243,226,205,182,169,167,177,199,223,244,258,258,246,221,187,156
GS01,76/09/28,134,124,130,146,172,201,227,247,253,248,234,218,202,193,196,207,224,242,255,262,260,244,218,188
GS01,76/09/29,162,143,135,140,155,176,198,219,234,239,236,225,212,202,198,204,213,226,238,246,248,241,226,204
GS01,76/09/30,181,161,146,141,145,158,175,193,210,222,227,226,221,214,207,205,209,214,223,231,236,236,230,217
GS01,76/10/01,202,183,166,154,148,150,157,169,181,194,206,214,218,219,216,212,210,207,207,209,213,217,219,217
GS01,76/10/02,211,199,186,172,159,152,149,152,160,172,185,199,210,218,221,219,214,207,201,199,200,204,208,212
GS01,76/10/03,215,215,210,200,187,173,163,158,158,165,178,194,209,221,230,231,225,216,204,194,190,190,197,207
GS01,76/10/04,216,224,226,220,209,193,177,164,157,158,166,184,205,224,237,242,239,228,213,197,184,181,185,196
GS01,76/10/05,210,224,233,234,225,210,190,170,154,148,152,167,186,206,223,233,234,224,205,185,165,152,152,161
GS01,76/10/06,178,198,216,226,228,218,200,178,157,143,141,152,170,192,215,232,239,234,217,195,170,151,145,151
GS01,76/10/07,167,191,216,233,243,241,228,205,181,160,152,156,170,191,213,233,243,240,226,203,175,149,134,133
GS01,76/10/08,145,168,193,218,232,238,231,212,188,165,149,146,154,174,198,221,236,240,230,208,181,154,132,123
GS01,76/10/09,130,150,178,206,230,243,243,231,212,187,167,158,160,176,197,222,242,252,248,229,202,174,148,132
GS01,76/10/10,131,145,170,199,226,245,253,248,231,209,187,172,169,176,194,217,238,250,250,237,214,184,156,134
GS01,76/10/11,125,132,151,177,206,230,244,246,235,216,194,177,169,170,182,201,223,238,244,237,218,191,163,136
GS01,76/10/12,121,119,132,154,181,207,228,237,233,220,202,185,173,170,178,194,212,228,237,236,222,200,173,146
GS01,76/10/13,126,117,122,139,162,188,210,223,225,219,207,193,182,175,177,186,200,215,227,230,224,207,186,161
GS01,76/10/14,141,128,126,132,149,171,193,212,222,222,215,205,195,187,186,191,202,214,224,229,226,214,197,177
GS01,76/10/15,157,142,136,139,149,165,184,203,215,222,221,213,205,197,192,193,197,205,212,219,221,216,204,188
GS01,76/10/16,170,155,144,139,141,151,166,181,196,207,211,211,208,203,198,194,194,195,199,204,208,209,206,199
GS01,76/10/17,187,175,162,152,146,147,154,165,180,194,206,213,217,217,213,208,204,199,198,198,200,204,207,208
GS01,76/10/18,204,195,185,173,161,152,149,152,163,177,192,206,217,222,221,217,207,196,186,180,179,183,192,199
GS01,76/10/19,207,209,205,193,178,163,152,144,146,157,172,191,209,224,228,227,218,203,186,174,167,168,179,193
GS01,76/10/20,208,221,226,223,208,190,169,155,147,151,164,184,207,228,241,244,239,223,203,182,166,160,167,184
GS01,76/10/21,205,229,246,253,247,229,207,182,163,153,157,177,200,224,243,250,245,226,200,172,148,132,134,147
GS01,76/10/22,172,200,226,241,246,234,212,185,161,144,140,149,170,198,224,241,244,231,204,174,142,118,107,112
GS01,76/10/23,132,163,197,226,244,247,234,211,182,158,146,146,159,185,213,237,251,247,227,195,160,127,107,103
GS01,76/10/24,115,142,176,213,245,262,263,249,225,203,182,172,178,197,221,247,267,273,262,234,199,161,128,113
GS01,76/10/25,112,130,162,198,230,257,267,263,248,224,200,183,178,185,204,229,249,262,258,241,210,173,137,111
GS01,76/10/26,99,104,125,157,190,220,241,250,248,234,215,194,182,182,193,213,235,251,258,252,231,200,164,134
GS01,76/10/27,115,108,116,137,167,197,223,238,243,239,228,211,196,188,190,203,219,236,246,247,236,216,187,156
GS01,76/10/28,130,116,115,126,147,171,196,218,231,238,236,225,215,206,202,207,219,233,247,254,252,241,223,201
GS01,76/10/29,177,157,145,143,152,168,186,206,223,232,232,229,223,217,211,206,207,212,217,222,223,218,209,195
GS01,76/10/30,178,161,147,138,137,143,155,169,184,197,206,209,208,203,195,189,186,184,185,189,195,200,202,199
GS01,76/10/31,190,179,168,158,150,148,152,160,175,190,205,216,222,221,215,208,199,192,186,183,185,191,197,200
GS01,76/11/01,201,196,188,178,167,158,152,153,159,171,185,199,210,215,215,209,197,183,171,162,160,164,172,183
GS01,76/11/02,192,198,198,190,178,166,154,147,149,155,166,182,197,209,213,211,201,185,167,152,143,143,151,167
GS01,76/11/03,183,197,204,205,199,188,174,160,153,154,162,178,196,211,222,225,218,200,180,159,142,136,141,155
GS01,76/11/04,175,195,212,220,221,211,198,181,169,162,165,176,193,212,228,237,232,218,195,170,148,134,134,146
GS01,76/11/05,166,190,214,231,237,232,218,201,184,172,169,174,189,204,221,233,236,223,200,173,146,123,116,121
GS01,76/11/06,138,164,192,216,229,233,225,208,188,171,162,164,176,196,217,235,242,235,216,190,158,131,116,115
GS01,76/11/07,128,154,184,213,234,246,244,230,211,193,176,171,180,196,216,234,247,247,233,207,176,145,120,110
GS01,76/11/08,116,136,165,195,223,240,245,238,222,204,184,176,177,187,207,227,243,247,239,219,190,158,127,108
GS01,76/11/09,105,118,144,173,202,224,235,233,222,202,185,170,165,170,184,204,220,229,228,214,189,156,127,104
GS01,76/11/10,95,100,118,145,175,204,222,229,226,212,195,180,173,173,185,201,219,232,237,230,212,186,156,130
GS01,76/11/11,115,112,124,147,175,201,225,239,242,233,220,205,193,187,191,203,217,230,237,234,221,199,173,146
GS01,76/11/12,124,115,117,130,151,176,198,215,223,217,207,194,183,176,175,181,191,204,214,217,209,193,172,147
GS01,76/11/13,126,113,109,118,134,157,180,199,210,213,208,198,189,179,175,178,184,194,204,210,212,205,192,175
GS01,76/11/14,158,142,134,133,143,160,182,204,223,233,237,234,226,218,211,208,208,212,218,224,227,225,218,204
GS01,76/11/15,189,173,160,149,145,151,161,176,193,205,213,214,211,203,193,185,175,171,171,175,179,184,186,185
GS01,76/11/16,178,169,157,144,136,131,135,145,159,174,189,198,202,200,193,182,169,157,150,147,153,162,172,183
GS01,76/11/17,189,187,183,171,159,149,144,145,152,171,190,207,215,217,212,199,182,165,151,144,144,154,170,188
GS01,76/11/18,203,212,213,206,195,180,169,165,168,180,200,218,235,243,242,231,211,187,164,146,138,141,156,177
GS01,76/11/19,198,217,228,227,217,200,181,166,157,159,171,189,210,226,232,228,210,185,156,129,110,105,113,136
GS01,76/11/20,165,194,219,233,234,226,209,189,173,166,172,187,210,232,250,256,246,219,187,152,121,104,104,119
GS01,76/11/21,148,182,217,240,252,249,235,213,191,174,167,175,193,214,234,247,246,230,201,166,129,98,85,86
GS01,76/11/22,105,139,177,212,236,245,243,229,207,187,173,170,179,199,222,241,251,246,224,189,152,117,91,80
GS01,76/11/23,90,114,151,189,221,245,251,246,232,212,193,183,182,194,214,236,251,255,247,223,188,150,114,90
GS01,76/11/24,84,93,120,153,188,216,235,240,230,214,197,180,171,175,189,208,225,237,238,224,198,164,131,104
GS01,76/11/25,88,88,102,127,158,190,214,228,230,223,208,193,181,178,184,199,215,231,237,234,219,195,165,135
GS01,76/11/26,114,106,110,125,149,176,202,222,231,230,221,208,195,188,187,194,207,219,230,236,229,214,193,171
GS01,76/11/27,150,135,129,132,147,168,190,210,224,230,228,219,209,198,191,190,194,203,213,220,223,219,208,192
GS01,76/11/28,175,159,148,145,150,162,179,197,214,224,228,225,217,208,198,192,189,191,196,202,207,211,208,201
GS01,76/11/29,190,179,169,161,160,166,176,191,206,219,226,227,221,212,200,190,180,174,173,176,182,187,192,191
GS01,76/11/30,187,181,174,165,159,158,162,169,181,195,205,212,214,211,203,191,179,168,159,158,161,168,176,186
GS01,76/12/01,191,191,187,180,173,167,164,167,175,185,196,206,212,214,208,198,183,166,152,143,141,146,158,170
GS01,76/12/02,183,192,197,195,187,179,172,167,168,175,186,198,210,217,218,212,197,177,158,141,131,132,143,159
GS01,76/12/03,177,194,204,209,206,198,188,179,173,175,183,194,207,218,225,222,210,189,164,142,126,120,125,140
GS01,76/12/04,162,184,203,214,217,212,201,189,180,175,177,187,201,215,226,230,221,202,177,149,126,113,112,124
GS01,76/12/05,147,172,198,217,226,226,218,205,189,180,177,182,196,212,227,235,231,219,195,165,136,116,107,112
GS01,76/12/06,130,157,186,209,226,232,226,214,199,184,177,176,185,201,218,232,234,226,207,176,145,117,99,96
GS01,76/12/07,109,132,162,193,216,227,230,221,208,192,180,175,181,194,213,230,241,240,225,199,169,138,115,102
GS01,76/12/08,108,130,160,191,219,239,247,243,230,214,201,192,191,200,219,237,251,256,247,227,199,166,137,117
GS01,76/12/09,115,126,149,179,208,233,246,248,239,223,207,191,185,188,201,216,230,240,238,223,199,167,137,113
GS01,76/12/10,101,103,120,146,176,204,224,232,230,220,205,191,180,179,188,202,215,228,234,226,208,180,152,125
GS01,76/12/11,105,99,106,125,150,179,202,217,221,216,201,185,173,165,166,176,188,201,210,210,202,183,160,134
GS01,76/12/12,112,101,101,109,128,156,181,200,211,210,201,187,174,162,158,160,168,179,191,198,197,187,172,152
GS01,76/12/13,132,116,108,109,122,143,165,188,204,212,211,201,189,177,168,166,168,176,186,195,202,202,196,185
GS01,76/12/14,168,152,140,134,137,148,166,184,202,215,219,214,202,190,177,167,162,161,165,173,182,190,192,191
GS01,76/12/15,183,171,158,150,145,147,157,171,188,204,214,217,213,202,189,175,162,153,150,151,158,168,178,185
GS01,76/12/16,188,184,176,167,158,154,154,161,173,188,203,213,217,214,203,186,170,155,145,141,146,158,173,189
GS01,76/12/17,201,208,209,204,195,184,178,177,181,191,202,214,222,222,217,203,183,161,139,124,116,119,132,152
GS01,76/12/18,173,192,205,209,206,196,184,175,171,175,186,202,216,228,231,224,207,185,156,130,116,112,121,141
GS01,76/12/19,166,191,211,225,229,223,212,197,186,180,183,194,209,224,234,236,225,204,170,138,110,91,87,97
GS01,76/12/20,121,153,184,211,226,231,225,210,195,183,178,184,197,214,230,242,240,226,197,161,126,97,81,80
GS01,76/12/21,94,123,156,188,215,230,232,222,205,187,174,170,176,191,211,227,236,229,210,180,143,110,82,71
GS01,76/12/22,74,96,127,161,193,218,230,227,214,197,181,169,169,179,197,219,235,240,231,211,179,143,110,90
GS01,76/12/23,86,95,121,154,189,218,239,243,238,221,202,184,176,177,189,208,226,236,235,221,198,164,130,102
GS01,76/12/24,87,85,98,123,154,184,209,223,225,217,199,181,168,163,170,186,204,220,229,226,212,188,157,129
GS01,76/12/25,110,100,105,121,147,176,204,226,236,235,222,206,189,180,177,187,202,217,228,233,227,213,189,164
GS01,76/12/26,144,131,127,136,154,177,201,223,236,239,231,217,201,188,182,183,190,203,214,222,223,218,202,184
GS01,76/12/27,165,149,141,142,151,167,186,206,220,228,227,216,201,186,175,169,169,176,183,192,199,201,194,183
GS01,76/12/28,169,156,147,143,148,158,174,189,205,216,217,212,201,189,175,165,158,158,163,169,176,182,185,183
GS01,76/12/29,178,170,162,156,154,159,167,178,191,202,209,208,202,192,179,167,155,147,145,146,154,163,169,174
GS01,76/12/30,177,175,171,166,163,162,166,175,186,196,204,209,209,205,198,185,170,156,147,144,146,154,162,172
GS01,76/12/31,181,187,190,188,183,180,178,179,185,193,201,208,213,213,208,198,181,164,147,136,132,133,142,156
