GS01,79/01/01,78,82,104,136,170,203,229,240,235,220,199,179,168,167,179,197,217,233,239,230,208,178,141,108
GS01,79/01/02,88,83,92,116,147,180,210,227,233,226,210,190,171,162,164,176,194,211,222,225,216,196,167,136
GS01,79/01/03,111,95,95,106,131,158,188,209,223,224,214,198,179,165,159,164,177,192,208,216,217,209,190,167
GS01,79/01/04,143,125,117,119,133,9999,9999,9999,9999,9999,9999,9999,9999,9999,9999,9999,9999,9999,9999,9999,9999,9999,9999,9999
GS01,79/01/05,9999,9999,9999,9999,9999,9999,9999,9999,9999,9999,9999,9999,9999,202,186,174,170,172,178,187,196,203,203,199
GS01,79/01/06,189,177,165,157,155,160,169,183,198,210,217,216,209,197,182,166,153,147,144,148,157,167,177,183
GS01,79/01/07,184,182,177,170,166,166,171,179,190,9999,9999,9999,9999,9999,9999,9999,9999,9999,9999,9999,9999,9999,9999,9999
GS01,79/01/08,9999,9999,9999,9999,9999,9999,9999,9999,9999,9999,9999,9999,9999,9999,9999,9999,177,157,139,127,124,130,140,155
GS01,79/01/09,171,184,194,197,194,189,182,178,176,181,189,197,206,212,211,205,191,169,145,124,112,109,117,132
GS01,79/01/10,151,172,191,201,204,202,196,186,179,178,183,193,205,216,223,223,213,195,169,144,126,116,116,126
GS01,79/01/11,145,170,194,211,221,223,215,204,192,184,182,187,197,211,224,229,223,208,183,157,131,111,104,110
GS01,79/01/12,126,152,178,203,218,225,222,212,198,185,180,181,190,205,222,235,237,227,206,177,147,121,106,103
GS01,79/01/13,115,138,167,197,221,233,235,226,213,9999,9999,9999,9999,9999,9999,9999,9999,9999,9999,9999,9999,9999,9999,9999
GS01,79/01/14,9999,9999,9999,9999,9999,9999,9999,9999,9999,9999,9999,9999,167,178,196,215,230,235,225,203,174,143,114,97
GS01,79/01/15,95,106,130,160,189,213,226,225,213,197,182,168,163,168,183,203,220,231,227,213,189,157,127,103
GS01,79/01/16,94,97,115,142,171,197,215,221,216,202,184,167,155,157,166,182,201,215,219,213,195,170,143,115
GS01,79/01/17,99,96,107,128,155,183,205,216,216,205,189,171,156,151,156,170,187,203,214,215,205,186,161,136
GS01,79/01/18,117,108,111,128,152,180,205,224,228,223,209,193,180,171,171,180,195,211,223,227,221,209,187,164
GS01,79/01/19,142,129,125,131,149,171,193,212,221,219,209,193,175,162,155,155,163,175,187,195,197,193,180,163
GS01,79/01/20,147,135,129,130,141,159,180,199,212,216,211,198,183,168,157,154,156,164,175,186,194,196,192,184
GS01,79/01/21,173,161,152,149,153,165,181,199,214,221,222,215,203,187,173,163,157,157,161,168,177,183,187,186
GS01,79/01/22,180,172,163,158,157,161,169,182,194,203,208,206,197,185,171,157,146,139,137,141,150,161,172,180
GS01,79/01/23,185,186,183,177,172,168,172,179,189,199,208,212,209,202,189,174,159,144,134,129,132,140,153,167
GS01,79/01/24,180,190,195,193,189,184,179,179,183,189,198,206,211,210,203,190,172,151,131,118,111,114,124,142
GS01,79/01/25,162,182,196,201,201,194,186,178,174,176,184,194,205,214,217,210,196,173,147,122,108,102,107,123
GS01,79/01/26,148,176,202,221,227,223,214,201,189,183,185,192,206,219,230,231,224,202,173,142,115,98,94,104
GS01,79/01/27,126,156,188,215,231,235,228,213,196,180,174,178,192,210,228,240,240,226,199,162,127,98,80,80
GS01,79/01/28,95,123,158,191,218,233,234,222,201,181,164,159,165,184,205,225,236,234,214,183,147,111,82,68
GS01,79/01/29,71,93,126,161,196,220,230,226,208,184,164,149,147,160,182,207,226,235,228,210,175,139,106,82
GS01,79/01/30,75,87,111,148,186,221,241,247,239,219,195,173,162,166,183,207,231,249,253,243,220,187,150,119
GS01,79/01/31,100,97,111,137,172,203,227,238,235,219,196,172,152,147,155,173,198,220,235,239,227,205,176,146
GS01,79/02/01,126,118,123,141,168,201,230,9999,9999,9999,9999,9999,9999,9999,9999,9999,9999,9999,9999,9999,9999,9999,9999,9999
GS01,79/02/02,9999,9999,9999,9999,9999,9999,9999,9999,9999,9999,9999,9999,173,155,143,142,152,169,184,196,204,204,194,176
GS01,79/02/03,158,141,134,135,146,162,181,199,212,217,210,197,178,158,144,136,140,147,160,174,185,193,192,184
GS01,79/02/04,174,164,156,153,157,168,9999,9999,9999,9999,9999,9999,9999,9999,9999,9999,9999,9999,9999,152,162,171,177,179
GS01,79/02/05,177,173,166,162,160,164,172,181,190,197,200,197,190,179,164,151,139,130,127,129,138,149,160,172
GS01,79/02/06,178,183,185,184,185,189,195,201,208,213,217,218,215,209,198,186,170,157,144,137,136,141,152,164
GS01,79/02/07,176,186,193,194,193,189,185,183,184,187,193,197,201,202,198,191,176,158,141,128,121,122,130,144
GS01,79/02/08,161,178,192,199,202,199,193,185,181,181,184,190,199,206,210,207,197,180,158,137,121,114,116,127
GS01,79/02/09,145,166,186,202,209,209,201,190,179,172,171,177,186,198,208,211,207,191,166,142,118,104,99,107
GS01,79/02/10,125,148,174,194,207,211,205,193,178,167,161,165,174,190,206,217,219,208,191,164,137,115,104,106
GS01,79/02/11,121,147,173,197,215,224,221,209,193,177,166,166,173,188,208,224,233,229,212,185,155,127,105,100
GS01,79/02/12,108,128,156,184,207,220,221,211,195,176,160,153,157,170,189,210,226,228,219,198,168,138,111,98
GS01,79/02/13,100,115,142,171,200,218,224,218,202,180,161,149,149,158,175,198,217,227,225,210,184,156,128,108
GS01,79/02/14,103,111,134,162,192,218,230,229,217,198,177,159,150,156,170,195,217,233,238,230,210,181,152,130
GS01,79/02/15,119,121,135,160,189,215,231,237,227,209,187,167,154,152,161,182,205,228,240,238,226,200,172,144
GS01,79/02/16,127,120,128,146,173,199,219,227,224,207,186,163,145,137,141,155,174,195,212,217,214,199,176,153
GS01,79/02/17,135,125,127,140,161,186,209,221,224,216,197,175,155,144,141,150,166,183,201,214,219,212,197,180
GS01,79/02/18,164,152,147,151,164,185,205,220,225,220,205,185,164,148,138,138,146,159,174,188,199,199,192,180
GS01,79/02/19,167,156,151,152,161,175,192,208,217,218,210,194,177,158,143,135,136,143,154,167,178,186,187,184
GS01,79/02/20,177,169,162,159,160,167,178,191,201,206,204,195,182,166,151,139,133,131,135,143,155,165,174,179
GS01,79/02/21,181,180,177,172,169,171,175,181,190,198,201,198,192,180,166,153,140,131,127,129,135,147,159,173
GS01,79/02/22,185,192,196,193,189,184,181,181,183,188,193,197,197,193,184,170,152,135,121,111,109,115,130,149
GS01,79/02/23,167,186,199,204,204,196,190,183,180,182,190,199,209,214,214,205,191,170,150,130,119,118,129,147
GS01,79/02/24,172,196,220,233,238,234,222,207,195,190,191,200,214,226,234,236,224,204,178,148,123,109,108,119
GS01,79/02/25,142,172,201,225,237,238,228,209,190,176,170,175,189,208,226,237,238,225,199,167,136,110,98,101
GS01,79/02/26,118,148,183,214,236,246,241,226,202,180,165,163,176,197,222,245,257,255,238,208,174,139,115,107
GS01,79/02/27,115,138,171,208,237,256,258,246,223,196,173,163,165,179,204,232,254,264,257,235,203,167,136,116
GS01,79/02/28,114,127,155,188,221,247,257,250,230,204,175,153,146,153,175,205,233,252,257,248,222,191,158,132
GS01,79/03/01,117,123,141,171,202,231,247,248,233,210,180,156,139,136,149,174,202,227,243,243,229,204,177,150
GS01,79/03/02,133,129,139,158,184,211,232,238,233,212,186,159,136,125,129,144,169,194,214,225,223,209,186,164
GS01,79/03/03,147,137,140,152,173,196,218,229,228,216,195,171,147,130,125,132,148,170,193,208,214,211,199,183
GS01,79/03/04,168,157,154,161,176,195,212,225,229,224,208,187,166,147,135,133,141,156,175,190,202,206,201,193
GS01,79/03/05,183,173,168,167,174,188,202,214,220,217,209,193,176,157,144,136,136,142,154,167,180,191,196,195
GS01,79/03/06,191,186,181,181,184,190,9999,9999,9999,9999,9999,9999,9999,9999,9999,9999,9999,9999,9999,9999,9999,9999,9999,9999
GS01,79/03/07,9999,9999,9999,9999,9999,9999,9999,9999,9999,9999,9999,9999,195,186,175,164,152,143,139,137,142,150,161,173
GS01,79/03/08,184,190,193,194,192,190,189,188,189,190,193,196,199,196,191,182,170,157,145,136,134,138,147,161
GS01,79/03/09,176,189,198,202,202,197,192,185,181,181,183,188,196,200,202,198,188,172,156,139,128,126,132,145
GS01,79/03/10,165,184,200,209,213,209,201,190,180,175,176,184,196,207,217,220,215,202,184,164,146,137,138,148
GS01,79/03/11,167,189,211,226,234,231,220,206,192,180,174,178,190,204,218,225,226,216,195,170,145,126,118,123
GS01,79/03/12,139,162,186,206,219,221,9999,9999,9999,9999,9999,9999,9999,9999,9999,9999,9999,9999,9999,9999,9999,9999,9999,9999
GS01,79/03/13,9999,9999,9999,9999,9999,9999,9999,9999,9999,9999,9999,9999,9999,9999,9999,9999,9999,9999,9999,9999,9999,9999,9999,9999
GS01,79/03/14,9999,9999,9999,9999,9999,9999,9999,9999,9999,9999,9999,9999,9999,9999,9999,9999,9999,9999,9999,9999,9999,9999,9999,9999
GS01,79/03/15,9999,9999,9999,9999,9999,9999,9999,9999,9999,9999,9999,9999,142,149,169,197,221,239,244,235,215,186,158,138
GS01,79/03/16,129,134,152,178,204,224,235,229,213,186,159,136,126,127,142,166,193,217,229,228,217,193,168,145
GS01,79/03/17,131,130,143,165,191,217,232,233,221,198,172,146,130,125,135,155,181,207,225,234,233,216,195,174
GS01,79/03/18,158,150,155,171,191,212,230,234,228,207,182,156,136,121,121,132,152,176,197,210,214,207,192,174
GS01,79/03/19,158,147,146,154,170,190,207,215,214,202,182,157,135,119,112,117,131,150,171,189,201,203,196,185
GS01,79/03/20,173,163,160,161,172,187,204,215,220,213,200,180,161,140,128,125,129,143,161,180,195,202,205,201
GS01,79/03/21,194,186,180,179,182,190,200,209,214,214,208,194,179,160,144,134,130,133,142,155,170,183,194,200
GS01,79/03/22,202,200,196,191,188,188,194,200,206,211,211,206,200,186,172,159,148,141,141,143,150,162,176,190
GS01,79/03/23,200,204,205,201,195,189,186,185,187,190,193,196,196,192,180,167,151,136,126,120,121,130,145,164
GS01,79/03/24,182,199,208,211,205,197,189,181,178,180,187,197,208,212,211,205,191,173,157,142,137,140,152,170
GS01,79/03/25,193,216,233,241,240,230,216,197,185,179,181,191,206,217,226,227,217,196,172,146,127,116,117,130
GS01,79/03/26,155,181,206,225,230,227,211,189,169,154,151,159,178,198,218,231,233,221,201,171,143,123,113,118
GS01,79/03/27,137,164,195,219,234,234,221,198,171,147,136,136,151,174,200,224,233,232,217,188,158,130,111,106
GS01,79/03/28,117,141,171,198,221,229,222,202,172,143,121,113,122,141,170,200,224,234,230,209,181,153,129,115
GS01,79/03/29,118,134,161,191,216,231,233,218,191,159,132,112,111,124,149,181,212,233,240,230,210,182,156,136
GS01,79/03/30,132,139,159,186,214,236,244,237,214,186,156,133,124,127,142,171,203,231,250,253,244,221,200,180
GS01,79/03/31,170,168,179,202,223,240,249,247,229,200,169,142,122,114,122,142,172,200,221,229,228,213,192,171
GS01,79/04/01,154,150,158,172,191,210,223,225,214,192,165,137,116,103,106,120,142,167,189,204,209,204,190,175
GS01,79/04/02,163,157,161,172,188,204,217,223,219,205,184,164,142,126,121,126,143,162,183,201,214,216,213,204
GS01,79/04/03,196,189,187,190,200,213,224,231,232,222,207,190,170,153,141,139,142,154,170,186,198,207,207,204
GS01,79/04/04,197,191,186,186,189,194,9999,9999,9999,9999,9999,9999,9999,9999,9999,9999,9999,9999,9999,9999,9999,9999,9999,9999
GS01,79/04/05,9999,9999,9999,9999,9999,9999,9999,9999,9999,9999,9999,9999,170,160,149,138,131,128,128,134,144,155,165,174
GS01,79/04/06,179,183,184,182,179,177,174,174,175,175,176,176,175,172,165,156,145,135,130,127,130,139,149,164
GS01,79/04/07,177,185,189,191,186,179,171,9999,9999,9999,9999,9999,9999,9999,9999,9999,9999,9999,9999,9999,9999,9999,9999,9999
GS01,79/04/08,9999,9999,9999,9999,9999,9999,9999,9999,9999,9999,9999,9999,185,196,203,202,195,183,168,154,148,149,157,170
GS01,79/04/09,190,208,220,224,222,212,198,180,166,159,158,167,182,198,213,217,214,202,183,162,144,135,133,143
GS01,79/04/10,161,180,199,211,212,203,184,165,146,131,128,134,149,169,188,202,205,198,181,158,137,122,115,122
GS01,79/04/11,139,162,185,203,209,207,191,170,147,129,120,123,138,160,184,205,219,218,208,185,162,141,128,127
GS01,79/04/12,140,162,185,205,218,217,204,180,155,131,115,112,121,143,169,194,212,218,211,192,169,145,127,118
GS01,79/04/13,126,143,167,191,207,213,205,184,156,128,108,97,101,117,143,173,198,215,218,207,188,165,145,132
GS01,79/04/14,134,146,169,191,213,225,223,210,183,152,127,109,104,116,139,168,196,220,232,230,216,194,172,153
GS01,79/04/15,146,151,166,188,209,222,225,215,193,163,134,112,97,99,114,141,169,198,215,222,218,201,182,163
GS01,79/04/16,151,151,160,179,199,216,225,224,211,186,158,131,113,108,115,136,164,191,216,232,238,231,215,199
GS01,79/04/17,185,178,181,190,205,221,231,232,223,204,179,152,129,114,112,121,139,163,185,203,215,217,211,198
GS01,79/04/18,185,176,172,175,184,197,208,214,212,200,182,160,138,118,108,108,117,133,154,174,190,201,205,201
GS01,79/04/19,193,186,179,177,181,188,196,204,208,204,195,181,160,142,129,119,119,126,141,158,176,192,204,208
GS01,79/04/20,209,205,199,195,191,191,195,202,207,209,208,202,191,176,162,149,140,137,141,151,165,182,197,209
GS01,79/04/21,218,222,218,209,201,193,188,189,194,199,204,207,205,198,187,172,158,147,140,139,145,158,175,191
GS01,79/04/22,207,216,220,213,201,189,9999,9999,9999,9999,9999,9999,9999,9999,9999,9999,9999,9999,9999,9999,9999,9999,9999,9999
GS01,79/04/23,9999,9999,9999,9999,9999,9999,9999,9999,9999,9999,9999,9999,186,199,207,205,196,177,157,140,128,126,134,150
GS01,79/04/24,174,198,216,224,220,205,184,162,142,133,136,149,171,194,214,224,224,210,191,167,149,138,141,153
GS01,79/04/25,172,198,220,236,239,226,203,176,149,128,122,132,151,177,204,226,234,231,216,192,169,150,142,145
GS01,79/04/26,163,188,210,230,239,233,215,185,155,127,111,111,126,153,182,211,233,239,233,215,191,169,155,152
GS01,79/04/27,162,184,209,234,248,252,239,215,181,149,124,115,120,141,171,204,232,247,250,238,217,194,173,160
GS01,79/04/28,162,175,196,215,233,240,234,213,182,149,118,98,94,106,131,163,194,219,230,229,218,198,177,160
GS01,79/04/29,159,165,182,202,223,235,238,224,199,166,134,110,97,101,117,145,175,203,224,230,225,213,194,176
GS01,79/04/30,167,169,182,198,215,232,240,233,216,189,161,135,116,112,120,138,164,190,211,223,226,219,204,187
GS01,79/05/01,175,170,173,184,198,213,223,221,210,191,167,142,122,110,109,120,139,162,184,202,210,210,202,191
GS01,79/05/02,181,174,172,177,187,198,208,212,208,197,179,158,137,121,114,116,128,146,165,183,196,202,200,194
GS01,79/05/03,185,177,173,173,178,185,193,197,197,190,178,164,147,132,120,115,118,128,142,158,172,182,187,186
GS01,79/05/04,182,177,171,168,167,169,173,178,180,180,175,167,157,145,134,126,123,125,134,147,160,173,182,187
GS01,79/05/05,189,186,182,175,170,167,166,168,171,173,174,174,170,163,153,143,135,131,131,137,148,160,172,182
GS01,79/05/06,188,190,187,181,173,165,159,156,156,159,165,170,173,173,169,161,150,140,134,132,137,148,162,175
GS01,79/05/07,187,194,195,190,181,169,157,148,144,147,154,164,174,182,185,182,173,161,148,140,139,146,158,174
GS01,79/05/08,190,203,209,208,200,186,170,156,147,145,152,164,180,195,206,210,205,193,177,163,156,156,164,179
GS01,79/05/09,197,214,225,226,218,202,181,159,143,135,138,151,171,192,209,219,219,209,193,174,158,151,154,166
GS01,79/05/10,184,203,219,226,222,207,186,161,138,123,121,130,149,173,198,217,227,225,212,193,173,159,154,160
GS01,79/05/11,176,197,217,230,232,222,201,174,145,123,112,115,131,157,187,214,233,238,232,215,194,174,162,161
GS01,79/05/12,171,191,212,229,237,232,215,187,154,125,105,99,109,132,161,192,217,231,232,221,201,180,163,155
GS01,79/05/13,158,172,192,212,225,228,217,193,161,129,103,89,90,106,133,165,196,219,230,227,213,194,174,161
GS01,79/05/14,159,167,184,205,223,231,227,210,184,152,122,102,95,101,121,150,184,213,233,242,238,225,207,191
GS01,79/05/15,183,185,196,213,232,245,247,238,216,186,154,127,110,106,116,136,163,192,216,229,233,226,212,196
GS01,79/05/16,182,177,180,191,207,223,233,231,218,195,168,141,119,107,108,119,140,167,194,215,226,229,224,213
GS01,79/05/17,200,192,190,194,203,217,230,235,231,217,197,174,150,132,124,127,138,158,181,203,222,232,232,225
GS01,79/05/18,215,203,193,189,191,198,207,215,218,215,204,187,166,146,131,124,127,136,151,171,191,207,216,218
GS01,79/05/19,214,205,194,185,179,179,184,191,197,201,200,194,183,167,152,139,133,131,137,152,170,188,203,212
GS01,79/05/20,214,211,202,191,179,171,169,171,177,184,190,194,192,185,173,160,148,140,138,143,154,170,186,201
GS01,79/05/21,211,214,209,198,183,168,157,152,153,161,172,185,194,198,194,185,171,158,148,144,148,160,175,193
GS01,79/05/22,208,218,220,212,197,178,160,146,140,143,155,171,188,203,210,210,201,188,174,163,158,161,172,189
GS01,79/05/23,206,221,228,226,213,193,169,146,131,127,134,152,174,197,213,221,220,209,193,177,164,160,164,176
GS01,79/05/24,194,214,227,231,223,205,180,152,129,115,115,128,151,178,204,223,231,228,216,198,181,169,166,172
GS01,79/05/25,188,207,225,236,237,223,199,169,138,115,104,108,125,153,184,212,231,237,230,214,195,179,169,169
GS01,79/05/26,180,198,218,234,240,235,216,187,153,124,105,100,111,135,166,198,223,238,241,232,217,199,185,179
GS01,79/05/27,183,197,217,235,247,249,238,214,182,149,124,110,112,128,155,187,216,237,246,244,231,214,198,186
GS01,79/05/28,184,192,207,224,239,246,241,224,197,164,134,113,105,113,134,163,194,221,238,244,237,223,206,191
GS01,79/05/29,184,187,198,213,229,240,241,231,210,182,153,130,116,115,127,150,179,208,230,241,241,232,217,202
GS01,79/05/30,191,187,191,202,216,230,236,233,218,196,169,144,125,116,119,133,156,182,205,221,226,223,212,199
GS01,79/05/31,187,180,180,186,197,210,220,223,216,202,182,158,138,124,121,129,145,167,190,208,219,222,217,207
GS01,79/06/01,196,186,181,182,189,199,208,214,213,205,190,172,153,137,128,127,136,151,170,189,204,213,214,209
GS01,79/06/02,199,189,181,177,178,183,191,198,201,200,194,183,169,154,143,137,137,145,159,175,191,203,210,210
GS01,79/06/03,205,197,187,178,173,172,175,179,184,188,189,185,178,168,157,148,143,143,149,160,175,189,200,205
GS01,79/06/04,205,199,189,179,169,163,160,161,165,171,178,182,182,177,170,161,153,147,147,153,164,178,192,202
GS01,79/06/05,208,208,202,191,178,167,158,154,155,161,171,181,189,193,192,185,175,165,159,157,162,173,187,200
GS01,79/06/06,211,215,213,204,189,172,156,145,142,145,155,170,185,198,205,204,197,186,174,166,164,169,180,196
GS01,79/06/07,210,221,224,218,204,184,163,145,133,130,138,154,175,195,210,218,216,207,194,181,173,172,181,195
GS01,79/06/08,213,228,237,236,226,207,183,159,139,128,129,142,164,192,214,229,232,225,212,195,180,172,173,183
GS01,79/06/09,200,217,230,233,226,208,182,153,126,109,105,114,134,163,192,215,228,229,219,203,185,171,165,170
GS01,79/06/10,183,202,219,229,228,214,190,158,127,103,90,92,109,137,169,199,223,234,232,220,202,185,173,171
GS01,79/06/11,180,198,217,234,242,237,218,190,156,124,102,94,103,124,156,191,223,243,250,244,228,207,189,179
GS01,79/06/12,181,193,211,230,243,246,235,212,179,144,113,95,91,103,129,162,196,225,241,245,237,221,201,185
GS01,79/06/13,179,184,197,215,233,244,242,226,199,165,131,105,91,93,109,136,170,202,225,236,235,224,207,190
GS01,79/06/14,178,175,182,197,214,229,235,230,212,185,154,125,105,96,101,118,144,173,200,219,227,225,213,197
GS01,79/06/15,181,172,171,178,191,205,216,220,213,9999,9999,9999,9999,9999,9999,9999,9999,139,166,191,210,219,218,208
GS01,79/06/16,194,179,169,166,169,179,191,200,205,202,190,172,154,136,122,115,118,130,149,172,193,208,214,212
GS01,79/06/17,203,190,177,166,161,163,171,180,189,195,195,189,178,163,149,138,134,137,148,164,182,200,212,217
GS01,79/06/18,214,205,191,176,163,156,155,162,172,183,192,197,197,191,180,169,160,157,160,168,180,195,210,220
GS01,79/06/19,224,221,211,195,178,164,154,152,157,168,181,194,204,207,204,196,186,176,170,170,176,187,201,214
GS01,79/06/20,224,228,223,210,192,171,153,141,137,143,156,173,191,204,211,212,205,195,186,179,178,184,195,209
GS01,79/06/21,222,231,233,225,209,187,163,143,130,127,136,152,174,195,211,219,219,212,200,188,181,180,185,197
GS01,79/06/22,211,225,232,230,218,198,172,146,124,111,112,125,147,173,197,215,223,222,213,200,187,178,177,184
GS01,79/06/23,197,213,226,232,228,212,188,159,131,111,103,110,129,155,185,210,227,234,229,217,202,190,183,184
GS01,79/06/24,194,209,225,237,240,231,211,183,151,123,106,103,113,135,165,196,220,234,236,228,213,197,185,180
GS01,79/06/25,185,197,213,229,239,238,225,201,170,139,114,101,103,119,146,178,208,230,239,236,223,207,191,181
GS01,79/06/26,180,190,206,223,236,242,236,219,191,160,131,112,107,116,136,165,195,220,236,240,233,219,203,189
GS01,79/06/27,184,188,201,218,233,244,244,233,212,184,154,129,115,115,129,153,181,209,230,240,239,229,214,199
GS01,79/06/28,188,186,192,205,220,234,241,237,222,199,171,145,126,119,124,141,165,192,216,231,236,230,217,201
GS01,79/06/29,187,180,181,190,203,217,228,231,225,208,185,159,138,125,124,135,155,180,204,222,232,232,224,210
GS01,79/06/30,195,183,178,181,189,202,214,222,221,211,194,173,153,138,132,135,148,167,189,209,223,229,225,215
GS01,79/07/01,199,186,178,175,180,190,202,212,218,217,208,195,178,163,151,148,154,168,186,206,221,231,232,225
GS01,79/07/02,213,200,187,179,178,182,190,200,209,213,210,203,192,180,168,161,160,166,179,195,211,224,229,228
GS01,79/07/03,221,210,198,187,178,175,177,183,190,198,203,203,200,192,182,174,169,169,175,186,200,214,224,228
GS01,79/07/04,225,216,203,189,176,167,163,163,169,179,188,197,203,204,200,193,186,182,181,185,193,205,217,225
GS01,79/07/05,228,226,217,203,186,170,158,152,153,161,174,188,201,210,213,211,205,196,190,188,191,200,211,222
GS01,79/07/06,231,234,229,217,199,179,160,146,140,142,152,169,188,206,218,223,220,212,201,191,186,189,197,210
GS01,79/07/07,223,232,234,228,212,189,165,143,127,121,126,142,165,189,211,226,232,228,216,202,191,186,188,198
GS01,79/07/08,213,228,238,240,230,211,183,155,130,114,110,119,141,170,200,225,239,243,236,221,204,192,187,191
GS01,79/07/09,203,220,236,245,244,230,205,173,140,114,100,100,116,143,177,208,232,245,245,233,215,198,186,183
GS01,79/07/10,190,206,225,241,249,245,227,197,160,126,101,90,95,116,148,183,216,239,249,245,231,211,193,182
GS01,79/07/11,181,192,211,232,249,256,248,225,192,154,121,101,97,107,132,167,203,234,253,258,250,233,213,196
GS01,79/07/12,188,192,206,226,246,260,263,252,227,192,157,128,112,110,123,149,182,215,241,255,255,243,223,201
GS01,79/07/13,185,179,185,200,219,237,247,247,234,210,179,149,126,114,116,134,161,192,220,240,248,246,232,213
GS01,79/07/14,193,179,175,182,197,216,233,242,240,227,205,178,152,134,127,133,150,175,203,226,240,244,238,222
GS01,79/07/15,203,185,174,172,180,195,212,225,232,230,219,201,181,162,149,147,156,172,195,217,234,242,241,231
GS01,79/07/16,215,196,179,168,167,173,185,199,210,216,216,209,198,183,169,162,162,170,184,203,220,232,238,235
GS01,79/07/17,225,210,192,176,165,163,169,179,191,202,210,212,209,202,192,184,180,181,188,200,214,227,236,239
GS01,79/07/18,235,225,210,191,175,164,159,162,171,183,195,206,213,214,212,207,200,196,195,199,208,219,230,236
GS01,79/07/19,239,235,224,207,187,169,155,149,150,157,170,186,199,210,215,215,211,204,197,194,196,202,211,220
GS01,79/07/20,228,231,227,215,196,175,154,138,130,133,144,161,181,200,214,221,221,215,206,198,193,193,199,209
GS01,79/07/21,219,228,231,226,213,193,168,145,129,122,126,141,163,187,207,222,228,226,218,206,196,190,191,199
GS01,79/07/22,212,226,236,239,232,214,189,161,136,120,116,126,146,171,197,219,231,234,228,215,201,190,186,189
GS01,79/07/23,200,215,229,238,238,227,206,178,148,124,111,112,127,152,182,209,230,239,237,227,211,196,186,183
GS01,79/07/24,190,205,222,236,243,240,224,198,167,137,116,108,114,134,161,192,219,236,239,231,216,199,183,176
GS01,79/07/25,178,189,206,225,238,242,234,214,185,153,126,111,110,124,149,180,209,230,241,239,227,209,190,176
GS01,79/07/26,172,179,194,212,229,239,238,225,201,170,140,118,109,115,133,161,190,216,232,235,227,211,192,174
GS01,79/07/27,165,166,177,194,214,229,236,231,213,187,158,133,117,115,127,149,177,206,227,236,234,221,202,183
GS01,79/07/28,169,165,172,186,205,222,234,236,226,206,180,154,135,128,132,149,174,201,224,239,242,233,217,197
GS01,79/07/29,180,170,169,177,193,210,225,231,228,214,194,171,151,138,137,147,165,188,211,229,237,234,222,204
GS01,79/07/30,185,171,164,166,175,190,205,217,220,215,203,185,166,151,144,148,160,179,201,220,232,234,227,212
GS01,79/07/31,194,177,165,160,162,172,186,198,206,208,203,193,180,166,156,153,158,170,187,205,218,224,222,212
GS01,79/08/01,197,180,165,155,153,157,165,177,187,195,198,196,190,181,173,167,168,174,184,198,211,222,225,219
GS01,79/08/02,205,189,172,158,150,146,148,156,167,177,186,192,194,192,187,182,178,177,180,188,199,209,215,215
GS01,79/08/03,211,201,187,171,156,144,138,137,142,153,167,179,190,197,197,193,189,184,181,182,188,196,206,212
GS01,79/08/04,215,212,203,188,170,152,138,129,127,134,147,165,184,201,212,216,213,206,197,191,190,195,205,215
GS01,79/08/05,224,228,226,216,199,177,155,136,123,122,130,148,171,195,215,227,230,225,214,201,192,188,192,202
GS01,79/08/06,214,225,230,227,213,192,165,137,115,103,104,117,140,169,199,221,233,234,224,208,192,181,178,185
GS01,79/08/07,200,217,231,237,232,216,190,158,127,104,93,97,115,145,178,209,231,239,236,222,203,185,174,173
GS01,79/08/08,183,202,223,239,245,237,216,185,150,118,96,87,95,118,151,186,217,237,242,233,215,192,173,163
GS01,79/08/09,165,180,202,226,242,246,236,211,177,141,110,92,88,102,130,165,200,228,242,241,228,207,182,164
GS01,79/08/10,157,165,183,207,230,245,247,234,207,173,139,113,100,102,120,150,185,216,237,244,238,220,196,172
GS01,79/08/11,157,154,165,186,211,233,245,244,229,203,172,144,123,116,123,144,172,201,225,240,241,229,207,182
GS01,79/08/12,160,148,149,162,183,205,224,234,231,216,192,167,145,132,132,143,164,189,214,232,239,234,219,196
GS01,79/08/13,173,153,145,148,162,182,202,216,222,219,206,188,170,156,150,153,166,184,205,223,234,234,225,209
GS01,79/08/14,187,167,151,145,148,161,178,196,208,214,211,203,191,179,171,169,174,186,200,216,228,233,230,219
GS01,79/08/15,203,184,166,152,146,150,161,175,189,199,205,205,200,194,188,183,183,188,197,208,219,226,227,222
GS01,79/08/16,211,197,180,165,154,148,148,155,165,177,188,196,201,202,200,197,194,194,197,203,211,217,221,222
GS01,79/08/17,219,212,198,182,166,153,145,144,149,159,173,187,199,207,212,212,210,207,205,205,208,213,219,224
GS01,79/08/18,228,227,221,209,193,176,160,150,146,151,163,180,198,214,225,231,229,223,216,210,206,207,212,219
GS01,79/08/19,227,233,234,227,213,193,171,151,139,136,142,156,176,197,215,227,231,227,218,206,197,193,194,201
GS01,79/08/20,212,224,232,232,223,205,181,157,137,125,123,134,153,178,202,221,230,229,220,206,191,182,179,183
GS01,79/08/21,195,211,225,233,232,218,196,168,141,120,111,116,132,158,186,212,228,233,227,212,194,178,169,171
GS01,79/08/22,182,199,218,234,240,235,217,191,162,136,119,116,128,152,182,209,230,239,236,223,204,185,170,165
GS01,79/08/23,170,185,207,229,243,244,232,209,179,149,127,117,121,140,169,199,226,242,244,235,217,196,177,165
GS01,79/08/24,165,177,197,220,238,247,243,226,200,169,141,123,121,134,159,189,217,236,243,238,222,199,176,160
GS01,79/08/25,156,163,181,204,226,241,244,235,214,186,159,138,128,134,152,178,206,230,242,242,230,210,186,165
GS01,79/08/26,154,155,168,189,212,231,241,240,226,204,177,153,139,137,149,172,199,224,240,245,238,221,197,174
GS01,79/08/27,158,152,159,175,197,219,235,240,233,217,195,172,155,149,155,170,193,217,236,245,242,229,208,187
GS01,79/08/28,169,160,160,169,184,204,222,233,233,223,206,186,168,157,155,163,180,202,222,235,238,229,211,189
GS01,79/08/29,167,151,144,146,155,171,190,205,212,213,205,192,178,166,161,164,174,189,206,221,229,228,217,199
GS01,79/08/30,180,162,148,143,146,157,172,187,199,205,205,200,192,182,175,173,176,185,199,213,223,226,220,208
GS01,79/08/31,191,173,157,146,142,145,155,167,181,193,201,204,202,198,193,188,187,189,196,205,214,221,223,218
GS01,79/09/01,207,192,175,160,147,141,140,147,157,169,182,194,202,208,207,203,199,195,193,194,199,205,211,214
GS01,79/09/02,216,212,205,190,175,159,145,9999,9999,9999,9999,9999,9999,9999,9999,9999,9999,9999,9999,9999,9999,9999,9999,9999
GS01,79/09/03,9999,9999,9999,9999,9999,9999,9999,9999,9999,9999,9999,9999,184,205,222,231,231,224,211,197,190,189,193,204
GS01,79/09/04,215,226,231,226,213,191,165,141,123,114,120,138,164,192,218,237,245,240,226,208,193,183,180,186
GS01,79/09/05,205,227,244,249,245,226,197,166,136,115,109,116,139,171,205,231,247,248,236,215,192,173,163,166
GS01,79/09/06,178,199,221,242,249,241,220,187,152,123,107,104,116,145,180,215,239,249,244,227,202,176,156,150
GS01,79/09/07,161,182,213,240,258,260,248,223,190,154,126,114,117,135,167,202,235,255,258,245,223,192,164,147
GS01,79/09/08,144,158,183,212,237,255,254,240,215,180,150,129,121,128,152,182,213,240,250,246,231,204,172,145
GS01,79/09/09,131,134,152,181,211,238,251,250,234,206,176,150,136,136,149,175,204,231,249,251,244,221,190,161
GS01,79/09/10,140,133,142,162,189,218,237,247,244,228,205,180,161,152,157,174,196,220,239,247,244,229,203,175
GS01,79/09/11,151,135,130,139,160,9999,9999,9999,9999,9999,9999,9999,9999,9999,9999,9999,9999,9999,9999,9999,9999,9999,9999,9999
GS01,79/09/12,9999,9999,9999,9999,9999,9999,9999,9999,9999,9999,9999,9999,186,179,173,175,183,197,211,222,229,226,215,198
GS01,79/09/13,178,159,143,135,134,143,158,174,189,200,203,202,196,190,185,184,185,191,200,210,218,220,216,207
GS01,79/09/14,194,178,163,151,142,9999,9999,9999,9999,9999,9999,9999,9999,9999,9999,9999,9999,9999,9999,9999,9999,9999,9999,9999
GS01,79/09/15,9999,9999,9999,9999,9999,9999,9999,9999,9999,9999,9999,9999,206,212,215,213,210,207,202,201,203,206,210,212
GS01,79/09/16,211,208,201,188,173,157,145,139,139,146,160,176,191,203,211,213,212,204,196,189,185,185,189,195
GS01,79/09/17,204,209,209,202,188,170,9999,9999,9999,9999,9999,9999,9999,9999,9999,9999,9999,9999,9999,9999,9999,9999,9999,9999
GS01,79/09/18,9999,9999,9999,9999,9999,9999,9999,9999,9999,9999,9999,9999,9999,190,211,226,230,225,210,194,180,171,171,179
GS01,79/09/19,193,209,223,232,230,218,197,172,150,135,131,140,159,182,206,226,235,233,220,199,180,164,157,160
GS01,79/09/20,174,193,212,227,232,225,208,183,157,136,125,127,141,166,194,219,234,237,225,205,183,162,149,149
GS01,79/09/21,160,180,205,226,237,236,223,201,172,145,128,124,136,160,189,216,236,244,236,219,193,169,151,145
GS01,79/09/22,153,171,196,220,239,246,241,222,195,166,143,134,140,157,186,214,234,246,246,230,206,180,156,143
GS01,79/09/23,144,158,181,207,231,245,247,236,214,188,164,148,147,158,181,207,231,249,250,241,217,189,162,143
GS01,79/09/24,135,144,162,187,212,234,244,241,224,199,173,154,145,150,165,189,216,236,244,241,221,198,168,146
GS01,79/09/25,133,135,150,173,199,225,241,245,235,217,195,174,160,158,169,191,216,236,247,248,236,214,186,161
GS01,79/09/26,142,139,147,166,190,212,233,245,246,233,216,197,182,175,180,194,212,233,248,253,246,230,207,181
GS01,79/09/27,161,149,150,159,177,201,223,239,248,247,236,222,209,201,197,202,213,231,245,254,254,244,225,202
GS01,79/09/28,180,162,154,155,165,180,200,216,227,234,232,225,215,206,200,199,205,215,227,236,240,238,227,211
GS01,79/09/29,191,173,162,154,155,164,178,195,210,222,229,229,226,221,215,211,211,213,219,228,233,234,230,224
GS01,79/09/30,211,197,181,170,161,159,9999,9999,9999,9999,9999,9999,9999,9999,9999,9999,9999,9999,9999,9999,9999,9999,9999,9999
GS01,79/10/01,243,236,225,211,196,183,175,175,182,194,210,227,242,253,256,253,244,233,222,217,216,219,225,232
GS01,79/10/02,236,236,228,214,196,177,160,148,146,152,167,187,209,229,243,247,241,227,210,195,186,185,192,204
GS01,79/10/03,218,229,234,231,216,195,171,151,138,135,144,164,191,218,240,253,253,241,221,199,182,174,176,190
GS01,79/10/04,211,234,251,258,252,235,210,183,160,147,147,161,186,216,246,268,276,270,250,223,197,178,171,178
GS01,79/10/05,199,226,253,271,276,266,244,213,182,158,145,147,165,194,227,255,270,269,252,226,196,167,149,146
GS01,79/10/06,159,187,221,250,268,271,258,234,203,173,150,142,150,171,201,232,256,266,257,234,201,167,140,128
GS01,79/10/07,134,154,187,223,252,269,271,258,234,205,180,166,164,179,207,239,267,283,282,267,239,203,171,151
GS01,79/10/08,144,152,176,209,243,269,280,275,258,233,207,186,177,181,198,222,248,267,274,265,242,210,177,148
GS01,79/10/09,130,128,143,171,203,231,250,257,250,233,210,191,179,179,189,209,231,249,259,256,241,217,187,157
GS01,79/10/10,136,128,134,152,178,207,231,245,247,239,225,208,194,187,191,203,220,237,249,252,246,230,205,177
GS01,79/10/11,152,136,132,141,159,183,208,227,237,237,230,218,206,198,196,202,212,224,235,241,240,230,214,193
GS01,79/10/12,172,154,142,141,149,164,183,200,214,221,222,217,210,203,199,199,204,212,220,226,227,224,215,201
GS01,79/10/13,185,169,156,148,148,155,166,179,193,204,211,214,213,209,205,203,202,203,206,211,214,215,212,206
GS01,79/10/14,197,184,172,161,154,153,157,165,177,189,200,209,213,214,212,209,205,200,198,197,199,200,202,203
GS01,79/10/15,202,197,189,179,167,158,153,153,159,170,182,196,207,214,216,215,209,200,192,186,184,186,192,198
GS01,79/10/16,204,207,204,195,183,170,159,152,151,157,168,184,201,214,222,223,216,204,190,178,171,170,175,185
GS01,79/10/17,198,209,215,212,202,186,168,153,146,147,156,173,193,212,225,231,227,214,196,178,166,161,165,177
GS01,79/10/18,194,211,225,229,224,210,191,171,156,149,153,167,187,208,227,239,239,228,210,189,170,159,159,169
GS01,79/10/19,189,213,234,247,251,243,226,204,184,172,172,186,210,240,266,282,288,280,258,227,197,175,164,166
GS01,79/10/20,180,202,225,241,248,244,229,205,181,160,149,150,163,185,209,229,237,232,216,192,165,142,129,129
GS01,79/10/21,142,166,196,222,240,244,236,219,195,172,157,154,163,182,208,232,247,247,234,209,178,149,128,119
GS01,79/10/22,126,146,174,203,227,240,239,225,202,177,156,146,147,162,185,211,230,237,230,210,181,149,123,109
GS01,79/10/23,108,123,146,175,204,226,235,230,214,192,169,154,150,158,176,199,220,232,231,216,191,160,131,109
GS01,79/10/24,100,106,126,155,187,214,229,232,222,204,183,166,157,159,173,194,216,231,236,227,205,177,146,120
GS01,79/10/25,105,105,118,140,169,196,217,228,226,215,198,181,169,166,172,186,203,219,229,228,215,192,164,137
GS01,79/10/26,117,107,109,123,147,173,197,214,221,219,209,195,183,175,176,183,195,208,218,222,216,201,179,155
GS01,79/10/27,133,119,113,117,132,153,175,195,209,214,212,206,197,189,186,187,192,200,209,216,217,211,198,179
GS01,79/10/28,158,140,128,124,129,141,158,176,193,205,212,212,209,203,197,193,192,194,199,204,208,208,203,193
GS01,79/10/29,179,164,150,140,137,140,148,161,177,193,206,215,219,219,215,209,201,194,191,193,199,203,207,208
GS01,79/10/30,203,193,179,164,152,144,142,147,158,174,191,207,220,227,228,221,210,197,188,183,184,191,200,209
GS01,79/10/31,215,215,208,195,179,162,149,142,145,155,173,194,213,229,236,234,223,206,187,172,166,169,180,196
GS01,79/11/01,211,223,228,221,206,186,166,150,142,144,156,175,198,221,236,241,233,213,187,163,146,141,148,166
GS01,79/11/02,189,213,230,236,229,213,191,168,151,145,149,164,187,215,237,248,245,229,202,171,145,128,125,137
GS01,79/11/03,160,189,217,235,240,231,211,185,160,143,136,144,163,189,216,235,241,231,207,175,141,114,101,105
GS01,79/11/04,125,156,191,221,240,244,234,212,186,164,151,150,162,185,212,237,251,249,232,202,166,134,112,106
GS01,79/11/05,119,147,183,218,246,261,262,248,226,202,182,174,179,196,220,245,263,268,257,233,199,164,133,114
GS01,79/11/06,114,132,162,197,228,252,261,256,240,218,195,178,174,181,198,220,239,249,247,231,203,168,133,108
GS01,79/11/07,96,101,120,149,181,210,228,234,226,211,193,178,170,171,182,200,219,233,238,229,209,179,148,120
GS01,79/11/08,102,98,108,130,162,191,216,230,232,223,209,193,181,177,182,193,208,222,230,229,217,195,168,140
GS01,79/11/09,117,105,106,119,140,167,191,209,217,216,209,198,187,180,180,186,198,210,218,221,216,204,185,162
GS01,79/11/10,140,125,119,124,138,158,181,201,214,220,219,212,204,196,192,194,200,208,217,224,225,221,212,197
GS01,79/11/11,179,166,157,156,162,176,194,212,227,237,240,238,232,225,217,213,211,213,218,222,224,223,219,211
GS01,79/11/12,200,187,175,166,164,168,177,190,203,216,226,231,232,229,223,217,212,208,206,207,209,211,212,211
GS01,79/11/13,206,198,187,176,168,164,165,172,183,195,207,217,222,224,222,215,207,198,191,188,186,188,192,196
GS01,79/11/14,199,198,192,182,171,160,153,152,157,167,179,193,204,210,211,205,194,180,167,157,153,154,161,172
GS01,79/11/15,182,190,193,189,180,168,156,148,147,152,164,179,195,208,214,212,202,187,169,154,144,142,149,162
GS01,79/11/16,179,195,206,209,203,191,176,163,155,156,165,180,199,216,227,229,220,203,181,159,141,134,138,151
GS01,79/11/17,171,192,210,220,220,212,197,179,165,159,162,173,191,211,226,234,230,215,191,165,143,129,127,138
GS01,79/11/18,160,186,211,232,241,239,226,208,190,178,176,183,198,220,241,253,254,241,217,188,159,136,126,132
GS01,79/11/19,150,176,205,230,245,248,240,221,199,180,169,169,180,199,220,237,243,234,212,182,149,120,102,98
GS01,79/11/20,109,132,164,194,217,229,229,218,199,177,162,156,162,177,199,220,233,233,219,193,160,127,102,90
GS01,79/11/21,94,113,142,175,206,228,238,233,215,193,173,162,162,174,193,215,232,238,230,207,176,142,113,94
GS01,79/11/22,90,100,123,154,186,214,232,236,229,213,194,178,171,176,192,212,232,245,246,233,208,175,143,118
GS01,79/11/23,105,107,124,150,181,212,237,250,250,240,224,207,194,190,196,210,228,241,245,239,220,192,161,131
GS01,79/11/24,110,100,103,117,142,171,197,215,224,220,208,194,181,172,172,180,194,208,218,220,213,196,172,147
GS01,79/11/25,124,109,105,111,128,152,179,203,219,227,224,213,201,192,187,189,197,208,219,226,225,216,201,180
GS01,79/11/26,158,138,128,125,133,148,168,189,209,223,229,227,219,208,197,189,188,191,197,203,209,210,205,193
GS01,79/11/27,177,158,142,131,127,133,146,163,182,199,211,217,215,208,199,189,180,174,174,178,185,192,196,197
GS01,79/11/28,191,181,169,155,145,141,144,154,169,187,204,218,226,227,220,209,195,182,174,173,177,187,199,208
GS01,79/11/29,214,216,212,201,187,175,169,169,176,189,207,223,235,241,241,231,214,193,174,160,155,158,170,185
GS01,79/11/30,200,211,216,211,199,184,169,159,156,162,174,191,207,220,226,222,207,185,159,137,124,121,131,149
GS01,79/12/01,171,192,208,214,211,200,183,168,160,159,167,182,201,220,235,238,227,205,176,147,126,117,120,136
GS01,79/12/02,161,188,213,229,234,228,211,192,176,168,169,179,197,217,234,243,239,221,192,158,128,106,99,108
GS01,79/12/03,130,161,193,219,235,237,228,211,191,176,168,171,184,205,225,239,243,232,208,175,139,109,91,90
GS01,79/12/04,105,132,167,200,224,236,235,222,204,186,173,171,178,194,216,235,245,242,226,198,163,129,103,91
GS01,79/12/05,96,117,149,185,216,237,246,241,227,208,191,181,182,193,212,232,247,252,243,221,190,155,124,103
GS01,79/12/06,98,110,136,169,202,229,246,249,240,223,206,191,186,191,205,222,238,247,245,231,206,173,141,115
GS01,79/12/07,101,103,118,144,175,204,226,237,235,224,209,194,185,183,191,206,221,234,239,234,218,194,165,138
GS01,79/12/08,119,113,121,139,165,194,220,236,241,236,225,210,197,191,194,203,216,228,237,238,230,213,189,164
GS01,79/12/09,143,131,129,139,157,180,204,224,235,236,229,217,205,196,193,197,206,216,226,231,229,221,205,185
GS01,79/12/10,165,150,143,146,157,175,197,217,231,239,238,230,220,210,203,201,203,209,217,222,222,218,209,195
GS01,79/12/11,178,162,150,145,148,159,174,191,207,217,220,217,210,201,192,185,181,181,183,187,191,193,192,188
GS01,79/12/12,180,169,159,151,147,151,162,176,191,205,214,217,216,210,201,192,184,178,175,176,181,188,193,196
GS01,79/12/13,195,190,182,173,166,164,167,176,188,202,215,222,224,222,215,205,192,180,171,167,168,174,183,192
GS01,79/12/14,199,202,200,193,185,177,173,174,180,192,205,216,223,225,222,213,199,182,167,156,152,155,165,179
GS01,79/12/15,193,204,210,210,203,194,184,178,178,185,197,212,224,231,232,225,211,192,171,153,142,140,148,163
GS01,79/12/16,182,201,215,221,218,210,197,185,177,177,185,197,213,225,232,229,217,196,170,145,127,118,121,135
GS01,79/12/17,157,182,204,218,222,217,205,190,177,171,173,182,198,214,228,232,225,207,181,151,125,108,103,113
GS01,79/12/18,134,162,191,214,227,229,222,207,190,177,172,177,190,208,226,236,236,223,198,167,136,112,98,98
GS01,79/12/19,113,141,173,204,227,238,237,224,207,190,178,175,183,200,221,238,245,240,220,189,155,123,102,93
GS01,79/12/20,100,123,156,191,223,244,253,247,232,213,196,187,189,201,219,238,250,251,237,212,178,143,112,93
GS01,79/12/21,90,103,130,164,197,224,241,245,236,220,202,188,183,189,204,224,242,252,249,233,207,175,143,119
GS01,79/12/22,108,112,127,156,189,220,244,256,255,243,224,204,192,190,198,214,231,245,249,241,223,194,161,130
GS01,79/12/23,109,103,110,129,157,189,217,236,243,240,227,210,195,187,188,199,215,231,240,242,234,214,186,157
GS01,79/12/24,132,117,115,125,145,171,199,222,236,241,235,219,202,189,183,184,193,206,218,226,227,220,203,180
GS01,79/12/25,155,135,124,124,133,152,176,200,219,230,231,224,210,196,185,180,180,186,196,207,215,216,209,195
GS01,79/12/26,177,158,143,136,136,146,162,181,199,213,220,219,211,199,184,172,165,163,166,174,184,192,196,195
GS01,79/12/27,190,179,168,158,153,154,162,176,193,209,219,224,222,215,202,188,173,162,157,159,165,174,184,193
GS01,79/12/28,196,195,189,179,170,164,163,169,179,192,204,214,218,217,208,193,174,155,141,135,136,145,158,173
GS01,79/12/29,187,196,199,196,189,181,175,172,176,185,198,211,222,227,225,215,197,174,153,136,128,130,141,158
GS01,79/12/30,178,197,209,214,212,204,193,184,180,183,191,203,216,226,230,226,210,187,159,133,116,110,115,131
GS01,79/12/31,154,180,203,218,223,219,209,198,189,186,188,197,210,226,237,240,232,212,183,150,123,106,101,110
