GS01,77/01/01,171,185,195,199,198,194,190,185,184,188,195,200,208,214,216,211,197,177,155,136,123,120,125,138
GS01,77/01/02,156,174,190,202,205,202,195,189,182,180,183,191,200,210,217,216,205,187,165,140,119,108,107,117
GS01,77/01/03,139,163,185,203,213,215,211,201,191,184,183,189,201,214,227,234,231,219,196,168,140,118,106,109
GS01,77/01/04,126,149,175,200,214,220,217,208,195,183,174,174,182,198,215,226,228,218,198,170,140,114,96,94
GS01,77/01/05,108,129,159,190,213,226,227,220,208,192,178,174,179,196,214,230,239,237,222,196,161,130,107,95
GS01,77/01/06,100,118,148,179,205,223,230,226,212,195,179,167,167,178,196,214,229,233,224,202,171,138,107,89
GS01,77/01/07,84,95,120,152,184,210,225,227,219,202,184,169,163,169,185,207,227,237,236,223,199,167,134,108
GS01,77/01/08,94,96,115,142,173,202,224,231,227,212,193,173,159,158,167,186,206,222,230,223,206,180,148,118
GS01,77/01/09,97,91,98,121,151,180,205,222,225,215,196,176,159,151,155,169,187,205,218,221,213,195,170,142
GS01,77/01/10,120,105,105,120,144,173,201,221,229,225,212,193,175,160,156,161,175,190,205,214,216,207,188,164
GS01,77/01/11,140,124,117,119,134,156,184,205,219,222,213,195,176,158,149,147,154,165,180,193,201,202,195,181
GS01,77/01/12,165,150,137,134,141,157,179,200,218,226,225,213,196,178,163,154,150,153,163,175,187,196,200,197
GS01,77/01/13,189,177,165,158,159,166,179,194,209,221,226,221,210,196,179,163,151,147,146,151,162,174,183,189
GS01,77/01/14,191,190,183,175,169,167,172,181,193,204,213,215,210,199,185,168,151,136,127,124,127,138,151,165
GS01,77/01/15,178,186,188,184,178,173,171,171,177,187,198,205,208,206,197,183,165,144,127,112,108,113,126,144
GS01,77/01/16,164,181,194,200,200,194,187,182,181,184,192,202,209,215,215,206,190,167,143,120,105,101,106,122
GS01,77/01/17,145,170,194,209,216,214,206,194,184,181,186,198,209,219,226,225,213,191,162,134,109,96,94,107
GS01,77/01/18,131,160,189,211,225,227,222,208,193,182,180,186,197,212,227,233,230,212,187,155,121,98,86,90
GS01,77/01/19,107,135,168,199,221,231,231,219,203,186,175,175,184,202,223,237,244,236,214,182,146,114,91,83
GS01,77/01/20,92,115,145,179,208,226,232,224,207,188,171,162,164,178,198,218,233,235,224,200,167,132,102,86
GS01,77/01/21,84,99,126,157,189,216,230,231,218,198,180,164,158,166,184,206,226,237,237,222,196,162,129,104
GS01,77/01/22,93,98,116,144,174,202,222,228,220,202,182,162,148,148,160,180,201,219,226,221,204,177,148,121
GS01,77/01/23,104,101,113,136,164,192,216,227,225,212,192,172,155,148,153,168,188,208,223,226,219,201,176,151
GS01,77/01/24,130,121,125,139,160,185,210,223,227,219,203,182,163,148,144,152,167,184,200,209,207,198,179,159
GS01,77/01/25,140,129,127,134,152,174,196,213,220,218,206,190,171,154,146,148,157,171,185,198,204,202,191,177
GS01,77/01/26,163,151,146,150,162,179,198,215,224,225,220,207,191,174,161,155,156,165,176,186,195,197,195,186
GS01,77/01/27,178,169,162,162,166,178,192,205,216,222,219,212,199,184,169,158,153,154,160,168,177,185,189,189
GS01,77/01/28,186,181,177,175,176,181,191,200,209,216,218,215,206,195,181,168,158,151,149,151,157,166,175,182
GS01,77/01/29,186,188,188,186,185,185,189,193,199,205,211,212,210,202,192,179,165,153,142,137,137,143,154,166
GS01,77/01/30,178,187,192,194,193,191,190,190,192,197,203,209,211,210,204,194,180,164,148,135,128,131,140,156
GS01,77/01/31,172,187,199,206,208,206,201,196,192,192,196,202,209,213,213,207,195,176,155,134,121,114,118,132
GS01,77/02/01,147,168,189,202,208,208,202,193,184,180,181,188,200,211,219,219,211,193,170,144,122,107,106,115
GS01,77/02/02,135,160,184,205,215,216,210,199,187,177,174,179,189,202,215,224,223,210,187,159,131,108,99,102
GS01,77/02/03,117,143,172,196,215,222,219,207,192,177,169,168,177,190,207,220,226,221,203,175,143,113,94,89
GS01,77/02/04,99,122,152,181,206,220,223,213,197,177,162,157,161,175,196,216,230,233,222,200,168,136,108,93
GS01,77/02/05,95,112,140,172,202,222,230,225,208,187,166,153,152,161,181,202,223,234,232,215,186,153,120,98
GS01,77/02/06,90,97,120,151,182,208,224,225,212,190,168,147,138,141,154,176,199,219,226,220,201,173,141,114
GS01,77/02/07,98,97,111,136,168,196,218,224,217,199,175,151,132,128,136,154,178,200,217,221,212,191,164,137
GS01,77/02/08,115,107,112,131,159,187,212,225,225,210,188,164,142,130,129,141,160,182,202,214,215,204,184,158
GS01,77/02/09,137,124,121,131,152,177,201,219,224,217,200,178,155,137,127,128,141,159,178,196,206,207,199,184
GS01,77/02/10,167,154,146,149,160,180,202,220,231,232,221,203,184,164,147,140,141,150,164,180,194,202,204,198
GS01,77/02/11,189,179,170,166,169,179,193,207,219,223,220,209,191,172,154,140,132,130,135,145,159,171,180,185
GS01,77/02/12,186,183,178,173,172,174,181,191,201,208,211,207,197,183,168,152,138,129,126,127,135,148,162,175
GS01,77/02/13,184,191,193,192,191,188,188,192,198,205,210,215,215,209,200,186,170,154,139,131,130,137,151,168
GS01,77/02/14,185,200,213,219,218,213,207,203,201,203,209,216,223,224,220,211,196,175,155,137,125,122,131,149
GS01,77/02/15,171,194,213,228,231,229,220,210,202,199,203,210,221,231,238,236,226,206,180,153,133,120,120,132
GS01,77/02/16,154,180,205,224,233,235,228,213,197,184,180,187,199,214,228,236,234,222,199,169,140,116,106,110
GS01,77/02/17,126,150,179,206,225,231,227,212,194,176,165,165,174,191,212,228,237,230,211,184,152,121,102,96
GS01,77/02/18,104,127,157,187,213,225,227,214,195,173,154,147,150,166,188,210,226,231,220,196,165,132,106,92
GS01,77/02/19,94,109,136,166,195,214,222,215,196,171,148,132,130,140,160,187,211,224,223,209,184,154,124,104
GS01,77/02/20,99,106,129,159,187,210,223,222,206,184,159,138,129,132,150,174,200,221,228,223,205,177,149,127
GS01,77/02/21,115,117,132,157,186,211,231,238,232,214,189,164,147,143,151,170,194,217,229,232,221,200,174,150
GS01,77/02/22,133,128,136,153,176,201,219,226,221,204,183,158,138,127,129,143,164,187,206,216,214,202,184,163
GS01,77/02/23,146,137,139,151,171,193,213,225,226,214,195,174,150,134,129,134,149,169,187,200,204,198,188,170
GS01,77/02/24,155,144,142,147,163,180,198,211,215,208,193,174,152,136,128,128,137,152,167,183,193,192,187,176
GS01,77/02/25,166,157,153,157,165,179,193,206,211,208,198,183,166,149,136,132,135,144,156,168,179,187,188,187
GS01,77/02/26,182,176,174,175,181,189,198,207,214,213,208,198,184,170,157,146,141,140,145,152,161,169,176,178
GS01,77/02/27,179,177,175,174,174,179,185,191,196,199,198,193,185,175,163,150,141,135,133,137,144,153,163,172
GS01,77/02/28,178,182,185,185,184,181,180,181,183,186,188,189,187,182,173,161,149,136,126,120,121,127,139,153
GS01,77/03/01,167,179,187,190,190,187,185,181,179,179,184,189,193,195,193,185,172,157,140,125,119,120,130,145
GS01,77/03/02,162,178,192,200,201,196,187,178,170,167,171,179,188,198,206,204,195,179,159,138,122,115,121,138
GS01,77/03/03,158,181,204,218,224,220,210,195,183,173,172,179,190,204,217,224,218,202,180,154,130,114,109,118
GS01,77/03/04,139,165,192,212,224,225,216,199,181,166,160,164,179,198,219,235,240,234,214,185,156,127,112,111
GS01,77/03/05,125,150,179,205,222,229,223,205,182,160,145,140,149,170,193,215,230,230,217,191,157,125,102,94
GS01,77/03/06,102,123,153,183,207,220,219,204,179,153,131,119,120,137,162,189,213,226,222,205,176,145,115,97
GS01,77/03/07,96,111,137,168,196,216,222,212,187,156,129,111,107,117,141,170,199,220,226,217,196,165,134,111
GS01,77/03/08,102,110,130,159,190,212,222,217,199,169,140,115,102,105,121,148,178,205,222,225,213,190,165,140
GS01,77/03/09,126,125,139,162,190,215,231,232,218,195,166,138,118,111,117,136,162,190,212,225,226,213,194,173
GS01,77/03/10,157,147,151,164,185,205,224,231,225,208,181,153,130,113,109,116,133,156,177,194,203,201,192,177
GS01,77/03/11,162,151,149,155,170,186,203,214,216,206,187,165,142,121,109,107,114,130,148,165,180,189,192,187
GS01,77/03/12,179,172,167,167,174,184,196,205,209,206,197,182,163,142,126,117,114,118,128,141,155,168,177,182
GS01,77/03/13,182,180,175,172,172,176,183,190,195,198,196,189,179,166,150,135,126,120,121,128,139,153,166,179
GS01,77/03/14,188,193,194,192,190,187,187,188,192,195,198,198,195,188,176,163,149,135,126,123,125,134,148,164
GS01,77/03/15,181,193,200,201,198,191,185,178,176,179,184,190,196,198,194,186,171,154,139,126,120,121,130,146
GS01,77/03/16,165,185,199,206,206,197,185,173,164,160,164,174,186,197,203,201,191,174,152,132,117,110,114,128
GS01,77/03/17,150,172,195,209,213,208,194,175,160,150,149,159,174,190,204,210,209,195,175,149,127,113,109,119
GS01,77/03/18,138,164,191,210,219,218,205,187,166,148,142,146,160,180,202,219,225,218,203,177,152,128,116,118
GS01,77/03/19,133,157,184,208,224,227,219,197,174,151,137,135,145,166,191,213,227,230,219,197,172,145,127,121
GS01,77/03/20,129,149,175,200,221,228,223,205,178,151,130,121,126,144,168,194,215,227,224,207,181,155,131,119
GS01,77/03/21,120,135,158,184,205,218,218,204,178,150,124,109,107,120,143,172,198,215,220,211,189,165,142,126
GS01,77/03/22,122,131,150,173,195,211,215,207,185,158,130,109,100,105,122,148,176,199,211,210,199,178,155,135
GS01,77/03/23,126,130,144,165,187,204,215,211,195,169,141,118,103,100,112,133,159,183,203,211,205,191,173,156
GS01,77/03/24,146,145,155,172,195,216,229,233,224,205,179,153,132,121,124,140,163,187,207,218,221,212,198,182
GS01,77/03/25,169,162,164,174,189,204,216,220,214,199,178,157,137,123,120,128,143,163,182,196,203,201,193,181
GS01,77/03/26,169,163,161,166,175,187,200,207,206,198,183,165,146,130,121,120,129,144,160,176,189,194,192,187
GS01,77/03/27,180,174,170,172,179,190,200,209,211,210,202,187,171,155,142,136,136,142,154,167,180,188,192,191
GS01,77/03/28,188,184,180,178,179,182,188,193,196,196,193,185,174,161,149,138,132,132,135,143,155,166,176,184
GS01,77/03/29,188,189,187,183,180,178,179,180,182,184,184,182,179,172,162,151,141,132,128,130,137,147,159,172
GS01,77/03/30,183,191,194,191,187,182,178,175,174,177,181,186,189,190,185,177,165,152,142,136,137,147,161,177
GS01,77/03/31,193,207,217,219,215,206,196,186,180,179,184,194,203,211,214,211,199,183,165,148,139,138,147,165
GS01,77/04/01,184,204,220,227,225,214,201,186,172,162,161,173,188,203,215,220,215,201,178,154,136,125,126,139
GS01,77/04/02,159,184,206,220,223,216,201,180,159,144,140,146,163,185,207,222,227,219,201,175,148,129,118,123
GS01,77/04/03,140,164,191,211,220,219,204,179,153,128,117,120,135,159,188,214,230,233,221,198,167,139,121,118
GS01,77/04/04,128,152,179,204,222,224,214,189,158,128,106,98,106,128,157,189,214,227,226,210,184,155,130,117
GS01,77/04/05,121,136,162,189,212,224,219,200,171,137,108,90,89,102,130,162,193,217,228,224,207,181,153,133
GS01,77/04/06,127,137,157,182,207,224,228,217,192,159,126,100,88,91,109,139,171,201,222,227,222,204,181,158
GS01,77/04/07,145,146,159,179,202,223,234,231,214,187,153,123,100,92,99,120,148,177,203,219,223,215,198,179
GS01,77/04/08,161,154,157,172,190,207,219,224,215,194,166,138,111,94,92,102,122,145,172,192,206,210,204,192
GS01,77/04/09,180,169,166,171,184,198,211,219,218,207,187,164,140,120,107,107,115,132,152,172,190,200,203,200
GS01,77/04/10,193,185,177,175,179,187,197,206,209,205,195,179,160,140,124,114,112,118,131,146,163,178,187,192
GS01,77/04/11,191,188,182,175,172,172,176,182,187,186,184,177,168,154,139,127,118,114,118,126,139,154,169,178
GS01,77/04/12,185,190,187,181,176,171,169,169,172,176,179,180,178,173,164,153,140,131,126,125,132,143,158,172
GS01,77/04/13,187,198,202,200,193,185,177,172,172,174,179,187,194,196,194,186,174,161,148,139,136,140,151,166
GS01,77/04/14,184,198,207,209,205,194,179,166,157,155,160,170,182,193,199,199,191,178,162,146,137,134,140,152
GS01,77/04/15,171,190,204,210,208,197,181,163,146,137,138,149,166,183,199,207,207,200,185,165,149,141,142,152
GS01,77/04/16,170,190,210,224,228,220,204,185,163,144,141,150,167,188,210,226,232,227,213,194,174,160,154,159
GS01,77/04/17,174,194,214,228,232,227,210,185,159,137,127,128,144,165,191,213,227,230,220,203,181,163,152,151
GS01,77/04/18,166,186,211,232,242,242,228,205,178,149,132,129,138,158,184,210,230,239,238,222,201,181,163,156
GS01,77/04/19,162,177,199,219,234,238,227,206,178,149,126,113,116,131,156,185,210,227,230,222,205,184,164,153
GS01,77/04/20,152,163,180,200,216,225,222,206,181,153,127,110,102,111,132,161,190,214,227,225,214,195,175,160
GS01,77/04/21,154,161,173,190,210,222,225,215,193,165,136,111,99,102,119,144,171,195,211,214,207,191,174,159
GS01,77/04/22,150,152,162,178,194,207,211,204,186,161,134,111,94,92,102,122,147,173,193,203,204,194,180,165
GS01,77/04/23,157,155,161,173,187,200,208,208,196,176,153,129,110,102,105,118,139,163,185,199,206,204,193,180
GS01,77/04/24,170,164,165,172,183,193,203,206,199,185,166,144,124,111,106,112,125,144,165,182,194,198,195,187
GS01,77/04/25,179,173,171,175,181,191,200,206,205,198,185,169,152,137,129,128,135,148,165,183,199,209,210,207
GS01,77/04/26,202,195,189,186,187,190,195,200,202,198,191,179,166,152,139,130,128,131,142,156,171,184,192,195
GS01,77/04/27,194,191,184,178,175,174,175,178,181,182,183,180,174,164,152,141,133,129,132,140,153,168,182,193
GS01,77/04/28,200,201,198,191,183,177,174,174,177,183,191,198,201,199,193,183,172,160,153,153,159,172,184,195
GS01,77/04/29,205,210,209,203,193,179,166,157,154,157,166,176,186,192,192,185,172,156,143,131,128,134,148,165
GS01,77/04/30,181,194,199,196,185,168,150,135,126,125,134,149,166,182,192,194,185,171,152,134,124,124,132,149
GS01,77/05/01,168,190,204,207,199,181,160,137,117,106,108,124,145,168,191,203,207,198,179,159,139,130,129,139
GS01,77/05/02,162,186,207,218,219,206,186,157,130,110,105,113,135,163,194,219,234,233,223,201,177,157,149,151
GS01,77/05/03,166,187,209,225,230,221,200,170,137,108,90,86,98,125,157,188,213,224,223,210,187,162,142,136
GS01,77/05/04,143,162,186,206,218,218,205,179,144,108,83,68,71,89,119,152,186,210,221,218,203,181,159,145
GS01,77/05/05,144,155,174,198,216,225,222,205,175,139,106,84,76,83,106,137,172,205,226,237,234,218,198,180
GS01,77/05/06,172,175,187,205,223,237,241,231,207,176,142,111,92,88,97,119,149,180,208,226,231,226,211,194
GS01,77/05/07,181,176,180,192,207,222,233,233,218,194,165,136,111,97,96,106,129,155,182,205,218,220,214,201
GS01,77/05/08,187,177,173,178,188,201,213,219,214,201,181,155,130,112,102,104,116,134,157,179,196,206,207,202
GS01,77/05/09,193,181,172,170,173,181,193,200,201,196,184,166,146,127,113,106,108,118,134,152,171,185,193,195
GS01,77/05/10,191,183,175,168,165,166,172,179,186,187,184,176,163,149,135,124,118,119,127,140,154,170,183,190
GS01,77/05/11,193,190,183,173,164,158,157,160,165,171,174,175,172,164,154,143,133,126,126,131,141,154,168,179
GS01,77/05/12,188,191,187,178,165,154,147,143,144,149,157,165,171,173,169,162,152,142,136,134,139,149,161,175
GS01,77/05/13,186,194,195,190,178,162,149,138,134,137,145,158,169,178,184,182,176,166,154,147,143,147,158,170
GS01,77/05/14,185,198,202,200,190,174,156,139,127,125,131,145,161,178,190,197,196,188,176,162,154,152,157,170
GS01,77/05/15,185,201,212,215,210,196,177,154,136,126,128,140,160,181,202,218,222,221,212,197,182,172,172,181
GS01,77/05/16,194,210,226,233,231,219,200,173,148,129,122,127,143,167,191,213,226,227,221,205,188,173,167,170
GS01,77/05/17,181,198,216,229,231,224,206,181,153,127,114,112,124,146,173,198,217,227,226,216,199,182,171,167
GS01,77/05/18,172,186,204,221,230,230,217,195,165,135,112,105,110,129,156,185,211,228,232,227,213,196,179,169
GS01,77/05/19,169,179,195,213,226,229,221,203,176,146,119,103,102,113,136,165,193,217,228,228,219,202,186,173
GS01,77/05/20,168,173,187,202,217,226,225,211,188,159,131,109,101,105,122,148,178,205,223,229,224,210,195,179
GS01,77/05/21,169,169,178,192,208,220,224,217,199,172,144,118,102,99,107,128,155,182,204,217,219,212,198,183
GS01,77/05/22,171,169,172,183,197,212,218,217,206,185,161,136,114,103,105,119,140,165,190,208,217,216,207,193
GS01,77/05/23,180,172,171,177,188,200,212,217,212,196,175,150,128,113,108,114,131,154,177,197,209,213,207,196
GS01,77/05/24,185,175,169,169,177,187,198,204,204,194,178,159,139,124,115,116,127,144,164,184,200,211,211,204
GS01,77/05/25,194,184,176,173,174,181,190,199,202,200,194,180,165,148,134,128,129,138,153,173,190,206,212,210
GS01,77/05/26,204,194,184,175,170,169,174,180,187,191,192,188,177,164,150,140,134,135,142,156,173,190,203,209
GS01,77/05/27,209,202,192,179,170,163,161,163,170,177,185,190,191,185,176,165,154,147,146,151,162,180,195,208
GS01,77/05/28,215,212,205,192,176,162,153,148,149,159,171,185,197,201,199,191,179,166,156,154,159,173,189,206
GS01,77/05/29,217,224,220,209,191,171,153,139,134,137,149,167,186,202,209,209,201,187,172,159,155,160,173,191
GS01,77/05/30,210,223,227,221,204,182,157,134,118,114,122,141,165,190,210,220,222,212,196,179,167,163,170,184
GS01,77/05/31,203,221,232,233,223,202,174,144,117,101,100,113,137,167,195,218,230,230,220,201,182,168,164,170
GS01,77/06/01,186,207,224,235,233,219,192,161,128,101,85,88,104,133,167,201,227,239,238,226,206,187,174,172
GS01,77/06/02,181,199,219,235,244,241,221,193,157,122,95,83,91,111,144,181,214,239,248,246,231,212,195,184
GS01,77/06/03,185,197,217,235,249,254,244,220,186,149,115,92,86,97,119,152,187,218,237,244,237,221,202,185
GS01,77/06/04,177,178,189,208,225,239,241,228,203,168,133,103,86,84,97,122,154,187,213,231,233,225,209,190
GS01,77/06/05,177,172,178,189,206,222,230,228,216,189,158,127,104,92,94,107,130,160,189,212,224,225,217,201
GS01,77/06/06,186,174,172,177,190,205,217,223,217,204,181,155,128,111,103,106,122,143,169,193,209,218,215,205
GS01,77/06/07,192,178,169,167,173,185,198,207,209,204,191,172,152,134,121,117,124,138,158,179,197,210,215,211
GS01,77/06/08,202,191,179,170,168,174,183,193,200,201,198,188,176,161,147,139,138,145,157,174,192,205,213,215
GS01,77/06/09,210,199,186,174,166,162,166,173,181,189,195,195,189,181,170,160,154,152,158,169,184,199,211,218
GS01,77/06/10,218,213,202,188,174,164,160,161,169,178,188,195,199,198,192,185,177,172,171,176,186,198,211,223
GS01,77/06/11,229,229,221,209,193,177,165,159,159,166,177,189,201,208,210,207,201,192,187,183,185,194,206,218
GS01,77/06/12,228,232,229,220,203,186,167,153,146,148,156,170,186,200,211,214,211,204,196,188,183,185,193,202
GS01,77/06/13,214,223,227,223,209,191,169,146,130,123,127,142,160,181,197,209,213,210,203,193,185,182,186,196
GS01,77/06/14,208,220,229,229,221,204,182,158,136,122,119,129,148,171,194,211,221,222,216,202,188,178,175,179
GS01,77/06/15,189,203,216,224,222,210,189,162,135,114,104,109,124,147,172,195,213,222,220,208,194,183,176,175
GS01,77/06/16,183,197,212,226,230,225,208,183,152,125,106,101,110,130,158,186,210,225,227,221,206,192,180,175
GS01,77/06/17,178,191,207,222,234,236,224,204,174,142,118,104,106,120,145,174,202,222,234,232,223,208,193,183
GS01,77/06/18,182,188,204,219,233,239,236,219,190,159,128,109,106,117,140,168,198,222,233,234,224,210,194,182
GS01,77/06/19,179,184,197,214,229,239,237,225,200,171,142,118,109,112,129,154,183,210,228,235,230,218,202,186
GS01,77/06/20,176,176,186,200,217,229,235,228,209,183,155,131,113,109,119,140,166,193,216,229,232,223,210,193
GS01,77/06/21,181,174,178,188,204,219,229,229,219,200,174,148,128,117,119,133,156,182,207,225,232,228,218,200
GS01,77/06/22,185,175,173,177,189,203,216,223,219,207,188,165,144,127,121,126,141,165,189,210,225,227,221,207
GS01,77/06/23,192,178,169,167,173,185,199,209,214,210,200,183,164,147,137,133,140,156,178,198,216,226,226,218
GS01,77/06/24,205,190,177,168,165,170,181,192,202,207,206,199,188,173,159,151,149,154,169,187,206,221,229,227
GS01,77/06/25,218,206,190,176,165,162,166,174,186,196,203,207,204,197,185,173,167,166,172,185,201,217,229,233
GS01,77/06/26,230,220,205,188,172,160,154,157,165,177,190,202,209,210,207,199,190,182,179,182,191,206,220,231
GS01,77/06/27,233,230,219,202,182,164,148,139,137,146,162,181,198,211,217,217,208,199,189,184,185,195,208,222
GS01,77/06/28,233,237,232,218,198,174,150,131,121,122,134,153,178,201,218,227,227,219,208,197,188,187,196,210
GS01,77/06/29,225,237,242,235,221,196,167,140,118,107,109,124,150,180,207,229,239,237,228,214,199,190,190,199
GS01,77/06/30,214,231,245,249,241,221,193,159,129,105,95,102,122,152,185,216,237,247,243,231,214,197,188,189
GS01,77/07/01,199,218,238,251,255,243,220,188,154,122,100,94,105,131,166,201,232,251,257,249,233,215,198,190
GS01,77/07/02,193,207,227,247,261,262,249,222,186,150,119,103,102,116,142,177,211,236,251,251,241,223,203,189
GS01,77/07/03,183,191,206,226,243,254,252,237,208,172,138,113,100,104,121,150,183,215,237,245,241,228,209,190
GS01,77/07/04,177,176,185,202,222,238,247,243,225,197,163,133,113,106,115,135,163,192,219,236,240,233,217,197
GS01,77/07/05,180,171,172,183,201,221,235,241,233,215,189,161,137,124,123,136,159,184,211,232,241,240,229,211
GS01,77/07/06,192,177,171,174,185,204,220,232,233,224,207,184,162,146,139,143,156,176,200,220,235,242,237,224
GS01,77/07/07,207,189,175,169,173,183,198,212,220,221,214,200,186,169,158,154,159,172,189,209,223,231,232,224
GS01,77/07/08,209,194,177,165,159,163,174,184,194,201,202,197,190,180,171,164,164,170,183,196,209,220,225,223
GS01,77/07/09,215,202,187,171,159,155,156,163,173,182,190,193,195,191,185,178,174,174,180,189,200,212,220,222
GS01,77/07/10,220,214,201,184,168,156,151,151,157,166,176,187,195,197,198,197,192,187,187,190,198,207,215,221
GS01,77/07/11,223,220,211,199,181,164,152,144,144,151,161,173,186,198,205,207,205,200,195,191,192,198,205,212
GS01,77/07/12,218,220,216,206,191,171,152,137,129,130,137,151,168,186,199,207,208,205,198,191,186,188,194,202
GS01,77/07/13,212,220,224,220,208,190,169,148,132,126,129,142,162,184,202,217,224,224,216,207,197,191,192,198
GS01,77/07/14,208,220,229,230,223,207,184,159,135,119,114,120,137,162,186,208,220,224,220,209,196,186,180,183
GS01,77/07/15,193,207,220,227,227,216,196,168,141,118,104,106,120,143,170,196,216,226,227,218,204,191,180,177
GS01,77/07/16,184,198,213,225,232,228,211,186,156,128,107,98,106,125,152,181,206,223,230,224,211,193,178,169
GS01,77/07/17,172,184,200,218,230,232,223,203,175,144,116,100,99,112,137,166,196,218,231,229,218,200,183,168
GS01,77/07/18,164,173,188,206,223,233,231,217,193,161,129,107,96,103,122,150,179,207,225,230,221,206,187,169
GS01,77/07/19,160,161,172,190,210,226,231,226,208,180,149,122,105,103,114,139,168,197,221,231,230,219,200,179
GS01,77/07/20,163,157,162,175,193,212,224,228,219,197,170,142,120,108,111,127,152,180,206,223,228,223,208,187
GS01,77/07/21,167,153,150,159,173,192,209,219,218,207,187,164,140,124,118,127,146,170,196,218,228,227,216,198
GS01,77/07/22,177,159,150,150,159,174,191,206,214,212,201,183,164,145,133,134,143,160,182,204,220,225,219,205
GS01,77/07/23,186,166,150,142,141,150,164,179,191,198,196,188,176,161,149,143,144,156,170,190,206,217,218,209
GS01,77/07/24,194,177,158,143,135,136,143,154,167,179,187,190,187,180,170,163,157,160,169,182,196,208,214,214
GS01,77/07/25,206,193,175,156,140,131,128,132,140,153,166,177,185,187,185,178,173,169,169,174,184,197,207,211
GS01,77/07/26,211,205,191,172,153,135,123,116,119,127,141,161,177,189,196,197,193,186,181,178,180,187,197,206
GS01,77/07/27,212,213,207,194,174,153,133,115,106,108,119,136,159,180,199,209,213,208,199,189,182,182,188,197
GS01,77/07/28,209,217,220,215,201,178,152,128,108,98,98,111,134,160,187,208,219,221,214,200,187,178,177,184
GS01,77/07/29,197,211,223,227,222,205,179,150,122,99,89,92,109,136,168,198,218,229,227,214,197,181,170,171
GS01,77/07/30,181,197,215,229,233,227,207,177,143,112,91,84,92,114,145,179,208,227,233,226,207,188,170,162
GS01,77/07/31,166,181,200,219,234,239,229,206,174,138,108,90,89,103,130,162,194,220,235,236,224,202,178,162
GS01,77/08/01,158,171,190,211,230,241,239,221,192,159,127,106,99,108,132,162,194,220,237,240,228,207,183,163
GS01,77/08/02,153,159,175,197,220,238,244,237,218,189,157,130,114,114,128,154,185,215,236,244,239,222,197,172
GS01,77/08/03,155,153,160,177,200,222,238,240,229,208,180,154,135,126,133,150,177,203,227,240,242,231,211,187
GS01,77/08/04,165,152,153,162,180,203,222,232,230,219,197,174,155,143,143,154,173,196,218,234,241,236,220,199
GS01,77/08/05,177,160,151,152,163,181,200,214,221,218,205,190,173,160,156,161,173,192,211,227,236,236,226,210
GS01,77/08/06,190,171,156,150,153,162,177,192,202,207,204,196,184,173,166,166,173,184,198,212,224,227,222,211
GS01,77/08/07,196,181,167,158,153,154,161,170,179,190,196,194,190,184,180,177,179,184,192,201,211,220,221,217
GS01,77/08/08,208,194,180,166,157,154,155,159,168,179,190,197,200,197,192,189,188,193,200,208,215,223,225,221
GS01,77/08/09,212,199,183,169,159,152,150,152,159,169,180,190,198,204,206,204,202,199,197,198,201,206,211,215
GS01,77/08/10,216,214,205,192,174,157,143,134,132,137,147,163,179,192,202,207,207,202,195,191,190,193,198,205
GS01,77/08/11,212,217,216,208,195,175,158,142,132,131,140,155,174,194,212,222,225,220,211,201,193,190,195,204
GS01,77/08/12,213,222,227,226,215,197,174,152,133,124,126,138,159,182,204,221,229,227,218,206,194,186,184,190
GS01,77/08/13,202,216,230,237,232,218,195,168,143,124,116,123,140,164,192,215,229,233,226,211,194,180,171,174
GS01,77/08/14,184,199,216,230,232,223,206,178,149,124,110,106,118,143,172,201,222,231,226,215,197,179,165,162
GS01,77/08/15,170,186,206,223,235,235,222,199,168,137,114,102,108,127,159,191,217,232,235,226,207,186,167,155
GS01,77/08/16,156,168,191,214,232,241,238,222,195,161,133,115,109,122,146,177,207,230,241,236,221,198,175,156
GS01,77/08/17,150,157,174,198,221,238,244,237,215,185,153,127,114,120,138,166,196,223,239,239,228,209,183,160
GS01,77/08/18,145,143,154,176,201,225,238,239,227,200,171,147,130,128,139,162,189,215,232,238,232,213,189,164
GS01,77/08/19,146,138,142,157,180,202,221,229,225,209,187,164,144,134,135,150,172,198,220,233,233,220,200,177
GS01,77/08/20,153,140,136,143,160,181,203,218,222,217,206,188,169,155,152,159,175,198,218,233,240,235,219,198
GS01,77/08/21,174,152,141,139,146,162,181,199,211,216,211,202,188,176,167,166,175,189,208,223,234,236,227,212
GS01,77/08/22,193,171,154,143,141,148,161,178,193,203,211,211,208,200,193,190,192,199,209,221,232,239,238,229
GS01,77/08/23,215,197,178,162,151,147,150,159,172,9999,9999,9999,9999,9999,9999,9999,9999,9999,9999,9999,9999,9999,9999,9999
GS01,77/08/24,9999,9999,9999,9999,9999,9999,9999,9999,9999,9999,186,204,220,229,232,231,226,219,214,212,215,223,231,237
GS01,77/08/25,241,239,228,211,191,170,153,9999,9999,9999,9999,9999,9999,9999,9999,9999,9999,9999,9999,9999,9999,9999,9999,9999
GS01,77/08/26,9999,9999,9999,9999,9999,9999,9999,9999,9999,9999,9999,9999,9999,9999,9999,9999,9999,9999,9999,9999,9999,9999,9999,9999
GS01,77/08/27,9999,9999,9999,9999,9999,9999,9999,9999,9999,9999,9999,9999,9999,9999,9999,9999,9999,9999,9999,9999,9999,9999,9999,9999
GS01,77/08/28,9999,9999,9999,9999,9999,9999,9999,9999,9999,9999,9999,9999,9999,9999,9999,9999,9999,9999,9999,9999,9999,9999,9999,9999
GS01,77/08/29,9999,9999,9999,9999,9999,9999,9999,9999,9999,9999,9999,9999,9999,9999,9999,9999,9999,9999,9999,9999,9999,9999,9999,9999
GS01,77/08/30,9999,9999,9999,9999,9999,9999,9999,9999,9999,9999,9999,9999,9999,9999,9999,9999,9999,9999,9999,9999,9999,9999,9999,9999
GS01,77/08/31,9999,9999,9999,9999,9999,9999,9999,9999,9999,9999,9999,9999,9999,9999,9999,9999,9999,9999,9999,9999,9999,9999,9999,9999
GS01,77/09/01,9999,9999,9999,9999,9999,9999,9999,9999,9999,9999,9999,9999,141,140,150,171,198,223,240,243,234,213,186,159
GS01,77/09/02,141,133,137,153,176,202,222,233,230,213,189,168,153,147,153,167,188,210,230,239,236,221,196,170
GS01,77/09/03,149,134,131,142,161,182,205,219,221,215,202,185,171,161,160,169,187,207,225,236,239,228,211,189
GS01,77/09/04,168,149,141,142,153,170,190,207,216,217,210,199,187,178,174,178,189,204,218,228,233,231,218,202
GS01,77/09/05,182,163,148,141,145,155,168,184,195,201,203,199,193,185,181,182,186,196,207,216,224,224,219,209
GS01,77/09/06,193,177,163,153,150,151,159,168,179,189,195,199,199,197,195,193,195,198,204,211,218,220,220,215
GS01,77/09/07,207,196,182,169,159,153,152,157,166,176,187,197,203,207,207,205,203,201,200,202,207,210,213,215
GS01,77/09/08,213,208,196,185,171,159,150,148,149,157,169,184,198,207,214,217,215,210,203,198,198,200,204,210
GS01,77/09/09,215,217,214,206,192,176,160,149,144,147,157,174,191,208,220,227,225,219,209,197,190,188,191,200
GS01,77/09/10,210,220,225,222,210,192,172,153,138,133,139,156,175,197,216,227,229,225,212,196,182,175,174,182
GS01,77/09/11,197,211,224,230,225,211,190,165,143,128,127,138,159,184,210,228,237,234,221,204,185,170,165,170
GS01,77/09/12,183,203,222,237,241,231,212,185,157,135,122,124,139,167,197,223,239,242,231,212,190,170,156,153
GS01,77/09/13,166,185,208,231,246,245,230,205,175,147,127,123,133,158,189,220,241,251,245,227,202,176,154,143
GS01,77/09/14,149,167,194,224,247,255,249,230,201,170,141,128,131,148,176,207,235,252,253,238,214,185,158,141
GS01,77/09/15,140,152,175,207,236,257,263,254,230,200,170,147,138,145,168,197,226,249,257,249,229,199,167,141
GS01,77/09/16,128,131,148,176,204,230,248,251,237,210,182,158,144,147,162,188,217,241,253,253,237,210,179,150
GS01,77/09/17,131,124,139,163,191,219,240,250,247,232,210,188,170,162,172,190,213,237,254,261,254,235,206,176
GS01,77/09/18,152,138,138,152,175,200,225,243,251,248,234,217,202,192,191,201,218,237,253,264,266,253,231,206
GS01,77/09/19,182,163,154,155,168,187,210,233,250,256,253,245,233,223,219,221,230,243,257,269,275,272,257,236
GS01,77/09/20,216,193,175,166,165,173,187,205,221,233,239,238,233,225,219,215,215,220,228,236,242,243,239,227
GS01,77/09/21,213,196,178,164,154,151,156,167,181,197,210,220,226,229,227,222,218,215,216,220,225,229,231,229
GS01,77/09/22,221,209,195,179,163,150,143,142,148,161,176,192,206,215,219,217,211,204,196,190,190,194,201,208
GS01,77/09/23,212,213,208,197,181,164,148,137,132,137,151,170,189,207,222,227,224,215,201,188,181,181,187,197
GS01,77/09/24,211,222,227,223,210,190,169,150,137,133,140,158,182,204,224,236,238,229,212,192,178,169,169,180
GS01,77/09/25,196,212,226,232,228,214,191,166,143,129,128,140,161,187,211,229,237,233,218,196,175,158,153,159
GS01,77/09/26,176,199,221,236,240,233,214,188,162,142,131,134,152,177,206,231,244,245,233,210,185,162,148,146
GS01,77/09/27,159,184,211,234,249,251,238,216,187,160,144,139,149,169,199,225,246,251,244,223,195,166,143,132
GS01,77/09/28,138,158,185,214,235,246,242,225,199,172,148,136,138,154,180,208,231,243,241,224,200,169,142,126
GS01,77/09/29,124,137,164,196,224,243,248,239,218,194,170,153,149,159,179,205,229,246,250,240,218,187,158,135
GS01,77/09/30,125,131,149,177,208,232,245,245,233,210,186,167,157,158,172,195,219,238,247,244,228,200,170,143
GS01,77/10/01,126,124,138,163,189,215,235,242,233,215,193,175,163,164,176,196,218,235,243,240,225,201,172,147
GS01,77/10/02,128,123,131,150,174,199,219,228,228,218,203,186,174,169,175,189,207,224,235,236,227,208,184,160
GS01,77/10/03,139,126,126,136,155,177,200,215,221,219,209,196,187,178,179,188,199,213,226,231,229,219,201,182
GS01,77/10/04,161,147,140,142,154,171,189,206,217,222,218,211,203,196,193,197,202,211,220,227,228,223,211,196
GS01,77/10/05,178,165,154,148,150,160,173,187,199,209,213,214,211,205,201,199,201,205,212,219,224,224,219,209
GS01,77/10/06,197,184,172,163,159,160,167,177,190,202,212,217,218,217,215,212,210,209,209,210,212,214,215,212
GS01,77/10/07,207,199,188,177,167,160,158,162,171,183,196,209,217,222,221,218,211,204,199,195,194,197,202,208
GS01,77/10/08,211,210,205,194,182,168,159,153,156,165,179,196,210,221,226,225,218,207,196,187,182,183,189,199
GS01,77/10/09,211,219,221,215,200,183,166,154,147,150,162,181,201,219,230,231,226,212,195,178,167,163,169,180
GS01,77/10/10,198,214,225,227,220,203,183,162,146,138,146,164,189,213,233,242,240,227,207,184,164,154,156,167
GS01,77/10/11,187,210,229,240,237,225,202,177,152,137,134,144,168,196,221,238,240,229,209,184,158,137,129,135
GS01,77/10/12,153,180,208,231,241,238,222,199,171,149,136,139,157,183,212,237,249,245,228,201,170,139,124,122
GS01,77/10/13,136,163,196,226,247,254,247,225,197,169,148,142,153,175,202,231,249,254,242,217,183,148,120,107
GS01,77/10/14,112,135,165,200,230,249,253,242,218,188,163,148,147,161,184,212,235,248,246,228,198,162,129,106
GS01,77/10/15,100,111,134,167,202,230,246,248,235,212,187,169,160,165,179,205,229,247,251,242,220,187,153,125
GS01,77/10/16,108,108,120,146,176,208,233,245,244,231,210,189,175,171,179,195,215,233,243,242,227,203,171,138
GS01,77/10/17,115,104,107,120,144,172,200,219,229,224,210,195,182,174,175,182,198,214,228,233,228,211,187,160
GS01,77/10/18,136,119,111,116,130,152,176,200,215,221,218,210,201,191,186,187,195,207,220,229,231,223,209,188
GS01,77/10/19,165,146,133,127,131,142,161,180,199,212,218,219,214,206,199,196,196,200,206,214,221,221,215,204
GS01,77/10/20,188,171,155,145,140,141,148,162,177,193,206,214,217,216,210,202,197,193,192,196,202,206,208,207
GS01,77/10/21,203,193,179,165,151,145,145,149,161,176,191,205,215,219,218,211,202,191,184,182,182,187,195,202
GS01,77/10/22,206,204,198,184,169,156,147,143,146,157,172,190,206,217,220,218,207,192,178,166,162,164,174,188
GS01,77/10/23,201,211,213,207,195,178,164,151,146,150,160,179,199,218,230,231,224,206,187,168,156,153,161,176
GS01,77/10/24,194,213,224,228,222,209,190,172,159,155,160,176,197,218,236,242,238,222,199,175,153,141,143,156
GS01,77/10/25,176,201,220,233,234,226,207,186,167,154,153,162,182,204,223,236,236,223,202,174,147,128,122,129
GS01,77/10/26,148,175,203,222,234,232,219,199,177,159,150,155,171,193,215,232,239,230,210,184,153,128,114,113
GS01,77/10/27,129,155,184,211,231,237,230,214,191,168,155,151,162,183,206,227,239,237,221,195,165,135,112,103
GS01,77/10/28,111,133,163,194,219,233,233,222,201,179,161,151,155,171,193,216,234,238,229,206,176,145,117,103
GS01,77/10/29,103,119,145,177,206,227,235,231,215,194,176,162,160,168,187,210,229,239,235,218,191,160,130,110
GS01,77/10/30,101,108,130,159,189,216,229,232,221,207,188,172,164,167,181,201,221,233,235,225,204,177,146,119
GS01,77/10/31,105,105,117,141,169,197,218,227,225,214,198,183,173,171,179,195,211,223,230,227,213,190,164,137
GS01,77/11/01,119,111,115,130,152,177,201,215,221,219,207,194,182,177,179,188,200,213,223,225,218,202,181,158
GS01,77/11/02,139,127,124,131,147,168,189,207,217,218,213,203,191,184,179,183,190,201,210,214,213,203,189,171
GS01,77/11/03,152,137,128,128,135,148,164,181,196,205,205,201,194,186,180,181,181,187,192,197,199,197,190,176
GS01,77/11/04,163,148,138,130,130,138,150,165,180,191,198,200,199,193,187,180,178,177,179,181,184,187,187,185
GS01,77/11/05,178,167,154,144,138,137,141,151,164,178,192,200,204,203,199,191,183,176,172,170,173,178,183,188
GS01,77/11/06,190,187,179,170,159,152,147,150,159,171,188,203,213,219,216,209,197,185,176,168,167,171,181,193
GS01,77/11/07,203,208,207,199,188,174,162,155,157,166,184,201,216,225,226,219,203,185,166,152,147,149,160,177
GS01,77/11/08,193,208,215,213,203,187,169,158,153,155,169,188,209,227,234,232,218,200,177,154,140,138,147,164
GS01,77/11/09,189,213,229,234,229,212,193,172,156,150,157,175,197,219,234,237,227,206,179,150,126,113,114,129
GS01,77/11/10,154,184,214,229,236,229,212,191,169,155,152,162,183,208,231,243,242,224,197,162,130,107,99,105
GS01,77/11/11,126,160,192,222,240,242,232,212,188,166,154,154,168,192,216,235,241,233,209,175,138,104,83,78
GS01,77/11/12,90,116,155,189,218,234,234,221,201,178,158,149,156,176,199,221,237,237,224,194,157,119,90,73
GS01,77/11/13,74,94,124,160,196,221,234,232,217,195,175,159,156,165,185,208,228,238,234,214,186,148,111,86
GS01,77/11/14,75,82,101,135,169,202,225,234,232,216,198,179,169,169,179,197,215,230,236,227,207,178,144,112
GS01,77/11/15,90,84,93,116,144,175,202,220,227,222,210,193,181,173,175,188,202,216,226,227,218,197,169,140
GS01,77/11/16,116,103,101,109,128,154,180,203,217,222,218,206,194,184,179,182,189,200,212,220,219,211,196,173
GS01,77/11/17,151,135,127,128,136,153,176,197,218,233,236,234,226,216,207,202,201,205,211,219,224,224,216,203
GS01,77/11/18,186,169,155,146,144,149,161,179,196,209,218,221,218,211,202,193,186,182,183,186,193,197,200,198
GS01,77/11/19,193,183,171,159,151,149,154,164,178,194,209,219,225,223,217,207,196,185,179,178,180,186,194,201
GS01,77/11/20,203,201,194,183,173,164,161,163,170,181,194,207,215,219,216,207,192,178,163,155,153,157,167,181
GS01,77/11/21,194,203,204,200,191,181,170,165,165,9999,9999,9999,9999,9999,9999,9999,9999,9999,9999,9999,9999,9999,9999,9999
GS01,77/11/22,9999,9999,9999,9999,9999,9999,9999,9999,9999,9999,9999,9999,9999,9999,9999,235,225,206,182,158,141,134,138,152
GS01,77/11/23,172,193,212,223,224,216,204,190,177,169,173,183,200,218,230,235,229,212,186,157,131,115,110,120
GS01,77/11/24,140,165,189,208,217,216,206,191,176,165,162,167,181,200,216,228,229,217,196,167,138,116,105,108
GS01,77/11/25,126,151,180,206,224,230,226,211,194,178,167,166,177,194,214,230,234,226,208,179,148,119,104,98
GS01,77/11/26,108,132,161,192,215,228,230,222,206,188,175,169,172,186,205,223,236,237,225,202,172,141,114,104
GS01,77/11/27,105,123,151,183,212,233,243,240,228,211,193,184,183,194,210,229,242,249,241,222,194,163,134,115
GS01,77/11/28,109,118,142,171,202,229,243,246,239,224,208,193,185,190,203,221,239,249,248,235,211,183,151,125
GS01,77/11/29,114,115,131,155,186,212,234,244,242,231,215,199,189,187,195,211,227,239,245,238,223,199,171,146
GS01,77/11/30,128,123,129,147,175,201,225,239,244,237,223,206,194,188,189,198,211,223,233,232,222,204,180,154
GS01,77/12/01,132,120,119,130,149,172,196,215,227,229,220,208,197,188,189,196,207,219,229,233,228,216,198,177
GS01,77/12/02,159,144,139,144,159,180,201,220,235,240,235,221,207,196,190,189,193,199,206,212,214,209,198,182
GS01,77/12/03,164,147,136,134,139,152,170,189,204,215,219,213,203,193,184,178,177,180,185,192,198,200,197,190
GS01,77/12/04,178,166,153,146,144,150,163,179,195,210,219,221,217,208,199,188,181,178,178,182,188,194,200,201
GS01,77/12/05,198,190,180,170,162,160,164,175,189,204,217,224,226,221,211,200,187,175,166,163,166,174,184,194
GS01,77/12/06,200,203,198,188,178,167,164,165,174,187,200,213,221,223,219,207,190,172,156,145,143,150,163,179
GS01,77/12/07,194,207,213,209,200,188,176,169,170,178,192,208,222,231,232,223,208,185,162,142,132,131,142,162
GS01,77/12/08,185,208,224,231,229,217,204,190,182,183,192,208,225,241,248,248,234,210,181,153,132,121,124,142
GS01,77/12/09,168,195,224,241,248,243,230,212,198,187,189,200,216,234,249,255,248,229,198,163,131,108,100,106
GS01,77/12/10,128,160,193,222,242,248,240,223,203,186,178,179,191,210,230,245,248,237,212,178,139,107,88,83
GS01,77/12/11,96,123,158,194,223,240,245,237,218,199,182,175,180,195,216,238,247,247,231,200,165,128,95,77
GS01,77/12/12,76,94,124,162,197,225,240,242,231,211,190,175,170,178,195,217,233,243,238,218,188,152,117,89
GS01,77/12/13,76,81,102,133,169,203,228,239,239,226,206,189,177,177,187,205,224,239,245,236,215,184,149,117
GS01,77/12/14,96,89,97,118,148,181,209,228,235,231,215,197,180,172,173,185,200,216,227,229,220,199,170,139
GS01,77/12/15,113,97,96,108,129,156,184,208,222,226,219,203,187,174,169,175,186,199,213,220,219,209,190,166
GS01,77/12/16,142,124,117,120,133,153,178,202,220,228,227,217,202,188,179,177,181,192,205,216,222,220,211,196
GS01,77/12/17,178,163,152,147,152,165,184,205,222,234,240,238,227,211,198,187,182,184,188,195,202,207,206,201
GS01,77/12/18,190,177,165,157,154,157,168,183,197,211,220,222,217,208,196,183,171,166,165,169,177,186,194,198
GS01,77/12/19,197,192,184,176,170,169,173,181,193,205,216,222,223,217,206,191,177,164,154,150,152,159,169,180
GS01,77/12/20,188,193,194,190,184,178,176,177,184,193,205,214,219,221,217,207,191,175,160,149,145,148,158,172
GS01,77/12/21,187,198,205,208,203,197,190,185,184,188,197,207,217,222,223,216,201,182,161,142,130,128,134,149
GS01,77/12/22,168,186,202,210,211,207,198,190,182,181,186,195,206,217,224,222,211,192,168,143,123,114,114,125
GS01,77/12/23,147,170,192,209,217,217,209,198,188,180,180,187,200,213,223,228,223,208,184,155,130,112,106,113
GS01,77/12/24,131,156,183,207,221,224,220,210,196,186,181,184,195,210,224,235,237,228,207,179,150,125,111,109
GS01,77/12/25,121,145,177,206,227,238,241,233,219,206,193,190,197,211,226,241,248,245,228,202,172,142,114,104
GS01,77/12/26,110,128,155,184,209,225,231,224,210,195,181,172,172,181,200,217,228,231,220,197,168,138,110,94
GS01,77/12/27,91,103,128,160,190,213,225,226,217,201,185,172,168,175,191,208,224,232,228,213,186,157,127,103
GS01,77/12/28,92,97,115,143,171,197,216,222,217,203,186,169,159,159,171,188,205,218,220,210,193,167,137,111
GS01,77/12/29,94,91,103,126,155,185,208,220,221,214,197,181,166,162,169,183,199,215,224,223,213,193,166,141
GS01,77/12/30,121,111,115,131,155,183,208,225,234,229,216,197,180,170,170,179,191,205,216,217,211,198,176,153
GS01,77/12/31,131,115,111,119,138,161,187,207,220,222,216,201,186,174,168,171,181,194,210,219,223,220,207,190
