GS01,94/01/01,102,102,114,140,173,202,226,238,237,225,206,186,169,165,172,188,206,224,233,230,216,193,163,132
GS01,94/01/02,109,100,104,123,152,183,212,230,237,230,215,195,175,164,163,172,188,206,220,226,223,210,187,161
GS01,94/01/03,136,120,116,125,146,171,199,221,235,236,225,207,188,171,165,166,174,189,204,216,220,217,207,188
GS01,94/01/04,166,148,139,139,148,166,190,210,225,231,226,213,193,176,163,156,157,164,176,188,200,206,202,196
GS01,94/01/05,183,170,160,152,154,164,181,199,216,226,227,220,207,188,172,158,150,147,152,161,173,184,192,195
GS01,94/01/06,193,188,181,174,170,172,182,195,209,223,230,229,222,209,194,177,162,152,148,149,157,170,185,196
GS01,94/01/07,206,211,210,206,200,197,199,203,211,220,228,232,229,222,208,192,172,151,137,129,129,138,151,170
GS01,94/01/08,187,201,212,213,209,204,198,198,198,205,215,223,228,231,225,213,193,170,148,128,119,119,128,148
GS01,94/01/09,172,195,215,227,232,227,219,211,205,203,209,217,227,235,238,233,218,195,166,140,118,109,113,123
GS01,94/01/10,147,177,203,224,234,235,229,216,204,196,195,202,213,227,238,240,234,214,185,154,124,103,95,101
GS01,94/01/11,120,148,182,209,231,239,236,226,210,195,189,189,199,217,235,246,250,238,215,183,151,123,104,100
GS01,94/01/12,111,133,167,200,224,240,246,238,222,201,188,182,185,200,221,238,249,249,231,204,170,137,111,97
GS01,94/01/13,99,118,146,179,211,235,244,243,229,211,192,178,178,189,206,228,245,252,246,226,197,163,131,110
GS01,94/01/14,105,113,137,170,201,228,246,251,240,223,203,184,175,180,195,216,239,251,252,241,218,187,155,128
GS01,94/01/15,114,116,130,156,186,214,235,243,240,225,203,184,167,163,173,189,209,227,235,231,216,192,164,135
GS01,94/01/16,117,111,119,138,165,193,217,230,230,220,203,180,162,153,156,168,188,207,220,225,218,204,181,157
GS01,94/01/17,136,126,130,142,164,191,214,231,236,233,220,201,181,168,164,169,185,203,217,228,231,225,212,194
GS01,94/01/18,177,163,157,164,174,194,215,229,237,236,226,210,190,173,163,160,166,179,193,203,210,210,205,192
GS01,94/01/19,179,168,161,163,172,185,202,219,229,232,227,216,199,182,170,163,162,168,179,188,196,202,202,196
GS01,94/01/20,188,180,174,175,177,187,201,213,224,231,230,222,210,196,182,169,163,160,163,171,180,188,195,198
GS01,94/01/21,198,195,193,190,190,196,205,214,222,228,232,230,222,212,198,183,172,164,160,161,166,175,184,191
GS01,94/01/22,199,203,205,205,205,204,207,213,218,224,229,230,227,222,212,199,185,170,158,152,151,158,169,181
GS01,94/01/23,195,207,214,217,216,212,210,210,210,215,221,226,229,230,226,216,200,180,159,142,135,136,144,160
GS01,94/01/24,178,195,208,215,216,212,207,200,195,195,199,204,211,218,220,214,203,182,159,135,120,112,116,131
GS01,94/01/25,152,177,202,216,225,225,220,210,199,194,195,201,211,223,233,235,227,209,183,154,126,110,104,113
GS01,94/01/26,132,161,189,214,229,234,228,217,203,190,187,192,201,218,233,246,247,234,210,179,148,122,107,109
GS01,94/01/27,124,151,185,214,235,248,247,232,215,198,183,182,187,203,223,239,249,244,225,196,159,126,100,90
GS01,94/01/28,98,120,153,188,217,237,242,235,217,196,178,169,170,183,207,230,249,256,248,226,193,158,126,108
GS01,94/01/29,107,121,147,185,216,244,257,255,238,216,193,176,168,174,194,217,240,255,257,243,217,183,148,119
GS01,94/01/30,106,109,129,158,193,224,245,248,239,217,191,167,152,151,163,187,210,230,242,240,223,196,162,131
GS01,94/01/31,111,104,115,139,169,198,225,235,232,216,191,165,144,133,139,154,177,201,220,229,224,211,187,159
GS01,94/02/01,137,125,129,143,169,197,224,241,245,236,216,192,169,154,151,161,179,202,223,234,242,238,224,204
GS01,94/02/02,183,169,162,169,183,205,227,245,252,247,233,210,186,163,150,147,152,166,181,198,210,215,213,205
GS01,94/02/03,192,180,173,173,182,194,213,230,240,243,235,221,200,178,160,148,145,148,158,169,183,195,202,205
GS01,94/02/04,202,196,191,187,187,195,206,219,229,235,234,227,212,193,176,159,148,143,142,149,158,171,184,194
GS01,94/02/05,202,205,204,202,200,201,204,211,217,224,226,226,220,211,195,178,162,148,139,133,136,145,155,175
GS01,94/02/06,191,203,211,215,213,210,207,207,208,211,219,223,225,224,217,204,188,167,149,133,126,130,138,155
GS01,94/02/07,177,197,214,224,226,224,217,211,207,206,210,217,227,234,235,229,216,194,170,147,131,123,126,138
GS01,94/02/08,160,184,208,225,233,231,225,212,200,192,194,202,212,226,237,239,233,215,190,162,139,124,117,128
GS01,94/02/09,148,176,206,231,246,250,244,231,214,202,198,202,214,230,248,257,259,248,224,195,164,140,126,125
GS01,94/02/10,138,164,192,220,239,249,246,232,213,193,180,178,185,203,223,239,249,244,226,198,165,134,112,103
GS01,94/02/11,111,131,159,190,216,233,234,223,204,181,161,153,155,171,194,218,236,241,232,214,180,148,125,107
GS01,94/02/12,110,125,149,183,210,233,243,238,221,201,177,163,162,174,194,219,241,254,253,241,217,185,157,137
GS01,94/02/13,128,135,154,180,209,229,242,241,225,202,176,155,145,147,164,188,212,232,240,233,217,192,163,140
GS01,94/02/14,127,128,142,166,194,219,235,239,228,208,183,159,142,139,149,167,193,212,227,229,220,200,176,154
GS01,94/02/15,138,133,142,160,183,208,226,235,229,215,190,167,146,136,138,152,172,194,211,220,220,207,190,171
GS01,94/02/16,156,150,152,164,183,204,223,232,232,221,202,179,159,143,139,144,158,176,193,207,210,206,195,180
GS01,94/02/17,168,158,157,164,177,195,214,226,229,223,208,188,167,149,139,137,145,157,173,184,193,196,191,182
GS01,94/02/18,172,164,162,164,171,185,198,209,215,214,204,190,172,155,142,135,136,142,152,163,174,180,183,182
GS01,94/02/19,179,175,172,174,177,185,196,204,211,213,207,199,186,170,156,145,138,136,139,147,156,165,174,179
GS01,94/02/20,182,183,184,183,184,187,192,198,202,205,205,202,195,187,174,161,149,140,136,135,144,152,165,178
GS01,94/02/21,190,199,205,208,209,210,213,215,220,224,231,236,241,241,232,219,204,186,173,163,162,165,176,191
GS01,94/02/22,207,220,230,235,231,226,217,211,205,205,208,214,217,221,219,211,195,175,152,134,123,121,128,144
GS01,94/02/23,166,191,208,220,225,222,212,200,189,184,186,194,205,215,223,223,213,193,167,141,120,108,110,124
GS01,94/02/24,145,173,200,217,227,226,213,199,184,173,169,175,188,205,221,231,229,215,190,159,128,107,98,104
GS01,94/02/25,123,151,182,210,226,230,222,205,184,166,155,156,168,187,210,229,237,233,213,181,147,116,96,92
GS01,94/02/26,104,130,165,198,222,234,230,213,189,163,145,139,146,164,193,218,238,244,234,210,177,142,114,99
GS01,94/02/27,101,121,154,186,218,236,238,225,9999,9999,9999,9999,9999,9999,9999,9999,9999,9999,9999,9999,9999,9999,9999,9999
GS01,94/02/28,9999,9999,9999,9999,9999,9999,9999,9999,9999,9999,9999,129,116,120,138,166,199,224,237,237,222,196,167,141
GS01,94/03/01,125,127,141,166,196,223,239,241,226,201,170,142,122,115,123,144,172,200,221,230,228,211,189,166
GS01,94/03/02,147,140,146,163,186,212,231,238,231,212,184,156,130,116,114,124,145,170,192,209,215,211,199,182
GS01,94/03/03,165,155,154,163,179,199,217,230,229,218,197,172,146,126,117,117,128,145,165,186,198,205,204,198
GS01,94/03/04,187,179,175,177,184,200,215,226,232,226,215,196,174,154,138,130,131,139,151,166,182,192,198,199
GS01,94/03/05,195,192,188,187,189,197,206,215,220,220,215,204,189,171,155,142,135,134,135,144,152,164,177,184
GS01,94/03/06,189,193,192,189,188,188,192,196,201,203,203,199,193,182,169,154,141,130,123,122,126,135,149,162
GS01,94/03/07,176,186,193,194,191,188,185,183,185,186,189,192,194,191,184,174,159,144,129,120,116,119,130,148
GS01,94/03/08,164,184,197,203,204,200,192,184,181,180,183,191,200,207,210,206,194,178,156,139,127,123,129,144
GS01,94/03/09,165,188,207,220,224,220,210,196,184,177,178,186,200,213,224,227,221,207,187,164,144,130,128,138
GS01,94/03/10,156,181,204,221,231,229,218,200,182,170,164,168,181,198,215,227,228,219,199,174,148,127,119,122
GS01,94/03/11,137,160,185,208,222,224,215,198,177,158,145,146,158,177,199,220,230,228,214,190,164,139,122,119
GS01,94/03/12,127,149,176,199,217,225,218,202,178,154,138,133,141,158,185,210,227,231,222,206,179,152,133,124
GS01,94/03/13,129,148,172,199,220,233,231,215,191,162,141,129,132,145,170,196,219,231,229,217,195,167,144,132
GS01,94/03/14,132,142,164,190,213,228,229,219,198,168,143,127,122,131,151,178,204,224,229,223,205,181,159,141
GS01,94/03/15,135,141,156,178,201,219,226,219,201,176,148,126,116,117,131,156,183,204,215,217,205,186,166,147
GS01,94/03/16,136,137,149,167,188,207,219,217,204,181,156,132,114,111,120,140,163,189,208,217,215,202,187,170
GS01,94/03/17,158,157,164,177,195,212,225,227,218,199,175,151,130,120,121,134,154,176,195,208,210,202,189,176
GS01,94/03/18,163,157,160,169,182,199,212,216,211,197,176,154,135,118,116,119,132,149,169,186,194,194,190,181
GS01,94/03/19,171,167,165,170,181,194,206,212,213,205,191,172,154,136,127,125,131,144,158,172,186,190,193,189
GS01,94/03/20,184,181,179,179,185,192,201,208,211,206,198,185,170,153,142,133,131,134,143,154,167,177,185,188
GS01,94/03/21,189,186,185,184,183,186,191,194,197,197,195,188,179,167,154,141,133,127,125,130,140,151,163,173
GS01,94/03/22,179,184,185,184,181,179,177,178,178,179,183,184,182,176,167,156,141,130,120,119,123,132,147,164
GS01,94/03/23,180,194,199,200,198,192,185,180,178,179,184,191,199,202,200,192,179,161,144,135,129,136,148,170
GS01,94/03/24,190,212,224,229,224,217,204,191,182,179,182,194,206,218,224,224,213,194,168,144,130,125,129,145
GS01,94/03/25,171,196,215,227,230,219,204,183,165,156,155,165,183,201,218,227,222,207,182,154,128,112,110,119
GS01,94/03/26,142,170,195,213,220,213,195,171,147,128,122,130,150,175,201,222,230,224,203,175,144,118,107,111
GS01,94/03/27,128,156,187,211,225,224,209,184,155,128,111,111,124,148,178,207,228,234,223,201,172,144,123,116
GS01,94/03/28,125,147,177,204,226,231,222,200,168,136,112,99,108,126,158,193,220,241,244,232,210,181,154,138
GS01,94/03/29,137,150,173,201,226,239,237,219,192,156,125,103,95,104,127,159,191,218,232,232,218,195,170,148
GS01,94/03/30,140,144,160,184,209,226,233,224,202,171,138,111,94,93,106,133,164,195,220,231,230,217,198,179
GS01,94/03/31,163,161,170,187,209,228,240,239,224,199,166,135,111,98,101,116,141,169,194,212,220,217,207,190
GS01,94/04/01,178,171,171,180,197,213,226,230,224,207,183,157,131,113,107,113,126,148,172,193,208,214,212,207
GS01,94/04/02,199,193,191,194,205,220,232,239,239,231,215,194,173,152,139,134,138,148,165,181,198,209,217,219
GS01,94/04/03,215,211,204,203,205,208,217,223,225,223,216,202,186,169,153,142,138,139,146,156,169,181,191,199
GS01,94/04/04,202,202,200,195,194,193,194,197,200,202,201,197,191,179,167,155,145,139,138,140,150,161,176,187
GS01,94/04/05,199,206,208,205,201,194,189,188,190,193,197,201,204,201,194,185,173,160,150,146,147,153,168,182
GS01,94/04/06,197,209,216,215,209,199,189,181,176,178,186,195,204,211,211,208,196,182,167,155,151,152,162,177
GS01,94/04/07,196,213,224,228,225,213,200,9999,9999,9999,9999,9999,9999,9999,9999,9999,231,213,196,180,167,161,167,181
GS01,94/04/08,200,221,237,245,244,233,214,193,176,164,164,174,191,211,228,237,238,228,211,189,171,159,157,165
GS01,94/04/09,182,203,224,237,241,232,215,192,169,153,145,153,170,194,217,235,243,238,225,203,180,162,154,156
GS01,94/04/10,170,193,215,233,241,237,221,197,170,145,132,133,146,169,196,221,235,239,232,213,190,170,156,154
GS01,94/04/11,163,181,204,224,238,238,226,204,175,146,127,121,129,149,178,205,229,240,239,224,205,183,163,155
GS01,94/04/12,159,175,196,218,234,242,233,214,187,157,133,119,121,137,163,194,220,239,247,242,227,208,190,179
GS01,94/04/13,181,192,211,231,250,258,255,240,212,180,153,132,125,133,153,181,210,233,245,246,235,215,195,178
GS01,94/04/14,171,174,186,204,224,238,240,231,210,180,150,127,113,113,128,152,181,208,227,233,229,214,196,179
GS01,94/04/15,168,167,175,189,207,222,228,224,208,183,154,128,110,102,108,126,152,180,202,215,219,210,196,181
GS01,94/04/16,170,165,169,179,194,209,218,217,208,188,163,138,116,103,103,113,131,157,180,197,207,207,199,188
GS01,94/04/17,178,173,172,177,189,202,213,218,214,201,184,162,142,127,120,121,132,150,171,187,203,208,206,200
GS01,94/04/18,192,184,180,181,186,193,202,207,207,200,188,172,154,136,125,121,122,133,148,164,180,193,200,201
GS01,94/04/19,199,194,190,187,185,189,195,200,206,205,201,192,180,167,153,142,136,136,143,154,169,183,195,201
GS01,94/04/20,204,202,198,192,185,182,181,182,186,188,190,190,186,178,167,154,143,134,132,136,148,160,178,190
GS01,94/04/21,201,205,204,199,191,180,172,168,168,171,179,187,191,192,188,177,164,149,138,133,135,145,161,179
GS01,94/04/22,195,207,211,208,198,183,168,156,150,152,160,175,189,201,207,203,191,174,156,141,133,137,149,167
GS01,94/04/23,187,207,217,217,209,192,169,150,136,131,137,153,173,196,213,219,215,202,181,161,144,138,144,158
GS01,94/04/24,181,207,224,233,229,213,190,164,140,125,123,136,157,187,213,234,240,236,219,195,171,156,148,156
GS01,94/04/25,175,200,222,238,240,229,204,174,143,117,104,109,127,157,190,221,241,248,240,220,196,173,159,157
GS01,94/04/26,170,192,219,238,249,244,226,196,158,125,104,95,104,129,164,199,229,247,250,238,219,196,174,164
GS01,94/04/27,167,182,204,227,243,247,235,209,174,137,107,89,87,101,130,165,201,227,243,243,233,214,193,177
GS01,94/04/28,173,179,197,219,238,249,247,232,204,168,135,107,94,98,115,143,179,210,234,244,244,233,214,199
GS01,94/04/29,188,187,195,212,231,245,249,242,223,194,162,135,112,105,112,131,157,186,215,232,240,238,226,211
GS01,94/04/30,199,192,192,203,216,231,238,239,228,208,183,155,130,116,111,119,136,160,184,208,221,228,225,216
GS01,94/05/01,207,198,194,197,205,218,228,235,232,221,203,180,158,139,129,128,135,149,170,188,204,216,219,215
GS01,94/05/02,210,203,194,191,194,198,207,214,217,214,206,193,177,160,147,138,139,144,156,172,188,204,214,217
GS01,94/05/03,216,211,203,196,194,192,196,203,207,210,211,206,196,184,172,161,154,153,158,168,181,196,209,217
GS01,94/05/04,221,223,216,208,198,193,189,192,196,200,207,211,212,209,202,193,183,177,176,179,189,202,216,229
GS01,94/05/05,239,246,243,235,224,210,201,195,195,199,208,216,226,228,227,220,209,199,190,184,186,191,202,215
GS01,94/05/06,228,236,238,232,218,202,185,174,166,167,176,190,203,214,220,220,211,200,185,174,170,171,177,191
GS01,94/05/07,206,218,224,224,213,196,176,156,142,136,143,157,175,194,209,217,217,209,196,181,170,167,172,181
GS01,94/05/08,198,214,225,228,223,206,184,160,140,128,129,139,160,183,205,220,225,222,210,193,177,169,165,172
GS01,94/05/09,186,202,216,225,222,207,185,159,133,114,107,114,131,155,182,203,215,216,209,195,176,163,156,159
GS01,94/05/10,170,188,204,217,219,212,194,166,138,113,99,100,116,138,167,194,213,222,220,208,191,176,164,162
GS01,94/05/11,169,183,201,217,225,222,207,181,152,124,103,95,105,125,153,182,209,224,228,222,207,190,175,168
GS01,94/05/12,173,187,205,222,234,239,229,206,178,145,119,106,104,118,141,171,200,221,231,229,218,203,185,174
GS01,94/05/13,171,178,192,208,221,228,225,209,183,151,125,105,95,101,119,146,176,203,220,226,220,211,195,181
GS01,94/05/14,174,175,183,198,213,224,228,219,201,172,145,119,102,100,111,130,158,183,208,219,222,216,204,189
GS01,94/05/15,179,176,181,191,204,218,226,221,212,190,165,140,121,112,116,129,151,179,207,226,237,237,231,219
GS01,94/05/16,207,201,200,204,215,227,238,240,235,220,200,177,155,139,132,135,148,169,190,210,224,229,225,218
GS01,94/05/17,206,194,190,189,193,201,212,217,217,213,199,182,162,146,132,129,134,146,165,184,202,214,217,218
GS01,94/05/18,209,198,189,185,181,185,191,198,202,203,201,193,179,163,151,140,137,142,153,170,188,206,217,220
GS01,94/05/19,220,212,202,191,184,179,178,181,188,194,197,198,193,183,169,156,146,140,143,152,168,183,199,207
GS01,94/05/20,211,206,195,180,166,153,148,145,150,160,170,179,186,185,178,166,155,142,137,138,146,160,177,189
GS01,94/05/21,200,202,196,183,167,148,134,126,126,133,148,164,180,192,195,190,179,165,152,145,145,154,170,185
GS01,94/05/22,202,213,213,205,188,165,142,124,115,114,126,145,169,191,207,214,209,197,181,166,158,158,167,182
GS01,94/05/23,200,215,224,221,206,183,154,128,107,97,101,117,143,173,199,216,224,219,205,186,170,161,162,172
GS01,94/05/24,190,210,224,228,222,203,173,140,110,88,82,90,112,145,177,206,225,231,223,207,186,170,162,164
GS01,94/05/25,177,196,215,228,229,218,195,162,125,95,76,74,86,112,147,181,210,226,231,224,207,188,174,168
GS01,94/05/26,173,190,209,226,235,233,218,190,154,118,91,76,79,96,124,161,196,224,240,240,231,214,198,186
GS01,94/05/27,184,194,210,230,246,253,248,228,198,163,129,106,95,102,122,150,183,216,238,248,246,234,216,200
GS01,94/05/28,190,190,198,214,231,241,244,234,210,180,146,116,98,92,101,121,150,178,206,223,229,225,211,195
GS01,94/05/29,184,176,179,191,204,219,228,228,217,196,168,140,117,105,105,115,137,162,190,214,226,228,221,208
GS01,94/05/30,194,184,181,185,199,211,225,230,227,217,198,174,151,134,127,129,141,160,185,205,220,229,228,220
GS01,94/05/31,208,196,187,184,186,196,207,216,220,217,206,190,172,155,144,140,147,158,175,195,211,223,228,224
GS01,94/06/01,215,205,194,186,182,184,191,200,208,210,209,203,194,181,170,162,160,164,174,188,203,217,226,228
GS01,94/06/02,224,215,203,192,182,177,178,182,189,196,202,205,202,196,187,181,174,174,178,185,196,210,222,228
GS01,94/06/03,230,225,214,200,186,174,167,166,170,179,188,198,203,203,201,194,187,180,177,180,186,198,208,218
GS01,94/06/04,224,223,217,204,187,171,157,149,149,156,167,181,194,203,207,206,202,193,187,182,183,190,200,211
GS01,94/06/05,221,226,225,216,199,180,162,145,138,140,149,165,183,200,211,214,214,206,196,188,183,187,193,204
GS01,94/06/06,218,225,229,224,209,191,168,146,130,125,131,147,166,188,207,219,222,217,207,195,185,181,184,194
GS01,94/06/07,206,219,229,229,219,201,175,150,129,116,114,127,147,174,198,217,227,229,221,209,197,187,185,190
GS01,94/06/08,203,218,231,238,233,219,198,167,140,121,112,115,132,160,187,212,231,236,233,223,207,196,187,188
GS01,94/06/09,198,212,227,239,242,233,214,188,158,130,113,110,121,145,174,204,229,243,245,237,223,209,196,191
GS01,94/06/10,196,207,224,238,245,244,230,205,174,143,118,104,108,124,150,181,210,230,241,236,226,210,194,183
GS01,94/06/11,182,190,205,220,233,238,232,212,184,153,122,103,98,105,126,156,188,214,230,235,228,213,198,184
GS01,94/06/12,178,181,192,207,222,233,233,222,199,170,139,115,102,102,114,142,171,199,221,233,231,221,207,190
GS01,94/06/13,179,178,184,196,213,227,234,231,214,191,163,137,118,110,115,132,158,188,215,232,238,234,220,207
GS01,94/06/14,193,184,187,194,208,223,234,239,232,216,195,169,147,131,127,136,154,179,205,227,239,241,232,218
GS01,94/06/15,203,188,183,183,190,203,215,223,224,216,202,182,158,140,130,130,139,160,183,206,222,229,228,218
GS01,94/06/16,204,189,177,170,172,180,193,203,212,215,209,198,184,167,152,145,148,157,174,195,214,227,233,231
GS01,94/06/17,219,204,188,175,168,167,173,183,193,203,206,206,199,189,176,165,159,159,168,183,201,216,226,230
GS01,94/06/18,225,214,198,180,166,156,154,158,167,179,190,200,204,202,193,184,174,168,169,175,187,202,214,223
GS01,94/06/19,225,220,207,187,168,151,139,133,137,146,161,180,194,203,206,201,193,183,176,175,181,191,205,216
GS01,94/06/20,224,226,219,203,182,160,140,126,121,124,138,159,181,201,216,221,220,212,201,192,190,194,204,215
GS01,94/06/21,228,235,236,229,210,185,158,133,116,109,116,134,158,186,212,227,234,231,221,207,195,190,193,201
GS01,94/06/22,215,229,238,236,226,204,174,143,116,98,95,104,128,157,188,215,232,236,232,220,205,192,187,190
GS01,94/06/23,201,218,233,241,238,224,198,165,131,105,90,90,102,129,160,193,219,236,238,232,216,200,188,184
GS01,94/06/24,190,205,222,238,244,240,222,193,158,125,99,89,94,110,140,173,207,229,242,240,228,212,197,187
GS01,94/06/25,186,197,213,229,243,249,241,221,189,154,124,102,96,105,124,155,186,213,231,238,232,217,200,184
GS01,94/06/26,178,181,194,210,228,239,240,227,206,176,143,117,101,100,112,136,166,196,219,233,233,223,207,189
GS01,94/06/27,177,173,178,191,209,226,236,233,219,197,168,140,122,113,116,134,157,184,209,226,232,228,213,197
GS01,94/06/28,180,172,171,177,191,208,220,226,220,205,182,158,137,124,122,130,146,169,191,211,221,223,216,201
GS01,94/06/29,183,171,163,162,171,184,198,209,213,209,196,179,159,145,137,140,153,170,189,208,223,229,226,216
GS01,94/06/30,201,185,172,166,167,174,185,198,206,208,204,192,179,166,157,154,160,171,187,202,215,225,225,219
GS01,94/07/01,208,194,179,168,162,163,169,179,188,194,196,195,188,180,173,170,169,175,185,197,209,220,224,223
GS01,94/07/02,216,206,190,175,164,157,157,162,171,180,189,193,196,194,190,185,183,183,187,194,204,213,220,224
GS01,94/07/03,222,214,202,186,170,157,149,148,150,161,172,183,192,199,199,198,195,192,190,192,199,206,214,220
GS01,94/07/04,223,220,212,198,182,164,150,140,139,145,155,171,187,200,208,212,210,205,200,196,197,201,210,219
GS01,94/07/05,225,230,227,217,201,181,162,146,135,137,145,160,180,199,213,224,228,223,215,208,202,203,208,216
GS01,94/07/06,225,234,237,231,217,200,175,152,135,126,128,141,163,185,207,223,230,228,222,209,200,194,195,201
GS01,94/07/07,211,222,231,232,225,207,183,156,131,115,110,118,140,167,193,217,232,236,230,220,205,194,190,194
GS01,94/07/08,204,219,234,242,240,227,206,176,145,122,107,108,123,150,180,209,231,241,239,228,214,199,188,187
GS01,94/07/09,195,210,227,242,249,244,226,198,165,134,111,105,112,133,164,196,224,241,246,240,224,207,190,182
GS01,94/07/10,184,196,215,233,246,250,239,217,185,151,123,105,104,117,142,175,207,232,244,244,232,214,196,182
GS01,94/07/11,178,185,202,220,240,251,251,236,210,177,147,121,109,115,134,162,195,225,244,248,241,226,205,187
GS01,94/07/12,176,177,188,205,224,241,250,245,227,201,169,141,124,118,127,150,180,208,233,244,244,233,213,190
GS01,94/07/13,173,165,168,181,201,220,236,239,230,212,187,158,135,122,123,137,162,191,219,237,243,237,221,199
GS01,94/07/14,179,164,161,165,179,199,216,229,231,223,206,182,161,144,137,143,157,184,210,230,242,243,233,216
GS01,94/07/15,193,175,160,155,161,173,190,204,215,219,214,201,185,169,158,156,164,178,198,220,234,240,239,225
GS01,94/07/16,208,185,169,156,153,158,169,184,197,207,213,211,202,193,181,172,170,176,188,206,221,234,236,230
GS01,94/07/17,219,200,181,163,149,144,147,157,168,182,195,204,207,206,202,195,189,188,194,201,212,224,232,234
GS01,94/07/18,231,219,202,180,161,147,139,138,144,156,173,191,206,214,216,213,208,203,199,200,205,215,224,233
GS01,94/07/19,237,233,221,204,181,159,141,129,126,132,147,168,189,209,223,228,227,220,211,205,203,206,215,225
GS01,94/07/20,234,240,237,225,206,179,154,132,117,115,124,142,166,191,216,231,236,235,225,213,203,200,203,213
GS01,94/07/21,225,238,245,242,229,207,177,148,125,109,107,119,143,171,201,227,242,245,236,224,207,196,193,199
GS01,94/07/22,211,227,242,249,246,230,206,174,143,119,104,106,124,151,184,213,235,248,246,234,218,200,190,189
GS01,94/07/23,197,213,231,245,252,246,230,200,167,135,112,103,110,133,161,197,226,243,249,242,226,206,188,177
GS01,94/07/24,179,194,215,235,250,255,246,225,193,160,130,111,110,124,149,183,213,238,250,248,235,214,191,177
GS01,94/07/25,171,179,197,217,236,249,251,237,212,182,149,126,116,121,138,167,200,226,244,248,240,222,200,178
GS01,94/07/26,165,165,178,198,220,236,245,240,224,198,171,145,128,125,138,158,187,215,237,245,242,228,206,183
GS01,94/07/27,166,158,163,177,198,219,232,235,229,211,187,163,146,138,143,157,179,206,229,241,244,235,217,194
GS01,94/07/28,176,164,158,167,182,200,218,228,229,220,204,186,167,157,156,163,179,200,220,236,242,238,226,207
GS01,94/07/29,187,170,159,160,169,182,198,212,216,215,209,195,181,170,165,169,180,195,213,228,238,240,231,216
GS01,94/07/30,197,179,166,160,161,169,181,194,203,207,207,202,194,183,176,177,183,194,206,219,229,234,231,221
GS01,94/07/31,206,189,173,160,154,157,164,173,184,192,196,198,196,193,188,186,189,193,202,211,220,225,226,222
GS01,94/08/01,210,196,182,168,156,149,149,155,163,174,183,190,198,199,199,198,195,197,199,204,212,218,222,224
GS01,94/08/02,221,213,201,187,169,157,149,145,150,159,170,184,196,206,211,212,209,207,203,203,205,209,218,222
GS01,94/08/03,224,222,214,200,183,164,149,136,133,138,150,166,185,200,212,218,217,211,205,198,195,197,204,213
GS01,94/08/04,221,226,226,219,203,181,159,139,126,124,132,148,170,191,212,224,227,224,215,205,196,192,194,202
GS01,94/08/05,215,225,232,230,220,201,175,150,127,115,115,125,148,175,200,220,230,231,223,209,194,183,181,186
GS01,94/08/06,197,213,227,234,231,218,194,165,135,113,102,108,127,157,188,215,232,238,232,218,200,185,174,174
GS01,94/08/07,186,203,222,236,244,237,218,189,156,126,107,103,115,142,174,206,231,242,241,229,210,192,175,168
GS01,94/08/08,174,188,210,235,250,249,238,213,179,145,118,104,106,125,154,188,217,237,243,234,216,195,170,156
GS01,94/08/09,154,164,184,209,231,244,244,229,199,165,133,109,102,111,135,169,200,225,240,240,225,199,173,153
GS01,94/08/10,145,147,162,187,213,234,244,238,218,190,159,133,116,117,132,160,194,223,243,247,239,219,191,166
GS01,94/08/11,146,142,149,167,195,217,236,244,237,216,188,160,136,130,136,155,182,210,235,244,241,227,202,174
GS01,94/08/12,152,138,138,147,167,191,212,228,231,222,204,181,162,148,145,156,178,201,225,239,243,236,215,189
GS01,94/08/13,164,145,137,139,148,165,186,207,218,221,212,199,182,171,164,168,179,197,217,233,242,241,227,208
GS01,94/08/14,184,162,148,140,142,152,168,186,200,211,212,210,202,194,187,185,189,199,212,225,237,241,237,224
GS01,94/08/15,205,184,165,148,140,138,142,156,170,185,198,205,207,206,203,198,195,195,201,212,220,229,231,228
GS01,94/08/16,218,203,183,163,147,137,132,134,141,153,169,184,196,206,209,208,203,200,197,197,202,209,215,217
GS01,94/08/17,219,214,201,186,167,145,132,124,122,132,145,166,185,202,215,222,220,214,206,199,199,202,209,218
GS01,94/08/18,224,229,227,216,199,176,152,135,124,124,134,150,172,196,215,230,235,230,218,205,196,194,197,206
GS01,94/08/19,217,229,237,236,226,205,179,153,131,118,121,131,154,182,207,229,240,238,227,211,196,185,183,189
GS01,94/08/20,201,218,232,240,237,223,201,171,143,121,112,117,134,163,193,219,237,243,233,217,198,179,170,172
GS01,94/08/21,184,204,225,242,249,243,227,198,167,139,122,117,128,154,185,215,238,248,246,231,208,188,168,164
GS01,94/08/22,172,189,211,233,249,252,242,221,191,160,135,123,126,145,174,203,230,246,249,240,220,194,171,155
GS01,94/08/23,157,171,193,220,240,253,252,237,212,184,155,136,132,143,167,196,223,244,253,247,231,204,177,158
GS01,94/08/24,152,159,175,200,225,242,251,245,227,199,174,152,141,148,165,190,217,238,250,249,236,214,188,161
GS01,94/08/25,148,149,161,181,206,228,241,241,231,212,189,168,155,154,164,184,207,229,244,245,239,222,197,170
GS01,94/08/26,151,145,150,164,185,206,222,230,228,216,198,178,163,157,163,177,197,217,232,240,237,226,205,181
GS01,94/08/27,158,145,143,154,166,183,202,214,217,213,202,188,175,165,166,178,191,208,223,233,235,227,211,190
GS01,94/08/28,168,153,144,145,154,167,183,196,204,205,202,193,183,177,174,177,187,199,212,223,227,223,210,193
GS01,94/08/29,176,160,145,139,141,149,162,174,183,190,193,192,187,182,181,180,182,193,204,212,217,216,209,198
GS01,94/08/30,186,172,157,145,140,140,145,156,166,175,183,188,189,190,188,188,188,192,196,200,207,210,208,202
GS01,94/08/31,195,184,172,159,148,142,140,143,150,161,171,181,190,197,200,200,200,197,196,197,201,205,209,211
GS01,94/09/01,211,207,197,184,169,155,144,139,140,149,164,180,196,207,216,218,214,210,204,197,197,199,202,210
GS01,94/09/02,215,219,215,204,190,170,152,140,132,134,144,162,181,201,217,224,224,218,206,195,188,186,190,198
GS01,94/09/03,210,221,226,223,212,192,169,147,131,123,129,143,164,191,213,227,232,228,216,199,184,178,177,185
GS01,94/09/04,200,217,232,238,233,216,192,164,138,123,120,130,151,179,207,229,239,240,227,208,190,173,164,170
GS01,94/09/05,185,206,226,241,246,239,219,189,158,132,119,122,139,166,195,224,244,248,240,221,197,172,156,156
GS01,94/09/06,169,190,216,238,252,254,243,215,181,151,127,121,131,154,185,217,241,252,247,230,204,175,151,140
GS01,94/09/07,145,164,190,220,244,255,255,238,209,176,146,130,130,147,174,205,233,252,253,241,217,186,157,135
GS01,94/09/08,130,140,163,192,223,248,257,248,230,201,171,150,141,146,165,194,225,248,258,253,233,205,173,146
GS01,94/09/09,132,132,146,170,200,226,246,254,244,225,199,176,160,158,169,189,216,241,258,257,246,220,188,158
GS01,94/09/10,135,126,128,144,170,196,221,237,240,231,213,193,179,172,175,187,208,231,248,255,251,234,209,180
GS01,94/09/11,156,139,133,140,154,177,202,222,233,235,229,217,206,197,194,199,210,226,242,253,256,248,231,207
GS01,94/09/12,181,160,147,143,146,158,177,196,211,221,224,220,215,207,201,198,205,215,225,237,243,241,232,217
GS01,94/09/13,198,179,162,148,143,145,153,166,180,193,203,210,213,211,208,203,202,205,208,212,218,221,221,216
GS01,94/09/14,208,195,179,164,151,143,141,145,155,167,182,196,207,216,220,219,214,210,206,207,209,213,218,222
GS01,94/09/15,222,218,209,195,178,161,151,147,148,158,173,191,210,223,232,234,229,220,210,204,203,204,212,221
GS01,94/09/16,227,232,231,222,207,186,169,154,147,147,157,176,196,218,234,242,241,232,216,201,192,190,195,205
GS01,94/09/17,220,233,241,242,231,212,190,168,151,142,148,159,183,206,229,244,247,240,223,203,187,177,178,189
GS01,94/09/18,207,225,243,250,247,232,211,186,163,147,145,153,173,199,226,248,256,254,239,214,193,175,167,173
GS01,94/09/19,188,212,237,254,261,255,236,210,183,162,152,155,168,194,220,244,258,259,247,225,199,177,163,162
GS01,94/09/20,174,197,223,248,262,263,251,230,203,178,160,157,167,187,214,240,256,262,253,233,207,178,157,148
GS01,94/09/21,153,173,198,225,248,257,254,240,215,188,165,155,156,172,197,225,248,259,255,239,212,182,156,140
GS01,94/09/22,140,155,177,207,234,252,255,247,227,203,180,165,162,171,192,218,240,255,258,249,228,198,169,148
GS01,94/09/23,141,146,164,192,221,245,257,254,242,221,198,180,170,172,187,208,230,248,255,250,234,208,179,153
GS01,94/09/24,136,135,145,165,191,216,234,241,232,222,205,187,175,172,181,197,216,235,244,244,235,215,190,165
GS01,94/09/25,146,137,143,157,181,206,228,242,243,236,223,207,194,188,191,205,221,237,249,253,246,229,205,179
GS01,94/09/26,158,146,141,148,163,184,205,220,228,226,218,208,200,193,193,199,210,224,235,243,241,230,215,196
GS01,94/09/27,175,161,151,151,158,173,192,207,218,224,222,218,209,204,201,202,209,216,225,231,234,230,219,206
GS01,94/09/28,190,174,160,153,152,157,170,184,198,208,215,217,216,212,210,210,210,213,217,224,229,228,226,217
GS01,94/09/29,207,194,181,169,160,159,163,171,183,196,208,217,221,224,224,220,218,213,213,215,219,222,224,225
GS01,94/09/30,224,218,209,196,185,174,168,169,176,185,198,212,223,231,233,232,225,215,208,203,201,205,210,218
GS01,94/10/01,222,223,218,205,189,172,156,148,147,155,170,188,207,221,227,228,220,207,192,181,174,174,180,192
GS01,94/10/02,204,215,220,215,201,182,162,143,132,132,142,161,184,204,220,227,224,212,193,175,161,155,158,172
GS01,94/10/03,192,213,229,235,229,212,186,161,142,132,135,153,177,204,228,242,244,231,210,184,161,145,144,155
GS01,94/10/04,178,206,229,247,250,238,217,187,160,140,132,143,165,195,225,247,256,250,230,201,171,147,135,139
GS01,94/10/05,158,185,219,246,263,265,250,224,192,165,149,146,160,187,218,248,264,263,247,219,9999,9999,9999,9999
GS01,94/10/06,9999,9999,9999,9999,9999,9999,9999,9999,9999,9999,9999,151,155,174,202,231,254,263,252,231,195,156,126,107
GS01,94/10/07,108,126,154,190,223,247,256,248,229,202,176,159,154,164,185,213,238,253,252,238,207,172,137,109
GS01,94/10/08,98,102,122,154,188,218,239,242,234,217,192,174,164,164,176,198,221,238,245,240,220,188,155,124
GS01,94/10/09,101,97,105,127,156,187,214,228,230,225,209,190,177,171,176,192,212,228,239,242,229,208,180,149
GS01,94/10/10,125,110,108,117,137,164,188,208,220,221,214,204,193,185,184,191,202,216,228,232,229,218,199,175
GS01,94/10/11,150,134,121,119,127,143,162,184,199,211,213,212,205,199,194,195,198,204,215,222,224,221,211,197
GS01,94/10/12,178,160,145,137,136,140,151,167,184,198,209,215,216,214,208,206,202,202,207,214,218,221,220,214
GS01,94/10/13,204,192,178,166,156,152,153,160,173,187,201,212,220,224,221,216,210,203,199,199,201,205,210,211
GS01,94/10/14,209,206,196,182,169,155,149,147,151,162,176,192,206,214,217,214,206,194,182,175,174,177,185,196
GS01,94/10/15,204,208,206,198,186,169,155,146,143,150,161,179,197,212,220,221,212,198,181,167,159,158,167,182
GS01,94/10/16,197,212,219,218,207,193,177,161,150,150,159,175,197,216,229,236,231,217,197,178,163,157,161,174
GS01,94/10/17,193,213,228,235,230,219,200,179,161,154,155,166,185,206,224,234,234,222,198,174,150,135,132,142
GS01,94/10/18,162,187,210,225,230,225,209,188,169,155,151,158,177,198,222,239,244,233,213,186,157,136,127,134
GS01,94/10/19,151,178,207,232,245,243,232,212,191,172,162,164,178,200,223,243,253,247,230,204,173,147,130,127
GS01,94/10/20,140,165,198,226,246,255,250,234,213,192,176,173,181,198,221,242,257,255,243,216,183,152,130,119
GS01,94/10/21,125,144,172,202,227,245,247,237,219,197,182,171,175,189,210,233,253,258,253,233,205,173,147,134
GS01,94/10/22,132,144,170,199,229,252,262,259,246,227,208,195,192,201,218,239,257,265,262,248,223,189,161,139
GS01,94/10/23,127,134,152,177,206,230,245,248,240,225,207,192,183,186,196,213,232,243,245,236,218,190,162,137
GS01,94/10/24,122,119,131,150,178,203,223,234,234,224,210,195,185,182,188,203,218,231,238,234,221,201,176,151
GS01,94/10/25,132,125,127,140,162,187,209,225,232,228,220,208,196,191,192,202,213,224,233,235,229,213,194,172
GS01,94/10/26,152,139,135,139,152,172,192,211,224,228,224,217,207,200,197,199,206,213,222,227,227,220,205,189
GS01,94/10/27,170,154,146,142,147,158,174,191,206,216,220,217,212,206,200,198,199,201,207,211,214,214,209,200
GS01,94/10/28,186,174,160,151,149,152,162,177,193,207,217,222,224,220,213,209,204,200,202,204,209,214,217,217
GS01,94/10/29,211,203,193,180,171,166,166,175,187,201,216,226,234,234,229,221,210,198,191,188,189,196,203,210
GS01,94/10/30,214,215,207,195,181,167,159,157,161,175,192,208,223,230,232,225,211,194,178,167,165,170,182,196
GS01,94/10/31,211,222,223,217,204,185,168,158,155,161,176,197,217,232,238,234,222,200,177,157,144,143,153,171
GS01,94/11/01,192,213,226,227,219,202,180,160,148,146,156,176,197,220,235,239,229,206,180,152,132,123,129,146
GS01,94/11/02,172,201,226,240,244,231,211,187,167,155,157,169,192,215,237,247,244,224,194,161,130,110,105,115
GS01,94/11/03,139,173,206,232,247,248,234,212,187,168,160,165,182,206,230,250,255,244,220,185,147,115,98,96
GS01,94/11/04,111,141,175,208,234,245,241,226,203,178,162,157,164,182,207,228,241,238,221,189,152,115,87,75
GS01,94/11/05,79,100,134,170,204,226,235,232,216,195,175,161,160,173,195,219,238,246,237,213,178,139,107,85
GS01,94/11/06,79,87,112,147,185,215,236,243,236,220,201,184,176,179,193,214,234,247,248,237,212,178,145,116
GS01,94/11/07,99,97,108,132,163,194,220,236,239,230,216,202,188,185,189,201,218,232,239,237,221,195,166,135
GS01,94/11/08,111,99,99,109,130,159,185,205,9999,9999,9999,9999,9999,9999,9999,9999,9999,9999,9999,9999,9999,9999,9999,9999
GS01,94/11/09,9999,9999,9999,9999,9999,9999,9999,9999,9999,9999,9999,9999,9999,9999,9999,9999,9999,9999,9999,9999,9999,9999,9999,9999
GS01,94/11/10,9999,9999,9999,9999,9999,9999,9999,9999,9999,9999,9999,9999,9999,9999,9999,9999,9999,9999,9999,9999,9999,9999,9999,9999
GS01,94/11/11,9999,9999,9999,9999,9999,9999,9999,9999,9999,9999,9999,9999,9999,9999,9999,9999,9999,9999,9999,9999,9999,9999,9999,9999
GS01,94/11/12,9999,9999,9999,9999,9999,9999,9999,9999,9999,9999,9999,9999,9999,9999,9999,9999,9999,9999,9999,9999,9999,9999,9999,9999
GS01,94/11/13,9999,9999,9999,9999,9999,9999,9999,9999,9999,9999,9999,9999,9999,9999,9999,9999,9999,9999,9999,9999,9999,9999,9999,9999
GS01,94/11/14,9999,9999,9999,9999,9999,9999,9999,9999,9999,9999,9999,9999,9999,9999,9999,9999,9999,9999,9999,9999,9999,128,134,150
GS01,94/11/15,170,189,204,208,208,198,184,171,162,159,165,177,194,209,220,221,212,193,167,141,122,110,114,128
GS01,94/11/16,149,173,194,207,213,207,195,179,166,158,158,167,184,202,219,226,221,204,179,150,126,108,104,114
GS01,94/11/17,135,162,189,210,222,221,212,196,178,166,163,166,179,198,217,228,229,218,195,165,135,112,101,106
GS01,94/11/18,122,149,179,205,225,231,226,213,196,180,170,169,179,196,215,232,239,234,214,187,155,127,110,107
GS01,94/11/19,115,140,171,202,226,239,242,234,217,201,186,180,183,197,214,233,243,243,229,204,172,142,116,103
GS01,94/11/20,105,123,151,181,210,230,238,235,223,206,190,181,179,187,203,221,235,240,233,215,187,156,127,110
GS01,94/11/21,104,114,136,165,195,220,235,239,231,217,201,188,182,186,197,214,229,239,238,223,201,175,145,123
GS01,94/11/22,111,112,126,149,178,203,224,235,231,222,208,193,183,183,191,204,220,232,236,229,216,191,164,139
GS01,94/11/23,122,115,119,136,159,187,211,225,229,225,214,199,187,182,184,192,205,216,224,223,214,197,173,150
GS01,94/11/24,131,119,117,127,145,167,191,209,220,222,216,206,196,186,184,186,194,204,213,218,216,205,192,172
GS01,94/11/25,152,139,131,132,143,161,185,203,220,227,227,221,213,204,197,193,196,201,208,215,218,216,210,197
GS01,94/11/26,182,167,155,149,150,160,175,192,210,222,229,227,221,212,202,193,187,188,190,194,203,207,210,207
GS01,94/11/27,201,189,178,166,162,161,170,184,198,214,226,231,229,222,212,198,186,176,172,172,177,186,195,200
GS01,94/11/28,202,199,191,179,170,161,161,166,178,194,210,219,225,225,217,205,187,173,160,153,156,164,178,194
GS01,94/11/29,206,213,214,207,196,183,173,170,175,185,201,217,227,235,230,219,200,177,155,139,133,136,148,168
GS01,94/11/30,189,207,218,219,212,198,183,171,165,170,183,200,215,229,232,226,207,182,154,127,110,105,114,134
GS01,94/12/01,160,189,213,226,228,221,205,188,175,170,175,189,208,226,239,241,229,205,172,140,112,97,97,112
GS01,94/12/02,137,170,204,229,244,244,235,219,200,186,183,190,205,226,245,257,255,239,208,172,138,110,98,100
GS01,94/12/03,118,149,185,219,244,257,256,240,221,202,186,185,193,208,230,247,254,247,225,191,152,116,92,81
GS01,94/12/04,89,111,144,182,216,239,250,247,232,213,194,184,182,194,213,234,249,252,241,215,179,142,109,89
GS01,94/12/05,83,95,119,155,191,223,242,248,240,225,204,189,181,185,199,218,238,248,247,233,205,169,132,103
GS01,94/12/06,88,86,101,126,158,188,214,226,227,220,204,187,174,172,179,192,210,226,231,227,212,186,155,126
GS01,94/12/07,105,96,100,118,142,171,200,219,227,227,217,205,191,184,184,192,205,222,230,231,222,205,180,153
GS01,94/12/08,128,113,108,116,132,155,179,199,213,217,213,202,187,174,167,168,174,185,197,204,206,202,190,173
GS01,94/12/09,154,138,130,129,141,157,178,200,217,228,230,226,217,205,195,189,189,195,201,209,213,213,207,197
GS01,94/12/10,183,169,156,150,150,157,171,185,197,209,213,211,204,194,180,170,161,156,158,163,168,174,179,181
GS01,94/12/11,176,171,162,156,154,154,162,173,186,199,209,214,214,209,198,185,173,163,158,160,165,173,181,190
GS01,94/12/12,193,195,192,187,182,178,179,184,193,204,213,220,224,221,214,201,185,170,157,150,151,160,171,183
GS01,94/12/13,196,204,208,207,203,196,193,196,196,202,216,224,232,236,232,220,205,184,166,151,143,146,157,170
GS01,94/12/14,186,201,211,215,214,207,200,194,192,195,203,212,224,232,234,228,213,193,171,146,134,131,136,152
GS01,94/12/15,171,193,210,221,224,219,209,200,192,189,192,201,212,224,232,234,221,203,178,151,131,120,119,133
GS01,94/12/16,152,178,200,217,226,225,215,201,188,180,177,184,193,207,218,221,219,202,177,148,121,101,94,100
GS01,94/12/17,116,142,169,195,212,218,215,204,190,179,171,174,183,197,213,224,227,217,194,166,136,111,96,95
GS01,94/12/18,108,132,163,190,214,227,230,221,208,192,181,179,184,196,215,229,235,233,216,188,156,124,100,89
GS01,94/12/19,94,115,141,173,200,218,226,222,210,194,177,169,170,179,194,212,223,225,215,193,163,133,104,88
GS01,94/12/20,84,96,121,151,183,208,222,225,218,202,185,172,168,173,188,206,223,230,229,215,191,161,131,107
GS01,94/12/21,96,101,121,148,178,208,229,237,234,220,201,187,176,176,186,202,219,231,234,226,207,180,148,122
GS01,94/12/22,104,101,111,132,159,188,212,224,227,219,203,186,173,167,171,182,197,213,222,221,211,193,167,143
GS01,94/12/23,121,111,113,128,149,176,202,220,227,225,213,198,182,172,170,176,187,201,212,218,214,204,185,164
GS01,94/12/24,142,127,124,129,144,167,191,211,226,228,221,208,192,177,170,171,176,188,201,209,214,211,203,188
GS01,94/12/25,171,155,145,143,151,166,187,207,222,232,229,220,205,190,176,167,165,168,176,185,192,197,196,190
GS01,94/12/26,180,167,155,148,149,156,169,186,203,215,221,219,211,197,183,170,158,155,157,165,176,187,197,203
GS01,94/12/27,203,200,191,180,175,174,182,194,207,224,233,238,236,227,212,196,177,165,156,155,160,172,183,200
GS01,94/12/28,209,213,213,207,200,192,188,192,200,210,226,234,238,236,227,211,190,168,150,138,136,144,159,178
GS01,94/12/29,197,213,222,222,218,209,199,191,191,197,207,219,228,233,231,220,200,173,145,122,110,107,117,137
GS01,94/12/30,162,190,208,222,225,217,207,196,182,182,190,201,216,226,234,232,217,193,161,129,108,95,96,110
GS01,94/12/31,137,169,201,226,240,243,236,223,210,199,197,204,217,233,249,255,251,232,201,164,131,103,92,96
