GS01,09/01/01,201,195,201,217,242,270,294,312,318,314,304,287,272,263,264,273,286,303,312,315,308,291,269,244
GS01,09/01/02,221,208,207,215,234,258,282,301,313,314,305,290,272,259,253,256,264,276,289,296,297,288,275,255
GS01,09/01/03,233,219,213,215,226,245,267,287,301,306,302,288,271,254,243,239,241,250,261,272,279,280,274,263
GS01,09/01/04,248,233,225,223,229,241,259,277,292,301,302,292,279,262,246,236,230,233,240,250,263,271,273,271
GS01,09/01/05,264,254,244,240,241,245,258,272,284,297,302,298,289,273,257,242,231,224,223,230,241,254,265,272
GS01,09/01/06,275,272,268,262,258,258,264,271,282,293,302,302,298,288,271,252,235,219,208,205,212,223,239,252
GS01,09/01/07,265,272,276,275,271,267,267,268,272,283,289,294,296,291,280,263,242,220,199,187,184,191,205,225
GS01,09/01/08,246,264,279,286,288,284,278,273,272,273,280,286,292,296,293,282,263,237,208,184,171,167,175,196
GS01,09/01/09,221,248,274,292,302,304,299,290,283,279,283,287,300,307,314,314,301,276,247,214,187,171,172,183
GS01,09/01/10,209,241,274,303,324,332,332,322,308,296,291,293,300,313,326,332,328,310,280,242,206,176,159,157
GS01,09/01/11,172,200,235,271,298,314,319,312,299,285,272,267,273,286,303,318,324,316,298,264,226,189,160,147
GS01,09/01/12,150,170,203,242,277,303,318,316,307,293,277,266,265,274,294,314,329,333,323,298,262,224,189,164
GS01,09/01/13,154,163,187,223,260,291,312,317,310,296,277,260,251,253,266,287,307,320,322,309,283,250,214,181
GS01,09/01/14,163,159,172,200,233,266,292,306,303,291,272,253,237,233,241,259,280,299,310,309,298,273,243,212
GS01,09/01/15,189,177,182,198,226,255,283,300,303,295,278,257,238,226,225,235,249,269,284,290,287,275,253,228
GS01,09/01/16,206,191,187,197,215,241,267,285,293,291,278,259,238,223,215,217,228,243,260,271,276,272,260,245
GS01,09/01/17,225,211,205,206,218,238,259,275,288,288,278,264,244,225,213,209,210,219,230,241,250,253,251,243
GS01,09/01/18,233,222,214,215,221,235,251,267,277,282,279,266,250,232,218,208,204,208,215,224,234,244,249,251
GS01,09/01/19,250,247,246,245,248,257,270,283,292,299,298,291,279,265,248,234,223,217,214,213,221,228,235,242
GS01,09/01/20,247,249,250,249,249,252,258,266,274,278,280,276,269,261,246,232,219,208,200,195,197,203,213,225
GS01,09/01/21,237,245,252,258,259,259,262,263,266,272,274,274,273,268,261,251,236,220,204,194,189,191,199,213
GS01,09/01/22,230,245,260,270,273,275,272,269,268,267,269,272,276,277,276,269,254,236,217,198,187,184,189,201
GS01,09/01/23,219,241,262,279,289,292,289,285,278,276,275,279,285,290,295,296,284,267,244,220,201,189,188,198
GS01,09/01/24,213,238,262,282,299,305,300,291,280,270,266,269,273,285,294,298,292,278,255,227,198,180,170,172
GS01,09/01/25,185,209,235,260,280,293,291,283,270,257,249,249,255,270,285,296,299,290,269,243,212,187,168,165
GS01,09/01/26,174,195,223,251,274,290,294,287,276,258,242,238,244,255,275,288,298,298,281,255,224,194,170,160
GS01,09/01/27,163,178,203,235,261,279,289,285,272,254,236,226,225,236,255,274,288,294,284,263,234,202,173,155
GS01,09/01/28,151,163,185,215,245,269,283,285,273,256,236,222,215,221,237,257,278,291,289,277,253,223,191,169
GS01,09/01/29,157,162,182,207,237,266,286,292,284,268,247,227,214,215,227,247,270,288,295,289,272,246,215,190
GS01,09/01/30,174,171,183,205,233,260,282,293,291,278,257,234,217,211,217,233,254,278,292,295,287,270,245,222
GS01,09/01/31,202,197,204,223,248,278,300,314,316,304,285,259,238,223,222,232,249,271,288,296,295,286,268,246
GS01,09/02/01,226,214,213,222,239,261,283,297,302,298,282,261,237,219,210,212,224,241,259,274,281,280,272,258
GS01,09/02/02,244,230,225,231,243,261,279,294,304,302,291,271,246,226,211,205,209,220,233,249,262,268,267,264
GS01,09/02/03,254,245,241,240,246,257,272,285,294,297,291,277,258,238,220,205,199,200,206,217,230,242,251,256
GS01,09/02/04,257,254,251,251,251,256,266,274,281,287,287,280,267,252,235,216,203,194,190,192,201,214,228,242
GS01,09/02/05,253,262,265,267,268,268,271,276,279,284,288,287,9999,9999,9999,245,227,209,194,188,187,196,210,228
GS01,09/02/06,248,266,280,287,289,287,284,281,278,278,283,287,288,288,283,270,251,227,202,181,168,166,175,192
GS01,09/02/07,218,244,267,283,291,292,285,278,269,265,265,271,280,289,294,292,279,256,229,199,175,162,161,173
GS01,09/02/08,197,228,260,285,302,306,299,288,273,262,259,261,271,286,302,308,304,289,259,224,190,162,148,152
GS01,09/02/09,168,197,232,265,288,299,298,287,269,253,242,239,251,267,288,306,317,312,291,262,225,187,164,156
GS01,09/02/10,163,188,223,260,292,312,316,308,290,267,249,240,242,259,280,304,323,328,318,296,260,221,189,168
GS01,09/02/11,164,181,208,243,277,302,315,310,292,269,245,228,224,233,254,282,306,324,325,313,288,253,219,192
GS01,09/02/12,178,184,206,234,267,296,310,312,298,274,246,221,208,207,220,243,272,292,303,303,290,263,233,206
GS01,09/02/13,188,184,196,221,251,278,299,307,299,280,252,225,207,198,205,226,249,274,293,302,298,284,264,240
GS01,09/02/14,222,215,223,241,265,294,314,325,319,303,278,251,228,213,210,220,236,257,276,287,289,282,269,251
GS01,09/02/15,234,223,224,233,250,271,287,300,299,291,270,247,224,208,198,201,212,228,246,260,271,271,268,258
GS01,09/02/16,250,243,242,248,259,274,293,302,308,303,287,267,247,228,214,209,213,219,231,241,251,257,259,255
GS01,09/02/17,253,246,247,248,254,262,275,284,289,287,279,266,248,233,216,207,204,204,211,219,228,236,244,250
GS01,09/02/18,254,254,255,255,261,265,271,278,283,283,281,273,261,248,235,224,214,209,207,209,214,222,232,240
GS01,09/02/19,250,258,263,267,267,269,271,273,275,276,274,271,266,258,248,237,224,212,202,197,198,201,213,225
GS01,09/02/20,241,256,268,277,282,283,283,282,284,287,290,293,296,294,292,283,270,253,238,222,215,215,218,229
GS01,09/02/21,245,261,277,286,290,286,280,272,265,260,260,263,268,271,274,270,259,243,222,203,187,177,177,187
GS01,09/02/22,207,230,252,270,280,281,276,265,255,247,245,249,259,273,282,285,281,266,246,220,197,182,178,186
GS01,09/02/23,202,228,255,277,294,298,294,285,269,254,249,249,261,274,287,298,298,286,266,238,210,185,173,174
GS01,09/02/24,186,212,238,267,287,293,291,278,261,240,228,227,237,254,274,293,304,301,285,260,231,203,184,177
GS01,09/02/25,188,209,237,268,293,309,310,296,281,256,237,232,237,252,277,301,318,323,313,290,259,228,201,187
GS01,09/02/26,188,204,228,258,284,302,306,296,275,249,227,211,209,221,243,270,293,307,305,290,264,233,206,184
GS01,09/02/27,180,189,210,239,268,290,303,297,281,253,226,205,195,202,221,247,277,297,307,301,283,258,230,206
GS01,09/02/28,197,200,215,238,267,290,304,302,288,262,232,205,189,186,200,223,250,274,291,295,286,264,241,218
GS01,09/03/01,204,200,211,228,253,276,293,298,289,268,240,211,190,180,183,199,225,250,273,286,287,277,260,240
GS01,09/03/02,226,218,223,234,253,274,290,296,293,276,253,224,198,180,175,181,197,219,241,258,266,266,258,245
GS01,09/03/03,233,224,226,231,244,262,276,285,288,277,260,237,212,190,178,176,185,198,216,236,251,259,262,260
GS01,09/03/04,254,249,249,253,259,270,285,291,295,291,280,264,245,222,203,193,188,192,203,217,231,244,252,258
GS01,09/03/05,260,259,258,260,259,266,274,279,282,282,276,268,253,235,218,202,190,186,185,192,201,213,230,242
GS01,09/03/06,255,266,271,274,276,277,279,280,283,284,285,284,283,275,263,247,232,216,204,198,199,204,221,239
GS01,09/03/07,259,274,286,292,293,287,282,276,272,270,271,273,277,277,271,261,242,220,196,180,169,168,178,197
GS01,09/03/08,220,245,263,276,281,277,269,256,247,243,242,249,262,272,278,278,266,245,220,192,170,160,161,174
GS01,09/03/09,200,229,257,277,284,285,275,257,240,228,225,232,246,264,280,290,290,277,250,219,192,171,164,170
GS01,09/03/10,190,219,251,276,294,297,289,271,249,229,221,223,237,257,281,299,310,305,285,255,222,192,173,172
GS01,09/03/11,184,208,239,268,288,295,289,270,244,219,200,194,203,221,249,277,295,302,293,271,240,207,183,171
GS01,09/03/12,178,196,224,254,276,290,289,272,248,217,193,178,178,192,217,245,272,288,290,278,255,224,198,182
GS01,09/03/13,178,192,213,243,267,287,291,279,257,228,198,179,172,179,199,231,259,285,298,296,284,263,238,219
GS01,09/03/14,211,219,235,262,289,313,325,318,301,273,241,212,197,197,206,230,256,282,298,302,296,277,256,235
GS01,09/03/15,222,221,230,249,271,289,301,299,283,259,229,202,182,173,178,195,218,243,265,279,281,274,262,246
GS01,09/03/16,234,229,232,245,262,280,293,296,286,268,244,218,195,184,181,191,208,228,249,265,271,271,265,255
GS01,09/03/17,246,240,240,249,261,276,291,295,292,279,260,236,216,196,188,188,197,210,226,240,251,255,255,251
GS01,09/03/18,246,241,240,244,252,262,273,278,278,270,255,239,222,204,194,189,191,199,210,222,233,242,247,250
GS01,09/03/19,250,251,252,253,256,263,270,274,276,272,264,252,240,226,214,207,203,202,206,213,221,231,238,247
GS01,09/03/20,253,258,263,263,266,267,270,272,274,273,268,262,256,247,235,224,216,207,202,200,203,211,221,232
GS01,09/03/21,243,251,259,260,260,258,255,252,251,251,251,252,251,248,243,236,224,214,203,197,194,197,208,222
GS01,09/03/22,240,256,268,275,278,274,266,258,255,254,257,262,270,275,279,274,265,253,240,222,215,212,222,236
GS01,09/03/23,256,273,291,300,301,295,283,267,254,247,246,253,264,275,282,282,275,261,239,218,200,189,192,203
GS01,09/03/24,221,245,268,283,288,283,269,251,235,223,219,229,243,261,278,289,288,278,259,233,210,194,188,197
GS01,09/03/25,215,240,267,287,298,298,286,265,243,225,217,221,236,258,281,300,310,305,289,264,237,215,202,202
GS01,09/03/26,215,239,268,292,306,307,297,274,246,220,205,202,215,238,266,291,309,313,302,281,253,226,208,201
GS01,09/03/27,210,230,257,284,304,312,305,284,254,223,201,190,197,216,243,276,303,315,315,300,276,249,225,212
GS01,09/03/28,214,228,252,277,299,311,309,290,262,229,199,181,178,190,216,248,280,302,311,306,290,265,242,225
GS01,09/03/29,220,229,247,271,294,309,312,299,274,240,207,181,168,174,191,221,254,282,302,305,297,279,257,239
GS01,09/03/30,229,232,245,263,285,301,310,302,284,255,221,192,171,166,176,198,227,258,281,295,297,289,275,258
GS01,09/03/31,247,243,250,264,281,297,308,308,294,272,243,213,188,174,173,185,206,233,259,279,290,292,285,275
GS01,09/04/01,266,261,263,271,285,299,309,314,309,293,271,246,221,202,191,193,203,221,243,264,280,290,292,289
GS01,09/04/02,285,279,277,280,287,295,303,308,305,297,282,263,244,221,205,194,194,198,210,226,243,256,265,272
GS01,09/04/03,273,273,273,272,274,277,281,286,288,286,282,272,259,242,226,211,200,196,196,204,215,230,246,258
GS01,09/04/04,268,274,277,275,271,270,266,266,268,268,271,270,266,260,248,235,219,204,195,193,198,210,228,247
GS01,09/04/05,263,277,284,286,282,273,263,257,253,254,258,265,271,273,271,261,246,228,209,195,191,194,207,226
GS01,09/04/06,248,268,281,286,282,271,258,244,236,232,238,248,263,276,285,285,274,257,236,214,199,194,200,216
GS01,09/04/07,239,262,282,291,289,278,261,239,220,210,209,220,238,259,279,288,287,274,253,227,206,193,190,200
GS01,09/04/08,222,248,270,285,288,279,259,236,212,195,188,194,213,238,264,285,294,291,274,251,225,206,195,199
GS01,09/04/09,215,238,263,282,289,284,267,243,214,188,174,174,187,211,242,268,288,293,287,267,243,220,203,199
GS01,09/04/10,209,229,253,277,291,290,277,254,222,192,171,162,170,190,220,251,278,293,295,284,265,241,222,211
GS01,09/04/11,215,229,250,273,289,295,286,265,236,203,177,161,160,173,198,229,259,280,289,286,274,254,235,222
GS01,09/04/12,218,225,243,265,283,294,291,276,250,219,190,170,159,167,187,213,244,271,287,293,287,275,257,242
GS01,09/04/13,236,239,251,270,288,301,303,294,273,245,215,191,175,173,184,204,231,259,279,291,292,284,271,259
GS01,09/04/14,250,248,255,269,283,296,303,298,281,258,232,206,186,178,181,195,215,241,263,279,288,290,285,277
GS01,09/04/15,270,266,271,278,290,302,308,306,297,279,257,234,212,199,195,200,212,229,246,262,274,278,277,272
GS01,09/04/16,269,265,264,268,275,284,290,293,287,277,261,242,224,208,200,198,204,215,230,244,257,265,269,270
GS01,09/04/17,268,265,264,264,267,271,277,279,279,272,262,251,236,222,212,204,203,208,215,227,238,248,258,265
GS01,09/04/18,268,267,267,264,261,263,263,265,266,264,262,257,249,240,228,219,214,209,211,216,225,237,248,259
GS01,09/04/19,268,272,273,268,264,258,254,251,252,253,256,257,255,251,244,233,223,213,207,206,212,220,233,246
GS01,09/04/20,259,269,273,270,264,255,246,239,237,239,245,252,258,261,260,252,240,228,215,207,207,212,224,239
GS01,09/04/21,258,272,280,282,275,264,249,236,229,228,236,248,260,274,280,278,270,257,241,228,220,222,230,248
GS01,09/04/22,267,286,299,304,298,284,265,245,231,223,228,241,256,275,290,297,294,280,263,243,229,222,225,236
GS01,09/04/23,255,276,292,300,298,284,261,237,215,200,199,211,230,255,278,292,296,290,274,253,233,219,215,221
GS01,09/04/24,238,260,278,292,294,282,260,233,204,182,174,181,198,224,254,279,294,296,286,269,248,229,219,222
GS01,09/04/25,234,256,278,294,303,299,281,253,223,193,175,172,186,212,247,280,309,322,322,312,294,275,259,253
GS01,09/04/26,259,276,297,317,331,332,320,294,263,228,201,186,190,208,238,274,306,327,337,332,316,297,280,267
GS01,09/04/27,266,276,291,309,323,330,323,304,272,234,200,177,168,176,199,230,263,292,312,317,311,298,280,267
GS01,09/04/28,259,263,275,291,306,317,316,305,281,248,214,183,164,162,173,197,227,256,283,299,302,298,286,273
GS01,09/04/29,265,264,269,280,295,306,312,308,292,267,235,205,180,166,166,178,200,228,256,278,292,294,289,280
GS01,09/04/30,271,267,266,270,281,291,299,301,294,278,255,228,202,182,173,173,184,204,228,251,269,281,284,281
GS01,09/05/01,275,269,266,265,270,276,284,290,290,283,272,254,234,214,197,189,190,198,214,234,253,269,280,286
GS01,09/05/02,284,280,274,270,267,267,273,276,281,282,280,273,262,247,231,217,209,208,213,225,241,260,274,286
GS01,09/05/03,292,291,286,279,271,265,262,263,265,271,277,281,282,274,263,249,236,225,221,224,235,250,267,283
GS01,09/05/04,293,299,297,289,278,265,254,249,249,253,264,273,283,288,287,278,264,248,236,229,233,242,258,276
GS01,09/05/05,292,302,305,299,286,269,253,238,232,233,243,257,275,290,299,298,290,274,257,242,235,239,249,266
GS01,09/05/06,286,301,309,307,296,276,254,232,217,213,218,233,255,277,295,303,302,291,274,256,242,238,242,256
GS01,09/05/07,274,293,306,310,302,283,260,232,210,198,198,210,231,258,284,303,312,309,296,279,262,251,249,258
GS01,09/05/08,273,294,310,318,317,303,278,249,220,199,190,196,213,240,268,294,311,316,309,294,275,259,249,252
GS01,09/05/09,262,278,296,307,310,302,281,252,220,191,173,171,182,206,235,266,289,304,306,297,281,266,251,247
GS01,09/05/10,251,266,284,301,308,305,292,266,234,203,179,167,171,189,217,248,277,299,308,305,293,276,261,250
GS01,09/05/11,250,261,275,292,305,307,298,277,248,215,187,169,165,174,197,226,255,279,296,299,294,282,268,256
GS01,09/05/12,252,259,270,285,300,308,304,290,267,237,209,187,175,179,194,218,247,273,294,303,304,298,286,274
GS01,09/05/13,267,269,275,288,301,312,312,304,286,260,233,208,191,185,192,208,232,256,277,292,296,293,285,274
GS01,09/05/14,265,261,262,271,283,294,300,299,287,269,245,223,204,194,195,203,220,240,261,278,288,291,287,279
GS01,09/05/15,269,263,261,264,271,281,287,289,284,269,252,233,210,195,188,188,198,215,235,253,267,275,276,271
GS01,09/05/16,266,260,255,254,258,264,272,278,277,271,260,245,229,212,201,195,199,209,224,242,257,270,277,279
GS01,09/05/17,275,270,265,260,259,261,267,272,277,276,274,267,255,243,232,224,221,226,235,249,263,278,291,297
GS01,09/05/18,299,298,291,282,273,268,267,268,271,275,276,275,271,262,251,242,231,227,229,235,246,262,274,285
GS01,09/05/19,291,291,285,276,262,249,243,240,241,249,258,265,271,272,266,258,250,240,235,236,240,253,265,278
GS01,09/05/20,290,292,291,282,265,250,234,224,223,227,239,253,266,276,278,273,265,252,240,235,235,241,253,267
GS01,09/05/21,281,290,291,283,268,246,226,208,199,200,211,229,248,266,278,282,278,268,254,242,236,238,246,260
GS01,09/05/22,276,291,297,293,281,260,235,210,191,186,192,208,233,259,281,296,300,293,281,266,253,248,252,264
GS01,09/05/23,279,296,308,310,302,282,254,223,196,179,177,189,212,244,273,297,310,313,305,289,272,261,256,261
GS01,09/05/24,274,290,305,313,311,296,269,237,202,175,161,165,182,211,245,278,302,315,316,306,290,276,265,264
GS01,09/05/25,271,285,300,313,319,309,289,258,219,184,160,149,156,178,211,247,280,304,313,313,301,286,271,263
GS01,09/05/26,265,274,288,304,315,316,303,278,244,206,173,152,146,157,183,216,252,283,304,311,307,296,281,269
GS01,09/05/27,263,268,279,293,308,316,313,299,273,238,202,173,154,153,166,191,225,256,285,303,306,303,291,278
GS01,09/05/28,268,266,271,283,297,311,317,312,296,269,237,204,180,167,168,183,208,237,268,292,306,311,304,295
GS01,09/05/29,281,272,271,278,290,302,312,315,307,293,268,242,216,196,186,188,201,223,249,273,293,302,303,296
GS01,09/05/30,284,276,268,267,272,282,292,300,303,300,288,272,250,230,215,208,212,225,244,267,287,302,307,305
GS01,09/05/31,298,288,277,270,266,269,277,287,293,297,295,287,277,261,246,233,229,231,241,258,276,294,304,309
GS01,09/06/01,305,295,284,270,258,254,253,259,266,273,281,284,282,275,262,250,240,235,239,246,260,276,288,297
GS01,09/06/02,297,291,280,265,251,240,231,230,234,243,255,267,275,277,273,268,258,249,246,248,255,266,279,291
GS01,09/06/03,297,298,291,276,258,243,228,219,216,222,233,249,265,278,284,283,279,270,261,257,258,266,276,288
GS01,09/06/04,298,303,301,290,274,254,232,217,207,207,216,232,251,271,286,293,293,288,278,268,265,265,271,281
GS01,09/06/05,293,302,306,298,286,265,241,218,202,194,197,211,230,255,278,295,303,302,294,284,274,270,273,281
GS01,09/06/06,292,305,314,316,307,291,267,239,215,198,194,202,221,246,274,298,317,321,317,308,295,285,281,285
GS01,09/06/07,293,307,319,326,324,313,290,259,230,206,193,195,210,234,264,292,313,325,327,319,306,292,282,281
GS01,09/06/08,288,303,317,327,331,322,303,274,243,213,194,187,195,215,241,270,297,314,323,320,309,294,282,275
GS01,09/06/09,277,287,302,315,323,323,310,286,256,225,198,183,183,195,219,248,278,301,314,317,310,297,286,275
GS01,09/06/10,272,278,290,304,317,324,316,299,274,243,214,194,186,192,208,235,264,290,309,317,314,305,293,280
GS01,09/06/11,274,276,284,297,312,322,325,316,295,269,242,219,202,201,210,232,256,282,304,317,319,313,301,287
GS01,09/06/12,276,272,276,286,298,310,314,310,298,277,250,227,207,197,200,213,236,260,283,301,309,309,300,289
GS01,09/06/13,277,269,268,272,284,296,304,307,298,284,265,241,221,209,204,209,225,247,269,290,303,307,301,289
GS01,09/06/14,277,266,259,258,265,275,286,292,293,286,271,254,234,220,212,210,221,236,255,275,290,298,298,291
GS01,09/06/15,279,266,255,249,250,256,264,275,279,279,273,263,248,235,223,218,220,229,245,263,278,289,294,292
GS01,09/06/16,282,270,258,245,239,240,244,252,261,267,269,267,260,250,239,232,228,231,240,254,268,282,291,294
GS01,09/06/17,287,277,262,248,234,227,226,230,238,249,259,264,266,263,256,247,241,238,241,248,259,272,284,291
GS01,09/06/18,292,283,272,254,237,223,213,213,217,228,243,256,267,274,274,269,263,256,253,255,259,271,282,292
GS01,09/06/19,297,295,287,270,251,229,210,200,198,205,220,240,260,275,284,288,283,276,269,262,261,267,277,287
GS01,09/06/20,298,303,300,287,267,242,216,194,183,182,194,215,240,265,286,299,302,297,289,278,271,270,276,285
GS01,09/06/21,299,309,313,308,294,270,240,209,187,175,178,195,219,249,280,302,315,318,311,300,286,279,277,283
GS01,09/06/22,294,308,318,320,312,294,263,230,197,172,163,168,187,217,252,285,309,320,322,312,298,287,280,279
GS01,09/06/23,289,305,321,332,333,324,299,263,226,189,166,158,166,189,223,260,291,312,323,321,310,294,280,271
GS01,09/06/24,273,284,300,314,324,323,309,284,248,209,175,157,152,164,191,226,261,290,309,315,310,296,278,263
GS01,09/06/25,258,263,276,295,310,319,317,301,273,236,199,170,154,153,169,197,230,263,290,304,306,297,281,265
GS01,09/06/26,252,250,257,271,289,304,311,307,291,263,230,198,173,162,167,184,212,244,271,291,300,298,285,268
GS01,09/06/27,254,243,243,251,265,281,295,300,295,279,255,228,202,186,181,187,208,232,258,283,295,299,292,276
GS01,09/06/28,260,244,239,240,249,261,276,288,292,288,274,257,237,219,208,206,214,233,255,278,295,302,299,288
GS01,09/06/29,270,255,240,234,233,242,255,268,280,284,283,273,261,245,231,226,228,237,254,273,290,300,302,296
GS01,09/06/30,283,267,251,237,231,230,236,246,258,268,274,276,273,265,257,248,248,250,259,272,285,298,305,303
GS01,09/07/01,295,282,266,248,234,226,223,227,236,248,259,270,277,275,274,271,265,264,267,274,284,294,303,306
GS01,09/07/02,305,296,283,267,249,234,222,218,219,229,241,255,268,278,283,283,281,275,274,275,279,288,295,301
GS01,09/07/03,302,299,290,275,256,236,219,209,202,206,217,231,251,268,279,288,291,287,280,277,275,277,283,290
GS01,09/07/04,299,300,299,289,272,254,231,213,201,196,202,215,236,257,277,292,297,296,290,281,276,271,273,279
GS01,09/07/05,286,294,297,291,280,262,238,214,193,181,179,187,206,229,254,274,288,293,290,281,272,264,262,265
GS01,09/07/06,274,283,291,295,288,274,252,225,199,179,168,172,187,210,237,263,283,293,293,287,275,265,259,257
GS01,09/07/07,265,276,289,297,298,287,269,244,215,189,172,166,176,197,223,253,278,294,300,296,284,271,260,255
GS01,09/07/08,260,271,286,299,306,304,291,267,237,209,185,173,175,190,215,244,273,294,304,303,293,278,264,255
GS01,09/07/09,254,261,276,292,304,309,301,284,257,226,200,180,175,184,204,232,260,285,301,306,297,284,268,255
GS01,09/07/10,249,254,266,282,299,310,310,301,277,249,220,196,184,188,201,224,253,279,297,305,304,290,272,256
GS01,09/07/11,243,242,252,264,281,296,302,295,278,256,228,202,184,180,188,206,231,257,279,291,294,286,269,252
GS01,09/07/12,237,230,233,244,259,276,288,289,281,264,241,217,197,188,189,203,224,247,271,288,295,291,280,262
GS01,09/07/13,244,232,229,234,245,262,276,286,286,277,262,240,222,208,205,213,229,248,272,289,300,299,289,272
GS01,09/07/14,253,236,226,224,231,242,260,271,277,276,267,253,236,221,215,215,225,242,260,277,290,295,290,277
GS01,09/07/15,261,244,229,219,221,228,241,255,268,273,272,267,257,248,238,235,240,250,264,280,293,299,301,292
GS01,09/07/16,277,260,243,226,219,219,226,236,247,260,268,269,267,262,256,251,252,255,263,274,287,296,299,296
GS01,09/07/17,287,272,253,235,218,208,207,213,221,235,251,264,271,274,275,275,271,270,272,278,286,294,301,303
GS01,09/07/18,299,290,276,255,235,218,205,202,204,216,233,252,269,283,290,295,294,291,288,286,289,295,301,308
GS01,09/07/19,311,309,300,284,263,238,217,199,191,195,208,230,253,277,297,309,315,312,306,298,292,291,295,302
GS01,09/07/20,310,317,317,307,288,262,233,205,184,175,178,194,222,251,279,300,313,315,309,298,288,281,280,287
GS01,09/07/21,297,310,319,322,312,291,261,229,197,175,168,174,196,227,262,294,316,327,327,318,304,292,284,283
GS01,09/07/22,294,309,325,337,337,327,302,266,228,194,170,165,175,201,233,269,301,318,324,317,301,285,268,261
GS01,09/07/23,264,277,297,314,324,325,313,285,249,209,176,157,153,170,199,234,270,297,311,310,297,279,260,245
GS01,09/07/24,242,249,266,290,307,320,319,305,276,240,205,176,162,168,187,217,253,284,305,312,306,287,265,246
GS01,09/07/25,233,233,244,265,287,305,316,314,298,269,234,204,182,177,187,211,241,272,297,311,309,297,274,249
GS01,09/07/26,230,222,225,239,259,280,299,305,299,282,257,229,206,195,197,211,236,264,288,306,310,301,282,258
GS01,09/07/27,235,219,216,222,236,256,274,288,291,286,270,252,232,219,214,222,238,260,282,299,307,304,288,269
GS01,09/07/28,246,229,216,217,224,237,254,268,278,282,277,267,254,243,237,239,247,262,280,296,306,308,297,281
GS01,09/07/29,262,243,226,218,216,223,233,249,260,269,273,272,270,261,256,255,260,268,281,295,304,309,307,295
GS01,09/07/30,280,262,246,230,222,220,225,231,242,255,263,269,272,273,271,270,272,275,281,288,296,302,302,298
GS01,09/07/31,287,274,257,241,226,216,212,213,218,228,240,252,262,271,276,279,280,280,282,285,289,295,297,298
GS01,09/08/01,295,289,277,263,246,231,220,215,214,218,230,244,258,274,286,293,298,295,292,289,288,291,294,298
GS01,09/08/02,300,299,294,284,269,251,232,217,207,206,212,226,246,266,283,295,302,301,297,291,285,282,283,288
GS01,09/08/03,295,302,302,297,285,266,243,221,205,195,197,208,228,250,272,291,301,305,301,290,280,272,271,277
GS01,09/08/04,285,297,303,306,301,284,264,239,216,198,193,200,217,242,266,291,307,313,312,301,286,274,268,270
GS01,09/08/05,279,293,306,314,316,305,285,257,227,204,192,191,205,228,255,283,305,315,314,304,289,272,262,258
GS01,09/08/06,265,281,297,312,319,315,300,273,243,214,194,188,193,213,240,269,295,311,316,308,292,274,258,250
GS01,09/08/07,253,266,284,304,317,321,312,292,264,233,209,194,193,208,232,262,290,312,321,316,303,284,261,248
GS01,09/08/08,245,254,271,294,312,323,321,308,282,253,225,206,199,207,225,253,282,307,321,322,310,290,268,248
GS01,09/08/09,240,243,258,279,302,319,326,319,299,273,244,222,210,211,225,250,279,304,321,325,317,299,276,253
GS01,09/08/10,238,235,244,264,287,310,324,325,314,295,271,247,229,225,234,253,278,303,322,331,328,315,291,267
GS01,09/08/11,248,238,240,253,274,295,315,324,323,310,290,269,253,244,247,258,278,301,320,330,332,321,301,277
GS01,09/08/12,254,238,234,239,253,272,293,308,313,310,299,281,266,258,256,265,279,296,314,328,333,327,311,289
GS01,09/08/13,266,247,235,233,239,252,270,289,301,306,302,295,286,278,273,277,284,298,312,324,331,331,318,300
GS01,09/08/14,279,259,240,230,225,229,242,256,270,280,286,286,283,280,277,276,280,286,294,303,309,313,309,298
GS01,09/08/15,283,264,245,230,219,213,214,222,234,248,262,271,278,282,284,284,285,287,290,294,299,302,303,298
GS01,09/08/16,292,279,263,243,225,211,202,201,205,218,234,251,268,281,290,295,295,291,290,288,289,293,296,299
GS01,09/08/17,299,297,287,271,249,226,207,192,188,192,205,224,249,272,291,302,305,301,295,288,281,280,284,289
GS01,09/08/18,299,306,306,300,282,256,226,202,184,176,182,199,225,254,282,302,313,312,301,288,277,271,269,276
GS01,09/08/19,289,304,316,319,311,287,257,226,195,176,170,178,202,232,266,294,314,319,311,296,279,263,257,258
GS01,09/08/20,271,290,312,327,329,318,292,258,223,192,174,170,184,214,250,283,310,323,319,306,283,260,245,243
GS01,09/08/21,253,270,293,317,333,335,321,293,259,223,193,182,186,206,237,273,305,324,328,316,296,269,244,231
GS01,09/08/22,232,244,268,299,322,334,334,316,286,251,220,198,192,202,227,261,294,316,326,318,300,275,246,225
GS01,09/08/23,218,222,239,264,291,313,322,316,297,270,240,219,205,208,224,251,281,305,318,318,304,279,252,227
GS01,09/08/24,211,209,218,238,263,288,307,311,305,287,262,241,225,220,230,248,275,299,314,319,310,290,264,235
GS01,09/08/25,215,203,203,217,237,260,282,293,295,286,272,255,243,237,239,251,271,291,308,314,312,297,277,252
GS01,09/08/26,228,210,205,210,223,243,261,276,282,283,279,270,259,253,251,257,270,287,302,309,313,304,287,268
GS01,09/08/27,245,225,214,210,214,225,241,256,267,274,276,274,272,266,263,268,275,284,296,304,306,304,294,280
GS01,09/08/28,263,244,229,221,219,222,228,240,250,260,268,272,276,277,278,277,280,287,292,299,302,303,300,291
GS01,09/08/29,280,266,250,237,229,223,222,227,234,242,254,264,271,279,282,283,284,284,286,288,289,292,291,287
GS01,09/08/30,283,277,266,252,239,226,219,214,217,223,232,245,259,271,282,286,287,282,277,276,276,281,283,287
GS01,09/08/31,290,289,284,274,261,244,230,223,219,221,230,243,261,282,298,307,310,307,298,290,288,289,291,297
GS01,09/09/01,305,310,311,305,292,274,254,237,223,216,221,234,254,275,295,310,316,313,302,290,280,272,272,279
GS01,09/09/02,291,303,311,309,302,285,264,241,217,205,205,217,237,262,286,306,315,312,302,287,271,259,255,261
GS01,09/09/03,274,291,307,316,313,302,280,255,229,211,203,209,227,253,281,305,319,321,310,293,273,256,245,249
GS01,09/09/04,260,281,304,320,326,318,301,274,246,222,206,204,217,241,270,300,320,328,320,303,278,255,240,236
GS01,09/09/05,246,266,291,314,329,329,316,293,264,236,214,205,211,231,260,290,314,325,323,309,285,256,233,223
GS01,09/09/06,226,243,270,297,319,328,324,307,280,250,227,212,214,228,254,285,310,327,330,317,294,264,236,219
GS01,09/09/07,216,228,251,281,309,326,331,324,301,273,249,231,225,236,256,284,310,330,338,330,310,281,252,229
GS01,09/09/08,218,222,240,267,298,324,335,334,322,300,276,257,246,248,264,286,311,332,343,340,322,296,265,238
GS01,09/09/09,219,216,223,244,272,298,317,325,320,306,288,269,255,251,261,279,300,321,335,337,328,306,277,248
GS01,09/09/10,224,213,213,225,248,273,295,310,314,310,297,283,272,264,267,276,293,311,323,328,325,310,287,259
GS01,09/09/11,234,215,206,208,220,239,263,281,292,297,295,286,279,273,271,275,285,297,309,317,320,312,297,276
GS01,09/09/12,252,232,217,209,211,218,234,253,270,282,290,291,291,288,288,287,293,299,308,316,319,317,311,299
GS01,09/09/13,281,262,245,230,221,218,221,230,244,259,273,283,289,292,293,292,290,291,292,294,297,298,296,293
GS01,09/09/14,286,273,257,238,222,209,200,201,207,220,238,258,274,288,295,297,295,290,284,281,281,282,289,295
GS01,09/09/15,297,294,286,272,251,230,213,201,197,205,220,243,267,287,303,309,308,301,291,278,273,272,277,287
GS01,09/09/16,300,310,311,305,288,262,237,213,196,192,200,220,248,278,299,313,316,308,292,274,259,251,253,264
GS01,09/09/17,280,299,315,318,310,290,260,230,204,187,185,199,225,257,287,308,318,314,295,273,251,233,228,237
GS01,09/09/18,255,282,308,324,327,317,293,261,230,206,193,198,216,246,280,309,323,322,309,284,257,232,219,220
GS01,09/09/19,235,260,292,320,337,337,323,295,264,234,214,210,219,243,276,308,331,337,326,304,273,245,223,214
GS01,09/09/20,221,244,276,308,333,346,342,325,298,267,243,229,233,250,277,309,332,342,336,318,287,254,226,207
GS01,09/09/21,206,221,246,279,309,330,336,332,312,286,262,245,240,249,270,298,322,337,338,323,297,264,231,207
GS01,09/09/22,194,200,218,248,278,304,319,321,311,292,270,251,241,242,256,278,303,321,328,321,300,270,239,211
GS01,09/09/23,193,190,197,218,246,274,295,305,304,293,277,263,252,250,258,272,289,307,318,317,305,281,253,224
GS01,09/09/24,205,192,194,206,225,248,271,287,293,291,285,274,265,261,265,275,288,303,315,317,310,295,273,249
GS01,09/09/25,228,213,207,210,221,237,255,271,282,288,289,284,278,276,276,280,290,301,309,314,312,304,289,270
GS01,09/09/26,251,236,225,221,224,232,244,259,271,279,284,287,287,286,286,288,293,296,301,304,305,300,292,281
GS01,09/09/27,266,252,238,229,226,225,230,238,247,258,269,276,281,284,285,286,285,285,285,287,289,289,287,282
GS01,09/09/28,276,265,254,244,234,228,224,227,231,240,251,265,277,284,291,291,288,284,278,277,277,278,282,283
GS01,09/09/29,284,282,276,266,254,241,232,226,224,231,242,258,273,287,297,300,296,287,276,268,263,262,267,274
GS01,09/09/30,282,288,288,280,266,249,233,219,213,213,223,238,258,276,292,300,298,289,273,257,250,244,248,259
GS01,09/10/01,273,287,296,294,286,268,248,228,213,209,216,229,250,274,294,307,309,297,280,260,243,234,235,246
GS01,09/10/02,264,284,300,309,305,292,272,248,227,217,218,230,250,276,300,318,325,317,297,274,250,234,230,240
GS01,09/10/03,259,282,304,322,326,320,299,274,249,230,224,230,247,270,295,314,320,316,299,271,241,217,205,208
GS01,09/10/04,223,247,274,296,312,313,302,279,251,228,214,215,227,249,275,299,315,316,302,277,247,215,196,194
GS01,09/10/05,204,227,256,286,310,319,315,297,271,245,226,220,226,244,269,294,312,318,309,286,252,220,194,182
GS01,09/10/06,185,204,232,263,294,314,320,311,291,266,244,234,234,244,264,287,307,317,314,297,269,234,202,183
GS01,09/10/07,176,187,208,241,271,297,314,314,302,283,262,248,240,246,262,284,307,323,321,312,290,256,227,201
GS01,09/10/08,189,191,209,238,272,306,335,342,346,334,318,302,291,291,297,313,330,344,347,339,318,290,259,229
GS01,09/10/09,205,192,195,210,232,260,285,302,307,306,297,284,277,274,275,288,302,315,325,325,314,293,267,238
GS01,09/10/10,214,197,192,197,211,234,257,279,292,296,296,290,284,279,279,285,295,305,313,316,314,301,284,263
GS01,09/10/11,241,221,209,204,207,218,236,254,271,284,289,292,291,288,287,287,288,291,295,299,299,296,288,276
GS01,09/10/12,258,240,224,210,205,204,210,223,238,255,270,281,287,289,289,286,285,283,280,282,286,288,290,287
GS01,09/10/13,280,271,257,242,228,218,212,215,224,238,257,275,289,297,300,298,291,282,274,268,269,270,276,284
GS01,09/10/14,288,288,280,264,248,229,215,207,206,216,233,253,275,290,300,301,293,279,266,251,246,248,254,269
GS01,09/10/15,283,295,298,292,276,256,232,215,205,206,219,239,264,286,302,308,301,285,262,242,228,224,231,247
GS01,09/10/16,268,290,306,311,302,285,260,237,221,214,219,236,260,285,306,317,314,298,275,248,222,210,208,221
GS01,09/10/17,245,272,299,317,321,312,292,266,242,226,223,233,256,282,305,324,325,314,290,259,229,207,199,206
GS01,09/10/18,225,255,286,313,328,330,319,298,272,250,239,240,255,280,306,326,336,329,308,278,244,213,194,190
GS01,09/10/19,202,226,257,289,314,325,324,308,286,263,246,240,248,268,291,311,326,326,311,284,250,216,191,177
GS01,09/10/20,183,200,229,261,291,313,321,315,299,278,260,249,250,262,279,302,320,325,318,295,262,227,195,175
GS01,09/10/21,169,179,202,229,257,283,299,302,294,279,262,247,243,250,265,282,301,311,310,296,271,239,209,186
GS01,09/10/22,173,175,191,212,238,265,285,295,294,284,271,258,251,252,261,276,293,305,310,302,284,258,229,202
GS01,09/10/23,185,179,186,201,222,247,270,284,291,287,278,269,261,258,262,274,284,296,304,302,289,271,247,223
GS01,09/10/24,204,194,192,200,215,235,255,273,284,286,283,278,271,267,267,272,282,288,296,297,292,279,261,242
GS01,09/10/25,223,210,203,202,210,224,239,256,268,275,279,277,273,270,268,268,272,277,282,286,284,281,272,259
GS01,09/10/26,244,232,222,218,219,227,240,252,267,279,287,295,297,298,297,295,296,294,296,299,298,297,294,288
GS01,09/10/27,280,271,261,252,246,243,248,256,266,277,289,297,304,306,304,300,293,285,281,278,278,279,283,281
GS01,09/10/28,279,274,266,256,246,238,234,235,241,251,263,277,287,293,294,290,280,268,257,249,247,251,258,266
GS01,09/10/29,272,276,273,266,253,241,232,225,226,235,248,263,280,292,295,293,284,266,250,239,232,234,244,258
GS01,09/10/30,272,283,289,285,276,262,246,236,229,232,243,259,279,296,305,307,299,279,258,238,223,220,227,243
GS01,09/10/31,262,283,298,302,296,285,267,251,239,236,243,257,276,295,311,315,309,289,263,237,217,205,208,222
GS01,09/11/01,246,273,297,310,314,307,291,272,255,244,246,254,275,296,315,327,326,309,284,254,225,208,203,212
GS01,09/11/02,235,265,292,314,327,326,312,292,271,254,247,253,269,291,311,330,335,322,298,266,231,202,185,185
GS01,09/11/03,202,231,265,295,317,325,319,305,284,262,249,248,256,274,295,316,325,318,298,266,227,194,171,162
GS01,09/11/04,174,200,234,269,300,319,323,315,296,275,258,249,253,265,286,305,320,322,309,283,246,209,176,158
GS01,09/11/05,157,173,201,235,271,299,313,313,304,287,269,256,254,261,276,295,312,319,317,300,270,234,199,172
GS01,09/11/06,158,163,182,210,244,275,295,307,305,293,280,266,259,260,270,283,300,310,313,305,285,257,225,193
GS01,09/11/07,173,165,171,190,219,247,273,291,301,298,291,280,270,265,268,278,290,301,310,309,299,280,253,225
GS01,09/11/08,199,183,179,185,203,227,252,274,290,295,295,288,280,274,269,274,281,289,298,302,300,291,275,253
GS01,09/11/09,229,209,196,192,199,212,231,252,272,284,290,290,286,280,275,272,271,273,280,285,288,289,285,274
GS01,09/11/10,258,241,224,212,207,210,221,237,256,274,288,293,294,292,284,276,270,265,265,268,272,278,283,284
GS01,09/11/11,279,272,260,245,235,230,229,239,255,272,290,304,310,310,303,292,279,264,253,249,251,259,268,279
GS01,09/11/12,285,285,281,267,252,237,228,226,232,246,261,278,290,296,295,286,270,251,235,224,221,226,242,259
GS01,09/11/13,277,291,295,290,279,264,251,243,242,250,265,284,303,317,322,316,301,279,255,236,225,226,239,258
GS01,09/11/14,281,304,321,328,322,312,292,278,271,270,279,297,316,332,339,339,322,298,268,240,217,208,210,226
GS01,09/11/15,247,274,300,315,322,315,300,281,265,258,259,269,287,306,321,327,320,299,268,235,206,188,183,191
GS01,09/11/16,212,242,271,296,311,314,305,288,269,254,248,251,265,283,299,311,308,297,273,240,209,183,168,169
GS01,09/11/17,184,210,243,274,298,310,309,299,284,266,254,253,262,276,295,312,320,314,296,266,233,202,181,175
GS01,09/11/18,183,204,235,266,296,313,319,313,298,281,267,259,260,272,287,303,314,312,301,275,241,208,180,164
GS01,09/11/19,163,177,201,232,263,289,303,306,298,284,271,260,257,263,277,294,308,314,310,292,263,231,201,180
GS01,09/11/20,169,174,193,220,249,275,294,302,300,289,276,263,257,258,265,282,295,305,308,297,278,250,220,198
GS01,09/11/21,184,180,191,210,240,266,289,304,308,302,293,281,270,269,273,281,294,304,308,305,291,269,242,214
GS01,09/11/22,196,187,189,201,221,244,265,283,292,291,285,274,265,260,259,265,275,283,293,295,289,276,256,233
GS01,09/11/23,215,203,199,204,217,238,259,275,290,293,292,286,278,270,268,266,270,277,284,288,288,280,269,253
GS01,09/11/24,236,221,213,213,218,230,247,262,278,287,290,292,285,277,272,266,265,268,271,278,282,282,278,271
GS01,09/11/25,258,247,237,232,232,236,250,264,278,292,298,301,301,294,286,277,271,266,266,269,273,279,281,280
GS01,09/11/26,275,267,258,250,245,243,247,255,267,279,289,297,299,297,290,279,269,258,250,249,254,259,268,274
GS01,09/11/27,277,278,274,266,258,252,251,254,262,274,285,298,306,308,304,294,278,262,249,243,242,250,262,275
GS01,09/11/28,286,296,298,293,285,275,267,263,266,273,283,295,306,313,311,301,285,262,240,225,217,220,234,252
GS01,09/11/29,271,289,299,301,296,288,276,267,264,267,276,289,304,316,320,314,299,276,249,225,211,208,218,237
GS01,09/11/30,261,287,307,319,322,314,302,288,279,276,278,291,306,321,332,331,319,295,263,232,206,194,196,211
GS01,09/12/01,235,267,295,317,328,329,318,304,289,277,276,283,296,314,330,338,332,314,284,248,215,192,182,190
GS01,09/12/02,212,242,277,307,328,338,336,323,306,289,281,281,293,310,329,344,345,333,307,269,232,201,179,177
GS01,09/12/03,190,216,253,289,321,340,348,343,330,312,298,294,299,314,333,352,364,360,343,310,271,234,204,189
GS01,09/12/04,189,206,235,269,306,335,351,353,344,326,309,297,294,302,318,336,353,357,348,326,293,254,218,192
GS01,09/12/05,181,185,206,237,272,307,332,345,343,333,319,304,297,300,311,330,348,359,360,349,328,297,260,230
GS01,09/12/06,209,201,207,229,259,290,320,339,345,341,330,314,302,297,300,310,321,336,341,339,327,305,277,244
GS01,09/12/07,218,200,196,206,225,253,283,306,320,324,317,304,292,281,276,279,288,299,309,312,311,302,285,263
GS01,09/12/08,238,218,206,204,214,234,257,281,299,310,309,302,290,277,266,262,263,269,278,288,294,295,290,279
GS01,09/12/09,262,245,233,224,225,234,252,272,292,307,314,312,302,291,278,267,260,260,263,269,278,286,290,290
GS01,09/12/10,285,273,261,250,243,243,251,263,279,294,304,307,303,294,281,265,252,241,236,238,247,256,266,276
GS01,09/12/11,282,282,276,268,260,254,255,261,272,287,300,309,312,308,298,283,266,250,239,235,238,247,262,276
GS01,09/12/12,290,301,304,300,293,286,278,277,282,291,304,313,320,322,318,304,285,264,243,226,223,226,237,255
GS01,09/12/13,275,294,308,313,311,304,295,286,282,285,295,304,316,322,323,313,295,272,246,222,208,203,209,226
GS01,09/12/14,249,272,295,311,316,312,304,292,283,282,287,296,308,319,326,324,313,291,263,234,211,197,196,204
GS01,09/12/15,226,254,282,304,318,320,316,303,291,283,280,284,295,309,321,327,323,305,278,247,217,197,186,190
GS01,09/12/16,207,233,264,294,312,325,325,314,300,288,280,280,288,303,318,329,331,321,300,269,237,208,189,186
GS01,09/12/17,193,215,247,278,306,323,330,325,310,296,284,277,282,293,310,327,335,332,316,288,257,225,198,184
GS01,09/12/18,186,201,226,259,286,310,322,323,314,300,285,273,270,279,293,309,323,326,317,296,269,237,207,187
GS01,09/12/19,181,187,208,235,263,289,307,314,309,297,283,269,262,265,276,293,309,317,316,301,279,251,221,196
GS01,09/12/20,184,184,197,220,249,275,299,310,312,303,290,275,263,263,270,283,299,312,316,309,292,268,242,215
GS01,09/12/21,196,190,196,213,237,262,284,297,304,299,287,272,259,250,251,260,274,287,295,293,285,267,244,221
GS01,09/12/22,200,189,191,202,220,244,267,286,296,295,288,274,261,251,246,252,260,273,284,288,286,276,261,240
GS01,09/12/23,221,209,204,208,222,240,261,280,292,298,294,284,270,257,250,248,251,261,272,278,283,282,272,258
GS01,09/12/24,243,229,221,220,225,238,255,274,288,296,297,290,278,264,252,245,243,246,254,261,268,274,273,265
GS01,09/12/25,258,246,239,235,236,244,257,271,284,296,300,296,287,276,261,249,240,236,237,242,252,259,266,269
GS01,09/12/26,269,265,259,254,253,255,262,273,284,295,303,306,302,294,281,265,249,238,232,231,236,246,257,267
GS01,09/12/27,275,278,277,274,269,266,267,270,278,286,295,301,301,299,289,271,254,235,221,212,212,221,235,253
GS01,09/12/28,269,283,293,294,292,290,285,283,285,293,301,310,317,317,312,298,277,253,228,208,198,201,211,230
GS01,09/12/29,251,272,289,298,300,297,290,281,276,276,281,289,298,305,306,300,284,258,230,200,182,174,178,195
GS01,09/12/30,221,249,276,297,307,310,304,292,283,275,277,285,296,309,319,321,311,291,262,226,197,178,172,181
GS01,09/12/31,204,236,271,302,322,332,331,321,306,293,288,288,296,310,321,330,327,311,282,245,207,176,156,153
