GS01,55/01/01,162,148,138,138,147,163,186,205,220,229,227,215,200,184,171,164,161,167,175,188,198,204,204,198
GS01,55/01/02,187,177,169,165,166,174,189,204,218,228,231,224,214,199,181,167,157,153,155,164,176,187,195,200
GS01,55/01/03,9999,9999,9999,9999,9999,9999,9999,9999,9999,9999,9999,9999,9999,9999,9999,9999,9999,9999,9999,9999,9999,9999,9999,9999
GS01,55/01/04,9999,9999,9999,9999,9999,9999,9999,9999,9999,9999,9999,9999,9999,9999,9999,9999,9999,9999,9999,9999,9999,9999,9999,9999
GS01,55/01/05,186,202,215,220,218,210,201,200,205,214,226,236,240,236,225,213,197,174,150,129,118,117,127,145
GS01,55/01/06,170,192,213,225,227,226,219,210,205,203,209,218,229,238,238,230,213,186,155,125,101,91,91,104
GS01,55/01/07,129,159,188,210,226,228,224,214,200,192,191,201,218,234,241,239,228,206,176,141,108,85,71,75
GS01,55/01/08,94,123,157,189,210,223,225,215,201,187,176,175,183,197,214,228,231,222,198,166,130,96,74,67
GS01,55/01/09,76,100,134,168,199,221,230,226,212,195,183,175,179,190,211,232,244,244,236,210,178,142,111,97
GS01,55/01/10,97,109,134,171,210,238,255,257,249,231,211,195,185,192,208,231,247,256,253,235,206,169,133,107
GS01,55/01/11,91,93,110,140,171,201,222,227,222,208,188,168,157,157,168,189,209,223,228,221,203,174,141,111
GS01,55/01/12,92,87,97,120,149,179,204,219,219,207,189,167,151,144,149,164,184,201,213,215,206,186,161,133
GS01,55/01/13,112,100,103,116,140,169,194,212,215,210,194,173,153,140,138,145,159,178,190,198,198,188,173,150
GS01,55/01/14,130,116,112,120,139,163,185,203,213,211,201,184,164,148,141,143,150,163,177,188,195,195,185,172
GS01,55/01/15,157,142,138,141,151,168,187,204,215,220,214,201,180,167,157,154,155,162,170,180,188,192,194,189
GS01,55/01/16,182,174,168,168,175,186,200,212,224,231,227,216,199,179,162,152,146,145,147,154,161,169,173,177
GS01,55/01/17,176,174,170,169,171,175,183,194,205,211,213,209,201,188,174,161,150,143,140,140,145,154,162,170
GS01,55/01/18,175,180,181,180,178,178,180,185,189,194,197,197,192,185,174,161,147,134,125,120,120,125,135,146
GS01,55/01/19,159,170,176,180,182,181,180,179,181,186,192,196,196,194,191,179,166,150,133,121,116,116,122,137
GS01,55/01/20,155,173,188,197,201,201,200,197,194,194,198,205,211,216,216,211,198,180,159,141,125,117,119,130
GS01,55/01/21,148,170,188,202,210,211,207,199,190,184,185,189,197,204,210,209,200,183,158,134,113,100,96,105
GS01,55/01/22,121,147,172,195,210,218,216,206,195,185,181,184,192,205,215,222,218,204,181,152,125,102,90,91
GS01,55/01/23,106,130,158,185,205,217,217,209,195,182,170,168,176,188,205,218,223,215,196,168,136,110,89,83
GS01,55/01/24,91,112,143,171,198,216,222,214,200,184,168,161,165,177,196,214,225,226,211,188,157,125,99,85
GS01,55/01/25,84,99,125,156,186,208,221,220,209,188,171,157,153,162,181,201,221,230,226,209,180,149,118,95
GS01,55/01/26,88,95,118,149,181,211,229,235,228,213,190,171,161,164,178,200,221,237,242,233,210,181,149,122
GS01,55/01/27,107,107,120,142,171,199,222,230,225,210,187,163,144,139,146,162,185,206,218,218,206,183,154,126
GS01,55/01/28,105,99,106,123,151,179,203,218,220,208,189,167,144,133,134,147,168,190,209,218,216,203,179,155
GS01,55/01/29,134,123,124,134,154,178,201,221,226,220,204,181,157,141,134,139,153,172,192,208,215,214,201,185
GS01,55/01/30,169,157,151,156,168,189,209,226,237,234,223,206,181,159,146,140,145,156,173,189,202,209,207,199
GS01,55/01/31,188,178,173,174,180,192,208,222,231,235,230,215,195,174,153,140,135,136,145,156,172,183,191,192
GS01,55/02/01,189,185,181,178,180,187,198,206,217,223,222,215,202,185,166,149,136,127,126,131,142,155,168,179
GS01,55/02/02,9999,9999,9999,9999,9999,9999,9999,9999,9999,9999,9999,9999,9999,9999,9999,9999,9999,9999,9999,9999,9999,9999,9999,9999
GS01,55/02/03,9999,9999,9999,9999,9999,9999,9999,9999,9999,9999,9999,9999,9999,9999,9999,9999,9999,9999,9999,9999,9999,9999,9999,9999
GS01,55/02/04,167,190,208,221,226,224,220,215,208,204,207,215,223,230,232,227,216,192,164,135,116,104,105,119
GS01,55/02/05,143,171,199,219,232,233,227,216,203,194,192,197,210,224,233,239,235,215,186,151,120,96,87,92
GS01,55/02/06,109,137,169,197,215,223,219,206,190,174,165,165,174,191,210,223,227,218,193,162,127,97,76,71
GS01,55/02/07,83,107,142,174,200,215,217,207,189,172,156,151,158,173,197,219,234,235,224,200,168,135,107,96
GS01,55/02/08,95,114,141,177,209,230,236,230,213,191,173,163,163,171,185,205,227,239,235,220,191,156,122,101
GS01,55/02/09,92,103,126,156,190,215,229,228,215,192,168,147,139,144,160,184,211,229,234,228,209,179,147,123
GS01,55/02/10,109,111,128,156,185,212,229,232,223,204,178,154,139,136,146,167,192,215,228,228,218,201,176,150
GS01,55/02/11,130,129,137,155,183,208,228,235,231,216,188,158,136,128,130,144,166,187,205,211,208,196,175,153
GS01,55/02/12,136,128,130,143,163,188,212,221,219,209,191,165,143,128,122,128,140,161,180,192,198,195,185,170
GS01,55/02/13,154,143,142,148,162,182,201,213,217,210,197,177,155,138,130,129,135,150,163,178,186,190,187,178
GS01,55/02/14,168,159,156,158,167,181,195,208,215,211,200,185,166,150,137,130,132,137,147,160,169,176,179,177
GS01,55/02/15,175,173,171,173,177,187,197,206,214,214,209,198,185,169,155,146,141,139,142,148,154,161,169,173
GS01,55/02/16,175,176,177,178,179,183,188,193,197,199,197,190,180,168,155,142,131,123,120,119,123,130,138,148
GS01,55/02/17,158,165,171,174,175,175,176,178,180,182,184,183,180,175,167,156,144,131,120,114,113,118,129,144
GS01,55/02/18,158,174,185,192,195,193,188,185,184,185,188,191,194,196,193,186,172,156,138,122,113,113,118,132
GS01,55/02/19,150,171,189,201,206,203,196,187,179,175,176,183,191,200,203,203,193,174,152,131,112,103,109,120
GS01,55/02/20,140,170,195,215,228,232,227,217,207,201,200,207,218,231,241,245,238,221,196,165,137,120,113,120
GS01,55/02/21,139,159,185,208,223,228,220,206,188,171,162,164,177,194,213,225,227,217,194,163,133,108,93,92
GS01,55/02/22,105,130,161,190,210,220,216,201,179,159,143,140,152,169,193,213,226,225,209,183,152,122,100,90
GS01,55/02/23,97,119,151,179,205,225,232,222,196,167,143,132,132,149,175,201,222,229,223,206,175,142,113,95
GS01,55/02/24,93,106,132,165,195,216,225,218,197,171,144,130,126,132,148,172,202,225,232,222,200,170,138,115
GS01,55/02/25,104,108,126,153,183,208,222,220,206,183,161,143,132,132,141,156,180,205,219,219,207,184,156,134
GS01,55/02/26,117,116,127,149,178,203,220,224,216,194,168,137,114,105,111,129,156,183,203,215,214,200,180,157
GS01,55/02/27,140,131,136,151,172,196,214,222,219,203,179,150,125,106,103,112,132,159,183,201,210,208,198,184
GS01,55/02/28,170,163,163,173,190,214,233,245,247,239,218,190,164,137,124,122,130,145,164,181,194,200,198,190
GS01,55/03/01,180,171,168,169,177,189,203,212,215,211,198,180,158,136,117,107,104,112,123,139,155,169,177,179
GS01,55/03/02,179,178,175,173,176,185,194,201,205,207,203,193,177,160,143,126,115,113,115,124,137,149,166,177
GS01,55/03/03,185,191,194,195,196,197,200,203,206,209,208,205,199,189,175,159,143,129,120,118,122,131,146,162
GS01,55/03/04,178,190,200,203,202,200,197,194,193,194,198,202,205,204,196,185,167,148,128,113,106,110,121,138
GS01,55/03/05,159,180,195,204,206,202,194,184,180,178,181,190,200,210,213,209,197,178,152,131,115,110,116,132
GS01,55/03/06,155,180,202,217,222,220,208,195,182,172,172,180,194,210,222,229,220,206,180,153,129,113,110,119
GS01,55/03/07,140,169,195,215,224,223,211,194,174,158,151,156,170,191,209,223,226,216,194,164,135,112,99,102
GS01,55/03/08,117,143,171,198,211,216,207,190,167,145,133,132,145,167,193,215,227,228,213,188,158,131,112,107
GS01,55/03/09,9999,9999,9999,9999,9999,9999,9999,9999,9999,9999,9999,9999,9999,9999,9999,9999,9999,9999,9999,9999,9999,9999,9999,9999
GS01,55/03/10,9999,9999,9999,9999,9999,9999,9999,9999,9999,9999,9999,9999,9999,9999,9999,9999,9999,9999,9999,9999,9999,9999,9999,9999
GS01,55/03/11,117,127,145,173,198,218,225,215,196,167,139,117,106,109,126,152,178,203,215,214,202,183,158,136
GS01,55/03/12,127,129,143,166,191,210,222,218,202,179,151,124,109,105,116,141,170,191,208,216,213,197,180,163
GS01,55/03/13,9999,9999,9999,9999,9999,9999,9999,9999,9999,9999,9999,9999,9999,9999,9999,9999,9999,9999,9999,9999,9999,9999,9999,9999
GS01,55/03/14,163,159,161,172,188,204,215,219,211,195,173,154,141,134,132,133,141,153,171,185,191,191,186,176
GS01,55/03/15,9999,9999,9999,9999,9999,9999,9999,9999,9999,9999,9999,9999,9999,9999,9999,9999,9999,9999,9999,9999,9999,9999,9999,9999
GS01,55/03/16,9999,9999,9999,9999,9999,9999,9999,9999,9999,9999,9999,9999,9999,9999,9999,9999,9999,9999,9999,9999,9999,9999,9999,9999
GS01,55/03/17,181,180,180,180,183,187,193,197,200,197,192,183,171,158,146,138,132,132,134,141,151,161,171,180
GS01,55/03/18,187,192,195,195,195,197,198,202,207,209,207,203,199,191,183,174,165,155,150,145,146,152,161,172
GS01,55/03/19,182,191,195,197,194,188,180,177,174,173,176,178,180,179,173,164,152,138,123,116,111,116,126,142
GS01,55/03/20,160,177,191,198,196,190,182,173,166,164,168,176,183,189,191,187,176,160,141,126,114,112,119,134
GS01,55/03/21,156,181,198,211,213,205,193,179,166,159,157,171,185,199,210,213,205,188,166,144,125,113,114,126
GS01,55/03/22,147,173,196,211,218,212,197,176,157,143,139,149,164,184,202,212,213,200,180,154,128,110,103,110
GS01,55/03/23,9999,9999,9999,9999,9999,9999,9999,9999,9999,9999,9999,9999,9999,9999,9999,9999,9999,9999,9999,9999,9999,9999,9999,9999
GS01,55/03/24,9999,9999,9999,9999,9999,9999,9999,9999,9999,9999,9999,9999,9999,9999,9999,9999,9999,9999,9999,9999,9999,9999,9999,9999
GS01,55/03/25,119,139,166,194,217,227,223,198,169,139,112,96,98,115,144,177,208,228,231,222,200,171,145,128
GS01,55/03/26,128,138,161,187,211,227,227,213,186,150,117,93,82,91,112,144,177,205,220,221,208,188,163,143
GS01,55/03/27,133,135,150,174,195,213,223,215,196,173,137,96,76,73,86,111,144,174,199,209,209,197,178,160
GS01,55/03/28,149,146,155,172,193,211,224,222,211,186,153,124,100,87,91,106,132,160,186,206,215,214,205,193
GS01,55/03/29,181,174,175,183,199,215,228,232,225,210,185,157,130,109,99,102,116,137,160,181,197,205,204,198
GS01,55/03/30,191,184,181,185,194,204,217,222,220,214,197,177,154,131,116,109,110,120,136,152,168,183,192,194
GS01,55/03/31,9999,9999,9999,9999,9999,9999,9999,9999,9999,9999,9999,9999,9999,9999,9999,9999,9999,9999,9999,9999,9999,9999,9999,9999
GS01,55/04/01,9999,9999,9999,9999,9999,9999,9999,9999,9999,9999,9999,9999,9999,9999,9999,9999,9999,9999,9999,9999,9999,9999,9999,9999
GS01,55/04/02,206,215,220,218,213,207,201,196,193,195,201,206,209,209,203,192,177,162,147,138,138,143,156,176
GS01,55/04/03,194,211,220,223,218,210,196,187,180,179,185,195,207,215,220,217,206,188,168,152,139,138,147,163
GS01,55/04/04,182,204,220,227,224,214,199,182,169,161,162,172,187,203,216,222,216,202,181,155,135,125,125,138
GS01,55/04/05,157,182,202,215,216,207,189,167,148,133,129,136,155,176,198,212,217,210,193,168,146,128,121,127
GS01,55/04/06,145,169,191,206,213,206,189,166,140,119,108,110,126,150,177,200,216,218,205,184,158,137,124,123
GS01,55/04/07,136,158,181,202,213,211,197,174,146,119,102,97,107,131,159,187,207,216,212,197,173,150,131,124
GS01,55/04/08,131,149,171,193,209,212,201,182,153,124,100,89,91,109,135,166,193,209,214,205,188,166,147,137
GS01,55/04/09,137,150,171,193,212,219,215,198,171,142,115,97,93,105,126,154,185,207,219,217,204,185,168,153
GS01,55/04/10,151,157,172,192,211,223,222,211,187,158,129,108,97,99,117,142,170,195,212,219,214,200,184,170
GS01,55/04/11,163,165,176,195,213,225,229,222,203,176,147,122,107,101,109,128,153,177,197,207,209,201,187,173
GS01,55/04/12,163,160,165,178,193,206,213,211,198,178,152,129,109,99,101,114,132,155,175,191,199,198,191,180
GS01,55/04/13,171,167,168,175,187,200,209,211,203,190,170,147,128,114,109,113,127,145,164,181,193,199,195,188
GS01,55/04/14,181,174,172,173,180,188,196,201,198,188,172,154,136,120,112,108,113,124,139,155,168,178,183,182
GS01,55/04/15,180,176,173,172,174,180,186,192,192,189,182,171,156,142,132,125,122,127,136,147,161,174,183,187
GS01,55/04/16,191,192,190,187,184,184,185,189,191,192,190,186,179,170,160,149,141,139,139,145,156,170,182,194
GS01,55/04/17,9999,9999,9999,9999,9999,9999,9999,9999,9999,9999,9999,9999,9999,9999,9999,9999,9999,9999,9999,9999,9999,9999,9999,9999
GS01,55/04/18,9999,9999,9999,9999,9999,9999,9999,9999,9999,9999,9999,9999,9999,9999,9999,9999,9999,9999,9999,9999,9999,9999,9999,9999
GS01,55/04/19,175,192,202,202,195,180,163,147,137,135,143,157,175,191,199,199,191,175,155,138,127,125,132,148
GS01,55/04/20,169,190,205,211,206,190,167,144,123,114,119,134,156,180,199,209,208,194,174,153,133,122,122,133
GS01,55/04/21,156,178,198,211,210,196,173,146,117,98,94,104,125,153,183,205,214,212,198,173,151,133,126,129
GS01,55/04/22,146,169,193,211,216,207,187,156,122,96,80,83,98,128,162,193,214,223,215,198,173,152,135,132
GS01,55/04/23,141,162,183,207,219,215,199,171,136,100,74,63,70,94,128,164,195,215,222,214,196,175,153,142
GS01,55/04/24,143,161,184,205,221,226,220,197,163,127,94,72,67,81,110,146,180,211,226,230,222,207,185,173
GS01,55/04/25,171,180,197,219,238,247,244,229,202,163,126,98,81,80,97,124,157,188,210,220,217,205,188,170
GS01,55/04/26,160,157,165,179,195,206,210,205,185,157,125,93,69,56,61,76,104,135,162,183,194,194,183,171
GS01,55/04/27,164,159,162,168,179,193,204,205,196,176,153,127,100,80,73,79,92,116,143,167,182,192,192,185
GS01,55/04/28,177,173,167,170,177,188,197,201,200,191,177,156,135,115,100,92,90,103,127,151,170,184,189,190
GS01,55/04/29,188,184,178,176,177,178,183,190,193,192,187,177,166,153,139,125,118,117,125,138,157,174,186,193
GS01,55/04/30,195,192,186,179,174,171,171,174,178,182,185,185,178,170,159,145,135,130,129,136,147,164,179,191
GS01,55/05/01,200,203,200,193,184,177,170,167,170,175,181,187,190,188,182,171,158,146,136,133,139,150,164,179
GS01,55/05/02,9999,9999,9999,9999,9999,9999,9999,9999,9999,9999,9999,9999,9999,9999,9999,9999,9999,9999,9999,9999,9999,9999,9999,9999
GS01,55/05/03,9999,9999,9999,9999,9999,9999,9999,9999,9999,9999,9999,9999,9999,9999,9999,9999,9999,9999,9999,9999,9999,9999,9999,9999
GS01,55/05/04,184,203,213,215,208,192,172,150,132,124,128,141,163,188,207,219,220,213,200,183,168,160,161,171
GS01,55/05/05,186,203,216,223,217,202,179,152,129,112,108,117,133,159,184,203,215,214,206,189,172,159,153,158
GS01,55/05/06,171,190,206,218,218,206,186,160,131,109,98,100,116,141,170,195,212,221,217,205,187,172,160,160
GS01,55/05/07,168,185,203,219,223,217,201,174,145,117,100,97,108,128,156,186,210,225,228,222,208,190,175,169
GS01,55/05/08,173,184,201,217,226,225,213,190,160,130,105,92,91,104,129,159,190,212,223,222,211,196,180,170
GS01,55/05/09,168,178,192,208,223,228,223,207,179,149,122,102,97,105,125,152,181,206,222,225,220,204,184,165
GS01,55/05/10,9999,9999,9999,9999,9999,9999,9999,9999,9999,9999,9999,9999,9999,9999,9999,9999,9999,9999,9999,9999,9999,9999,9999,9999
GS01,55/05/11,9999,9999,9999,9999,9999,9999,9999,9999,9999,9999,9999,9999,9999,9999,9999,9999,9999,9999,9999,9999,9999,9999,9999,9999
GS01,55/05/12,9999,9999,9999,9999,9999,9999,9999,9999,9999,9999,9999,9999,9999,9999,9999,9999,9999,9999,9999,9999,9999,9999,9999,9999
GS01,55/05/13,204,196,194,197,204,212,222,224,221,208,191,171,150,136,127,126,135,150,168,188,203,211,213,208
GS01,55/05/14,200,193,186,183,186,192,199,205,206,202,193,180,163,147,136,131,131,140,154,172,188,200,206,206
GS01,55/05/15,204,197,189,181,177,178,182,188,193,195,193,188,178,166,153,142,137,139,147,158,172,187,199,206
GS01,55/05/16,208,204,197,185,175,170,168,171,178,185,191,193,192,186,177,167,158,151,149,156,167,182,196,208
GS01,55/05/17,216,216,210,199,184,169,160,156,160,169,180,192,199,202,199,192,181,168,159,158,163,176,190,206
GS01,55/05/18,218,227,223,214,198,179,161,148,146,152,168,186,202,215,223,221,212,199,183,173,170,175,187,204
GS01,55/05/19,220,233,236,227,212,188,163,142,128,127,140,159,183,206,222,230,228,216,201,183,174,170,176,190
GS01,55/05/20,207,224,233,234,221,198,171,140,119,106,109,126,152,182,210,231,240,238,224,208,192,180,179,187
GS01,55/05/21,205,221,236,242,235,217,186,153,120,96,87,94,115,149,182,213,233,240,234,220,203,186,178,179
GS01,55/05/22,189,207,226,240,243,233,210,177,139,111,91,84,90,112,148,185,219,237,243,236,222,204,187,180
GS01,55/05/23,182,195,213,230,241,240,225,198,160,123,90,72,70,86,114,150,185,215,231,233,226,212,195,181
GS01,55/05/24,177,183,198,216,230,239,235,217,187,151,115,89,76,78,96,127,162,196,221,234,235,226,212,197
GS01,55/05/25,187,188,196,210,228,239,244,238,218,191,156,125,102,95,101,119,149,179,208,228,237,235,225,209
GS01,55/05/26,195,189,192,199,211,225,236,236,226,208,182,153,126,108,104,111,128,155,181,205,221,227,223,212
GS01,55/05/27,199,188,183,182,190,201,213,218,220,212,195,175,151,130,119,116,123,139,161,185,203,214,216,211
GS01,55/05/28,201,188,180,174,173,178,187,195,200,201,197,186,172,154,139,131,129,138,151,172,188,204,213,214
GS01,55/05/29,209,200,188,178,173,172,175,182,190,198,204,203,197,188,178,167,162,163,170,182,198,212,223,228
GS01,55/05/30,226,219,208,194,179,172,169,170,176,185,194,200,204,201,196,186,177,170,168,173,182,196,207,216
GS01,55/05/31,220,217,209,195,178,163,151,145,145,153,163,177,187,196,197,193,185,176,168,166,171,179,192,203
GS01,55/06/01,211,214,209,198,181,164,146,133,130,132,144,159,176,192,202,205,202,193,184,176,176,180,190,203
GS01,55/06/02,212,221,222,213,198,178,155,136,125,121,129,146,166,187,204,213,214,209,200,190,182,180,187,197
GS01,55/06/03,210,222,228,225,214,196,172,146,126,115,115,128,148,172,196,213,222,221,212,200,188,180,180,186
GS01,55/06/04,199,213,222,224,216,198,173,146,122,103,98,106,123,150,176,202,216,222,218,207,194,179,167,160
GS01,55/06/05,9999,9999,9999,9999,9999,9999,9999,9999,9999,9999,9999,9999,9999,9999,9999,9999,9999,9999,9999,9999,9999,9999,9999,9999
GS01,55/06/06,176,191,206,218,223,219,200,175,146,118,98,89,95,113,140,169,198,216,224,221,210,195,181,175
GS01,55/06/07,176,188,202,216,224,226,214,193,165,136,112,98,95,108,129,158,187,212,225,228,221,209,194,172
GS01,55/06/08,9999,9999,9999,9999,9999,9999,9999,9999,9999,9999,9999,9999,9999,9999,9999,9999,9999,9999,9999,9999,9999,9999,9999,9999
GS01,55/06/09,9999,9999,9999,9999,9999,9999,9999,9999,9999,9999,9999,9999,9999,9999,9999,9999,9999,9999,9999,9999,9999,9999,9999,9999
GS01,55/06/10,9999,9999,9999,9999,9999,9999,9999,9999,9999,9999,9999,9999,9999,9999,9999,9999,9999,9999,9999,9999,9999,9999,9999,9999
GS01,55/06/11,9999,9999,9999,9999,9999,9999,9999,9999,9999,9999,9999,9999,9999,9999,9999,9999,9999,9999,9999,9999,9999,9999,9999,9999
GS01,55/06/12,190,178,169,167,173,184,194,204,206,202,191,176,156,139,129,127,135,148,167,187,202,211,212,206
GS01,55/06/13,195,182,169,160,158,162,171,182,189,193,190,182,170,157,145,137,137,144,155,172,188,201,208,208
GS01,55/06/14,201,188,174,159,149,146,150,157,168,177,184,186,183,174,164,154,147,147,154,165,180,195,207,212
GS01,55/06/15,211,200,187,169,154,143,140,142,152,165,178,189,194,195,191,184,176,171,169,175,186,199,212,222
GS01,55/06/16,226,224,213,196,174,155,142,135,137,148,165,184,198,208,212,210,202,192,186,181,183,191,201,212
GS01,55/06/17,221,223,217,202,179,155,131,113,104,109,123,144,168,189,205,213,212,204,194,186,179,182,191,203
GS01,55/06/18,214,225,228,219,200,174,144,118,99,91,97,117,145,175,201,220,229,228,219,207,196,191,192,202
GS01,55/06/19,216,232,243,243,233,213,185,151,121,102,96,105,128,159,190,218,237,244,240,227,213,199,193,195
GS01,55/06/20,205,220,236,245,242,227,200,167,130,97,77,68,73,94,132,177,212,233,239,232,218,202,189,184
GS01,55/06/21,189,201,219,234,243,238,223,192,158,120,89,71,69,85,116,155,192,217,233,235,227,212,195,182
GS01,55/06/22,178,185,199,218,235,242,235,218,187,152,114,88,77,82,100,131,166,200,222,232,227,215,198,180
GS01,55/06/23,170,169,179,194,212,226,231,224,204,174,138,109,87,81,90,113,144,176,204,221,225,218,203,187
GS01,55/06/24,172,164,167,178,196,212,225,227,218,198,171,143,118,105,104,117,139,167,196,216,225,225,213,197
GS01,55/06/25,181,168,163,166,178,193,209,217,218,208,191,171,147,130,123,126,139,159,184,206,221,225,221,208
GS01,55/06/26,190,177,166,162,167,178,191,203,208,207,199,185,168,150,137,134,138,150,169,187,202,211,210,201
GS01,55/06/27,188,172,157,147,143,147,156,166,177,184,185,182,173,162,153,147,147,155,167,182,198,211,214,211
GS01,55/06/28,201,187,172,156,148,144,146,153,164,173,180,184,187,184,178,174,171,171,177,187,198,209,216,216
GS01,55/06/29,211,202,189,171,157,145,140,139,144,153,164,176,183,186,186,184,177,176,178,184,193,202,209,211
GS01,55/06/30,212,205,194,178,162,147,135,128,128,132,144,158,174,187,194,196,195,190,186,184,186,193,201,208
GS01,55/07/01,211,210,203,191,176,157,139,125,118,117,126,141,160,181,194,203,204,200,194,188,183,185,190,198
GS01,55/07/02,206,211,212,205,191,169,147,127,112,105,107,121,141,163,184,199,208,207,202,194,186,182,183,190
GS01,55/07/03,198,208,214,213,204,187,165,141,119,105,101,108,129,153,179,202,217,221,217,207,196,185,177,174
GS01,55/07/04,9999,9999,9999,9999,9999,9999,9999,9999,9999,9999,9999,9999,9999,9999,9999,9999,9999,9999,9999,9999,9999,9999,9999,9999
GS01,55/07/05,9999,9999,9999,9999,9999,9999,9999,9999,9999,9999,9999,9999,9999,9999,9999,9999,9999,9999,9999,9999,9999,9999,9999,9999
GS01,55/07/06,176,189,204,218,227,226,215,192,161,132,107,94,95,110,134,163,192,213,225,224,214,199,181,169
GS01,55/07/07,167,177,191,210,224,229,224,206,179,146,118,99,93,100,120,147,176,204,220,223,217,203,184,169
GS01,55/07/08,161,164,175,191,210,221,222,213,191,163,137,115,101,101,113,133,160,191,212,221,219,207,188,170
GS01,55/07/09,157,154,161,176,194,209,217,216,202,180,152,126,109,101,107,125,150,177,201,216,222,216,198,178
GS01,55/07/10,162,153,158,175,198,218,226,222,212,197,177,152,131,117,115,126,145,170,194,213,224,221,208,190
GS01,55/07/11,170,153,146,146,156,173,191,203,207,204,191,173,154,137,130,133,145,166,189,209,222,225,218,205
GS01,55/07/12,185,166,150,143,146,155,169,185,197,203,199,189,175,160,149,147,152,166,183,202,216,225,224,214
GS01,55/07/13,197,178,159,145,139,141,152,166,180,190,196,196,190,181,172,165,164,169,180,195,208,219,224,220
GS01,55/07/14,209,193,173,154,138,132,132,140,153,169,182,192,197,195,191,184,179,180,183,190,202,212,220,223
GS01,55/07/15,220,209,193,172,151,134,125,125,130,145,165,183,197,205,209,210,204,199,195,194,198,206,216,225
GS01,55/07/16,227,227,217,197,173,148,127,113,107,112,130,152,175,195,209,217,217,212,204,197,196,201,208,216
GS01,55/07/17,225,233,233,221,201,175,146,121,103,99,106,126,153,184,207,223,232,231,224,211,201,196,198,207
GS01,55/07/18,220,234,242,242,231,207,177,143,114,94,92,103,125,159,193,220,239,245,240,227,212,199,194,198
GS01,55/07/19,209,227,243,254,256,244,219,183,145,113,94,91,105,134,171,205,235,249,251,242,226,208,194,189
GS01,55/07/20,195,212,232,249,258,257,243,213,177,139,110,94,95,115,146,184,217,240,251,249,234,214,195,184
GS01,55/07/21,181,191,207,230,249,257,254,239,207,169,134,110,100,109,132,167,200,229,246,251,241,224,200,181
GS01,55/07/22,168,173,185,206,228,244,252,246,225,196,161,133,116,112,126,152,185,216,237,248,242,227,206,183
GS01,55/07/23,166,161,169,184,206,227,243,246,236,215,188,158,136,125,129,148,175,204,229,245,247,235,215,190
GS01,55/07/24,171,161,158,166,184,204,222,234,233,222,202,180,156,143,141,150,169,193,216,235,242,237,222,202
GS01,55/07/25,179,162,152,152,161,177,194,209,218,216,207,191,173,157,149,153,164,183,204,221,232,232,221,203
GS01,55/07/26,183,163,147,140,143,153,167,180,192,197,195,189,179,169,161,161,169,180,194,209,221,225,221,208
GS01,55/07/27,191,174,157,145,139,141,148,160,170,181,186,188,186,182,179,174,176,181,191,202,212,219,219,214
GS01,55/07/28,202,186,171,155,144,138,139,143,152,162,173,181,186,189,190,188,186,187,192,198,205,213,216,214
GS01,55/07/29,210,199,186,171,157,144,136,134,137,145,157,170,182,192,198,200,199,197,197,197,199,205,210,212
GS01,55/07/30,213,209,201,189,171,156,140,130,127,131,142,156,172,188,200,209,211,206,203,197,194,197,201,208
GS01,55/07/31,214,216,213,204,189,171,149,133,121,119,125,141,161,183,200,213,219,219,211,203,195,192,194,200
GS01,55/08/01,207,217,220,217,207,188,165,142,122,112,112,124,143,168,193,212,223,224,218,206,194,185,182,188
GS01,55/08/02,199,211,223,227,221,206,183,155,129,111,104,110,129,154,181,206,223,228,226,213,198,184,176,176
GS01,55/08/03,186,202,218,230,233,223,202,175,146,119,106,104,115,137,166,196,218,229,227,215,197,182,170,165
GS01,55/08/04,171,185,204,220,232,231,217,193,163,133,109,100,104,122,151,183,210,228,232,226,210,190,171,160
GS01,55/08/05,160,173,193,215,233,242,236,217,188,156,127,109,109,119,145,179,209,231,242,239,224,203,178,162
GS01,55/08/06,156,163,181,205,225,240,245,235,212,180,150,126,115,121,141,168,199,227,245,247,235,216,191,170
GS01,55/08/07,155,155,168,188,213,235,247,246,232,207,176,149,134,131,142,167,195,223,244,253,247,230,206,179
GS01,55/08/08,161,153,157,175,199,222,241,249,244,223,200,175,157,149,153,168,193,217,240,251,251,241,219,195
GS01,55/08/09,172,156,151,157,176,198,219,235,239,232,216,197,179,165,163,171,190,211,232,246,252,249,233,209
GS01,55/08/10,186,163,151,150,158,175,196,214,228,232,226,214,201,189,184,187,194,211,228,242,252,253,244,225
GS01,55/08/11,204,180,161,149,146,153,172,189,207,218,223,220,214,206,199,196,199,207,219,232,239,245,241,232
GS01,55/08/12,219,198,176,156,145,142,148,157,173,190,204,212,217,217,213,209,207,209,212,219,227,233,235,234
GS01,55/08/13,227,213,194,172,151,138,130,131,140,153,172,188,202,214,219,219,216,211,207,209,213,219,224,228
GS01,55/08/14,229,225,215,198,174,151,135,122,120,127,145,166,189,210,224,232,232,226,217,210,207,209,214,222
GS01,55/08/15,230,234,234,225,206,180,151,129,113,109,117,135,162,190,214,230,237,234,222,207,198,191,194,201
GS01,55/08/16,213,226,236,235,225,205,175,145,118,101,100,111,135,167,197,221,236,239,230,212,195,183,177,183
GS01,55/08/17,196,215,232,242,242,230,205,170,137,111,96,98,113,143,177,209,231,239,235,216,197,179,164,162
GS01,55/08/18,171,190,212,233,243,240,225,196,159,125,103,95,101,126,160,193,220,235,235,224,199,176,157,147
GS01,55/08/19,153,167,190,214,234,243,237,219,186,154,125,108,104,118,146,181,212,232,240,231,210,185,159,145
GS01,55/08/20,141,150,169,193,218,237,241,231,208,178,150,127,117,125,143,173,204,227,240,239,223,198,169,147
GS01,55/08/21,134,139,152,175,200,220,236,236,223,200,175,151,136,134,148,171,198,221,237,239,227,205,179,154
GS01,55/08/22,137,129,134,153,174,198,214,223,218,206,186,164,148,142,149,166,188,209,227,235,229,212,190,164
GS01,55/08/23,142,131,128,139,157,176,195,208,211,205,194,179,165,158,158,167,183,203,220,231,230,219,201,177
GS01,55/08/24,157,141,132,135,145,160,176,192,201,202,197,188,179,171,169,174,183,197,211,222,227,222,207,189
GS01,55/08/25,171,152,137,133,135,142,157,169,182,188,191,188,184,178,175,175,182,190,201,212,219,218,209,196
GS01,55/08/26,179,164,150,141,136,139,144,153,165,173,182,186,187,187,188,187,187,191,199,207,212,214,211,204
GS01,55/08/27,194,181,168,156,146,142,140,146,152,161,172,182,189,197,200,199,199,198,197,201,205,208,210,209
GS01,55/08/28,204,198,186,174,160,149,139,135,134,141,151,168,181,193,201,203,201,197,193,189,188,191,195,197
GS01,55/08/29,201,200,196,186,171,155,139,129,124,123,133,148,165,184,198,204,205,200,191,182,180,178,180,185
GS01,55/08/30,196,202,205,200,187,169,148,131,117,113,117,132,153,176,197,211,214,211,201,189,178,172,172,181
GS01,55/08/31,193,206,216,217,211,196,173,148,128,115,113,124,143,169,195,215,224,225,215,198,182,171,165,171
GS01,55/09/01,184,201,217,226,226,216,195,169,142,121,109,112,127,152,181,207,223,228,221,203,183,165,152,152
GS01,55/09/02,161,181,203,223,234,230,216,192,161,136,114,110,118,140,169,199,224,237,237,221,198,174,153,144
GS01,55/09/03,149,167,193,219,239,248,243,225,196,166,138,123,122,139,167,198,226,244,246,234,214,183,157,138
GS01,55/09/04,135,147,170,200,226,243,249,238,215,180,150,129,123,132,156,186,214,237,245,235,215,186,153,130
GS01,55/09/05,118,125,144,173,205,229,242,242,226,200,172,147,133,136,153,179,205,229,240,240,227,198,179,139
GS01,55/09/06,119,114,122,145,172,201,223,233,229,212,189,166,151,145,151,170,196,220,236,241,235,213,187,154
GS01,55/09/07,128,116,114,130,153,180,204,223,229,222,208,190,173,163,162,174,193,215,232,240,241,227,205,176
GS01,55/09/08,148,127,117,119,135,155,179,200,212,217,213,203,192,182,181,187,198,212,227,238,243,238,222,201
GS01,55/09/09,176,154,139,130,134,145,162,182,201,213,218,217,212,208,205,205,209,217,228,239,245,247,240,226
GS01,55/09/10,211,189,169,153,145,143,150,163,178,194,207,216,221,222,218,216,216,216,219,225,229,233,232,230
GS01,55/09/11,219,208,191,172,155,145,139,139,148,164,181,197,209,219,225,225,220,214,210,209,210,215,219,222
GS01,55/09/12,223,219,211,195,176,154,140,131,130,138,153,173,193,210,221,225,224,214,204,195,191,192,199,209
GS01,55/09/13,218,226,227,218,203,181,157,136,127,125,138,156,182,205,227,237,237,229,214,199,188,182,185,195
GS01,55/09/14,209,227,236,237,229,209,182,154,130,117,119,132,157,184,210,227,232,226,211,192,174,159,155,162
GS01,55/09/15,178,200,220,233,234,222,200,172,143,121,112,117,138,167,197,219,231,227,213,191,166,148,136,139
GS01,55/09/16,156,180,205,226,237,233,219,192,162,135,117,117,130,155,186,213,231,233,221,199,174,147,127,122
GS01,55/09/17,131,151,179,208,226,234,227,209,181,153,130,121,128,146,173,201,223,233,230,213,187,156,132,119
GS01,55/09/18,122,136,162,193,221,238,243,234,210,183,159,141,134,144,174,203,226,240,240,228,202,170,140,119
GS01,55/09/19,115,125,145,171,198,219,230,226,211,189,164,145,139,145,161,183,205,222,229,221,199,173,142,117
GS01,55/09/20,105,105,120,143,170,195,211,217,210,194,175,159,148,147,156,174,197,215,226,225,211,184,158,130
GS01,55/09/21,112,108,114,130,154,177,198,212,214,205,191,174,163,157,164,178,195,212,225,227,220,203,176,151
GS01,55/09/22,130,119,117,127,145,165,184,200,209,208,201,189,180,174,175,183,195,210,222,227,227,216,196,176
GS01,55/09/23,153,138,132,134,143,157,175,191,204,210,208,204,199,194,192,195,202,212,221,229,230,222,212,195
GS01,55/09/24,176,161,148,143,143,149,161,173,184,193,196,196,195,193,189,189,191,196,200,206,209,206,199,190
GS01,55/09/25,177,163,150,142,135,135,139,147,159,169,178,185,188,191,192,192,191,190,190,191,193,195,196,195
GS01,55/09/26,190,179,167,156,145,137,134,135,141,151,165,178,188,198,200,201,197,192,186,183,183,184,189,195
GS01,55/09/27,198,197,190,179,167,151,141,133,131,139,149,165,183,197,206,209,204,196,185,176,172,171,178,186
GS01,55/09/28,197,206,209,203,192,175,158,143,133,132,141,160,180,200,215,222,220,211,195,178,166,162,165,175
GS01,55/09/29,191,207,217,219,210,194,172,150,133,122,125,140,161,187,211,224,228,219,202,179,159,146,144,153
GS01,55/09/30,173,195,216,227,227,216,194,168,146,128,124,131,147,175,203,224,233,227,209,182,157,137,128,134
GS01,55/10/01,151,178,205,226,236,229,211,185,156,133,120,123,136,161,188,212,227,226,209,184,152,125,107,104
GS01,55/10/02,117,141,171,201,222,226,218,195,167,138,119,114,123,142,170,198,219,223,213,187,153,121,95,85
GS01,55/10/03,90,112,142,177,207,225,225,211,187,159,138,127,126,140,164,191,216,228,223,203,173,137,107,87
GS01,55/10/04,83,99,126,161,195,220,231,226,210,187,163,147,142,150,170,195,218,235,239,226,199,163,129,100
GS01,55/10/05,88,94,112,142,177,209,229,234,228,211,191,175,165,166,177,195,218,234,242,236,216,186,152,120
GS01,55/10/06,99,92,97,115,142,174,201,216,220,213,200,185,174,169,172,186,203,220,231,233,224,205,179,149
GS01,55/10/07,124,107,101,109,130,156,181,204,217,221,218,210,201,194,192,199,210,223,235,242,240,228,210,186
GS01,55/10/08,162,143,130,126,132,145,164,184,201,211,217,216,210,203,198,197,201,207,212,218,219,214,207,192
GS01,55/10/09,174,154,135,121,115,116,126,140,157,172,184,191,194,193,191,188,184,183,183,188,192,195,197,192
GS01,55/10/10,184,172,156,142,128,120,119,123,135,151,168,183,191,198,199,195,188,181,177,176,178,184,191,199
GS01,55/10/11,202,200,195,184,168,155,144,141,147,160,177,198,218,232,239,238,228,213,198,187,182,183,189,198
GS01,55/10/12,209,218,217,208,193,174,153,137,128,127,138,156,179,199,211,217,212,198,180,161,149,146,153,167
GS01,55/10/13,184,204,216,218,210,192,171,149,131,125,131,146,166,190,209,222,221,207,184,160,140,128,132,144
GS01,55/10/14,164,188,209,222,223,214,194,169,148,135,136,147,168,194,218,232,236,223,202,175,149,132,127,135
GS01,55/10/15,156,183,210,232,242,239,222,197,174,155,147,151,168,191,216,235,242,237,215,185,155,129,112,113
GS01,55/10/16,128,154,184,211,230,235,228,207,182,158,143,140,150,170,193,214,225,225,209,186,153,121,98,91
GS01,55/10/17,100,120,151,182,208,222,225,214,192,169,149,139,145,160,185,206,223,230,220,197,165,132,107,91
GS01,55/10/18,90,108,134,165,195,219,228,223,210,190,169,156,155,165,181,203,221,230,226,211,185,155,125,104
GS01,55/10/19,94,101,120,149,179,203,218,221,215,199,180,164,156,161,173,192,211,222,224,218,198,167,137,112
GS01,55/10/20,98,98,112,133,161,186,207,218,218,209,195,181,173,176,183,200,218,232,241,238,222,198,171,145
GS01,55/10/21,124,119,124,137,158,180,200,215,219,214,206,194,184,179,181,190,202,214,221,221,214,197,176,153
GS01,55/10/22,132,120,118,124,136,154,176,192,202,205,201,193,187,179,179,185,192,201,209,213,211,199,183,165
GS01,55/10/23,149,134,125,125,132,145,160,175,190,196,199,199,194,189,185,183,186,190,196,200,202,199,192,181
GS01,55/10/24,164,150,140,134,132,136,146,159,174,184,191,194,196,195,192,188,185,183,183,186,190,192,191,187
GS01,55/10/25,178,168,159,149,143,141,143,150,162,175,186,194,200,201,199,192,184,177,172,172,174,179,183,188
GS01,55/10/26,188,184,178,169,157,148,143,144,153,164,181,197,210,217,220,216,204,192,180,173,171,173,181,191
GS01,55/10/27,201,207,205,196,182,165,151,145,145,153,168,185,202,216,223,219,207,189,169,153,145,147,158,174
GS01,55/10/28,193,209,217,212,201,184,166,153,146,147,158,176,198,219,231,234,223,203,181,158,142,138,146,166
GS01,55/10/29,194,218,235,242,237,223,203,182,168,161,166,181,203,226,245,252,245,225,196,164,138,125,124,141
GS01,55/10/30,166,196,222,241,245,237,220,198,177,163,160,170,190,213,238,254,254,238,209,173,139,112,102,109
GS01,55/10/31,132,164,198,228,245,245,233,213,188,168,156,157,169,192,217,238,248,239,216,181,142,110,87,85
GS01,55/11/01,98,127,166,202,231,241,240,228,208,187,168,161,166,183,208,229,247,248,237,205,166,128,96,78
GS01,55/11/02,83,104,136,175,210,237,247,243,231,209,193,179,178,188,207,231,252,261,256,233,200,160,123,97
GS01,55/11/03,86,95,117,150,187,218,236,243,238,223,206,190,182,182,194,213,232,245,249,239,214,181,143,114
GS01,55/11/04,93,86,96,119,150,181,208,225,227,223,214,199,189,184,186,198,216,229,240,238,224,204,174,143
GS01,55/11/05,118,102,100,111,133,161,187,209,223,227,222,213,203,196,194,198,207,219,231,236,233,221,201,177
GS01,55/11/06,149,131,118,117,126,143,166,190,207,216,219,218,213,205,197,194,198,201,208,214,218,213,207,192
GS01,55/11/07,175,157,140,131,128,133,146,163,182,196,205,208,205,200,190,185,179,178,180,182,188,194,198,199
GS01,55/11/08,191,179,167,152,143,140,146,156,170,187,202,212,218,218,212,202,192,184,178,178,181,189,197,203
GS01,55/11/09,205,204,197,185,169,159,154,156,163,177,192,205,213,217,213,204,188,172,160,149,149,156,167,180
GS01,55/11/10,190,200,201,196,181,169,157,151,155,161,175,191,207,218,221,215,202,181,162,145,137,136,146,161
GS01,55/11/11,180,197,209,211,205,192,176,163,159,159,169,184,200,212,221,221,212,190,165,143,127,119,125,141
GS01,55/11/12,163,186,205,218,219,212,198,180,166,160,165,177,193,211,224,229,224,205,179,150,127,112,112,124
GS01,55/11/13,147,174,199,217,227,227,215,197,181,169,166,175,190,210,226,235,236,220,194,164,135,112,105,111
GS01,55/11/14,129,155,186,210,227,232,225,211,194,179,171,171,183,199,217,230,235,225,203,173,140,112,95,92
GS01,55/11/15,104,127,157,188,211,224,227,217,201,184,169,163,170,184,204,220,232,230,214,191,157,127,102,93
GS01,55/11/16,97,115,144,176,205,224,235,233,223,205,188,178,179,190,207,225,240,245,236,218,185,152,121,98
GS01,55/11/17,91,100,125,156,189,212,225,225,214,197,183,168,165,171,182,197,208,214,211,196,170,142,114,92
GS01,55/11/18,80,84,98,122,150,176,197,206,204,194,182,167,161,161,167,182,197,206,211,203,186,164,137,115
GS01,55/11/19,93,83,95,118,145,173,198,212,216,211,200,186,176,172,176,187,200,212,220,217,205,185,161,137
GS01,55/11/20,118,109,110,122,142,165,185,202,212,211,205,196,185,177,175,180,190,201,207,208,204,193,174,156
GS01,55/11/21,135,122,118,121,134,153,174,194,207,214,214,208,200,195,189,189,194,205,213,219,220,216,207,192
GS01,55/11/22,177,160,148,146,151,163,178,195,209,219,223,220,212,203,195,188,186,188,191,197,201,202,199,191
GS01,55/11/23,180,167,156,148,146,150,160,173,188,201,210,213,211,206,196,184,176,170,167,170,174,180,186,186
GS01,55/11/24,182,174,164,154,149,146,149,156,170,183,196,204,209,207,199,188,174,161,152,152,155,164,176,188
GS01,55/11/25,194,193,187,180,170,160,157,158,164,175,190,204,214,217,213,201,184,164,148,137,136,142,157,174
GS01,55/11/26,189,201,205,201,192,180,169,163,163,169,181,197,211,221,222,213,195,171,145,125,114,117,128,148
GS01,55/11/27,170,191,205,211,207,196,181,169,161,161,171,186,203,217,227,224,209,183,153,125,106,98,105,124
GS01,55/11/28,151,181,205,221,227,223,209,194,179,172,173,183,201,219,233,240,231,209,176,139,109,88,84,93
GS01,55/11/29,119,153,188,213,228,231,224,207,189,174,166,170,184,202,219,230,232,219,191,153,117,86,67,67
GS01,55/11/30,81,113,151,187,215,230,233,225,209,191,177,173,181,196,218,238,247,243,226,192,151,117,90,75
GS01,55/12/01,77,98,132,172,208,232,246,245,233,215,196,185,184,193,208,228,241,243,233,209,177,137,101,77
GS01,55/12/02,65,72,94,126,163,196,219,229,226,214,196,181,173,175,188,206,225,238,239,227,201,169,131,100
GS01,55/12/03,81,73,85,109,144,178,205,224,230,224,209,194,179,174,179,192,207,222,230,229,215,193,160,127
GS01,55/12/04,103,88,87,100,123,154,182,206,218,220,213,199,184,174,170,176,189,202,213,221,219,206,185,158
GS01,55/12/05,132,112,102,103,116,138,162,188,207,214,213,204,190,176,167,165,169,177,187,196,203,201,194,181
GS01,55/12/06,162,142,129,124,127,139,158,179,197,209,214,211,203,189,178,168,162,162,167,173,181,185,186,181
GS01,55/12/07,172,159,146,135,131,135,145,160,177,191,200,201,198,190,177,166,156,150,149,154,161,169,176,180
GS01,55/12/08,180,176,169,160,153,149,151,159,171,184,195,201,202,198,189,175,159,146,137,134,137,145,157,169
GS01,55/12/09,178,184,185,180,171,163,159,160,166,176,187,196,201,201,194,182,164,146,128,115,111,116,128,144
GS01,55/12/10,160,174,183,184,182,176,169,164,164,169,180,193,201,208,207,199,184,163,140,122,109,108,115,132
GS01,55/12/11,151,173,190,200,203,198,190,180,173,173,178,188,200,210,215,213,201,183,156,131,111,102,103,116
GS01,55/12/12,136,160,184,200,210,209,203,190,179,172,172,179,190,205,217,220,213,197,172,144,119,102,98,106
GS01,55/12/13,125,150,180,203,219,223,221,211,197,185,180,182,193,207,221,229,229,215,192,162,134,107,95,95
GS01,55/12/14,105,128,158,187,209,220,222,215,201,187,175,172,178,192,209,222,229,224,206,181,148,119,99,91
GS01,55/12/15,97,117,145,175,203,221,229,227,215,200,186,178,181,193,210,228,238,241,229,206,178,146,121,107
GS01,55/12/16,106,120,145,176,207,230,243,244,235,219,201,191,185,192,205,224,238,244,239,222,196,166,136,116
GS01,55/12/17,107,114,132,157,188,214,231,240,236,225,209,195,186,187,198,214,231,240,241,231,211,183,152,127
GS01,55/12/18,110,109,119,141,169,195,216,228,231,224,209,195,183,180,185,200,217,230,238,233,220,197,171,143
GS01,55/12/19,125,119,123,138,162,187,210,226,233,229,218,203,189,179,179,187,200,215,226,229,224,210,188,164
GS01,55/12/20,144,131,130,138,157,179,204,221,233,235,229,215,200,188,182,184,192,204,215,224,226,220,205,185
GS01,55/12/21,165,153,146,149,161,181,204,224,239,243,239,228,216,200,190,184,185,192,203,212,217,217,211,200
GS01,55/12/22,184,169,159,154,157,168,185,203,218,228,230,223,210,196,181,169,163,164,169,178,188,194,196,192
GS01,55/12/23,184,172,162,155,152,159,170,185,199,213,219,219,213,201,186,171,159,151,150,156,165,177,185,192
GS01,55/12/24,192,188,181,173,167,165,168,177,188,200,211,216,215,209,195,178,157,142,132,130,135,147,162,177
GS01,55/12/25,188,196,197,193,187,182,179,181,187,196,208,217,222,223,214,198,177,153,133,120,116,125,142,163
GS01,55/12/26,185,204,216,220,217,211,204,198,196,200,209,219,231,239,238,227,207,181,152,127,114,112,122,144
GS01,55/12/27,172,200,222,237,243,244,236,226,221,220,228,237,250,265,274,271,257,233,200,165,137,122,122,138
GS01,55/12/28,163,195,227,253,268,269,261,247,232,220,217,222,233,249,263,269,264,245,212,173,136,108,95,98
GS01,55/12/29,118,149,185,220,245,258,259,248,230,214,202,199,205,221,239,258,262,253,229,193,153,118,92,80
GS01,55/12/30,87,111,147,184,218,243,253,250,237,219,202,190,189,197,216,239,254,259,245,220,184,144,105,83
GS01,55/12/31,74,80,106,143,183,217,241,245,236,220,202,185,177,182,196,219,241,254,255,241,217,182,144,113
