MA15,16/01/01,176,154,135,129,139,162,190,215,232,240,238,228,212,192,176,168,171,180,191,200,205,207,206,199
MA15,16/01/02,185,167,151,141,143,156,178,201,220,232,236,232,221,206,190,177,171,172,178,184,191,197,203,205
MA15,16/01/03,200,189,176,165,161,166,178,195,211,226,236,239,233,220,204,189,178,171,167,168,172,180,191,200
MA15,16/01/04,204,202,196,189,181,177,178,185,198,213,227,235,234,226,215,202,189,174,161,152,149,157,171,188
MA15,16/01/05,201,207,208,205,199,190,182,179,184,195,208,220,228,229,223,212,196,177,155,136,126,129,142,161
MA15,16/01/06,180,196,208,215,215,206,193,181,176,181,194,208,220,227,230,226,214,193,166,138,117,110,119,141
MA15,16/01/07,168,194,216,232,237,233,221,205,191,184,187,200,216,231,241,243,234,213,182,146,115,97,96,111
MA15,16/01/08,137,169,200,227,244,248,236,216,193,178,175,184,202,223,242,254,253,238,209,169,129,99,85,92
MA15,16/01/09,113,144,179,213,239,251,247,228,201,175,159,159,174,198,223,243,252,245,221,184,141,103,78,72
MA15,16/01/10,86,113,150,190,225,248,253,242,219,192,170,158,161,180,209,240,260,261,243,209,167,124,87,65
MA15,16/01/11,64,85,123,168,210,240,254,251,234,208,180,158,150,161,189,224,253,267,260,235,197,155,116,85
MA15,16/01/12,69,75,101,142,188,227,252,260,251,228,198,171,154,153,172,205,240,265,272,258,229,190,150,114
MA15,16/01/13,88,82,97,131,173,215,247,264,264,249,223,193,167,154,160,185,219,251,269,266,245,216,182,146
MA15,16/01/14,114,93,94,117,153,193,227,250,259,254,235,207,177,155,148,160,186,216,240,250,245,227,201,170
MA15,16/01/15,138,111,98,106,132,166,200,228,245,249,239,216,187,159,142,142,157,180,202,218,224,221,209,188
MA15,16/01/16,161,134,117,116,130,154,182,208,229,242,243,229,205,178,156,145,145,157,175,193,208,214,211,200
MA15,16/01/17,184,165,147,136,135,146,168,193,214,226,230,227,214,194,170,150,137,135,142,155,168,182,193,200
MA15,16/01/18,198,187,173,162,158,163,173,188,206,224,241,252,254,243,223,200,180,166,160,162,170,185,204,224
MA15,16/01/19,238,241,237,228,213,197,190,195,210,227,240,246,246,240,229,213,191,166,142,127,126,137,156,177
MA15,16/01/20,196,210,220,226,225,217,206,198,195,200,209,220,229,235,233,223,202,174,143,116,98,96,109,133
MA15,16/01/21,162,190,213,226,228,221,207,193,182,179,184,197,215,230,240,239,226,201,167,130,98,82,86,106
MA15,16/01/22,135,166,196,221,237,239,227,206,186,173,172,181,199,217,234,244,243,227,195,153,110,79,68,78
MA15,16/01/23,104,137,172,206,232,244,239,220,196,174,163,166,180,202,227,247,257,252,229,193,150,111,84,77
MA15,16/01/24,92,123,164,206,240,259,259,246,225,201,179,167,172,192,219,245,263,265,251,220,179,135,99,79
MA15,16/01/25,78,98,133,176,217,245,254,246,225,198,172,152,145,155,181,215,245,261,256,231,193,150,111,82
MA15,16/01/26,70,79,107,148,192,228,248,249,232,205,177,154,142,145,163,193,227,253,261,248,217,178,139,106
MA15,16/01/27,84,80,98,134,177,216,242,251,241,218,189,162,143,137,147,172,203,231,246,243,223,192,156,122
MA15,16/01/28,96,83,88,114,152,193,225,242,240,222,196,169,146,133,135,152,179,207,228,235,226,206,178,148
MA15,16/01/29,120,102,98,113,142,179,212,234,240,229,207,181,156,137,128,134,153,179,202,215,216,205,186,163
MA15,16/01/30,140,120,111,116,135,164,196,223,236,234,220,198,175,154,141,140,150,168,189,206,214,211,199,183
MA15,16/01/31,165,151,141,139,147,166,193,220,238,240,228,209,189,171,156,147,145,153,168,187,201,206,202,193
MA15,16/02/01,181,169,159,153,153,162,177,198,216,227,226,214,195,177,162,152,146,144,148,158,169,179,185,187
MA15,16/02/02,185,179,172,167,166,169,176,187,200,212,221,222,213,197,179,165,156,150,145,143,145,153,166,179
MA15,16/02/03,187,189,186,181,176,172,172,177,186,197,205,210,209,202,192,178,163,148,134,124,121,128,142,160
MA15,16/02/04,176,188,195,196,193,188,181,177,177,183,194,205,212,213,209,200,187,169,147,126,112,111,124,147
MA15,16/02/05,170,190,205,215,217,212,202,189,179,175,179,193,211,224,227,221,208,189,164,134,109,96,99,118
MA15,16/02/06,145,176,205,227,237,234,220,202,184,173,172,180,197,218,236,245,239,219,188,152,119,95,86,94
MA15,16/02/07,117,150,185,217,240,249,241,220,193,169,157,160,177,204,231,251,255,243,215,177,136,99,78,77
MA15,16/02/08,94,125,165,206,239,254,250,231,204,176,155,148,156,179,212,245,266,267,246,208,161,117,87,74
MA15,16/02/09,80,104,142,188,232,261,269,257,230,196,168,153,156,176,208,242,268,278,268,238,195,149,109,80
MA15,16/02/10,69,80,112,157,204,240,257,253,233,201,167,138,122,125,148,184,223,255,267,253,217,170,124,89
MA15,16/02/11,71,72,92,127,170,212,244,258,247,216,177,142,120,115,128,156,193,231,256,259,239,202,160,120
MA15,16/02/12,92,80,89,117,158,199,232,251,250,233,204,168,135,114,113,133,169,208,239,252,246,225,197,167
MA15,16/02/13,138,117,112,126,156,193,226,248,256,250,229,199,169,143,129,131,150,180,213,237,245,240,225,204
MA15,16/02/14,181,161,150,153,174,207,243,269,280,277,264,242,214,185,161,151,158,176,200,221,235,241,240,232
MA15,16/02/15,215,194,175,167,175,193,214,233,245,250,247,234,212,185,158,137,129,136,151,168,184,197,206,210
MA15,16/02/16,207,197,185,177,175,182,196,211,226,236,239,234,222,206,188,170,156,147,146,152,163,180,197,210
MA15,16/02/17,216,215,210,206,203,201,201,205,213,223,233,236,231,220,204,186,165,142,125,117,120,131,147,165
MA15,16/02/18,183,198,206,208,203,195,188,185,186,191,198,205,210,214,212,203,186,164,139,119,108,110,123,144
MA15,16/02/19,167,189,207,218,221,216,204,187,175,174,183,198,211,218,220,218,209,191,162,127,97,85,93,115
MA15,16/02/20,142,168,191,208,219,219,210,192,173,159,158,170,191,211,225,231,230,219,196,165,131,105,96,107
MA15,16/02/21,134,170,206,234,249,250,239,220,197,175,160,157,171,197,225,243,245,233,207,174,137,102,79,73
MA15,16/02/22,89,121,161,199,224,233,226,207,182,156,136,130,140,164,195,223,242,244,229,199,160,120,88,72
MA15,16/02/23,78,104,144,186,219,237,239,226,202,173,146,128,128,147,179,214,243,257,252,228,192,151,114,90
MA15,16/02/24,85,101,134,174,212,236,242,232,210,180,149,124,114,124,151,188,223,246,250,235,206,169,133,102
MA15,16/02/25,85,88,112,152,194,227,244,243,225,194,160,130,114,115,134,165,200,230,247,244,224,191,155,124
MA15,16/02/26,102,97,112,143,182,218,241,247,235,208,174,143,122,117,127,152,183,214,236,242,231,206,175,144
MA15,16/02/27,119,106,111,133,166,200,227,238,232,211,182,154,130,117,118,134,163,197,225,238,234,218,196,172
MA15,16/02/28,148,129,123,135,161,193,221,238,239,223,196,165,139,123,118,125,142,166,191,211,220,214,197,175
MA15,16/02/29,155,141,137,146,164,188,213,234,245,242,224,197,171,154,147,150,160,175,194,213,226,226,216,203
MA15,16/03/01,187,172,159,154,159,176,201,222,231,226,212,195,176,157,142,132,130,138,153,168,182,189,191,187
MA15,16/03/02,180,172,166,165,168,175,186,200,214,222,218,205,186,168,153,142,135,134,138,147,159,172,181,186
MA15,16/03/03,188,187,185,183,180,179,182,190,201,210,212,208,199,189,176,162,148,137,133,134,139,148,159,171
MA15,16/03/04,183,192,197,198,193,185,179,177,181,188,193,195,194,191,185,175,160,142,126,114,110,116,129,147
MA15,16/03/05,167,185,199,206,204,194,180,169,163,164,172,182,192,200,203,198,184,164,139,115,98,94,103,122
MA15,16/03/06,147,175,201,219,225,217,200,180,164,156,158,170,190,210,224,228,218,198,170,140,113,95,92,106
MA15,16/03/07,135,171,207,234,248,246,229,203,177,157,150,156,175,202,229,247,250,236,206,168,131,101,85,89
MA15,16/03/08,111,146,189,228,252,256,243,217,187,159,138,131,144,175,215,249,266,262,238,201,159,120,92,80
MA15,16/03/09,91,122,165,211,247,264,259,236,202,165,132,112,113,137,176,219,253,268,257,227,185,141,103,81
MA15,16/03/10,79,98,133,178,222,254,265,253,221,180,141,113,104,116,147,192,238,270,278,260,224,180,138,108
MA15,16/03/11,93,99,125,165,210,249,269,264,238,198,157,122,101,99,118,156,202,243,267,267,245,211,172,137
MA15,16/03/12,114,108,121,151,189,226,252,259,245,213,173,133,102,88,94,119,157,200,235,251,244,219,188,158
MA15,16/03/13,135,122,122,139,169,204,235,250,245,222,187,150,119,99,91,99,124,161,199,227,237,228,207,182
MA15,16/03/14,162,149,146,154,172,197,224,244,250,238,213,180,149,124,109,105,115,136,163,190,209,217,213,200
MA15,16/03/15,183,169,163,167,180,196,214,228,237,237,227,207,182,155,131,115,113,124,144,166,184,197,203,201
MA15,16/03/16,195,186,179,176,177,183,194,206,215,219,215,203,187,170,153,135,122,118,124,138,156,172,184,191
MA15,16/03/17,194,194,192,189,185,182,183,189,197,204,205,200,194,185,174,158,141,126,119,120,128,141,155,171
MA15,16/03/18,186,197,203,203,196,188,182,179,181,185,191,198,204,207,205,194,177,157,138,125,121,127,141,162
MA15,16/03/19,185,206,221,227,222,210,196,186,180,179,183,192,205,218,226,225,213,192,167,144,128,123,130,147
MA15,16/03/20,172,198,220,233,234,223,205,185,168,158,157,167,185,207,226,235,232,217,191,160,131,112,111,125
MA15,16/03/21,151,181,209,231,240,237,221,197,172,153,144,149,167,194,221,241,248,240,217,185,150,121,107,110
MA15,16/03/22,131,164,200,230,247,247,232,207,179,153,136,134,150,178,212,242,260,261,245,216,179,145,120,114
MA15,16/03/23,127,156,193,228,251,258,248,223,191,158,132,120,127,153,188,224,250,260,252,226,190,153,121,104
MA15,16/03/24,107,130,167,206,237,252,249,229,197,162,131,113,112,130,163,202,237,259,262,245,214,178,145,122
MA15,16/03/25,116,130,162,201,236,256,258,243,215,180,144,116,106,117,145,182,218,246,258,251,228,195,160,133
MA15,16/03/26,119,123,146,180,215,242,252,244,218,184,148,119,102,103,122,155,192,226,247,250,235,207,176,148
MA15,16/03/27,129,125,139,167,200,230,247,246,228,198,162,130,108,101,111,135,170,205,233,245,241,222,195,169
MA15,16/03/28,149,141,147,166,193,220,241,249,241,217,183,148,122,109,111,127,154,185,213,231,236,226,207,183
MA15,16/03/29,163,151,151,163,183,206,226,238,236,220,192,161,135,117,111,118,136,162,189,210,222,224,216,202
MA15,16/03/30,185,171,165,171,185,205,222,232,232,224,208,187,163,143,129,126,136,156,181,203,217,222,220,212
MA15,16/03/31,201,190,182,179,183,193,207,220,227,224,212,195,176,160,145,135,133,140,154,171,188,201,210,212
MA15,16/04/01,210,206,202,197,194,194,198,205,213,217,214,205,192,177,164,151,139,132,132,140,153,168,181,192
MA15,16/04/02,199,203,203,200,194,187,181,179,183,190,196,198,197,192,182,170,155,141,129,125,130,143,160,179
MA15,16/04/03,196,209,217,218,212,199,185,174,170,174,182,193,203,210,210,202,187,166,146,131,125,129,142,165
MA15,16/04/04,192,217,236,245,242,228,208,189,176,173,181,196,215,232,243,245,233,210,182,152,128,117,123,143
MA15,16/04/05,172,203,231,248,250,237,213,183,155,137,133,148,176,209,236,250,248,230,203,171,140,117,110,121
MA15,16/04/06,149,188,226,254,264,256,233,201,167,137,120,123,147,186,227,257,268,259,235,202,166,133,111,107
MA15,16/04/07,125,162,206,244,266,267,250,221,183,144,114,103,117,154,203,247,276,287,285,271,241,198,153,127
MA15,16/04/08,130,161,204,245,272,281,272,248,211,167,124,96,93,118,163,211,251,275,280,266,238,202,166,138
MA15,16/04/09,129,143,177,219,253,272,273,258,229,190,145,106,85,93,127,176,224,259,275,274,259,233,202,171
MA15,16/04/10,149,147,167,203,240,266,276,268,245,211,171,129,98,88,104,140,185,226,255,268,265,247,222,194
MA15,16/04/11,171,161,169,192,221,248,264,266,251,223,188,151,118,95,91,106,137,176,211,232,238,230,215,197
MA15,16/04/12,178,164,160,170,192,218,240,249,242,224,198,169,139,113,98,101,122,154,186,211,226,232,229,219
MA15,16/04/13,204,189,180,181,193,212,230,240,241,233,216,196,173,150,129,119,124,142,166,189,208,222,228,227
MA15,16/04/14,220,211,204,201,203,209,218,228,235,237,231,217,200,183,166,151,142,142,153,170,189,204,216,223
MA15,16/04/15,224,221,215,208,202,198,199,202,205,208,209,205,199,191,179,162,146,135,132,139,151,166,182,197
MA15,16/04/16,207,211,211,204,194,183,175,172,174,179,185,191,197,200,197,187,172,155,143,138,142,153,170,188
MA15,16/04/17,206,221,230,229,220,207,194,183,178,181,192,210,229,246,259,261,245,212,177,152,147,159,177,194
MA15,16/04/18,210,227,243,252,246,227,201,178,164,161,166,178,197,218,236,245,240,218,188,159,140,133,139,156
MA15,16/04/19,180,205,228,241,241,226,202,174,151,137,135,146,169,199,227,245,248,236,212,183,154,132,125,138
MA15,16/04/20,166,199,226,241,242,231,211,185,157,133,119,123,144,177,211,236,249,246,231,206,176,150,134,136
MA15,16/04/21,156,186,218,242,252,248,232,206,175,144,123,120,137,168,204,235,255,263,257,239,211,180,155,147
MA15,16/04/22,159,188,223,253,269,269,255,231,199,164,132,115,119,143,180,218,247,262,261,246,220,188,160,143
MA15,16/04/23,144,162,193,226,251,261,254,232,199,163,129,107,104,123,157,197,234,259,269,264,245,217,188,166
MA15,16/04/24,157,165,190,222,251,268,267,247,213,174,138,112,103,111,135,168,205,238,258,261,247,222,193,168
MA15,16/04/25,153,154,171,200,229,248,254,245,222,189,152,119,99,98,116,146,182,214,239,251,249,233,209,182
MA15,16/04/26,162,156,166,189,215,237,249,248,232,204,170,137,113,104,110,131,162,196,226,245,249,240,222,200
MA15,16/04/27,181,171,172,185,204,225,241,246,238,218,188,156,128,112,110,123,146,175,202,225,237,239,231,217
MA15,16/04/28,200,186,181,187,201,219,237,247,247,235,215,190,164,144,134,136,150,171,196,220,238,249,251,244
MA15,16/04/29,230,216,207,205,209,216,225,232,235,233,224,206,182,158,140,131,131,140,152,167,186,206,220,226
MA15,16/04/30,221,210,198,191,190,193,197,202,208,213,213,207,194,178,161,148,142,143,151,162,177,194,210,223
MA15,16/05/01,229,226,217,206,194,185,182,185,192,201,207,208,204,197,186,171,155,142,136,139,151,167,185,202
MA15,16/05/02,216,224,223,213,196,177,162,154,156,164,175,186,195,200,199,189,171,151,134,126,130,142,160,182
MA15,16/05/03,204,222,233,232,218,196,171,151,140,142,156,178,201,220,230,228,215,194,170,150,138,138,151,175
MA15,16/05/04,204,233,256,267,262,244,220,193,170,155,152,164,192,228,257,270,263,243,217,190,166,147,142,155
MA15,16/05/05,182,215,244,261,261,243,212,172,134,106,97,109,140,180,218,244,254,247,226,195,161,134,121,126
MA15,16/05/06,149,181,216,242,253,245,219,179,134,94,70,70,93,134,181,222,249,258,249,227,196,165,143,136
MA15,16/05/07,147,176,213,249,272,276,257,222,179,135,97,78,85,117,164,215,255,278,280,264,235,203,174,154
MA15,16/05/08,151,165,194,229,257,270,261,233,191,145,102,72,62,76,110,158,207,245,264,262,242,215,186,163
MA15,16/05/09,151,154,174,204,235,257,262,248,217,174,128,89,67,67,88,124,167,210,243,258,254,235,209,184
MA15,16/05/10,167,164,174,196,223,246,260,259,240,208,167,127,95,80,85,109,144,183,219,244,254,250,233,211
MA15,16/05/11,192,181,182,195,216,241,264,276,270,246,213,181,153,130,120,125,143,172,207,239,259,263,251,231
MA15,16/05/12,209,193,186,188,197,212,228,239,240,229,207,181,154,130,114,108,116,136,163,192,214,226,227,220
MA15,16/05/13,207,193,182,178,180,189,201,213,219,218,210,195,177,157,139,126,125,135,154,175,195,212,223,226
MA15,16/05/14,219,207,195,185,180,179,183,191,198,202,201,195,186,174,159,145,135,132,139,152,169,186,201,212
MA15,16/05/15,215,211,201,189,178,171,168,170,175,181,188,194,198,197,190,177,163,151,146,150,162,177,195,212
MA15,16/05/16,223,227,223,213,199,185,173,167,166,172,183,196,209,218,220,214,201,185,172,165,166,177,195,215
MA15,16/05/17,231,240,242,236,222,202,182,165,157,158,168,183,202,219,229,227,215,198,179,164,156,158,170,189
MA15,16/05/18,211,228,237,235,224,204,179,154,135,126,131,147,171,198,219,231,230,218,199,178,161,153,157,172
MA15,16/05/19,195,219,235,241,235,216,190,161,135,118,114,125,148,178,206,227,236,233,219,196,171,152,147,157
MA15,16/05/20,180,206,228,241,242,229,206,176,144,117,102,106,127,159,192,219,238,245,238,218,190,164,151,154
MA15,16/05/21,171,195,220,240,249,243,224,193,157,124,101,96,111,142,179,215,243,257,255,238,212,185,166,159
MA15,16/05/22,166,185,212,237,252,253,239,212,175,138,108,93,98,121,156,195,229,252,260,254,235,208,181,165
MA15,16/05/23,163,178,205,234,255,262,254,232,199,161,127,103,96,110,140,179,216,246,262,263,249,225,198,176
MA15,16/05/24,167,173,193,220,244,258,257,242,213,176,138,109,94,98,120,155,193,227,251,261,256,239,216,192
MA15,16/05/25,176,172,183,206,232,253,260,252,231,201,166,133,108,99,109,135,169,205,235,252,257,250,232,209
MA15,16/05/26,187,176,179,195,219,240,253,253,240,216,186,154,126,110,109,123,151,186,218,241,254,256,247,229
MA15,16/05/27,209,192,184,189,205,226,244,252,248,230,204,171,140,117,109,117,138,164,192,217,237,247,247,236
MA15,16/05/28,218,200,187,184,193,208,224,235,238,233,219,200,177,155,138,132,138,155,178,203,224,240,249,248
MA15,16/05/29,237,220,204,193,189,193,203,214,223,228,226,217,202,184,166,153,148,152,165,184,206,227,243,251
MA15,16/05/30,249,237,221,206,194,187,185,190,198,208,215,218,216,206,191,173,157,149,151,163,182,202,221,236
MA15,16/05/31,244,243,233,217,198,180,168,166,173,187,202,216,224,227,223,212,196,180,169,168,176,193,214,235
MA15,16/06/01,251,258,255,242,221,195,170,152,146,154,173,197,219,235,241,236,222,203,184,169,164,170,185,205
MA15,16/06/02,226,243,251,248,232,205,171,140,120,117,130,156,187,216,238,248,244,229,206,183,165,159,168,188
MA15,16/06/03,213,235,251,255,245,222,188,150,116,96,96,115,150,190,226,251,261,256,239,215,191,174,168,176
MA15,16/06/04,197,224,249,264,262,244,213,175,135,102,86,90,117,158,202,240,263,270,262,243,217,192,175,173
MA15,16/06/05,186,209,236,258,269,263,239,201,156,113,80,69,82,115,158,201,238,261,265,252,228,200,176,163
MA15,16/06/06,165,183,210,239,258,262,248,218,177,131,90,64,59,79,117,162,207,241,259,258,242,217,192,173
MA15,16/06/07,165,171,192,221,247,261,260,242,210,169,127,92,72,74,98,136,178,218,246,258,254,237,214,192
MA15,16/06/08,176,172,182,203,229,251,260,253,231,196,157,120,92,81,89,116,152,191,225,247,253,243,224,203
MA15,16/06/09,184,173,173,185,208,232,248,250,238,214,184,152,123,101,94,106,135,171,206,232,246,247,236,220
MA15,16/06/10,200,183,174,177,192,212,230,238,235,221,200,175,148,125,110,110,125,151,182,209,227,234,230,219
MA15,16/06/11,204,188,175,168,172,184,201,215,221,217,205,187,168,149,133,124,126,141,164,191,213,227,230,225
MA15,16/06/12,214,199,185,174,168,171,182,196,207,211,207,199,187,174,160,148,142,145,159,180,203,222,232,233
MA15,16/06/13,226,215,203,193,183,176,174,179,190,201,208,210,207,201,191,180,170,164,165,174,192,213,231,241
MA15,16/06/14,241,232,219,206,192,179,169,165,169,179,192,203,209,211,208,199,188,178,172,173,182,196,212,226
MA15,16/06/15,235,235,228,216,199,180,164,153,151,157,168,183,197,210,218,217,210,197,184,175,175,183,197,215
MA15,16/06/16,230,237,237,228,213,195,174,155,142,139,148,166,187,208,223,230,229,220,204,189,180,180,191,208
MA15,16/06/17,226,240,247,245,233,212,186,159,138,128,133,149,173,199,223,240,245,238,222,203,186,177,178,190
MA15,16/06/18,208,227,240,243,234,214,187,157,128,107,100,110,134,168,201,226,239,238,226,207,187,171,164,168
MA15,16/06/19,184,207,230,244,242,226,199,168,135,108,91,90,109,142,181,215,239,248,243,227,206,184,170,168
MA15,16/06/20,178,201,229,251,260,250,226,193,158,126,101,90,98,126,165,206,237,255,256,245,224,200,179,168
MA15,16/06/21,170,186,213,240,258,259,242,212,176,138,106,85,82,100,134,175,214,242,256,253,237,212,187,169
MA15,16/06/22,163,171,193,220,244,256,252,231,197,158,119,91,78,86,111,147,188,223,246,254,246,226,202,181
MA15,16/06/23,168,168,183,208,237,257,263,252,226,191,153,120,99,95,108,135,171,207,239,257,259,243,220,196
MA15,16/06/24,177,167,172,190,216,240,254,253,236,208,174,139,112,96,98,118,151,188,221,246,258,256,242,222
MA15,16/06/25,201,186,183,195,218,243,263,272,265,243,212,181,156,139,131,134,149,174,205,234,253,260,254,238
MA15,16/06/26,216,195,179,175,184,200,217,232,239,234,218,192,164,139,123,120,129,150,176,203,225,239,241,232
MA15,16/06/27,214,193,173,159,155,163,181,201,215,219,211,197,180,161,142,128,126,136,158,184,208,226,235,234
MA15,16/06/28,224,209,190,171,156,150,156,172,189,203,210,210,203,191,176,161,150,148,155,170,190,211,228,237
MA15,16/06/29,235,223,204,183,162,145,138,142,155,173,188,200,206,206,199,187,173,161,155,160,175,196,215,229
MA15,16/06/30,233,231,222,205,182,154,132,122,127,142,163,184,202,215,220,216,204,188,176,170,172,184,201,220
MA15,16/07/01,234,241,238,225,202,172,142,118,107,110,126,152,180,206,225,233,230,217,198,182,173,175,186,204
MA15,16/07/02,224,240,247,243,228,202,168,134,106,92,97,119,153,191,224,245,253,248,234,215,197,186,186,198
MA15,16/07/03,218,238,255,263,258,237,204,167,131,104,92,99,126,164,204,236,257,262,253,235,213,192,180,181
MA15,16/07/04,195,217,240,256,261,251,226,189,146,106,77,70,86,120,162,205,240,260,261,244,217,192,176,170
MA15,16/07/05,174,189,214,241,258,259,242,210,169,125,87,64,64,84,120,163,206,239,253,248,228,202,178,161
MA15,16/07/06,156,166,188,218,244,257,253,232,197,156,116,85,71,79,107,149,195,232,255,260,249,227,201,179
MA15,16/07/07,165,165,179,205,234,256,262,251,226,190,150,114,88,80,94,126,166,205,234,249,247,230,205,180
MA15,16/07/08,160,151,157,176,203,228,244,246,233,205,171,135,105,89,91,112,146,184,218,241,249,241,222,197
MA15,16/07/09,174,158,156,168,191,216,235,244,240,224,199,170,142,120,113,123,149,180,211,235,249,250,239,217
MA15,16/07/10,193,173,162,163,176,196,217,231,235,227,210,189,166,146,133,131,142,166,197,225,244,249,241,225
MA15,16/07/11,205,185,170,163,165,176,193,211,222,224,216,202,186,170,157,149,151,163,184,209,229,240,241,232
MA15,16/07/12,217,198,180,167,161,163,173,188,201,209,209,205,198,189,180,171,165,167,179,198,219,233,240,238
MA15,16/07/13,228,213,196,180,168,162,163,171,182,193,201,206,209,207,202,194,186,182,185,196,211,227,239,244
MA15,16/07/14,242,233,220,204,188,172,163,162,168,178,190,202,213,220,223,220,212,202,194,193,200,209,221,235
MA15,16/07/15,245,246,236,219,198,178,162,152,148,153,165,183,202,218,227,228,223,215,205,195,190,195,208,224
MA15,16/07/16,236,240,237,228,212,191,167,145,130,128,137,155,179,203,223,236,239,231,217,202,191,188,195,209
MA15,16/07/17,225,239,246,244,231,210,183,156,134,121,120,133,157,188,217,239,250,248,236,218,201,189,187,196
MA15,16/07/18,212,230,246,253,247,228,200,168,137,114,104,111,133,165,199,231,253,260,253,235,212,192,181,183
MA15,16/07/19,198,220,243,258,259,247,223,191,156,123,100,96,111,141,180,217,246,262,264,250,228,203,183,175
MA15,16/07/20,180,200,226,250,263,262,244,213,173,134,103,88,92,115,150,190,227,254,266,259,238,210,184,168
MA15,16/07/21,165,178,204,234,257,267,259,235,199,159,120,92,82,93,123,164,206,241,261,264,251,226,198,174
MA15,16/07/22,161,164,183,213,243,263,268,254,225,186,144,108,86,86,106,141,181,219,247,261,257,239,212,183
MA15,16/07/23,160,150,159,184,216,243,258,257,238,206,167,130,101,88,95,120,157,197,230,250,255,244,221,192
MA15,16/07/24,165,147,145,161,187,216,240,252,248,228,199,165,134,114,109,120,145,178,212,241,256,255,237,210
MA15,16/07/25,182,159,147,149,163,185,212,235,246,240,219,190,161,139,127,128,140,164,194,223,245,253,246,226
MA15,16/07/26,200,175,156,145,146,160,182,208,227,234,225,207,185,165,151,146,150,163,182,207,229,244,246,236
MA15,16/07/27,215,190,167,150,142,145,156,174,194,210,217,213,201,187,173,162,159,164,176,193,212,227,236,235
MA15,16/07/28,224,206,183,159,140,130,131,142,159,177,192,202,207,206,199,188,178,176,180,190,201,212,223,231
MA15,16/07/29,232,224,207,184,159,139,128,126,133,144,161,181,201,214,218,213,206,198,192,189,191,198,210,223
MA15,16/07/30,233,234,227,210,186,160,136,119,111,115,129,152,179,205,223,231,227,217,204,192,186,186,195,208
MA15,16/07/31,223,235,238,231,214,188,157,127,106,98,105,124,153,185,215,236,244,240,226,208,192,184,187,198
MA15,16/08/01,214,230,243,249,245,227,198,160,124,100,93,103,127,160,196,228,251,259,250,230,207,190,181,183
MA15,16/08/02,195,216,239,258,265,255,229,191,152,118,96,91,104,133,171,211,246,265,263,245,221,200,184,177
MA15,16/08/03,181,196,221,249,268,270,253,221,181,140,108,91,93,113,148,191,231,259,267,256,232,205,183,170
MA15,16/08/04,168,176,197,227,256,270,265,242,206,164,125,99,92,104,133,173,215,248,265,263,245,217,190,169
MA15,16/08/05,159,163,181,208,237,259,266,254,227,190,149,116,97,100,121,156,197,235,258,263,251,227,199,173
MA15,16/08/06,155,151,163,186,214,241,257,258,242,211,173,138,114,107,119,146,182,218,247,261,257,237,208,178
MA15,16/08/07,155,144,149,168,194,220,240,249,243,223,194,162,134,119,120,139,168,202,231,250,255,245,222,193
MA15,16/08/08,167,150,145,155,174,199,222,238,243,235,216,190,165,147,141,150,171,198,225,247,261,262,247,223
MA15,16/08/09,197,178,169,170,181,199,218,235,245,246,237,221,203,186,175,173,182,199,222,244,259,263,255,237
MA15,16/08/10,213,191,175,167,167,175,189,204,218,226,226,217,203,191,183,180,183,191,206,223,240,249,248,236
MA15,16/08/11,216,196,180,170,165,166,172,184,197,209,215,215,212,206,199,194,193,196,204,216,228,238,243,240
MA15,16/08/12,229,213,197,184,175,169,165,167,176,189,201,210,215,217,216,215,213,210,208,211,219,229,238,242
MA15,16/08/13,238,228,216,203,188,173,161,155,157,165,178,195,210,222,228,230,227,222,216,211,211,216,225,234
MA15,16/08/14,239,239,233,222,205,185,166,153,147,149,159,175,196,219,238,248,246,237,227,217,211,210,215,225
MA15,16/08/15,238,249,253,246,230,207,182,160,145,139,144,159,182,211,240,260,267,261,245,228,213,205,206,216
MA15,16/08/16,231,247,260,264,257,237,206,173,146,129,127,138,162,194,228,256,273,274,260,238,215,198,190,195
MA15,16/08/17,212,235,261,280,285,275,248,210,174,145,130,131,148,178,218,257,286,298,290,267,236,207,185,178
MA15,16/08/18,187,211,240,266,279,275,255,223,184,146,117,105,112,137,176,219,255,275,275,259,233,204,179,165
MA15,16/08/19,165,181,211,245,272,280,267,239,200,158,121,98,95,112,145,188,230,262,274,265,240,207,176,153
MA15,16/08/20,144,154,181,218,254,277,281,265,234,195,156,124,107,112,135,172,215,254,277,280,263,234,202,172
MA15,16/08/21,150,144,158,190,228,261,278,275,253,218,179,144,121,114,125,151,189,229,260,272,263,239,207,175
MA15,16/08/22,148,134,137,158,191,228,255,266,259,236,206,178,158,147,153,183,224,253,264,269,274,275,261,226
MA15,16/08/23,179,141,128,139,167,199,226,245,252,246,227,200,171,151,145,155,176,203,229,250,260,256,237,207
MA15,16/08/24,173,144,127,127,140,161,186,211,231,238,230,211,190,172,162,163,175,194,215,236,250,254,246,225
MA15,16/08/25,198,169,147,134,133,142,160,182,203,217,222,218,208,197,188,184,188,197,210,225,238,246,247,239
MA15,16/08/26,223,201,177,158,146,144,150,163,179,196,211,220,224,222,218,214,213,217,222,227,231,236,241,245
MA15,16/08/27,243,231,211,188,168,155,150,152,159,169,184,202,220,232,237,237,235,231,226,220,217,220,231,242
MA15,16/08/28,249,247,238,222,204,186,169,156,147,148,159,182,208,231,246,253,253,248,237,224,214,211,217,230
MA15,16/08/29,246,257,259,253,241,222,198,174,156,148,153,170,197,227,255,273,281,277,264,244,224,212,211,222
MA15,16/08/30,240,259,274,280,275,258,233,203,177,157,149,157,181,218,256,286,301,305,298,280,251,223,205,206
MA15,16/08/31,223,249,273,287,287,276,255,225,190,156,133,129,146,180,220,256,278,285,277,260,237,212,191,179
MA15,16/09/01,183,205,239,271,287,285,266,238,207,173,142,122,122,147,190,235,267,280,274,256,233,210,187,168
MA15,16/09/02,161,174,205,244,274,285,274,249,217,183,151,126,117,130,165,211,252,275,279,266,243,217,191,166
MA15,16/09/03,151,154,180,220,259,281,282,265,238,209,178,148,128,128,151,192,237,269,280,272,251,224,196,171
MA15,16/09/04,153,149,163,194,232,264,278,274,256,229,199,168,144,135,147,178,219,254,273,274,261,238,211,182
MA15,16/09/05,156,143,148,173,210,244,264,268,258,240,217,191,166,150,151,173,209,245,270,275,264,243,219,195
MA15,16/09/06,172,154,150,163,192,227,255,267,265,252,233,212,194,180,175,185,210,242,269,281,278,262,241,218
MA15,16/09/07,194,174,163,167,185,212,238,257,264,259,246,228,211,196,188,190,205,229,253,270,275,266,246,219
MA15,16/09/08,193,175,167,168,177,191,210,230,247,253,247,234,219,208,205,209,219,232,248,262,270,269,258,239
MA15,16/09/09,218,198,185,178,178,186,198,214,229,240,243,240,232,223,217,214,216,223,233,242,249,250,247,238
MA15,16/09/10,223,205,187,172,164,164,171,181,192,203,213,221,224,223,219,214,212,213,217,222,228,232,234,231
MA15,16/09/11,222,210,196,182,169,160,155,156,165,179,193,206,216,222,226,226,222,217,209,204,205,212,220,224
MA15,16/09/12,224,219,211,201,189,172,155,143,141,150,166,184,203,219,230,235,234,226,213,200,191,193,203,215
MA15,16/09/13,225,228,226,220,209,192,169,148,135,133,145,166,189,211,231,245,248,240,223,202,184,176,181,195
MA15,16/09/14,213,229,238,238,227,208,183,156,132,118,117,132,160,194,226,249,258,254,239,215,190,172,166,174
MA15,16/09/15,195,221,245,259,259,244,218,184,149,122,109,116,140,176,215,248,268,271,258,230,197,166,148,150
MA15,16/09/16,169,200,232,257,267,260,237,203,165,131,109,103,118,150,192,231,259,271,263,239,205,172,146,134
MA15,16/09/17,143,170,209,247,272,278,264,234,196,158,127,110,111,132,170,215,254,277,278,257,222,185,152,131
MA15,16/09/18,126,141,176,221,260,281,280,260,227,190,155,130,122,134,164,206,248,279,290,279,250,210,168,136
MA15,16/09/19,119,124,149,190,233,267,284,281,259,224,186,153,134,133,151,186,227,262,281,279,259,225,186,149
MA15,16/09/20,121,110,121,154,197,236,263,274,268,247,216,183,159,149,158,182,215,248,273,281,269,240,203,168
MA15,16/09/21,142,126,123,135,158,192,228,254,263,252,228,202,182,172,170,178,196,221,246,264,267,257,234,202
MA15,16/09/22,166,135,118,118,136,164,194,222,244,256,252,234,210,191,184,189,202,220,237,251,258,255,242,220
MA15,16/09/23,194,168,148,137,139,154,175,198,218,232,238,236,228,218,208,201,202,212,226,237,241,238,231,221
MA15,16/09/24,207,191,172,155,142,138,145,162,183,202,216,221,220,217,215,213,211,211,213,218,222,226,229,226
MA15,16/09/25,218,207,192,176,161,148,142,144,154,170,188,204,216,223,225,223,220,216,211,205,202,204,212,220
MA15,16/09/26,224,222,214,201,183,163,146,137,139,149,165,184,204,221,232,235,231,222,211,200,191,189,194,207
MA15,16/09/27,220,230,233,228,215,195,172,152,138,135,146,167,195,222,243,253,253,244,228,208,191,181,182,194
MA15,16/09/28,212,233,249,255,247,227,200,172,150,138,140,156,183,214,242,261,267,258,237,211,186,170,165,172
MA15,16/09/29,191,217,244,262,267,254,228,195,164,141,133,139,160,193,228,256,269,263,241,212,183,161,149,148
MA15,16/09/30,162,188,220,250,266,264,244,210,172,140,124,125,144,175,210,243,264,270,258,230,194,161,140,135
MA15,16/10/01,147,172,204,236,260,269,259,232,196,160,133,123,131,154,187,222,250,263,258,233,196,159,132,120
MA15,16/10/02,124,142,172,208,241,262,265,249,220,185,155,135,132,146,177,214,246,265,264,245,213,177,144,122
MA15,16/10/03,116,128,156,192,228,256,268,263,241,210,177,151,140,148,172,208,244,267,273,261,234,200,166,138
MA15,16/10/04,123,125,145,177,214,245,263,264,249,222,192,165,149,148,164,192,225,251,262,254,231,199,164,133
MA15,16/10/05,112,107,120,147,180,212,235,246,242,225,201,176,157,149,157,179,209,237,255,257,244,222,199,177
MA15,16/10/06,161,152,151,155,168,191,221,248,258,249,226,200,179,168,168,179,197,218,236,243,236,216,188,156
MA15,16/10/07,129,112,107,114,133,158,184,205,217,218,209,194,178,167,164,169,182,199,216,226,227,217,198,174
MA15,16/10/08,152,134,125,126,136,153,174,195,212,222,225,221,214,206,200,198,204,216,227,236,240,241,234,218
MA15,16/10/09,197,176,161,156,159,168,183,199,214,226,232,229,222,216,212,210,207,203,202,205,212,219,218,209
MA15,16/10/10,192,174,160,151,145,142,144,152,166,183,202,215,222,223,221,219,215,210,206,202,204,212,219,222
MA15,16/10/11,219,212,202,190,177,165,158,157,162,173,189,210,230,246,254,254,246,233,218,205,200,204,215,227
MA15,16/10/12,237,240,238,230,215,194,174,159,154,162,178,202,228,252,269,276,271,253,229,204,188,184,192,210
MA15,16/10/13,229,245,253,251,239,218,191,163,142,135,145,169,201,234,260,273,273,259,233,202,174,158,160,178
MA15,16/10/14,205,232,253,263,260,244,215,181,149,129,128,145,176,211,245,271,282,276,250,211,171,141,131,142
MA15,16/10/15,169,205,239,265,276,267,242,205,168,138,123,127,149,185,225,261,281,281,260,223,178,136,110,106
MA15,16/10/16,126,163,207,246,272,277,262,232,193,155,126,115,127,158,199,238,266,277,268,239,196,149,111,94
MA15,16/10/17,101,131,176,224,263,282,282,265,234,195,159,136,133,153,188,229,264,281,278,256,218,172,129,98
MA15,16/10/18,88,102,137,183,230,265,282,278,257,225,191,164,150,154,177,212,248,274,281,267,236,195,152,115
MA15,16/10/19,92,90,110,146,190,232,262,274,267,247,220,192,171,165,176,202,235,263,278,276,258,230,193,153
MA15,16/10/20,120,103,107,131,168,209,244,268,277,269,250,226,204,190,189,203,226,251,267,270,258,236,207,174
MA15,16/10/21,142,117,106,111,133,165,200,227,242,243,235,222,209,197,190,192,205,226,244,252,249,236,218,197
MA15,16/10/22,173,147,125,116,122,143,172,200,221,233,237,234,225,215,206,202,206,216,227,234,236,233,223,210
MA15,16/10/23,193,173,154,139,133,136,150,172,196,215,227,230,228,223,218,213,210,208,207,209,214,218,220,216
MA15,16/10/24,207,196,182,167,154,147,147,157,174,194,212,227,235,237,234,228,221,213,205,198,196,201,212,223
MA15,16/10/25,227,223,212,198,182,168,158,155,158,169,186,206,225,238,243,239,229,216,200,185,177,179,191,207
MA15,16/10/26,221,231,234,228,213,192,172,158,153,158,171,192,214,235,248,251,244,228,205,182,166,161,168,182
MA15,16/10/27,199,215,225,229,222,205,180,155,139,136,147,167,190,213,231,240,238,222,196,166,142,132,137,153
MA15,16/10/28,175,197,218,232,235,225,203,177,154,141,141,156,181,211,236,252,255,246,225,194,162,140,134,146
MA15,16/10/29,169,198,227,250,262,259,243,216,185,161,152,158,178,204,232,252,260,253,230,195,159,129,115,117
MA15,16/10/30,135,163,195,225,245,252,245,223,195,169,151,146,158,183,214,242,259,261,247,218,181,145,117,107
MA15,16/10/31,115,141,176,214,245,263,265,251,224,191,164,149,152,171,203,237,261,270,259,232,197,161,132,115
MA15,16/11/01,114,131,162,203,241,265,271,260,238,213,190,174,167,174,196,228,259,275,267,238,199,160,128,110
MA15,16/11/02,107,116,138,170,207,240,259,259,241,215,190,171,162,165,182,210,240,262,267,252,223,186,151,124
MA15,16/11/03,111,114,133,164,199,233,258,271,267,250,227,204,189,184,194,214,241,265,276,269,246,215,182,153
MA15,16/11/04,131,121,127,149,182,217,244,258,260,252,237,217,199,188,191,207,230,251,264,265,253,231,201,168
MA15,16/11/05,140,125,125,140,165,194,222,245,258,260,251,235,218,205,202,210,228,248,262,267,259,242,220,195
MA15,16/11/06,170,149,138,142,157,179,204,226,242,248,244,233,219,207,201,201,208,218,228,234,235,231,219,200
MA15,16/11/07,176,153,138,134,140,154,171,191,212,229,240,240,232,221,212,206,206,211,217,223,228,229,225,216
MA15,16/11/08,203,186,171,160,155,157,167,185,205,225,242,251,253,247,238,228,219,215,214,216,220,226,231,231
MA15,16/11/09,226,213,197,181,166,158,156,159,169,185,207,228,242,246,242,231,217,203,191,181,178,184,197,210
MA15,16/11/10,218,218,212,201,184,166,152,146,150,166,188,211,229,243,249,245,231,210,184,163,154,158,174,194
MA15,16/11/11,212,224,228,225,213,195,174,154,145,150,167,193,223,247,259,260,250,229,199,168,144,136,147,172
MA15,16/11/12,202,229,247,253,247,228,202,175,153,144,149,169,198,230,255,267,261,238,203,162,126,105,107,130
MA15,16/11/13,164,201,231,251,257,247,224,194,164,143,138,152,180,213,242,262,268,256,225,181,134,99,84,94
MA15,16/11/14,124,163,205,241,263,267,254,227,193,163,145,145,164,195,230,260,276,273,250,211,163,116,85,77
MA15,16/11/15,96,135,183,232,270,288,287,269,241,210,184,171,175,195,228,263,289,296,282,247,199,146,100,73
MA15,16/11/16,73,98,139,187,233,267,283,279,257,225,195,175,168,177,201,234,265,285,282,258,218,171,127,92
MA15,16/11/17,74,77,102,145,195,241,271,280,268,244,216,194,181,180,193,216,244,267,273,260,230,192,151,113
MA15,16/11/18,85,75,86,116,156,197,232,255,261,249,226,201,183,177,183,199,221,242,256,257,244,218,185,148
MA15,16/11/19,115,94,92,109,138,172,206,233,251,254,243,222,203,193,192,202,217,233,244,248,244,231,210,183
MA15,16/11/20,154,128,113,114,130,156,185,212,232,242,242,233,219,202,191,190,200,214,224,227,224,217,209,197
MA15,16/11/21,179,157,135,123,126,141,164,188,209,226,234,231,220,208,199,194,193,195,198,202,206,209,210,206
MA15,16/11/22,198,185,171,157,149,150,162,181,203,222,234,239,239,235,228,219,208,200,195,194,196,201,209,215
MA15,16/11/23,217,213,203,190,174,162,156,160,173,192,210,225,231,229,223,215,204,191,177,167,164,170,182,195
MA15,16/11/24,204,208,206,201,191,177,165,158,161,172,190,209,225,233,233,227,216,200,180,162,151,151,162,180
MA15,16/11/25,200,216,225,226,218,203,186,171,165,168,181,199,219,234,242,242,232,212,185,156,135,129,136,153
MA15,16/11/26,174,196,214,225,224,212,191,169,154,151,159,174,193,212,228,236,230,210,181,149,123,111,114,130
MA15,16/11/27,153,180,207,228,239,235,218,195,174,162,162,174,194,217,238,250,248,232,204,170,138,116,110,119
MA15,16/11/28,141,170,202,230,250,255,244,220,192,171,161,164,179,199,222,239,247,238,214,178,138,105,88,90
MA15,16/11/29,110,140,174,207,231,243,240,224,199,173,156,152,162,184,210,233,247,244,225,192,151,113,85,75
MA15,16/11/30,83,107,141,179,212,233,237,227,207,182,160,148,149,164,190,220,241,246,232,204,168,130,99,80
MA15,16/12/01,79,97,129,169,207,235,250,249,236,214,189,171,166,177,201,230,254,267,264,244,212,173,136,107
MA15,16/12/02,94,100,123,155,189,218,239,247,242,224,198,175,162,163,180,205,231,247,248,233,206,170,133,102
MA15,16/12/03,84,83,100,130,165,199,225,240,242,230,210,186,168,162,171,191,215,235,243,237,218,189,158,127
MA15,16/12/04,102,91,96,116,147,181,211,233,243,240,226,204,184,172,174,188,209,230,242,244,233,213,187,159
MA15,16/12/05,133,116,110,119,140,168,198,224,241,246,238,223,206,191,185,188,200,215,228,236,235,225,207,183
MA15,16/12/06,158,137,125,126,139,160,184,209,231,246,248,236,216,198,185,182,184,190,195,201,206,208,203,189
MA15,16/12/07,169,149,132,124,127,140,158,180,202,220,233,238,233,220,205,193,187,186,189,195,203,211,216,215
MA15,16/12/08,206,191,173,157,148,150,158,172,188,206,221,232,234,228,217,203,189,176,167,166,172,185,198,208
MA15,16/12/09,211,208,198,185,171,160,156,163,179,199,220,239,251,254,249,235,214,190,168,154,153,163,181,199
MA15,16/12/10,213,219,217,208,193,175,158,149,150,162,180,201,220,234,236,226,205,177,146,120,107,112,132,158
MA15,16/12/11,184,205,220,227,222,207,185,164,152,154,168,191,215,234,246,246,232,204,164,123,94,85,97,124
MA15,16/12/12,155,187,218,239,245,234,211,184,164,155,159,175,198,222,244,256,252,229,190,144,102,77,73,89
MA15,16/12/13,120,158,199,234,256,259,245,220,193,174,166,174,193,218,245,266,273,262,232,188,139,99,75,75
MA15,16/12/14,97,136,182,227,260,274,269,251,226,201,183,177,186,209,240,268,284,280,256,217,169,121,83,64
MA15,16/12/15,70,97,138,185,229,261,274,269,249,220,193,176,175,188,214,244,270,281,272,243,200,154,112,81
MA15,16/12/16,70,81,112,156,203,244,269,275,262,239,211,187,173,174,192,218,244,260,261,245,217,179,138,99
MA15,16/12/17,71,65,82,118,162,204,237,255,256,242,219,194,176,169,177,196,219,241,252,248,229,198,160,122
MA15,16/12/18,90,72,73,94,129,169,205,230,239,234,217,195,175,161,161,173,193,214,230,234,225,205,179,150
MA15,16/12/19,121,97,87,94,118,152,186,213,230,234,225,209,190,173,163,163,176,195,212,221,221,214,201,183
MA15,16/12/20,158,133,114,109,121,144,172,198,218,229,231,223,208,189,173,165,168,180,192,200,202,201,197,190
MA15,16/12/21,177,159,141,128,127,139,161,184,204,217,224,224,215,200,184,171,164,164,169,176,183,187,190,191
MA15,16/12/22,189,182,170,156,148,149,159,176,195,212,224,233,235,230,216,200,188,181,179,180,185,195,210,226
MA15,16/12/23,237,240,233,218,200,186,184,196,215,231,239,243,244,242,235,220,201,180,162,151,150,157,169,182
MA15,16/12/24,191,196,199,197,190,179,167,160,163,175,190,204,214,219,217,207,190,167,143,124,114,115,127,145
MA15,16/12/25,166,184,199,206,203,192,177,165,159,163,176,193,209,221,224,220,208,188,161,133,110,101,109,129
MA15,16/12/26,155,180,200,213,217,212,200,185,171,164,168,184,205,224,235,237,230,212,186,155,125,106,105,121
MA15,16/12/27,149,181,210,233,248,251,244,228,210,196,194,207,228,247,254,253,249,241,220,184,139,103,89,100
MA15,16/12/28,127,159,187,209,225,233,231,218,194,169,153,152,164,185,210,231,241,233,209,172,132,96,75,74
MA15,16/12/29,90,120,157,195,225,243,245,234,214,191,171,162,169,193,225,254,268,260,235,202,168,135,103,81
MA15,16/12/30,78,97,135,180,216,236,239,232,218,197,173,153,147,159,187,220,244,250,237,208,171,133,99,76
MA15,16/12/31,69,82,111,150,190,222,240,242,230,208,183,162,152,157,177,207,237,255,253,229,194,155,119,90
