MA15,00/01/01,207,214,215,208,196,185,178,179,189,202,217,230,237,236,229,216,199,180,160,144,136,140,154,172
MA15,00/01/02,190,205,215,219,215,204,190,180,181,192,208,222,231,236,237,233,222,202,176,150,132,129,140,161
MA15,00/01/03,184,205,221,233,238,233,221,207,198,197,206,222,242,260,270,265,243,212,184,161,143,130,124,131
MA15,00/01/04,153,184,215,235,243,237,223,207,193,185,185,194,211,229,245,251,244,225,196,163,129,104,093,102
MA15,00/01/05,127,159,192,219,237,244,238,222,201,182,173,177,192,214,233,246,247,236,212,178,140,106,086,087
MA15,00/01/06,107,138,172,203,227,243,247,238,217,192,172,166,177,201,226,246,254,250,231,200,162,124,096,085
MA15,00/01/07,096,124,161,198,230,252,261,256,240,217,196,182,181,195,220,247,266,269,254,224,187,148,113,089
MA15,00/01/08,084,101,134,173,209,236,251,252,241,220,194,173,164,171,193,223,249,262,256,233,198,159,123,097
MA15,00/01/09,084,088,110,145,184,218,242,252,245,225,199,175,162,162,177,203,231,251,255,241,213,179,144,114
MA15,00/01/10,094,090,104,134,172,210,240,258,261,248,225,199,181,175,183,203,229,251,262,257,237,205,169,134
MA15,00/01/11,107,094,096,115,146,181,213,235,243,237,219,196,174,159,156,167,189,213,231,236,225,204,177,148
MA15,00/01/12,122,101,093,103,128,160,191,216,230,232,221,204,183,161,147,147,162,186,208,220,221,211,194,173
MA15,00/01/13,148,126,113,113,129,155,185,214,234,243,241,231,214,194,176,168,172,187,205,219,227,228,222,209
MA15,00/01/14,190,168,150,144,148,162,181,203,222,235,241,238,224,202,180,164,158,161,170,180,191,200,204,203
MA15,00/01/15,193,178,162,151,146,150,162,180,199,215,225,228,223,211,193,173,156,146,144,149,159,172,186,197
MA15,00/01/16,201,197,188,176,167,162,164,172,186,202,215,225,227,221,209,190,170,150,134,127,131,144,164,184
MA15,00/01/17,199,209,211,207,197,186,178,176,181,193,206,218,227,231,229,218,198,170,140,116,106,112,131,157
MA15,00/01/18,184,208,225,233,231,220,206,194,190,193,202,215,230,242,249,245,229,202,167,130,101,091,101,127
MA15,00/01/19,158,189,218,239,249,246,231,212,196,188,189,199,215,234,249,256,249,229,195,153,114,087,080,095
MA15,00/01/20,125,164,204,238,262,271,264,245,220,198,188,192,207,228,250,265,270,259,231,187,137,092,065,063
MA15,00/01/21,081,114,153,192,226,247,253,242,218,188,165,158,168,189,215,237,251,251,233,199,154,108,069,047
MA15,00/01/22,048,072,112,160,205,237,253,250,233,206,178,157,151,164,191,223,250,262,255,229,191,147,104,069
MA15,00/01/23,051,057,086,132,180,221,246,253,244,222,195,170,154,153,171,204,239,263,268,253,226,190,149,107
MA15,00/01/24,077,067,084,121,166,207,237,252,250,235,211,185,162,148,152,176,210,242,259,255,234,205,172,140
MA15,00/01/25,110,088,084,104,141,181,215,237,244,237,218,192,168,151,147,158,183,213,235,242,234,214,189,162
MA15,00/01/26,135,111,098,104,130,167,204,232,244,240,223,203,183,166,154,152,164,186,211,228,231,221,203,183
MA15,00/01/27,162,141,123,119,132,159,191,218,234,236,227,210,191,172,157,148,150,164,184,201,209,208,200,189
MA15,00/01/28,177,163,150,140,140,153,176,203,224,234,230,216,197,178,163,152,146,147,155,166,177,186,188,186
MA15,00/01/29,181,172,163,155,151,155,167,184,201,213,217,212,201,185,168,155,146,141,140,143,150,162,174,182
MA15,00/01/30,185,184,180,176,173,172,174,182,194,209,220,224,222,214,201,187,175,164,154,146,143,148,160,176
MA15,00/01/31,189,197,198,196,191,186,183,183,186,192,201,210,215,213,204,190,174,157,139,122,111,112,125,145
MA15,00/02/01,164,180,192,200,203,200,193,183,178,178,186,198,212,222,222,214,200,182,161,139,120,108,111,128
MA15,00/02/02,154,181,204,219,226,225,217,205,193,185,185,194,209,224,235,236,227,210,186,156,125,105,100,114
MA15,00/02/03,139,168,196,218,233,236,229,215,199,183,176,180,195,216,234,243,241,227,204,172,138,110,096,099
MA15,00/02/04,119,149,183,214,236,245,242,229,209,188,172,168,178,198,221,240,247,239,216,182,143,108,084,077
MA15,00/02/05,089,118,156,195,225,241,242,231,211,188,169,158,160,177,205,234,254,255,237,203,164,127,098,083
MA15,00/02/06,083,101,134,176,216,244,256,250,230,203,176,159,156,170,198,232,260,273,267,242,206,167,132,106
MA15,00/02/07,096,105,133,173,215,250,269,271,255,228,198,174,162,166,187,218,252,274,278,261,228,188,151,120
MA15,00/02/08,103,103,124,160,203,241,268,278,271,249,221,195,176,171,185,217,256,287,300,295,274,238,193,148
MA15,00/02/09,119,116,135,165,196,224,247,263,269,257,227,190,159,144,149,171,201,229,247,253,245,223,193,160
MA15,00/02/10,129,110,110,128,161,198,230,251,258,249,228,199,170,149,143,154,177,208,235,251,250,235,210,182
MA15,00/02/11,156,135,125,132,154,186,217,243,256,255,240,217,190,166,150,147,158,181,207,229,240,236,221,200
MA15,00/02/12,178,159,146,145,155,175,201,226,244,249,241,223,200,178,158,145,143,154,176,199,216,225,224,216
MA15,00/02/13,203,189,177,170,172,181,197,216,233,242,242,234,217,197,175,157,144,141,147,161,179,194,205,211
MA15,00/02/14,210,206,199,193,186,184,190,205,222,236,241,238,230,218,204,186,167,152,144,146,157,175,194,212
MA15,00/02/15,225,232,235,232,228,222,220,223,230,238,243,244,241,237,227,211,188,163,142,127,125,135,154,178
MA15,00/02/16,201,219,231,237,237,230,221,212,208,209,216,228,239,247,246,235,215,188,155,126,105,099,109,133
MA15,00/02/17,164,196,223,241,248,243,230,215,200,191,189,198,217,238,253,256,246,222,189,152,117,095,090,104
MA15,00/02/18,132,168,205,236,255,260,250,231,207,187,178,182,199,223,246,261,263,250,223,184,138,096,071,072
MA15,00/02/19,096,135,177,215,244,259,259,245,221,192,169,161,173,200,232,259,273,271,254,222,181,136,099,079
MA15,00/02/20,085,115,161,209,247,271,277,268,245,215,185,165,162,181,215,251,278,289,282,259,222,179,135,102
MA15,00/02/21,090,105,143,188,229,258,274,272,253,223,190,162,146,152,178,214,247,267,272,260,233,196,155,117
MA15,00/02/22,092,089,113,155,200,235,256,263,253,227,193,159,136,132,149,182,221,252,267,263,243,211,173,136
MA15,00/02/23,108,096,105,134,175,215,245,257,250,227,194,163,140,129,133,154,185,220,247,258,251,230,200,169
MA15,00/02/24,142,126,126,143,175,211,243,261,263,248,220,187,158,141,138,150,172,195,212,222,226,223,212,191
MA15,00/02/25,164,139,126,135,162,196,225,243,247,238,219,195,171,151,139,139,150,173,198,218,228,226,216,202
MA15,00/02/26,187,172,162,161,172,193,217,239,252,250,236,214,190,169,154,147,149,163,182,200,212,217,217,213
MA15,00/02/27,205,196,188,182,184,196,214,232,243,245,237,223,207,189,174,161,153,154,163,176,187,196,200,201
MA15,00/02/28,201,200,197,192,190,192,202,217,229,234,233,229,225,218,207,191,177,168,166,169,172,174,176,185
MA15,00/02/29,198,207,205,197,191,191,194,202,208,210,210,208,206,203,196,185,170,155,144,138,138,143,152,166
MA15,00/03/01,182,198,209,214,212,207,200,196,195,196,198,202,207,212,213,206,191,172,152,135,126,126,135,151
MA15,00/03/02,172,193,211,224,228,221,209,196,187,183,186,194,206,219,226,225,214,195,171,145,124,113,115,129
MA15,00/03/03,152,180,207,226,235,231,219,201,184,170,166,173,189,208,224,231,227,213,190,161,132,108,099,108
MA15,00/03/04,134,167,200,226,241,245,238,220,197,175,162,164,182,209,236,252,254,243,222,193,161,129,107,104
MA15,00/03/05,124,160,201,236,257,263,256,237,213,187,165,156,165,191,224,253,268,265,246,215,178,142,113,098
MA15,00/03/06,103,130,169,211,244,261,259,242,217,188,162,143,142,162,198,236,264,274,264,237,200,161,126,104
MA15,00/03/07,100,117,153,198,239,267,276,266,241,209,176,152,143,156,188,228,264,286,287,268,235,194,152,120
MA15,00/03/08,106,114,144,185,225,254,268,267,249,220,184,150,129,130,156,198,241,271,277,262,235,203,171,141
MA15,00/03/09,118,110,124,159,202,242,265,269,253,225,191,157,129,116,122,147,187,229,255,259,241,211,179,150
MA15,00/03/10,128,116,120,140,173,210,239,252,246,224,191,155,123,104,102,119,152,191,225,244,243,225,199,171
MA15,00/03/11,144,126,122,135,162,195,225,245,248,234,207,174,142,118,107,111,131,162,196,222,236,235,222,202
MA15,00/03/12,181,165,157,160,174,196,221,243,253,248,228,200,172,146,128,119,124,141,167,192,212,222,221,212
MA15,00/03/13,199,186,176,172,176,187,203,221,235,238,231,214,193,171,149,131,120,120,130,145,162,182,199,207
MA15,00/03/14,204,194,183,177,176,180,188,197,207,216,219,215,205,189,171,153,138,126,120,122,134,153,173,189
MA15,00/03/15,199,204,204,202,200,196,193,192,194,198,204,209,209,204,194,179,160,140,123,112,111,123,143,168
MA15,00/03/16,192,211,223,226,224,217,207,198,195,198,207,219,230,236,237,228,212,192,168,146,130,126,136,158
MA15,00/03/17,188,218,242,255,254,243,227,209,194,183,180,187,202,219,232,235,224,200,167,131,100,083,084,100
MA15,00/03/18,130,167,202,229,242,240,224,202,177,158,149,154,173,201,230,249,253,240,213,175,134,102,087,094
MA15,00/03/19,119,155,195,229,251,255,243,220,192,166,147,142,155,185,223,255,271,269,250,219,180,140,109,097
MA15,00/03/20,109,143,187,228,256,264,254,232,200,165,134,113,111,134,175,219,249,257,245,218,182,145,112,090
MA15,00/03/21,086,106,145,191,230,252,251,233,204,170,137,112,105,119,153,196,235,260,265,250,219,181,144,114
MA15,00/03/22,100,108,138,180,223,254,263,250,220,182,144,114,096,096,118,154,195,231,251,249,228,193,156,125
MA15,00/03/23,107,107,125,158,198,232,250,248,226,191,153,121,101,098,115,147,186,222,247,257,252,234,209,182
MA15,00/03/24,161,154,165,194,238,281,305,299,266,223,188,168,156,145,134,135,159,200,239,257,252,230,204,182
MA15,00/03/25,167,157,156,166,188,217,242,254,248,226,195,163,137,121,117,127,148,175,201,221,231,229,215,195
MA15,00/03/26,176,163,163,173,190,208,223,234,237,229,209,180,152,133,125,127,135,148,166,186,205,216,215,202
MA15,00/03/27,186,174,171,175,183,193,204,215,223,220,207,185,161,141,127,121,124,135,150,166,181,191,197,197
MA15,00/03/28,193,186,181,178,179,184,193,203,210,211,203,189,174,162,151,140,132,129,136,151,169,185,196,204
MA15,00/03/29,213,219,220,213,204,200,205,215,223,226,222,215,208,203,198,190,178,163,152,148,154,168,186,199
MA15,00/03/30,207,211,214,215,214,209,201,193,190,191,195,199,200,199,193,184,171,156,143,133,130,135,147,164
MA15,00/03/31,183,201,217,224,222,211,196,184,178,177,181,188,198,209,216,216,205,187,166,146,133,129,139,158
MA15,00/04/01,182,206,226,239,240,228,207,181,159,148,151,164,182,200,213,217,212,196,171,142,117,103,104,118
MA15,00/04/02,141,169,197,219,229,225,207,180,153,134,128,137,158,186,210,224,227,215,190,158,125,101,092,100
MA15,00/04/03,122,155,190,220,237,236,219,190,158,131,114,113,130,162,198,227,242,236,213,179,143,112,092,088
MA15,00/04/04,103,136,177,214,239,246,234,207,172,137,110,100,112,143,183,221,247,255,243,215,177,140,110,095
MA15,00/04/05,101,128,168,211,244,260,255,232,196,156,122,101,102,125,165,210,248,272,276,259,226,187,150,124
MA15,00/04/06,118,133,167,208,243,263,263,244,211,170,128,095,080,089,120,166,212,246,260,251,226,191,155,124
MA15,00/04/07,108,111,136,173,212,242,253,245,219,181,138,100,075,072,093,133,181,225,253,261,249,223,192,163
MA15,00/04/08,141,133,145,174,209,241,260,259,240,207,167,126,091,073,076,100,139,180,215,236,239,224,199,171
MA15,00/04/09,148,135,136,153,179,207,229,238,230,206,172,135,102,079,071,080,106,141,178,207,224,225,212,192
MA15,00/04/10,172,158,153,160,178,200,221,234,236,224,202,173,143,117,099,096,107,132,164,194,217,231,234,231
MA15,00/04/11,223,215,205,198,197,205,218,229,235,231,218,200,179,156,134,118,113,122,141,162,182,199,212,219
MA15,00/04/12,217,210,203,200,201,204,208,214,220,225,225,219,207,191,175,158,143,134,134,141,156,174,193,209
MA15,00/04/13,220,224,222,216,209,202,197,195,196,199,204,208,210,207,198,183,164,145,130,123,127,142,162,184
MA15,00/04/14,204,220,230,231,223,210,195,183,178,180,189,202,216,227,228,218,200,176,151,130,118,119,133,156
MA15,00/04/15,183,210,230,240,235,218,196,175,159,152,154,165,183,205,222,228,220,199,171,141,119,108,114,132
MA15,00/04/16,160,190,217,236,241,232,209,181,155,138,133,143,165,195,222,239,243,231,206,173,140,115,107,117
MA15,00/04/17,143,175,207,232,243,238,217,186,153,126,112,115,136,168,203,231,247,247,229,199,162,129,109,108
MA15,00/04/18,127,160,196,228,246,246,227,195,158,123,099,092,106,136,175,213,241,252,244,218,184,150,125,113
MA15,00/04/19,118,142,179,217,244,253,241,213,175,137,105,087,089,112,151,193,230,253,256,241,212,178,147,127
MA15,00/04/20,123,137,167,204,237,255,252,229,192,152,115,090,082,093,122,161,200,230,246,243,223,194,166,144
MA15,00/04/21,133,137,155,186,221,247,254,240,209,170,132,102,087,090,111,145,186,224,251,259,249,227,203,183
MA15,00/04/22,171,170,180,201,228,252,264,258,235,200,162,129,107,101,112,137,172,207,236,252,252,238,216,192
MA15,00/04/23,172,163,170,190,216,239,255,257,245,221,191,160,134,118,118,134,162,194,221,237,239,230,218,205
MA15,00/04/24,192,180,175,181,198,222,242,249,240,218,189,161,138,123,117,123,140,164,190,210,219,220,217,210
MA15,00/04/25,200,189,181,181,190,206,222,231,231,219,199,176,155,138,127,124,132,149,171,193,210,221,224,219
MA15,00/04/26,211,203,198,196,197,202,211,219,225,223,212,194,175,158,145,137,136,142,154,171,190,206,218,223
MA15,00/04/27,223,219,215,212,207,204,203,207,214,220,221,215,203,189,176,166,159,158,162,169,181,194,209,221
MA15,00/04/28,227,227,223,218,214,209,203,198,197,200,207,212,213,206,195,181,169,159,152,149,151,159,172,191
MA15,00/04/29,212,226,232,228,217,203,189,179,173,174,180,189,199,206,207,200,186,169,153,140,136,142,158,180
MA15,00/04/30,202,221,233,235,228,212,192,171,156,153,162,179,199,216,225,224,214,196,174,154,140,137,147,169
MA15,00/05/01,196,223,244,253,248,232,207,181,158,146,148,164,190,219,241,250,245,229,205,180,156,141,140,154
MA15,00/05/02,180,212,241,259,261,246,220,188,157,133,123,131,158,195,230,253,259,250,228,201,174,150,137,142
MA15,00/05/03,163,197,234,260,271,262,238,203,165,131,109,108,130,170,214,251,271,271,255,227,193,160,138,134
MA15,00/05/04,149,178,214,246,266,268,251,218,176,133,099,084,095,129,175,222,258,276,272,252,221,189,161,144
MA15,00/05/05,144,163,195,230,257,267,258,231,190,145,102,073,068,088,128,178,222,253,266,260,238,208,177,153
MA15,00/05/06,143,152,179,213,243,261,261,243,210,167,121,082,062,066,094,137,185,225,252,260,251,229,203,178
MA15,00/05/07,162,160,173,200,230,254,262,254,230,195,154,115,086,074,084,114,155,198,232,253,257,247,228,205
MA15,00/05/08,186,175,178,195,219,242,255,255,242,217,183,146,111,088,082,096,127,165,201,229,245,246,238,223
MA15,00/05/09,207,194,189,193,207,227,243,252,249,233,208,179,149,124,107,102,112,136,167,198,222,233,234,227
MA15,00/05/10,216,205,196,193,198,209,221,231,236,232,218,199,177,156,137,122,117,125,145,170,195,214,227,232
MA15,00/05/11,230,223,215,207,201,201,206,213,218,221,219,213,203,188,170,151,136,131,137,152,172,193,212,226
MA15,00/05/12,235,237,231,221,208,199,194,196,200,206,212,216,218,214,204,186,165,149,140,142,154,171,191,211
MA15,00/05/13,228,237,237,228,213,197,183,174,172,176,185,197,210,219,219,209,191,170,151,140,140,152,172,196
MA15,00/05/14,218,234,241,237,224,205,183,163,150,147,157,175,197,216,229,231,222,203,179,156,142,141,153,176
MA15,00/05/15,202,225,239,243,235,216,190,162,138,126,129,146,173,202,226,240,241,230,207,180,155,141,144,162
MA15,00/05/16,189,215,236,249,249,234,206,170,137,116,111,123,149,180,212,237,251,250,232,203,174,153,146,156
MA15,00/05/17,179,208,234,251,255,243,218,184,148,116,097,098,118,154,193,227,247,252,244,224,197,171,153,150
MA15,00/05/18,163,189,220,247,260,256,234,200,160,124,096,085,094,121,160,201,235,254,254,238,212,184,162,152
MA15,00/05/19,156,175,203,231,251,256,244,215,176,135,101,083,084,104,138,178,215,242,254,250,231,205,180,163
MA15,00/05/20,159,171,193,221,245,257,254,232,197,156,118,091,084,095,122,158,194,226,247,253,243,221,195,173
MA15,00/05/21,163,167,185,210,234,250,252,239,213,176,137,104,086,087,106,138,173,206,230,242,240,227,205,183
MA15,00/05/22,166,161,171,192,217,236,244,238,217,186,152,121,098,090,098,122,154,188,217,236,242,236,221,205
MA15,00/05/23,189,178,178,190,210,230,243,245,232,208,178,148,125,111,109,120,144,175,205,228,239,239,231,219
MA15,00/05/24,205,192,186,190,203,220,234,239,235,221,199,176,153,135,124,123,133,154,181,208,226,233,232,224
MA15,00/05/25,213,201,192,188,191,200,212,222,225,219,204,184,163,145,133,128,133,146,165,186,205,219,226,226
MA15,00/05/26,221,211,200,193,190,192,199,207,213,215,210,200,186,171,158,148,143,146,157,173,190,207,220,229
MA15,00/05/27,231,226,217,205,195,188,187,191,198,204,207,206,203,196,186,172,158,150,151,160,175,193,212,228
MA15,00/05/28,239,242,237,225,211,199,191,190,192,197,206,217,227,232,229,217,200,184,175,173,178,189,204,221
MA15,00/05/29,237,248,249,240,222,200,178,162,156,160,173,189,205,217,221,217,204,186,168,155,151,158,174,197
MA15,00/05/30,219,237,245,242,228,204,176,151,135,131,143,166,194,220,239,245,237,221,199,178,163,159,169,191
MA15,00/05/31,218,242,259,264,255,232,201,167,137,120,121,142,175,212,242,259,262,253,233,208,183,167,166,181
MA15,00/06/01,208,236,258,270,267,249,220,183,144,110,096,105,137,180,223,255,272,273,260,237,209,183,167,167
MA15,00/06/02,183,211,242,265,272,262,237,199,155,114,086,081,101,141,188,232,265,282,282,268,244,217,194,182
MA15,00/06/03,186,206,236,264,282,284,268,238,196,150,110,087,089,115,157,206,251,283,295,290,273,248,223,204
MA15,00/06/04,196,203,223,250,274,289,286,264,227,182,135,099,083,093,124,167,213,252,278,286,277,256,232,211
MA15,00/06/05,197,195,206,228,253,273,281,271,245,207,163,121,091,082,094,124,162,203,240,265,273,265,246,224
MA15,00/06/06,206,195,195,207,227,248,265,270,260,236,203,165,130,106,099,110,136,169,206,238,260,266,259,243
MA15,00/06/07,225,209,200,202,214,231,249,261,261,250,229,201,170,142,123,118,129,151,179,209,236,253,257,249
MA15,00/06/08,235,219,206,201,205,214,226,239,248,250,242,226,205,184,164,148,143,150,166,186,208,230,248,257
MA15,00/06/09,254,242,227,214,207,208,217,231,248,264,270,262,245,224,203,181,163,157,164,179,195,212,227,239
MA15,00/06/10,244,238,224,207,191,181,179,182,189,196,204,210,213,209,199,183,166,152,149,156,171,189,207,224
MA15,00/06/11,235,239,234,222,206,188,174,168,171,179,188,197,208,217,221,217,203,184,168,163,170,184,201,217
MA15,00/06/12,230,239,242,236,221,201,177,158,151,154,165,179,194,210,224,233,230,217,198,181,174,178,191,209
MA15,00/06/13,227,241,249,250,241,222,196,168,147,140,145,160,179,201,223,242,252,247,229,208,191,185,191,204
MA15,00/06/14,222,239,252,260,256,240,214,184,154,133,129,144,170,199,225,245,256,255,243,222,200,185,183,194
MA15,00/06/15,214,234,249,254,249,233,209,177,144,117,104,112,136,170,204,232,249,255,248,231,210,189,178,180
MA15,00/06/16,195,218,241,255,257,244,219,187,152,120,099,095,111,143,181,216,241,254,256,245,223,199,180,174
MA15,00/06/17,182,203,228,248,256,251,233,205,170,133,102,085,090,115,154,193,225,245,251,245,229,208,187,172
MA15,00/06/18,170,182,207,235,254,258,245,219,185,148,113,089,084,100,131,170,207,236,253,256,245,224,200,181
MA15,00/06/19,173,179,198,224,246,257,254,236,207,170,133,103,089,094,118,153,191,225,247,257,252,235,212,191
MA15,00/06/20,178,176,187,207,230,247,253,245,222,188,150,117,097,094,110,138,172,204,231,248,252,243,224,203
MA15,00/06/21,185,177,181,197,218,238,250,249,234,206,172,139,116,105,109,126,153,185,215,238,250,248,235,216
MA15,00/06/22,196,183,180,187,203,222,237,243,236,218,191,161,134,116,111,118,138,167,197,222,238,243,237,223
MA15,00/06/23,206,190,180,180,189,204,221,233,236,226,206,182,159,141,130,127,136,155,180,206,228,240,241,234
MA15,00/06/24,219,202,188,180,180,187,200,215,225,226,218,202,182,164,150,140,138,146,163,185,208,228,238,238
MA15,00/06/25,227,210,193,181,172,169,173,184,198,209,211,205,193,179,165,152,143,142,150,167,187,207,222,230
MA15,00/06/26,229,220,205,187,170,158,154,158,169,183,196,205,206,201,191,178,167,160,159,165,178,196,216,231
MA15,00/06/27,236,233,221,204,185,165,149,142,146,161,180,199,212,218,218,212,201,187,176,172,178,194,213,231
MA15,00/06/28,244,249,247,237,218,193,167,145,137,146,166,192,219,242,255,251,238,226,216,205,192,186,195,217
MA15,00/06/29,242,259,263,253,232,203,171,141,118,111,121,146,179,212,239,253,254,244,227,208,191,183,187,201
MA15,00/06/30,222,244,260,265,254,227,190,151,116,095,094,111,143,182,220,250,266,266,252,230,207,191,185,191
MA15,00/07/01,208,230,252,266,267,251,219,178,134,097,077,080,104,142,185,226,259,277,275,256,228,203,187,184
MA15,00/07/02,193,213,239,261,274,270,249,213,168,121,084,067,076,107,149,194,234,263,275,269,250,224,201,188
MA15,00/07/03,187,199,222,248,270,279,272,246,206,159,114,081,070,083,116,158,202,241,269,279,272,250,222,198
MA15,00/07/04,186,189,206,231,255,272,276,264,237,199,155,113,085,078,096,130,173,214,248,268,269,252,229,209
MA15,00/07/05,193,184,188,205,229,253,268,269,253,224,187,149,116,095,095,114,147,187,225,252,265,261,245,222
MA15,00/07/06,200,185,180,189,208,229,247,258,256,241,214,181,148,122,109,115,136,168,201,231,252,260,253,234
MA15,00/07/07,211,190,178,178,189,206,223,238,247,245,231,209,182,157,138,132,141,163,191,219,243,258,264,257
MA15,00/07/08,239,218,204,198,200,205,213,227,247,263,264,251,232,211,193,179,174,179,194,217,239,256,263,260
MA15,00/07/09,247,230,211,195,182,177,180,191,206,218,224,225,222,217,209,198,188,183,188,204,224,242,254,256
MA15,00/07/10,249,236,220,203,187,173,166,167,177,191,205,215,220,222,219,213,204,196,192,195,207,224,240,250
MA15,00/07/11,252,245,232,217,199,181,167,159,158,165,178,195,212,225,233,233,226,216,207,201,203,211,224,238
MA15,00/07/12,248,250,245,233,214,193,172,154,144,144,154,173,198,221,238,247,245,238,226,215,208,209,218,233
MA15,00/07/13,247,255,255,248,234,214,189,162,142,134,140,157,180,205,228,246,254,251,238,221,206,198,201,212
MA15,00/07/14,227,240,249,251,243,223,194,163,135,118,115,127,151,181,212,238,255,261,252,234,214,199,194,201
MA15,00/07/15,216,232,246,255,254,240,216,183,150,123,108,111,131,161,195,225,249,261,260,246,224,203,191,190
MA15,00/07/16,200,217,236,252,259,254,234,204,167,133,108,099,111,137,171,207,237,258,265,256,235,212,194,185
MA15,00/07/17,188,202,224,247,263,265,251,222,186,149,118,100,100,118,150,189,226,253,267,264,249,227,204,187
MA15,00/07/18,180,187,208,236,259,269,263,241,209,172,137,109,098,107,134,171,209,241,262,268,258,236,210,189
MA15,00/07/19,177,178,193,217,243,261,266,253,226,189,152,120,102,102,121,152,189,223,249,261,258,242,218,192
MA15,00/07/20,172,165,175,198,225,247,259,256,238,208,172,137,112,103,111,135,169,205,235,254,259,248,228,204
MA15,00/07/21,183,169,168,181,204,229,248,255,247,225,194,161,133,116,115,129,155,186,217,242,256,257,244,222
MA15,00/07/22,198,178,169,175,192,215,236,250,254,245,224,196,168,147,137,143,161,187,215,239,255,261,254,237
MA15,00/07/23,214,191,174,169,177,194,214,230,240,239,228,210,189,169,155,152,161,180,203,225,243,255,258,248
MA15,00/07/24,229,206,186,174,170,175,189,206,222,232,234,227,214,198,183,172,169,177,194,215,233,246,252,250
MA15,00/07/25,239,222,201,180,163,157,162,178,197,214,226,229,225,216,205,195,189,188,194,206,221,236,249,256
MA15,00/07/26,252,237,216,193,172,155,147,148,160,177,195,210,220,225,222,213,201,191,188,192,203,216,229,239
MA15,00/07/27,242,239,228,209,184,156,132,121,123,137,157,180,201,219,230,233,228,216,203,193,192,199,213,229
MA15,00/07/28,242,247,243,231,209,180,149,123,108,109,126,152,182,210,233,248,251,244,229,213,201,197,204,218
MA15,00/07/29,235,250,257,255,241,215,181,143,110,091,093,116,151,189,224,251,268,270,259,238,215,199,195,203
MA15,00/07/30,220,239,255,264,262,246,214,172,129,096,081,087,112,149,190,231,263,279,275,256,230,205,190,189
MA15,00/07/31,199,219,243,264,274,269,246,209,165,120,086,071,081,112,155,200,241,270,280,271,248,218,193,180
MA15,00/08/01,181,196,223,251,272,279,269,243,203,157,113,081,073,089,124,169,213,250,273,277,262,234,202,178
MA15,00/08/02,167,172,193,222,250,269,273,259,228,187,142,102,079,079,101,140,183,224,253,265,260,240,211,182
MA15,00/08/03,159,152,164,191,222,248,263,263,246,217,178,137,103,088,096,126,165,203,235,255,260,248,224,193
MA15,00/08/04,164,146,147,165,193,220,241,251,248,232,203,169,136,112,107,122,152,186,218,241,252,249,231,204
MA15,00/08/05,175,152,143,149,169,193,216,231,237,233,218,194,166,141,128,132,151,180,209,231,245,248,239,218
MA15,00/08/06,191,165,148,143,151,168,189,207,220,223,218,205,188,171,157,152,158,176,199,222,238,244,240,226
MA15,00/08/07,206,183,163,150,146,153,168,183,196,205,209,207,200,191,181,173,172,180,195,211,225,233,234,228
MA15,00/08/08,216,198,179,161,148,144,148,159,173,184,193,198,200,200,198,194,189,187,189,197,209,222,229,228
MA15,00/08/09,220,206,190,175,160,147,139,138,146,159,174,186,196,202,207,209,206,200,194,192,199,210,217,220
MA15,00/08/10,220,216,209,197,180,159,141,130,131,141,156,171,187,203,217,225,227,220,210,201,198,202,211,221
MA15,00/08/11,227,228,225,218,204,185,163,143,131,129,137,153,175,199,223,239,245,242,231,217,206,201,204,212
MA15,00/08/12,222,231,238,238,227,208,182,156,135,122,122,133,154,182,212,237,250,251,240,222,205,194,192,198
MA15,00/08/13,211,228,243,251,247,231,205,175,147,124,114,119,139,168,199,227,249,259,254,236,212,191,180,182
MA15,00/08/14,194,214,234,250,256,249,230,200,166,134,112,106,121,150,186,221,249,266,270,259,237,213,192,183
MA15,00/08/15,188,207,232,255,270,271,257,231,197,161,129,109,111,133,169,208,242,267,276,269,247,220,194,176
MA15,00/08/16,174,188,214,243,265,273,267,246,213,174,137,111,104,118,148,187,226,258,276,274,254,225,195,173
MA15,00/08/17,163,170,193,222,249,268,271,258,230,194,155,125,110,115,137,172,211,246,270,276,265,240,210,182
MA15,00/08/18,165,162,174,200,231,259,273,269,248,215,179,147,125,119,130,156,193,230,259,272,268,249,222,192
MA15,00/08/19,168,155,160,180,210,241,263,269,259,237,206,174,148,135,137,156,186,221,252,271,273,260,236,207
MA15,00/08/20,180,160,154,164,188,218,245,261,261,247,222,194,168,151,147,157,180,210,239,259,267,260,242,215
MA15,00/08/21,188,165,153,152,165,188,216,240,252,248,231,209,189,175,167,168,178,197,222,244,258,258,245,222
MA15,00/08/22,196,172,155,147,148,158,177,201,223,234,230,215,197,183,175,173,178,190,207,225,241,249,245,229
MA15,00/08/23,206,182,161,144,137,139,152,172,193,209,218,219,214,205,196,190,189,194,204,215,227,236,241,236
MA15,00/08/24,223,204,183,162,144,134,134,143,159,177,195,209,218,220,218,213,208,205,206,210,218,227,235,238
MA15,00/08/25,234,224,210,191,171,151,135,128,131,145,165,188,209,227,238,241,238,230,222,216,213,216,224,233
MA15,00/08/26,241,245,241,229,208,182,155,134,123,124,137,159,189,220,245,260,261,254,240,225,212,207,208,217
MA15,00/08/27,230,244,253,253,240,213,179,144,117,103,105,121,151,189,228,257,271,267,250,227,206,192,188,194
MA15,00/08/28,209,230,250,262,260,241,208,168,129,099,085,091,115,152,196,237,264,273,264,242,215,192,178,175
MA15,00/08/29,186,210,239,264,277,271,248,211,167,126,096,086,097,128,171,218,257,279,280,261,231,200,176,164
MA15,00/08/30,167,185,215,247,273,283,273,245,203,156,114,088,087,108,145,190,233,265,278,267,239,204,172,150
MA15,00/08/31,144,156,184,220,254,275,279,263,231,189,146,110,094,103,133,174,218,255,276,276,256,224,189,160
MA15,00/09/01,144,146,165,197,232,262,279,278,259,227,189,152,127,120,135,167,208,248,275,284,271,243,208,175
MA15,00/09/02,152,144,153,177,208,239,263,274,269,248,216,183,155,143,149,173,205,239,265,280,276,255,223,188
MA15,00/09/03,157,139,138,154,180,209,232,246,248,238,219,193,169,153,150,161,186,217,245,263,266,253,229,202
MA15,00/09/04,175,152,140,142,158,183,210,230,239,238,229,215,198,184,178,181,194,214,235,252,259,255,241,220
MA15,00/09/05,196,174,160,157,163,176,193,211,228,239,243,239,231,221,210,205,208,220,237,252,262,265,259,247
MA15,00/09/06,230,211,194,180,174,176,185,198,212,224,232,235,234,231,228,225,222,224,230,238,247,252,251,244
MA15,00/09/07,232,218,205,192,180,169,164,168,181,196,208,215,221,226,229,230,227,223,220,220,225,232,236,235
MA15,00/09/08,228,218,209,199,187,172,158,150,154,165,180,194,206,217,227,234,236,231,222,212,208,210,218,225
MA15,00/09/09,228,226,221,213,201,184,166,152,146,149,160,177,197,219,236,247,251,246,236,223,212,208,211,219
MA15,00/09/10,229,239,245,243,232,213,191,171,156,150,154,167,189,215,241,261,271,270,258,240,220,206,202,209
MA15,00/09/11,225,243,258,263,258,244,223,199,174,152,139,143,164,199,237,267,280,278,263,244,224,207,196,195
MA15,00/09/12,206,228,254,272,275,261,237,208,182,161,148,145,156,183,219,254,278,285,275,253,227,202,184,176
MA15,00/09/13,184,207,237,265,279,276,255,224,190,160,139,130,136,159,195,235,268,284,282,263,235,204,177,161
MA15,00/09/14,161,181,215,252,278,285,272,248,217,184,154,132,126,142,177,221,261,285,291,279,255,224,192,166
MA15,00/09/15,155,167,200,242,279,299,301,288,265,231,191,152,129,133,164,209,250,278,289,282,263,235,201,168
MA15,00/09/16,144,142,166,207,251,281,291,282,260,233,204,174,150,142,157,195,240,279,297,296,281,258,227,191
MA15,00/09/17,158,142,153,188,232,269,292,297,288,267,237,203,172,157,164,191,230,266,290,295,284,261,232,200
MA15,00/09/18,170,149,146,164,198,238,271,285,280,264,243,222,200,181,173,182,209,245,273,283,275,254,228,202
MA15,00/09/19,175,151,135,136,156,189,224,250,258,252,237,220,206,194,186,186,199,222,248,265,269,257,236,210
MA15,00/09/20,186,164,147,138,142,158,185,214,236,245,241,230,219,210,203,199,202,213,229,246,255,254,241,220
MA15,00/09/21,197,175,158,146,141,144,156,177,200,220,230,232,229,224,220,217,216,218,224,232,240,245,243,234
MA15,00/09/22,220,202,183,166,152,144,144,152,169,189,208,223,232,237,239,237,232,227,222,221,223,228,233,233
MA15,00/09/23,228,220,209,195,179,161,144,136,140,156,179,201,221,238,249,254,251,241,228,216,212,215,223,231
MA15,00/09/24,237,241,239,231,216,193,168,146,135,138,154,179,207,235,256,267,268,260,245,226,209,200,201,212
MA15,00/09/25,229,244,253,252,239,216,187,157,133,121,124,143,174,209,240,262,271,266,249,225,201,183,177,184
MA15,00/09/26,202,227,249,262,261,245,216,182,148,121,108,114,141,181,223,255,272,271,256,230,202,178,161,157
MA15,00/09/27,170,198,233,263,277,272,250,216,180,145,119,109,123,158,204,246,273,281,270,247,218,187,160,143
MA15,00/09/28,146,171,211,251,277,283,270,244,210,174,142,121,119,141,181,227,264,281,276,252,218,183,154,135
MA15,00/09/29,131,145,177,219,257,279,282,266,236,201,166,140,129,139,168,209,248,275,280,265,235,199,166,141
MA15,00/09/30,125,127,149,187,229,262,278,274,253,223,191,163,145,144,163,196,235,266,280,273,249,216,181,150
MA15,00/10/01,129,123,136,166,206,243,268,276,267,244,215,187,165,156,164,188,222,254,272,271,254,225,191,159
MA15,00/10/02,134,121,124,144,176,210,239,256,258,248,229,206,185,173,173,187,212,240,261,268,260,240,212,182
MA15,00/10/03,155,137,133,143,166,194,221,241,251,249,240,225,207,192,186,193,211,232,249,255,251,238,217,191
MA15,00/10/04,164,142,132,134,146,165,187,207,223,229,227,217,205,196,192,193,201,213,225,234,236,231,218,199
MA15,00/10/05,176,154,138,132,135,145,161,177,192,202,209,209,206,203,199,196,196,201,209,215,219,218,212,200
MA15,00/10/06,184,169,157,149,144,144,148,159,174,188,198,205,210,213,216,216,213,209,206,206,210,213,214,209
MA15,00/10/07,201,191,181,171,160,150,144,145,153,167,184,198,210,219,224,226,224,217,208,199,195,197,203,209
MA15,00/10/08,211,209,206,198,185,169,152,142,142,152,167,184,202,218,232,239,238,228,212,195,186,186,192,201
MA15,00/10/09,209,215,219,217,208,191,169,150,139,139,150,169,191,214,236,252,255,244,222,197,178,172,177,189
MA15,00/10/10,204,217,228,234,230,215,190,162,138,126,128,143,169,199,227,245,252,245,226,200,174,156,151,159
MA15,00/10/11,179,204,228,242,242,229,205,176,147,127,118,126,150,184,219,246,261,258,239,210,179,155,141,144
MA15,00/10/12,163,193,225,251,261,255,234,205,174,146,128,124,141,174,214,249,268,268,250,219,182,148,125,120
MA15,00/10/13,133,162,200,236,258,261,244,214,179,147,125,117,126,151,188,227,257,270,261,235,198,161,129,111
MA15,00/10/14,113,138,178,221,256,274,274,255,223,185,150,127,125,143,178,218,253,271,266,241,204,164,128,102
MA15,00/10/15,094,106,139,184,228,260,271,259,231,197,165,142,134,143,165,198,234,261,268,252,218,176,135,104
MA15,00/10/16,089,093,116,152,195,233,257,259,242,212,180,154,142,145,162,189,220,246,260,255,231,195,153,115
MA15,00/10/17,090,083,096,125,163,203,236,254,252,235,211,188,171,165,171,189,215,241,259,261,248,222,188,154
MA15,00/10/18,125,107,104,118,144,179,215,243,255,251,236,214,192,179,177,188,209,231,246,247,236,218,194,168
MA15,00/10/19,140,114,098,098,115,142,172,200,219,229,227,217,204,195,192,194,203,215,227,235,237,231,217,197
MA15,00/10/20,173,148,126,116,117,130,150,172,195,214,226,228,224,216,210,207,210,215,221,224,225,223,219,211
MA15,00/10/21,197,179,159,143,133,131,136,148,166,188,207,220,226,227,226,223,219,215,211,208,209,210,212,213
MA15,00/10/22,210,203,191,174,154,136,125,125,135,154,177,198,215,226,231,230,224,213,199,186,179,181,190,202
MA15,00/10/23,212,216,212,201,184,162,142,127,123,132,153,179,206,228,243,249,245,231,209,185,168,166,178,197
MA15,00/10/24,214,226,233,234,225,205,177,148,127,120,132,157,187,216,239,251,251,238,214,184,159,146,149,166
MA15,00/10/25,190,216,239,254,255,241,213,179,149,132,132,150,179,213,245,269,278,271,247,213,177,151,140,148
MA15,00/10/26,171,204,239,267,282,277,254,220,183,154,139,142,163,195,230,260,274,268,243,205,164,130,110,108
MA15,00/10/27,125,155,192,228,251,258,247,222,192,161,137,129,140,169,207,241,263,267,251,219,178,139,109,097
MA15,00/10/28,104,130,167,208,242,263,264,248,218,184,156,139,140,160,194,231,259,270,259,232,194,154,121,101
MA15,00/10/29,100,116,147,187,227,257,269,264,243,214,184,162,155,166,193,226,256,274,273,254,221,181,143,116
MA15,00/10/30,105,112,136,171,211,247,271,279,269,245,213,185,168,169,186,213,241,260,265,251,223,186,148,116
MA15,00/10/31,097,093,106,132,166,201,229,244,245,232,210,188,172,167,174,193,217,238,251,248,231,203,169,136
MA15,00/11/01,110,097,101,121,151,183,211,232,242,240,226,209,193,185,186,198,216,234,246,247,238,219,192,162
MA15,00/11/02,135,117,112,123,143,168,194,216,231,236,230,217,203,193,192,198,210,223,231,233,227,215,198,177
MA15,00/11/03,155,135,122,121,131,150,172,192,207,216,218,216,209,202,197,196,201,209,215,219,219,215,206,193
MA15,00/11/04,176,159,144,135,134,142,156,173,191,206,215,219,218,214,210,207,204,201,200,200,202,205,205,200
MA15,00/11/05,190,177,164,154,148,147,151,161,174,189,203,214,222,226,226,223,216,207,198,192,191,195,200,204
MA15,00/11/06,203,198,188,176,165,156,150,148,153,164,179,197,211,221,226,224,216,203,188,176,169,171,180,191
MA15,00/11/07,199,201,199,192,181,167,152,142,141,149,164,185,207,225,236,238,231,216,195,175,160,156,164,182
MA15,00/11/08,201,215,222,220,210,194,174,156,144,142,153,174,200,224,239,242,234,216,190,163,141,130,134,150
MA15,00/11/09,175,200,218,225,220,203,180,155,135,125,129,146,172,201,226,242,244,230,202,167,135,114,111,124
MA15,00/11/10,151,182,212,234,242,236,216,188,159,138,130,138,161,194,229,253,261,249,221,184,146,116,101,105
MA15,00/11/11,128,164,204,239,260,260,243,215,185,160,144,140,150,174,208,241,261,259,235,196,152,114,089,082
MA15,00/11/12,094,125,167,212,247,264,259,238,209,180,157,146,151,171,203,239,265,272,258,225,181,137,101,081
MA15,00/11/13,081,103,141,189,232,260,267,254,229,200,174,154,147,156,182,216,246,259,251,223,183,138,097,070
MA15,00/11/14,061,071,099,140,184,224,248,253,240,215,188,166,155,158,175,200,228,247,251,236,206,166,123,087
MA15,00/11/15,066,063,081,114,156,198,234,252,252,236,215,194,180,175,182,199,222,243,253,246,225,193,156,120
MA15,00/11/16,091,074,073,091,122,159,195,222,234,233,220,203,187,178,178,187,204,223,236,238,229,209,182,153
MA15,00/11/17,124,101,090,094,112,139,172,202,224,235,236,228,216,205,201,203,211,222,231,235,234,228,215,196
MA15,00/11/18,173,147,127,118,122,136,157,182,206,225,237,240,234,222,211,206,206,207,208,205,201,200,199,194
MA15,00/11/19,180,159,137,119,111,114,126,144,163,182,200,214,220,218,209,199,192,187,185,184,184,186,192,197
MA15,00/11/20,196,189,175,158,141,129,126,133,149,171,192,209,220,225,224,221,213,200,187,176,175,184,201,221
MA15,00/11/21,235,240,236,227,216,204,186,167,156,162,182,210,233,245,243,231,217,201,183,165,151,146,155,174
MA15,00/11/22,197,214,221,214,199,176,154,139,133,138,152,175,201,223,234,234,222,201,173,145,125,118,125,144
MA15,00/11/23,170,197,219,230,229,215,192,167,150,145,153,172,197,222,244,255,252,233,202,166,134,115,114,130
MA15,00/11/24,157,188,217,240,251,248,229,202,176,159,155,165,187,213,238,255,258,245,217,178,139,110,098,106
MA15,00/11/25,129,161,194,225,248,256,246,221,191,165,152,156,173,198,225,247,256,249,224,187,146,110,089,086
MA15,00/11/26,101,129,166,205,237,255,254,236,210,184,167,161,168,188,216,244,262,263,243,207,166,127,098,085
MA15,00/11/27,090,111,145,186,224,251,259,251,231,206,184,171,171,183,205,233,256,266,254,223,181,139,104,084
MA15,00/11/28,082,097,124,158,195,228,248,249,233,209,185,169,165,171,186,207,229,245,246,229,195,154,115,087
MA15,00/11/29,074,079,099,130,165,199,225,238,236,221,201,182,170,169,178,196,219,237,244,235,212,180,147,117
MA15,00/11/30,097,089,097,117,148,182,213,235,243,235,216,194,178,173,179,192,208,222,231,229,216,194,165,135
MA15,00/12/01,109,096,096,109,133,161,189,213,228,230,221,204,189,180,179,185,197,212,223,227,220,204,181,156
MA15,00/12/02,132,115,107,111,125,147,170,193,211,222,225,218,205,191,184,186,194,205,215,220,219,213,200,183
MA15,00/12/03,161,140,126,124,133,149,169,190,208,223,231,231,223,213,204,199,200,204,210,213,215,214,209,200
MA15,00/12/04,186,167,149,137,136,145,159,175,189,202,213,221,224,220,211,201,193,190,190,193,196,199,202,203
MA15,00/12/05,199,189,174,161,153,151,157,168,183,199,216,230,239,241,236,225,213,202,192,186,185,192,201,208
MA15,00/12/06,209,205,197,186,175,163,154,153,161,178,198,218,230,233,229,222,212,196,176,159,149,150,161,177
MA15,00/12/07,191,197,196,188,175,161,150,145,146,156,174,196,216,229,233,229,216,196,170,144,128,129,145,169
MA15,00/12/08,191,208,218,221,217,204,187,169,158,159,172,194,218,237,247,248,237,215,184,150,121,109,117,142
MA15,00/12/09,174,203,225,238,241,234,217,193,171,159,164,182,207,230,248,257,252,232,197,154,115,091,091,110
MA15,00/12/10,142,178,212,240,257,257,242,218,193,175,171,182,202,226,249,267,273,260,229,185,139,104,087,093
MA15,00/12/11,116,150,190,228,256,265,257,236,210,187,173,173,185,208,236,262,277,272,244,197,144,095,063,053
MA15,00/12/12,066,099,142,188,228,255,264,255,232,204,183,173,176,194,223,253,273,275,257,223,179,134,094,067
MA15,00/12/13,060,075,110,156,202,240,262,267,254,232,206,185,175,180,200,228,255,268,263,240,204,161,118,081
MA15,00/12/14,057,054,074,111,156,200,235,254,254,239,216,193,177,174,187,211,237,256,260,250,226,193,155,118
MA15,00/12/15,086,069,072,095,131,173,210,236,247,242,227,208,190,179,180,193,213,234,248,248,235,213,185,154
MA15,00/12/16,121,093,080,087,112,148,185,217,239,247,243,232,216,199,189,189,199,213,225,228,224,213,199,178
MA15,00/12/17,151,121,098,089,099,123,155,184,208,223,228,223,209,192,178,173,176,184,194,201,207,210,207,196
MA15,00/12/18,178,156,136,122,119,128,147,170,192,211,226,232,226,211,194,181,175,176,180,184,189,196,203,208
MA15,00/12/19,207,200,187,171,159,155,164,183,205,223,239,250,253,247,235,220,203,184,169,160,162,173,186,196
MA15,00/12/20,201,202,199,191,177,160,150,153,169,191,210,222,228,227,221,211,198,182,162,146,143,154,172,190
MA15,00/12/21,206,219,227,228,219,203,188,182,188,201,216,230,240,247,248,241,223,197,168,144,132,134,146,164
MA15,00/12/22,182,200,217,227,228,216,198,181,172,175,189,206,221,232,238,239,231,210,178,144,117,107,116,137
MA15,00/12/23,162,187,211,230,241,238,224,204,187,180,186,202,221,239,251,257,253,237,210,177,142,117,111,126
MA15,00/12/24,155,188,217,238,251,255,249,233,210,189,179,184,202,226,246,257,257,244,216,178,136,103,089,095
MA15,00/12/25,117,147,182,216,244,259,257,241,217,196,185,188,202,225,249,269,278,274,252,213,164,121,092,080
MA15,00/12/26,089,119,159,198,229,248,254,247,229,206,186,175,177,193,219,246,263,261,240,206,167,131,101,080
MA15,00/12/27,074,088,120,162,203,232,245,242,228,208,189,176,172,179,197,223,248,260,253,226,189,150,116,093
MA15,00/12/28,084,092,116,152,191,226,252,262,254,234,208,187,177,180,196,220,244,260,261,245,215,178,142,110
MA15,00/12/29,088,082,097,129,168,204,230,243,242,229,210,191,176,170,176,194,220,243,253,245,222,191,158,128
MA15,00/12/30,104,092,098,121,154,190,219,238,246,241,226,206,188,176,176,188,208,229,245,248,237,216,187,157
MA15,00/12/31,132,117,116,130,156,187,217,240,254,257,250,234,215,199,192,198,216,238,255,259,254,242,225,204
