MA15,10/01/01,77,110,152,196,235,261,269,260,239,216,196,186,190,207,233,261,279,280,261,224,177,127,86,61
MA15,10/01/02,59,79,115,161,208,246,268,269,253,227,201,182,176,184,206,236,265,281,277,252,212,164,116,79
MA15,10/01/03,60,65,93,137,185,228,256,266,259,239,213,187,170,166,177,204,236,262,271,260,232,194,152,110
MA15,10/01/04,78,63,71,100,144,192,231,253,256,242,219,193,170,157,158,177,206,237,259,264,252,228,197,162
MA15,10/01/05,129,107,101,116,149,191,232,259,271,267,253,230,202,173,156,162,186,216,237,244,239,230,214,191
MA15,10/01/06,161,130,110,111,134,170,206,234,249,252,244,227,203,179,160,154,164,184,206,222,230,229,223,212
MA15,10/01/07,195,174,156,147,153,174,203,231,251,258,253,238,216,193,172,157,153,161,175,190,201,208,210,209
MA15,10/01/08,202,192,180,171,170,178,194,216,235,247,250,242,226,206,187,170,159,153,155,163,173,185,197,205
MA15,10/01/09,209,207,202,196,190,189,195,208,223,236,243,242,233,219,203,186,168,153,142,139,143,154,168,183
MA15,10/01/10,195,204,210,212,210,205,203,205,211,220,228,232,231,224,212,197,180,161,140,122,113,118,135,155
MA15,10/01/11,173,188,203,217,224,220,210,201,199,206,218,229,233,229,223,217,207,189,162,134,114,111,122,142
MA15,10/01/12,164,186,208,228,242,245,239,226,214,209,214,225,236,243,244,241,234,221,197,164,131,112,115,135
MA15,10/01/13,161,185,209,234,256,268,268,255,234,213,201,205,223,243,256,257,250,234,211,180,143,110,92,95
MA15,10/01/14,117,147,180,210,233,247,248,237,217,197,183,182,193,211,230,245,249,241,218,185,146,109,85,78
MA15,10/01/15,90,116,151,188,220,242,249,242,224,200,179,168,173,192,218,243,257,256,238,206,166,127,96,79
MA15,10/01/16,79,97,127,165,203,231,244,239,218,193,170,157,156,167,189,217,243,255,246,218,177,137,103,81
MA15,10/01/17,73,82,107,145,186,221,242,245,232,208,182,161,151,155,174,203,233,252,253,233,199,160,124,95
MA15,10/01/18,79,79,98,132,172,209,235,245,236,214,187,163,147,143,155,180,213,242,255,246,218,182,147,119
MA15,10/01/19,98,88,95,122,161,201,231,245,241,223,198,172,151,139,141,159,190,220,239,240,223,195,164,134
MA15,10/01/20,109,96,99,119,152,189,220,239,243,233,213,187,163,145,141,154,180,212,238,250,243,222,196,171
MA15,10/01/21,152,139,136,145,166,198,233,260,270,259,237,211,189,171,160,158,167,184,204,219,226,221,204,180
MA15,10/01/22,154,132,122,127,144,168,194,218,235,239,229,208,181,157,140,135,142,160,183,203,214,217,212,200
MA15,10/01/23,184,166,154,153,163,180,201,222,237,243,237,222,199,175,155,142,140,147,162,178,193,203,205,201
MA15,10/01/24,192,181,173,171,175,183,197,213,227,234,233,224,208,188,168,152,140,135,138,146,157,171,184,194
MA15,10/01/25,197,194,190,186,186,189,196,206,217,227,232,230,221,207,193,179,164,146,132,126,129,142,159,176
MA15,10/01/26,188,193,195,196,195,193,192,192,194,199,206,212,213,208,198,182,161,137,113,93,85,90,109,135
MA15,10/01/27,161,183,200,210,212,209,201,194,190,191,197,204,212,219,222,218,203,178,146,113,87,76,84,107
MA15,10/01/28,140,177,212,237,247,241,228,216,207,202,203,210,222,235,247,251,244,222,185,142,101,73,67,81
MA15,10/01/29,109,145,183,218,242,251,245,228,205,185,174,175,186,203,224,244,254,246,217,171,120,77,54,52
MA15,10/01/30,69,103,146,192,231,254,257,241,214,185,163,153,160,181,210,241,263,267,249,211,161,111,70,49
MA15,10/01/31,50,75,116,165,210,245,259,253,228,196,165,145,141,155,184,221,254,274,272,245,202,152,105,71
MA15,10/02/01,56,64,95,141,192,236,262,264,246,213,177,148,133,135,157,192,231,263,276,266,238,199,155,114
MA15,10/02/02,85,77,94,132,180,227,259,271,262,236,201,164,136,125,136,165,204,242,267,272,257,228,192,157
MA15,10/02/03,126,108,111,135,174,215,248,267,266,246,213,176,144,124,120,137,167,201,229,244,242,226,202,175
MA15,10/02/04,147,125,119,132,161,198,232,253,258,247,223,192,160,133,118,120,139,169,199,218,225,222,212,197
MA15,10/02/05,178,158,146,148,167,195,224,246,256,252,235,208,180,153,134,128,135,153,174,191,201,204,202,199
MA15,10/02/06,193,185,177,175,181,195,214,233,247,251,242,223,198,171,148,130,123,127,140,155,168,176,182,187
MA15,10/02/07,190,189,185,182,184,191,201,213,225,232,229,216,195,174,156,145,138,133,131,132,137,146,159,172
MA15,10/02/08,183,190,193,193,192,194,198,205,212,216,217,214,208,198,185,170,155,144,136,131,129,131,141,156
MA15,10/02/09,176,197,215,225,226,221,215,214,217,221,222,222,222,222,218,209,195,179,159,139,124,118,126,143
MA15,10/02/10,165,187,206,220,227,226,218,208,200,196,197,203,212,219,221,217,208,193,169,140,114,101,104,121
MA15,10/02/11,143,166,189,213,232,238,229,211,192,181,179,186,199,215,228,234,231,219,195,162,127,101,90,97
MA15,10/02/12,121,155,189,217,235,241,236,221,201,182,169,168,180,203,227,244,247,236,212,180,144,111,89,87
MA15,10/02/13,104,135,172,207,232,243,240,225,203,179,159,151,159,181,209,236,251,249,229,195,156,119,91,79
MA15,10/02/14,87,112,148,188,222,241,243,229,204,176,151,137,138,156,187,221,245,252,241,213,176,137,104,83
MA15,10/02/15,81,98,132,174,213,239,248,240,218,188,158,136,131,144,173,208,240,258,256,235,203,166,130,103
MA15,10/02/16,92,102,130,170,211,241,255,252,234,205,172,144,127,129,152,188,227,256,264,251,221,185,149,121
MA15,10/02/17,106,106,124,156,195,230,252,254,238,209,176,146,125,118,130,159,197,233,254,252,229,196,164,138
MA15,10/02/18,121,116,125,149,185,222,249,258,247,221,187,156,132,121,124,145,178,215,242,251,240,216,186,160
MA15,10/02/19,141,133,138,155,182,215,243,259,256,236,204,170,143,126,122,133,157,187,217,235,238,224,202,178
MA15,10/02/20,159,148,148,159,178,203,229,249,253,240,214,181,152,131,121,124,138,161,187,209,222,222,208,188
MA15,10/02/21,168,155,154,163,178,193,210,227,237,236,219,192,162,138,123,118,122,134,151,170,188,199,200,192
MA15,10/02/22,180,171,169,173,182,192,204,217,228,232,224,206,182,160,143,132,127,129,137,150,166,181,192,197
MA15,10/02/23,198,197,197,198,200,203,208,216,224,229,226,217,204,190,174,158,142,130,125,127,136,150,166,181
MA15,10/02/24,194,202,208,210,210,208,205,205,206,209,212,213,211,206,195,179,160,140,122,109,104,110,126,149
MA15,10/02/25,174,196,212,221,221,215,206,198,192,191,195,203,212,220,222,217,202,178,148,117,96,91,103,127
MA15,10/02/26,158,191,219,239,247,241,227,211,198,191,191,199,214,233,250,257,246,220,182,142,107,86,84,99
MA15,10/02/27,127,163,201,236,261,265,249,219,187,166,159,165,179,201,226,249,260,250,219,173,125,86,67,70
MA15,10/02/28,93,129,172,215,246,259,252,228,195,162,137,129,142,172,210,247,270,269,250,216,173,128,88,66
MA15,10/03/01,74,109,159,210,246,262,259,240,211,175,142,119,118,141,181,227,264,283,279,253,213,168,124,92
MA15,10/03/02,82,100,138,184,224,248,256,249,226,187,141,103,89,104,138,182,223,253,265,258,233,196,154,117
MA15,10/03/03,95,97,126,173,221,255,269,262,238,204,163,125,99,94,114,150,194,232,254,257,241,213,180,147
MA15,10/03/04,121,110,122,153,193,229,252,255,238,205,165,127,97,84,89,113,149,188,220,237,237,222,199,172
MA15,10/03/05,151,139,144,164,196,230,258,270,263,237,200,161,128,109,104,114,137,167,197,220,230,226,209,188
MA15,10/03/06,168,157,157,167,186,210,234,251,254,238,208,173,143,122,112,110,119,136,160,184,201,207,203,194
MA15,10/03/07,183,173,169,172,183,199,215,228,232,225,209,186,161,138,120,111,112,122,137,154,168,179,184,185
MA15,10/03/08,185,183,182,181,183,190,200,212,220,221,213,196,177,159,145,133,126,125,129,137,149,161,171,178
MA15,10/03/09,184,188,191,192,193,194,198,203,209,211,208,199,188,178,169,158,145,134,127,126,131,139,151,166
MA15,10/03/10,182,198,209,215,216,215,214,212,212,214,217,221,224,223,218,212,202,186,164,141,131,137,154,171
MA15,10/03/11,186,197,209,220,224,220,207,191,180,175,179,187,195,201,204,201,193,177,154,130,112,105,112,128
MA15,10/03/12,149,172,193,209,217,213,199,181,164,154,154,163,179,196,210,215,211,197,174,148,124,108,104,116
MA15,10/03/13,139,170,200,222,232,230,218,200,179,162,155,161,179,204,227,242,242,229,204,170,135,106,92,96
MA15,10/03/14,116,147,180,208,225,228,216,192,163,135,116,115,133,163,195,219,230,226,207,178,144,111,88,82
MA15,10/03/15,95,125,164,200,225,234,226,203,173,142,117,108,119,147,184,221,245,251,237,210,177,146,121,108
MA15,10/03/16,112,135,173,220,262,282,269,233,193,164,148,139,136,148,177,219,256,273,266,239,202,164,131,108
MA15,10/03/17,103,118,149,186,220,241,245,230,198,157,118,92,86,102,134,174,214,244,255,244,215,178,143,119
MA15,10/03/18,112,122,146,180,213,239,250,242,216,176,134,101,85,91,117,154,196,233,256,257,236,203,169,141
MA15,10/03/19,126,126,143,174,210,240,255,251,230,196,155,118,92,85,98,128,168,208,238,249,239,216,187,163
MA15,10/03/20,147,143,151,170,198,226,249,257,245,214,176,141,117,107,110,126,156,193,228,253,260,247,223,199
MA15,10/03/21,183,177,181,198,225,253,271,281,277,251,206,161,133,125,127,131,138,155,180,207,223,223,210,190
MA15,10/03/22,171,162,161,168,181,197,213,225,227,214,191,162,133,110,95,92,101,120,145,169,188,200,203,198
MA15,10/03/23,189,181,178,182,191,203,214,224,227,224,214,196,174,150,130,116,112,117,130,146,164,182,194,199
MA15,10/03/24,198,193,190,191,194,198,203,208,212,213,209,198,184,169,153,135,118,104,100,109,126,146,163,179
MA15,10/03/25,191,200,205,206,204,200,197,198,203,207,211,213,212,210,203,188,167,144,127,121,125,137,154,174
MA15,10/03/26,196,216,231,235,228,215,201,191,186,186,191,200,210,219,222,216,198,171,140,115,100,100,112,134
MA15,10/03/27,163,193,218,231,229,214,192,171,155,148,152,165,185,206,224,234,228,206,172,134,104,90,95,114
MA15,10/03/28,144,180,212,233,238,226,203,175,149,130,123,132,156,188,218,239,245,234,207,169,129,99,86,97
MA15,10/03/29,126,165,204,235,251,249,230,198,161,128,108,108,129,165,205,239,258,258,242,211,170,128,95,84
MA15,10/03/30,99,135,179,218,240,242,227,199,164,125,92,75,83,115,160,205,240,256,252,230,196,157,123,103
MA15,10/03/31,106,130,170,211,242,254,246,220,182,140,101,77,73,94,133,180,223,252,262,252,227,195,162,135
MA15,10/04/01,123,134,164,205,242,262,261,240,205,164,125,94,78,84,112,155,200,238,262,265,252,228,201,180
MA15,10/04/02,167,169,186,216,254,286,301,293,265,225,182,144,114,96,97,123,167,212,243,254,246,228,206,185
MA15,10/04/03,168,160,165,184,211,239,255,254,235,203,166,131,104,90,91,108,137,172,203,223,229,220,203,187
MA15,10/04/04,176,170,170,179,197,218,237,244,236,212,180,147,122,105,97,101,115,139,167,194,211,215,208,196
MA15,10/04/05,186,182,182,187,197,211,225,237,239,228,206,177,151,133,122,120,125,139,158,179,198,210,215,212
MA15,10/04/06,206,201,199,201,205,210,217,224,230,228,216,195,175,158,146,139,137,141,150,165,180,194,205,211
MA15,10/04/07,212,212,213,213,213,213,212,214,218,219,216,208,196,180,165,153,145,142,141,143,149,159,173,187
MA15,10/04/08,198,201,200,198,195,191,186,182,182,186,191,194,194,190,181,170,158,147,138,132,132,139,152,169
MA15,10/04/09,186,200,206,207,203,194,182,170,163,164,172,183,192,195,193,188,179,166,151,137,128,130,143,164
MA15,10/04/10,185,202,215,220,217,206,190,172,157,152,157,170,187,204,214,214,205,190,171,153,137,130,135,152
MA15,10/04/11,176,201,223,236,236,223,201,176,155,141,139,151,173,200,221,233,232,218,193,163,138,125,125,138
MA15,10/04/12,160,186,212,231,236,226,200,168,138,116,107,113,134,165,197,220,229,222,203,177,151,131,122,127
MA15,10/04/13,146,175,207,236,253,252,231,197,161,133,117,118,137,171,211,247,268,270,254,228,200,174,156,151
MA15,10/04/14,160,184,216,246,261,256,232,196,157,124,100,93,104,133,173,214,245,257,249,226,195,163,140,129
MA15,10/04/15,134,156,187,218,239,247,237,209,169,127,92,74,77,101,138,181,220,246,253,239,211,178,151,136
MA15,10/04/16,134,147,173,204,231,247,243,219,180,136,96,69,63,79,110,151,192,226,244,241,222,193,167,150
MA15,10/04/17,144,151,169,195,224,245,251,235,202,160,118,88,75,79,96,127,167,208,238,248,238,214,189,170
MA15,10/04/18,160,159,170,190,215,237,247,241,218,184,146,109,82,71,80,106,143,181,212,230,234,225,209,190
MA15,10/04/19,174,166,170,186,206,226,238,239,227,204,174,139,107,86,81,95,123,155,186,210,225,228,222,209
MA15,10/04/20,194,185,184,191,204,221,235,243,240,226,202,172,144,122,109,108,117,137,163,190,213,228,231,225
MA15,10/04/21,215,205,201,201,206,216,228,237,241,237,223,203,183,162,144,130,125,132,150,173,196,214,224,226
MA15,10/04/22,223,218,213,208,204,203,206,214,222,225,220,211,200,189,174,155,137,129,135,149,168,185,201,216
MA15,10/04/23,228,234,234,227,216,205,199,200,207,215,221,223,223,221,213,198,177,156,142,139,148,165,186,207
MA15,10/04/24,225,236,241,236,223,206,188,176,174,181,193,207,219,228,231,225,209,184,158,139,133,142,163,187
MA15,10/04/25,211,229,240,242,231,210,184,159,145,144,155,174,198,220,238,245,239,219,191,163,142,137,148,171
MA15,10/04/26,198,224,244,251,243,221,190,158,132,117,117,133,163,198,230,249,251,237,212,183,155,135,131,145
MA15,10/04/27,175,208,237,252,249,230,200,165,130,104,93,101,127,166,208,241,260,260,242,215,185,161,149,152
MA15,10/04/28,172,202,236,261,271,261,236,204,169,135,108,98,109,141,185,228,262,278,276,257,230,199,176,166
MA15,10/04/29,174,197,228,258,276,277,259,226,186,146,114,99,105,129,165,205,245,274,287,280,256,226,199,181
MA15,10/04/30,177,189,213,243,266,276,266,240,204,164,126,98,89,102,134,177,220,255,275,277,264,242,217,195
MA15,10/05/01,182,186,207,235,260,273,271,254,225,190,151,115,94,95,115,149,186,220,246,261,262,250,230,209
MA15,10/05/02,193,188,197,218,240,257,262,256,236,206,170,133,105,94,102,125,157,189,216,236,245,243,230,210
MA15,10/05/03,193,184,189,204,222,238,246,246,235,214,185,152,124,107,105,119,144,173,200,222,236,240,236,224
MA15,10/05/04,209,198,195,201,213,227,238,244,241,227,205,179,154,135,123,123,135,156,180,201,216,225,229,227
MA15,10/05/05,218,205,195,191,195,206,218,226,228,221,207,188,170,152,138,130,130,140,158,179,197,209,216,217
MA15,10/05/06,214,208,201,195,191,190,195,203,211,214,209,199,187,176,164,152,144,144,154,170,186,200,210,217
MA15,10/05/07,221,222,219,210,198,187,185,191,201,210,212,208,204,200,194,184,171,160,156,163,177,193,209,220
MA15,10/05/08,226,227,223,215,203,188,175,169,173,182,193,202,207,208,205,198,188,175,163,156,160,172,190,208
MA15,10/05/09,220,228,229,224,211,192,172,155,148,153,166,183,199,210,215,213,204,189,171,156,150,155,169,187
MA15,10/05/10,203,218,227,227,216,195,169,145,130,128,139,159,183,205,220,226,222,209,191,172,158,154,163,182
MA15,10/05/11,204,224,237,241,232,212,183,153,128,116,119,137,165,195,220,236,240,232,215,194,175,165,167,182
MA15,10/05/12,203,225,244,254,252,235,206,171,139,116,110,121,148,184,218,244,257,254,237,213,189,173,166,171
MA15,10/05/13,187,211,235,253,257,244,214,175,137,106,89,91,113,148,189,226,250,259,252,232,207,184,169,165
MA15,10/05/14,175,196,223,246,257,252,230,195,154,114,83,72,83,115,157,200,234,255,260,248,225,199,177,166
MA15,10/05/15,168,185,211,238,256,258,242,212,172,130,93,68,64,85,123,168,209,240,256,255,240,217,193,177
MA15,10/05/16,171,179,200,227,250,261,257,235,201,159,118,85,70,75,101,141,184,223,248,257,251,233,211,191
MA15,10/05/17,177,176,189,212,237,254,258,246,220,185,145,106,78,67,79,109,149,189,221,242,248,241,223,203
MA15,10/05/18,186,178,182,197,218,239,252,251,237,212,179,144,113,93,88,102,131,169,205,234,249,251,243,228
MA15,10/05/19,211,198,191,195,209,228,246,255,251,235,209,179,151,126,110,105,116,141,172,204,229,243,244,234
MA15,10/05/20,219,204,193,190,195,206,221,234,241,240,228,208,185,162,141,127,123,132,153,180,209,231,244,245
MA15,10/05/21,235,219,204,193,188,188,193,203,215,224,227,221,208,191,172,154,142,139,147,164,187,211,231,242
MA15,10/05/22,242,232,217,201,186,174,170,173,181,193,205,214,217,212,200,182,163,149,144,151,166,187,210,227
MA15,10/05/23,236,233,222,206,187,169,154,146,148,158,175,193,209,218,218,208,191,172,157,151,156,171,194,217
MA15,10/05/24,234,243,239,225,205,181,157,139,131,135,150,172,197,221,237,242,235,218,197,183,180,188,201,217
MA15,10/05/25,236,254,266,262,241,207,172,145,128,122,129,148,177,212,242,260,260,248,229,209,193,185,188,202
MA15,10/05/26,226,250,266,267,252,225,193,161,131,110,102,112,137,174,212,243,258,258,245,225,203,187,181,188
MA15,10/05/27,207,232,255,267,264,244,214,178,141,111,93,93,115,151,193,232,259,272,270,254,232,210,195,191
MA15,10/05/28,201,222,245,264,271,265,244,210,170,130,100,88,99,129,167,206,239,263,273,269,252,228,206,193
MA15,10/05/29,194,211,236,258,271,270,256,231,196,155,117,92,88,107,141,180,216,246,265,269,259,238,213,194
MA15,10/05/30,186,193,210,232,252,263,260,242,210,171,132,103,89,93,114,148,187,223,250,263,260,245,223,203
MA15,10/05/31,191,189,199,218,239,256,261,253,230,197,161,128,105,99,110,134,167,201,230,251,258,250,231,209
MA15,10/06/01,192,184,188,203,222,241,252,253,240,215,182,148,120,107,111,128,155,186,214,236,249,251,242,225
MA15,10/06/02,206,192,187,194,211,230,244,250,246,231,208,180,153,133,125,132,150,175,202,225,241,248,244,232
MA15,10/06/03,214,198,187,186,195,209,225,237,240,233,216,194,172,154,142,140,150,168,191,213,231,243,247,242
MA15,10/06/04,228,210,197,190,190,197,209,222,231,234,227,213,195,178,165,158,159,170,187,205,222,235,243,245
MA15,10/06/05,238,224,208,195,189,189,195,203,212,218,221,217,209,198,186,175,170,172,181,195,211,226,238,243
MA15,10/06/06,240,230,216,201,186,174,170,175,185,197,207,211,211,208,203,194,185,178,177,184,196,212,226,237
MA15,10/06/07,241,237,227,213,195,177,163,158,163,174,188,201,211,217,218,213,203,193,184,182,186,198,213,228
MA15,10/06/08,237,240,234,222,202,179,158,143,138,143,159,179,200,217,226,227,219,206,193,185,183,187,199,215
MA15,10/06/09,230,242,244,234,215,190,163,138,122,118,127,149,178,207,228,238,238,230,217,203,192,187,192,205
MA15,10/06/10,223,238,247,246,233,209,178,145,118,103,106,125,156,191,223,245,255,254,241,221,202,190,189,199
MA15,10/06/11,215,231,245,253,250,232,201,163,127,99,89,98,126,163,202,235,258,267,262,245,223,202,188,187
MA15,10/06/12,197,216,238,256,260,248,222,187,148,112,86,78,93,129,175,219,253,272,274,263,244,223,203,191
MA15,10/06/13,191,205,228,252,266,265,248,218,179,137,100,77,77,100,138,183,227,258,272,268,253,232,211,195
MA15,10/06/14,187,191,209,235,259,272,266,240,202,157,114,81,66,72,97,136,181,222,252,265,260,241,216,194
MA15,10/06/15,182,183,197,219,242,261,270,264,241,202,157,114,85,79,94,126,164,204,239,262,269,259,238,214
MA15,10/06/16,194,185,188,206,231,256,272,275,264,240,206,167,130,105,101,117,148,185,220,248,263,264,251,228
MA15,10/06/17,203,182,172,177,194,217,238,251,252,239,215,184,152,123,106,106,125,157,193,226,250,260,256,240
MA15,10/06/18,217,194,178,172,177,191,209,228,241,243,232,211,186,162,141,130,131,148,178,213,242,258,258,248
MA15,10/06/19,234,217,198,184,181,189,205,221,228,226,223,224,220,208,186,165,155,162,181,205,226,242,252,255
MA15,10/06/20,246,227,203,182,166,159,161,170,185,200,215,224,226,221,211,197,185,180,185,198,216,235,251,261
MA15,10/06/21,260,247,226,201,177,159,151,153,161,175,191,206,219,229,231,225,212,199,192,193,204,220,237,250
MA15,10/06/22,254,248,234,215,192,169,148,134,130,137,154,176,200,220,232,236,232,222,210,201,200,206,220,237
MA15,10/06/23,250,255,249,235,215,191,165,141,125,122,136,160,187,212,233,247,252,247,235,221,209,206,214,228
MA15,10/06/24,243,254,257,252,237,213,183,151,122,105,104,119,145,177,208,233,250,254,247,231,213,200,197,204
MA15,10/06/25,218,235,249,255,249,231,203,169,133,103,89,93,113,143,177,210,236,252,252,239,220,200,187,186
MA15,10/06/26,197,215,235,251,254,244,222,191,155,119,92,81,91,116,151,187,220,244,253,247,230,209,191,182
MA15,10/06/27,186,201,222,245,260,262,249,222,188,149,114,92,90,107,138,174,210,239,258,261,249,228,206,189
MA15,10/06/28,183,190,208,234,256,268,262,243,213,176,138,108,92,97,119,153,191,225,251,262,257,239,216,195
MA15,10/06/29,182,182,194,215,240,260,266,256,231,198,162,128,103,97,111,139,174,210,239,257,260,249,229,205
MA15,10/06/30,185,176,182,200,224,246,260,261,246,219,185,149,120,107,113,134,163,194,224,248,260,257,238,213
MA15,10/07/01,189,174,172,183,203,226,246,255,250,230,203,173,144,124,118,128,152,182,213,239,255,256,243,221
MA15,10/07/02,197,177,167,169,182,201,223,240,246,236,215,189,164,144,135,138,152,175,203,230,250,258,253,237
MA15,10/07/03,215,192,175,169,173,185,203,222,235,237,226,207,187,169,158,155,161,176,198,222,245,259,262,251
MA15,10/07/04,233,212,193,181,177,183,195,210,225,235,236,227,214,200,188,180,179,187,201,220,239,252,257,254
MA15,10/07/05,242,225,206,186,172,167,172,184,199,213,222,223,220,213,206,198,194,195,202,215,230,245,256,259
MA15,10/07/06,252,239,221,202,184,169,162,165,175,188,202,214,221,224,222,217,212,209,209,214,223,234,244,250
MA15,10/07/07,251,246,234,217,195,172,155,9999,9999,9999,9999,9999,9999,9999,9999,9999,9999,9999,9999,9999,9999,9999,9999,9999
MA15,10/07/08,9999,9999,9999,9999,9999,9999,9999,9999,9999,9999,9999,9999,9999,9999,9999,9999,9999,9999,9999,9999,9999,9999,9999,9999
MA15,10/07/09,9999,9999,9999,9999,9999,9999,9999,9999,9999,9999,9999,9999,9999,9999,9999,9999,9999,9999,240,224,213,211,218,230
MA15,10/07/10,245,257,264,262,250,226,195,159,124,100,93,106,137,175,213,243,261,266,258,243,226,210,201,202
MA15,10/07/11,215,235,255,268,268,252,222,184,144,109,87,84,102,137,182,226,260,280,283,272,252,230,213,206
MA15,10/07/12,214,234,260,284,297,296,278,246,204,159,120,98,99,124,166,213,256,287,300,295,276,250,225,206
MA15,10/07/13,200,208,229,259,285,298,293,268,229,181,134,99,85,96,127,171,217,257,281,286,273,249,222,199
MA15,10/07/14,183,180,194,223,257,284,296,289,262,221,175,133,106,100,116,150,193,237,271,289,288,270,241,211
MA15,10/07/15,186,173,178,200,231,262,285,290,276,248,209,168,135,116,118,139,175,215,253,279,287,277,252,221
MA15,10/07/16,192,172,165,175,197,226,252,271,275,262,234,199,165,141,133,142,165,198,233,264,282,283,265,236
MA15,10/07/17,205,179,165,165,176,195,219,242,258,261,250,228,200,175,160,159,173,197,225,251,269,275,267,246
MA15,10/07/18,217,187,163,151,150,160,179,203,223,236,237,227,212,197,185,179,181,192,211,234,255,266,266,254
MA15,10/07/19,233,208,184,165,155,155,166,182,198,212,222,228,229,224,216,207,202,204,214,230,247,260,265,261
MA15,10/07/20,247,228,206,185,167,155,151,157,169,184,199,214,227,235,237,233,226,220,220,226,236,246,254,257
MA15,10/07/21,253,243,227,207,184,164,149,143,146,157,172,190,210,228,240,245,243,236,228,224,226,232,241,250
MA15,10/07/22,255,253,245,230,210,188,165,146,136,137,148,167,192,218,241,256,260,255,245,233,226,226,232,241
MA15,10/07/23,250,256,258,254,241,218,189,159,136,124,126,141,166,196,226,252,268,271,262,246,230,220,220,227
MA15,10/07/24,239,252,262,265,257,238,211,179,149,126,116,122,144,176,213,247,273,284,278,262,242,224,212,209
MA15,10/07/25,215,231,253,271,276,262,234,199,164,134,114,110,124,154,192,229,260,278,280,267,244,220,199,189
MA15,10/07/26,193,210,235,258,271,268,250,221,185,149,120,107,113,138,175,216,253,278,287,278,257,232,209,196
MA15,10/07/27,192,201,223,252,275,286,278,253,217,179,145,123,118,129,157,196,237,271,289,286,267,240,213,193
MA15,10/07/28,184,190,208,234,260,277,280,267,238,201,162,132,117,122,145,181,221,257,280,287,275,251,223,200
MA15,10/07/29,186,184,197,221,251,276,289,286,265,232,195,162,144,142,156,183,218,254,281,295,292,272,245,219
MA15,10/07/30,199,186,186,202,230,260,281,286,272,246,213,183,160,149,153,170,199,234,265,284,285,269,242,211
MA15,10/07/31,184,168,164,175,197,224,249,266,266,249,221,190,165,151,152,166,190,218,244,265,274,267,245,216
MA15,10/08/01,187,164,154,158,174,197,222,242,253,247,229,204,183,171,168,176,191,213,236,257,270,270,256,232
MA15,10/08/02,204,180,164,159,165,180,201,222,237,241,233,220,204,190,183,185,195,210,228,247,262,268,261,242
MA15,10/08/03,216,191,172,163,163,172,185,201,216,227,232,230,221,211,204,201,206,214,225,238,250,258,258,247
MA15,10/08/04,227,203,182,166,158,157,162,172,185,198,210,218,219,217,212,210,211,214,219,226,234,241,247,245
MA15,10/08/05,234,217,198,180,165,152,144,145,154,170,188,205,216,223,226,227,226,224,222,222,224,228,235,240
MA15,10/08/06,240,233,220,204,184,163,144,132,130,137,152,174,198,218,232,238,238,233,225,217,213,214,221,230
MA15,10/08/07,237,239,238,229,211,185,157,132,117,114,122,142,171,202,230,249,256,252,240,226,214,208,210,218
MA15,10/08/08,229,241,250,252,242,217,183,147,118,101,99,111,137,172,211,244,264,266,252,232,212,198,193,197
MA15,10/08/09,210,229,249,263,264,248,216,175,135,105,90,92,111,145,186,227,258,273,269,250,224,199,182,179
MA15,10/08/10,188,208,234,260,277,278,258,221,174,131,101,88,93,117,157,205,249,278,285,269,240,207,181,168
MA15,10/08/11,170,185,212,246,276,292,287,261,222,178,139,111,99,108,139,187,240,280,297,289,264,231,201,180
MA15,10/08/12,169,173,193,228,266,297,311,304,281,245,203,163,135,127,145,183,231,274,300,303,286,256,222,190
MA15,10/08/13,165,153,161,189,229,266,289,291,275,245,208,172,143,129,134,161,202,245,275,285,275,252,221,187
MA15,10/08/14,157,138,137,156,189,225,255,272,273,259,232,200,173,157,156,171,199,233,263,280,282,267,239,204
MA15,10/08/15,170,145,136,143,162,189,217,241,254,252,236,214,192,176,171,178,194,219,244,265,273,266,245,216
MA15,10/08/16,185,157,138,134,143,162,185,206,222,231,230,221,208,195,187,188,198,215,235,251,261,261,250,229
MA15,10/08/17,202,176,154,142,141,148,161,177,193,207,216,219,216,210,205,203,208,218,231,243,250,253,250,240
MA15,10/08/18,223,201,179,161,149,145,148,156,167,179,191,202,210,216,218,216,215,215,217,222,228,235,238,235
MA15,10/08/19,225,210,195,180,165,150,138,134,138,150,164,178,191,203,214,222,224,221,214,208,208,213,220,226
MA15,10/08/20,226,220,210,198,183,166,147,132,125,125,135,153,176,198,216,228,231,226,217,206,199,199,205,214
MA15,10/08/21,222,227,228,224,212,191,167,145,128,120,122,134,156,183,211,232,241,239,228,212,197,189,189,197
MA15,10/08/22,210,224,235,238,231,213,188,161,136,119,112,119,139,169,202,231,247,248,238,221,202,187,180,183
MA15,10/08/23,196,216,236,250,252,239,214,182,151,127,112,111,125,153,190,227,252,260,249,227,202,181,168,166
MA15,10/08/24,177,199,226,250,261,256,235,205,171,139,116,109,118,144,179,217,249,265,262,242,213,185,163,154
MA15,10/08/25,158,177,205,236,260,266,253,225,188,152,124,110,114,132,163,201,237,260,264,249,220,187,159,143
MA15,10/08/26,142,157,185,218,246,262,260,240,208,172,139,117,112,127,156,193,229,255,266,257,231,198,166,142
MA15,10/08/27,131,140,164,197,230,253,261,251,226,192,157,131,118,124,147,182,219,248,262,258,238,207,175,145
MA15,10/08/28,127,126,144,175,209,237,253,254,238,211,177,148,131,131,148,177,209,237,255,260,247,221,187,154
MA15,10/08/29,130,122,131,155,186,217,240,250,245,225,197,169,150,144,152,173,201,230,253,262,254,231,200,167
MA15,10/08/30,139,123,123,139,165,195,220,237,241,231,210,185,165,156,161,178,202,226,246,257,256,241,216,186
MA15,10/08/31,156,133,124,130,149,174,199,219,230,230,220,202,185,174,173,183,200,220,237,248,250,243,225,199
MA15,10/09/01,171,146,131,127,135,150,170,189,205,214,213,205,194,185,183,187,195,207,219,230,236,236,225,206
MA15,10/09/02,183,160,143,133,130,132,140,154,172,189,199,201,199,196,195,198,202,207,211,216,222,227,226,218
MA15,10/09/03,202,183,165,151,141,135,131,134,145,162,181,196,207,212,215,216,217,216,215,215,218,223,228,230
MA15,10/09/04,226,218,207,192,174,154,135,123,123,136,157,181,202,218,227,232,232,229,221,211,205,208,217,228
MA15,10/09/05,235,238,235,226,209,184,154,128,114,115,130,155,184,212,234,249,254,248,232,214,198,192,198,213
MA15,10/09/06,230,245,253,253,242,221,190,154,123,103,103,122,157,197,235,260,271,266,251,228,205,189,185,193
MA15,10/09/07,212,237,262,279,280,263,232,194,156,127,111,115,139,179,225,264,287,288,271,244,215,191,176,171
MA15,10/09/08,181,207,244,277,294,287,259,220,178,139,113,106,121,154,201,249,285,298,284,246,201,165,148,145
MA15,10/09/09,151,168,198,237,273,291,284,254,211,166,129,108,110,134,174,219,259,283,286,265,229,187,151,129
MA15,10/09/10,126,143,178,219,260,289,300,290,261,220,179,148,138,149,179,219,259,290,303,293,264,227,188,154
MA15,10/09/11,130,127,147,186,230,268,289,291,276,249,216,185,164,160,177,211,251,285,302,299,279,248,212,174
MA15,10/09/12,141,123,129,158,199,240,270,285,283,267,241,213,188,174,177,199,233,267,289,293,280,254,222,187
MA15,10/09/13,156,133,129,146,177,211,242,263,272,269,256,237,216,200,196,207,231,259,281,289,283,264,237,205
MA15,10/09/14,171,143,129,132,150,175,201,221,234,239,235,225,214,204,200,205,219,238,255,264,262,251,233,209
MA15,10/09/15,182,158,140,132,136,150,167,186,201,212,217,218,215,212,208,207,211,221,233,243,247,245,235,219
MA15,10/09/16,200,181,165,153,148,149,156,169,186,199,207,212,217,223,228,230,230,229,231,235,240,242,240,232
MA15,10/09/17,221,211,201,190,177,165,159,161,169,181,192,203,216,230,242,248,246,237,227,222,222,225,228,229
MA15,10/09/18,227,224,218,209,194,177,160,150,149,156,168,183,200,218,235,245,245,236,222,209,202,201,207,215
MA15,10/09/19,222,228,230,228,217,200,179,160,150,148,156,172,194,217,238,252,256,250,235,216,201,193,194,203
MA15,10/09/20,217,232,243,246,240,224,202,177,157,144,142,152,175,204,232,253,262,257,241,218,196,181,178,186
MA15,10/09/21,202,223,244,258,262,250,226,196,168,148,139,144,164,194,227,255,270,268,251,224,196,174,164,168
MA15,10/09/22,185,211,239,261,272,267,247,216,184,157,142,143,160,191,224,253,271,275,263,237,203,171,150,146
MA15,10/09/23,161,190,223,253,270,272,258,232,200,168,144,135,143,166,198,232,258,269,263,238,202,166,139,127
MA15,10/09/24,134,159,194,231,258,271,266,247,218,185,156,139,141,162,194,228,255,268,266,247,216,179,145,122
MA15,10/09/25,117,135,169,209,246,270,277,268,245,213,182,159,154,167,195,229,261,282,288,276,248,209,169,138
MA15,10/09/26,125,135,165,205,241,268,280,278,262,236,205,176,161,164,186,220,254,277,285,275,249,213,173,137
MA15,10/09/27,113,108,126,160,199,234,257,264,257,238,214,189,170,163,172,194,222,248,262,259,241,212,179,147
MA15,10/09/28,121,108,113,137,171,208,238,254,257,247,229,209,194,188,191,204,225,248,266,270,258,234,201,169
MA15,10/09/29,142,126,121,128,147,174,203,226,237,233,219,203,190,186,190,199,211,226,240,251,251,237,212,182
MA15,10/09/30,155,137,131,133,141,154,173,197,220,233,233,223,211,203,199,200,207,216,227,236,239,233,219,201
MA15,10/10/01,180,162,148,139,136,139,150,169,191,209,219,223,222,218,214,211,210,213,220,226,231,232,231,225
MA15,10/10/02,215,199,180,160,145,139,143,155,170,187,203,218,229,234,232,228,224,221,220,219,219,221,224,226
MA15,10/10/03,226,223,214,198,175,151,136,135,145,163,182,203,222,238,248,249,242,230,217,208,203,205,212,224
MA15,10/10/04,236,245,247,240,222,195,166,145,138,147,168,195,223,247,262,269,266,255,235,211,192,186,194,212
MA15,10/10/05,235,253,264,264,253,230,199,167,142,133,141,166,200,234,259,273,273,260,236,206,180,163,162,178
MA15,10/10/06,206,235,259,271,268,250,222,187,154,130,125,140,172,210,245,268,273,262,236,202,169,143,131,137
MA15,10/10/07,161,195,231,262,279,278,259,225,183,146,126,128,152,189,228,260,277,277,259,225,185,146,120,114
MA15,10/10/08,129,161,202,243,276,293,288,263,224,181,148,135,147,178,217,253,277,285,275,251,213,166,122,95
MA15,10/10/09,96,123,166,212,250,276,286,280,258,224,185,157,151,169,204,242,272,288,283,260,224,183,145,116
MA15,10/10/10,104,112,141,184,230,266,286,288,275,252,225,202,187,188,207,239,272,295,298,280,246,206,166,134
MA15,10/10/11,113,109,124,156,196,234,262,273,269,251,228,208,193,190,201,223,252,276,285,275,251,217,181,147
MA15,10/10/12,120,106,110,131,163,199,229,248,255,251,239,222,206,197,199,213,237,260,273,271,256,232,204,175
MA15,10/10/13,148,128,121,130,152,179,205,226,238,243,240,231,219,209,206,212,227,244,258,263,258,243,223,199
MA15,10/10/14,175,154,140,137,145,162,182,202,218,229,232,229,223,217,213,214,219,229,240,246,246,238,226,211
MA15,10/10/15,194,176,160,150,149,158,173,189,203,214,223,229,231,230,229,227,225,224,225,227,230,231,227,220
MA15,10/10/16,209,197,184,172,162,155,156,164,177,191,203,211,218,223,225,223,217,210,203,199,200,203,208,211
MA15,10/10/17,210,205,197,186,173,161,154,154,160,170,183,198,212,224,231,232,225,213,199,188,182,183,190,201
MA15,10/10/18,210,214,212,204,193,179,165,153,148,151,164,183,203,221,233,237,233,219,199,178,163,159,167,183
MA15,10/10/19,201,215,224,225,218,203,183,163,148,144,152,170,193,215,232,240,237,224,203,177,155,144,147,163
MA15,10/10/20,187,211,228,235,231,218,199,178,160,150,150,162,183,209,234,250,251,237,213,183,156,137,132,144
MA15,10/10/21,168,199,226,245,251,243,224,201,178,161,153,159,178,206,235,254,261,252,230,198,164,137,121,123
MA15,10/10/22,143,176,211,241,257,259,247,226,199,172,152,147,161,189,221,246,260,259,243,212,174,136,109,101
MA15,10/10/23,117,151,191,228,255,267,264,249,223,192,163,149,156,181,215,246,265,269,257,231,193,150,112,93
MA15,10/10/24,99,127,168,210,243,264,272,265,244,213,182,160,156,174,206,239,263,270,259,235,202,166,130,104
MA15,10/10/25,96,111,147,194,238,266,275,270,258,241,220,197,182,184,207,242,272,286,279,255,224,191,159,129
MA15,10/10/26,107,103,122,162,208,246,267,270,258,240,221,204,191,187,195,215,242,263,267,253,224,188,151,119
MA15,10/10/27,96,87,94,118,154,192,222,240,245,239,226,209,193,184,186,203,228,252,264,259,242,217,186,153
MA15,10/10/28,122,100,97,113,144,180,214,240,256,258,248,229,209,196,195,207,223,239,247,248,241,227,208,182
MA15,10/10/29,153,128,114,116,132,157,184,210,230,244,248,242,228,214,206,207,217,229,239,244,243,238,228,211
MA15,10/10/30,188,161,138,125,126,140,161,187,213,233,241,237,227,216,209,206,206,208,211,213,216,221,224,223
MA15,10/10/31,213,195,173,154,144,144,154,172,192,213,232,245,251,247,237,225,215,210,208,209,213,221,232,242
MA15,10/11/01,246,241,226,206,185,166,155,157,173,200,230,254,267,270,265,257,248,236,221,206,199,204,218,237
MA15,10/11/02,251,256,250,236,215,192,170,157,157,171,194,219,241,255,262,262,252,233,206,181,166,167,182,205
MA15,10/11/03,227,245,255,256,245,224,197,171,155,155,172,197,225,247,261,263,251,228,197,162,134,122,127,150
MA15,10/11/04,182,215,241,254,254,242,218,189,162,146,149,168,198,228,251,260,255,237,207,170,134,109,103,119
MA15,10/11/05,151,189,225,252,267,266,250,224,194,170,158,164,187,219,250,268,268,252,221,182,142,108,89,91
MA15,10/11/06,112,149,191,230,257,267,260,240,213,186,167,162,174,199,231,257,270,263,238,199,155,114,86,78
MA15,10/11/07,89,116,154,197,236,262,270,260,238,211,188,176,178,195,223,253,273,276,259,227,185,144,109,87
MA15,10/11/08,84,99,131,173,216,251,271,273,259,237,214,196,189,195,215,245,272,286,280,255,219,179,142,115
MA15,10/11/09,102,104,124,157,199,239,269,282,279,265,247,233,223,221,228,245,266,282,283,268,237,199,161,131
MA15,10/11/10,111,105,111,131,160,195,227,249,254,244,224,204,192,191,200,216,235,250,258,252,232,201,166,136
MA15,10/11/11,114,102,104,117,139,166,195,220,234,235,225,210,196,187,188,197,211,226,236,238,231,215,192,166
MA15,10/11/12,141,124,118,124,137,156,177,199,218,230,233,227,215,203,197,199,207,218,227,233,233,225,210,190
MA15,10/11/13,170,151,137,129,131,141,159,180,197,210,216,215,209,200,193,190,190,192,196,200,206,209,206,197
MA15,10/11/14,183,168,156,149,147,151,160,174,191,207,219,225,225,219,211,204,199,196,195,197,202,208,212,213
MA15,10/11/15,209,201,191,182,174,170,170,175,187,202,217,229,236,235,231,222,211,199,185,174,172,181,196,208
MA15,10/11/16,210,203,195,189,184,178,171,167,171,183,201,218,231,237,236,228,215,199,183,170,164,168,180,196
MA15,10/11/17,212,222,225,222,213,201,189,181,179,184,197,212,228,239,245,243,231,211,186,163,149,148,159,177
MA15,10/11/18,198,216,230,238,236,224,206,189,178,179,190,207,225,241,253,255,247,227,197,165,141,132,139,158
MA15,10/11/19,183,209,231,247,252,246,229,208,191,183,188,202,222,242,259,267,263,245,215,178,145,125,123,138
MA15,10/11/20,166,198,229,254,267,266,253,232,211,194,187,193,211,236,259,273,273,259,230,194,156,124,108,114
MA15,10/11/21,139,175,213,247,269,276,268,249,226,205,192,190,203,226,253,274,284,277,253,215,172,133,108,103
MA15,10/11/22,119,151,191,231,264,283,286,272,250,226,209,202,207,224,248,273,290,293,276,244,200,156,120,103
MA15,10/11/23,107,132,171,214,253,282,295,289,270,244,220,205,203,214,236,261,280,288,280,258,223,179,136,105
MA15,10/11/24,94,105,136,177,221,257,282,288,278,255,230,210,201,206,221,243,266,283,286,272,241,201,159,124
MA15,10/11/25,101,96,112,144,185,226,260,279,281,266,242,219,205,202,210,227,249,268,279,275,255,224,186,148
MA15,10/11/26,118,104,108,129,161,198,234,262,278,277,260,236,214,204,206,218,234,250,260,264,258,242,214,178
MA15,10/11/27,142,116,107,117,139,168,199,228,250,260,256,240,220,205,200,204,214,227,239,247,249,245,232,210
MA15,10/11/28,183,156,137,131,141,163,190,217,242,260,267,263,248,229,214,207,207,210,212,216,222,226,225,216
MA15,10/11/29,198,175,153,138,133,140,156,178,202,223,238,242,235,220,204,191,183,180,180,185,192,201,209,212
MA15,10/11/30,208,196,179,160,146,141,145,158,177,198,218,231,232,223,209,194,179,166,157,154,159,173,190,207
MA15,10/12/01,216,217,210,199,186,173,163,161,170,188,209,226,235,235,226,210,189,167,145,130,126,135,154,177
MA15,10/12/02,200,216,223,221,210,195,180,169,168,177,193,211,228,239,240,231,210,181,151,127,113,113,127,149
MA15,10/12/03,177,207,234,251,255,248,233,218,213,222,234,242,249,261,278,290,283,256,214,171,141,128,127,134
MA15,10/12/04,154,186,224,255,268,261,239,214,195,185,185,195,212,230,247,255,250,226,189,145,105,78,70,82
MA15,10/12/05,109,145,185,221,245,255,250,233,210,188,176,177,193,217,241,257,259,244,215,176,132,93,69,67
MA15,10/12/06,85,117,155,193,227,248,254,246,227,205,185,176,181,200,228,253,267,264,243,208,165,123,90,75
MA15,10/12/07,79,102,138,178,217,247,262,261,249,229,207,189,184,194,217,244,264,269,258,231,194,153,113,85
MA15,10/12/08,75,86,113,149,187,222,247,259,256,241,218,197,185,188,205,231,257,274,274,258,230,195,158,127
MA15,10/12/09,108,106,123,155,192,226,254,271,277,269,250,228,210,205,215,235,257,271,276,270,253,226,190,153
MA15,10/12/10,123,109,113,133,162,194,223,245,256,253,240,220,200,186,185,197,218,239,252,252,242,223,198,170
MA15,10/12/11,143,124,120,133,158,187,214,237,254,261,257,242,221,203,196,201,216,232,243,249,248,239,223,200
MA15,10/12/12,173,149,135,135,150,173,198,218,233,241,239,227,208,190,178,175,181,192,203,211,214,211,203,187
MA15,10/12/13,168,150,137,134,141,157,177,197,214,226,232,229,218,202,185,175,173,178,188,199,208,216,220,218
MA15,10/12/14,209,197,184,177,176,184,198,215,230,242,251,254,248,234,216,202,192,187,186,188,194,203,212,217
MA15,10/12/15,217,212,204,197,194,196,201,208,217,229,240,249,250,242,227,210,194,181,171,164,163,170,183,198
MA15,10/12/16,210,215,212,207,201,198,197,201,208,220,233,243,247,245,238,227,211,190,169,154,150,158,173,191
MA15,10/12/17,207,219,226,229,225,217,208,203,203,209,220,232,240,246,245,238,222,197,168,142,127,128,142,165
MA15,10/12/18,189,211,227,237,239,231,218,205,199,200,208,219,229,238,245,245,232,205,169,133,107,98,105,125
MA15,10/12/19,150,177,202,223,235,234,223,205,188,178,180,192,208,224,236,240,235,216,185,146,110,86,81,95
MA15,10/12/20,123,158,193,224,246,254,248,231,212,198,193,200,213,231,248,260,263,251,224,184,140,102,81,83
MA15,10/12/21,105,138,175,212,242,260,262,250,227,203,186,183,193,213,234,252,264,263,246,211,164,120,90,80
MA15,10/12/22,90,116,153,197,243,281,298,290,264,234,214,210,217,230,246,265,285,298,293,265,219,168,127,102
MA15,10/12/23,96,109,136,174,217,256,281,286,271,243,214,193,185,191,208,232,258,278,281,264,229,184,140,105
MA15,10/12/24,87,88,108,142,184,229,266,286,282,260,231,207,194,193,203,220,240,262,274,270,248,214,174,136
MA15,10/12/25,107,92,98,123,162,205,244,271,280,271,250,225,202,189,190,205,228,251,268,273,264,243,213,178
MA15,10/12/26,143,117,108,119,146,182,218,247,264,266,252,227,201,181,173,180,197,217,234,245,246,238,221,196
MA15,10/12/27,167,140,120,117,133,164,200,231,251,256,249,234,213,191,172,161,162,175,193,210,220,222,217,204
MA15,10/12/28,187,166,147,134,134,150,176,206,230,243,245,236,219,199,181,169,165,168,176,189,205,220,231,231
MA15,10/12/29,222,207,193,184,178,177,184,200,221,241,252,249,235,215,195,177,161,148,141,142,151,165,183,199
MA15,10/12/30,207,207,201,194,187,183,184,192,207,225,240,247,245,234,218,200,182,164,147,138,140,152,173,196
MA15,10/12/31,215,227,233,235,233,227,220,216,219,230,246,259,264,259,247,234,218,196,167,141,126,130,149,174
