MA15,95/01/01,095,126,162,199,233,255,260,247,220,191,172,170,185,210,236,257,268,265,242,201,150,101,066,053
MA15,95/01/02,060,084,120,163,205,239,256,252,228,197,170,156,159,175,201,228,251,262,255,227,183,134,090,062
MA15,95/01/03,056,072,103,143,186,224,252,261,250,222,189,165,155,163,186,217,246,265,268,253,222,181,138,100
MA15,95/01/04,078,078,101,139,181,219,251,272,275,260,229,196,173,170,184,208,235,261,277,277,255,218,177,139
MA15,95/01/05,111,099,107,132,167,204,237,260,268,259,235,205,178,165,170,190,213,234,249,254,248,230,199,161
MA15,95/01/06,126,104,103,124,156,190,219,241,254,256,244,220,189,159,142,144,160,186,214,232,231,217,195,172
MA15,95/01/07,147,125,114,118,138,167,198,223,239,243,235,217,193,169,152,148,158,178,198,211,213,208,199,186
MA15,95/01/08,168,146,128,123,135,159,187,211,227,232,228,216,199,179,160,147,143,151,167,183,194,198,196,192
MA15,95/01/09,183,172,161,154,155,164,182,202,221,232,235,229,218,205,191,179,171,168,171,178,188,199,209,216
MA15,95/01/10,214,206,196,191,188,184,186,199,217,230,234,230,222,211,197,181,164,148,138,136,142,154,168,181
MA15,95/01/11,190,193,192,191,189,185,184,187,196,209,222,228,226,219,210,199,185,166,146,130,126,136,155,173
MA15,95/01/12,187,195,201,207,209,204,195,187,187,196,210,222,227,226,222,215,205,186,158,131,114,116,134,158
MA15,95/01/13,179,195,207,216,222,220,211,198,189,189,197,211,225,233,237,236,225,205,176,141,111,094,097,119
MA15,95/01/14,149,178,200,214,222,223,216,204,189,178,177,187,206,225,239,243,237,219,192,158,122,095,086,097
MA15,95/01/15,123,153,183,210,228,234,228,213,194,178,170,174,189,207,225,238,242,231,205,168,127,093,074,075
MA15,95/01/16,093,124,159,195,223,238,237,224,202,178,160,156,166,188,215,238,249,244,224,191,150,109,078,064
MA15,95/01/17,072,100,140,183,218,239,243,233,214,190,168,154,155,172,200,231,253,259,244,215,176,134,097,072
MA15,95/01/18,067,085,122,168,209,236,247,243,227,204,179,157,147,156,182,218,252,269,265,242,210,175,139,104
MA15,95/01/19,078,073,098,145,196,234,251,249,231,204,176,153,140,140,156,184,217,243,254,245,219,183,144,108
MA15,95/01/20,082,074,090,126,169,208,236,249,246,229,202,171,145,133,141,168,204,235,250,247,230,204,174,141
MA15,95/01/21,109,087,086,110,150,192,226,244,243,229,207,179,152,132,127,141,171,206,230,238,231,214,192,167
MA15,95/01/22,139,112,099,109,138,178,215,239,246,240,222,197,170,146,133,135,153,182,209,227,232,226,214,197
MA15,95/01/23,176,154,139,136,149,177,211,241,258,259,246,224,199,174,155,145,148,163,185,205,219,223,219,209
MA15,95/01/24,195,179,165,158,160,172,194,219,242,253,250,232,207,182,162,147,139,136,140,153,171,188,199,202
MA15,95/01/25,196,184,173,165,162,164,172,188,209,228,236,230,213,193,174,159,144,131,123,122,131,147,167,184
MA15,95/01/26,193,195,193,190,187,184,183,187,198,214,229,236,232,220,205,190,173,154,134,119,117,128,148,169
MA15,95/01/27,186,199,208,212,211,205,195,186,185,193,207,221,229,228,221,208,192,170,144,117,098,095,110,135
MA15,95/01/28,163,190,212,228,232,226,213,198,186,182,188,202,219,232,238,235,222,199,168,132,100,081,083,103
MA15,95/01/29,132,166,199,226,242,245,236,217,196,179,172,181,202,227,247,257,253,237,209,171,129,094,077,082
MA15,95/01/30,106,142,183,221,247,258,253,234,208,182,163,159,171,197,228,253,263,254,228,189,145,104,075,066
MA15,95/01/31,078,107,148,191,228,254,261,249,223,193,168,154,155,174,206,241,266,273,258,226,184,141,103,078
MA15,95/02/01,073,091,127,171,214,246,263,260,239,206,170,143,133,144,171,207,241,263,264,245,209,165,122,090
MA15,95/02/02,075,082,108,148,191,227,251,258,246,216,179,147,127,127,146,179,217,248,263,257,232,194,152,116
MA15,95/02/03,092,087,104,137,177,213,242,257,254,232,198,161,132,120,130,158,196,230,251,254,239,211,177,143
MA15,95/02/04,115,101,106,131,166,202,230,246,246,232,207,176,146,124,118,134,166,202,229,239,233,216,194,169
MA15,95/02/05,144,125,118,131,160,196,228,247,251,240,219,192,166,143,131,133,150,177,206,227,232,223,205,184
MA15,95/02/06,165,153,148,151,165,187,214,238,252,250,233,207,180,158,144,139,144,160,182,204,217,219,209,193
MA15,95/02/07,178,168,162,163,171,186,206,227,242,245,234,213,191,171,155,144,139,143,156,172,186,194,196,191
MA15,95/02/08,184,177,171,169,170,176,189,206,222,231,229,217,201,186,174,162,151,143,142,150,164,178,188,191
MA15,95/02/09,191,189,188,188,188,189,192,200,212,223,226,221,212,202,191,179,166,153,143,140,147,160,174,184
MA15,95/02/10,191,194,195,195,194,192,190,191,196,201,206,209,208,204,197,186,170,152,134,120,114,118,132,150
MA15,95/02/11,169,186,198,204,204,198,190,184,181,183,189,197,206,212,213,208,195,176,152,127,109,104,114,134
MA15,95/02/12,157,180,199,213,219,216,205,191,179,174,176,187,202,215,224,225,219,202,176,145,116,097,096,112
MA15,95/02/13,140,172,204,229,241,239,225,206,189,178,175,180,193,212,232,247,250,236,207,170,132,103,090,097
MA15,95/02/14,122,156,193,224,244,249,240,220,196,174,158,156,169,194,223,247,258,253,230,194,151,113,087,080
MA15,95/02/15,094,125,166,207,238,253,249,229,201,173,150,140,147,170,202,234,258,265,253,221,179,134,099,080
MA15,95/02/16,083,108,147,191,230,254,260,245,217,185,155,135,132,147,178,215,249,268,265,239,199,154,113,083
MA15,95/02/17,073,085,117,162,208,242,257,251,228,193,156,127,114,120,146,183,222,250,261,250,220,180,139,105
MA15,95/02/18,084,084,106,147,193,232,256,258,240,207,170,137,116,111,126,156,194,230,253,254,235,202,164,131
MA15,95/02/19,107,096,104,130,169,211,244,259,251,223,188,154,129,115,116,135,168,207,239,254,249,229,200,171
MA15,95/02/20,146,129,125,138,166,202,236,257,259,241,211,177,146,124,116,124,146,176,205,226,235,230,214,192
MA15,95/02/21,169,151,142,148,168,196,226,248,257,249,228,200,169,142,125,120,129,147,171,193,207,214,212,204
MA15,95/02/22,190,173,160,156,163,180,202,225,241,243,231,208,181,156,137,123,119,124,137,155,174,190,200,202
MA15,95/02/23,197,188,179,174,174,178,189,205,222,231,230,218,201,183,165,147,132,125,126,136,151,168,184,197
MA15,95/02/24,205,207,206,203,198,194,194,201,211,221,226,225,219,209,196,179,160,143,130,123,126,136,152,174
MA15,95/02/25,194,210,217,218,212,205,199,195,195,197,204,213,222,226,222,209,188,164,142,124,115,116,128,148
MA15,95/02/26,174,202,225,238,239,229,214,199,189,186,191,203,219,233,241,240,227,205,176,146,121,108,110,127
MA15,95/02/27,155,189,221,244,254,250,235,214,193,177,171,179,198,224,246,255,250,231,201,164,127,099,087,094
MA15,95/02/28,119,155,193,225,244,250,240,218,189,162,145,145,164,194,227,251,259,252,229,194,155,120,097,093
MA15,95/03/01,108,140,179,217,244,256,252,233,204,172,145,132,139,166,206,245,269,272,255,224,187,148,115,095
MA15,95/03/02,096,119,157,199,234,254,257,242,212,174,140,118,117,138,173,212,245,263,262,241,205,164,126,098
MA15,95/03/03,090,104,137,180,221,249,260,252,225,188,149,119,107,116,146,186,227,257,269,260,232,195,156,125
MA15,95/03/04,109,113,137,174,213,246,265,265,245,210,169,133,110,108,126,160,199,234,255,257,242,214,181,149
MA15,95/03/05,126,118,131,161,200,235,258,262,248,217,180,145,119,107,115,139,173,208,236,249,244,222,193,165
MA15,95/03/06,144,136,140,158,185,215,240,253,248,226,191,154,124,108,108,122,147,177,205,224,228,217,196,170
MA15,95/03/07,148,135,134,147,169,194,218,234,238,227,203,172,141,117,107,112,131,156,182,203,214,215,205,187
MA15,95/03/08,168,153,148,154,171,192,212,227,234,230,214,191,165,142,128,123,128,142,161,180,193,197,193,183
MA15,95/03/09,173,166,162,161,163,171,187,206,219,219,208,192,173,155,140,130,126,131,141,154,168,180,189,193
MA15,95/03/10,191,185,179,176,179,186,196,205,211,214,212,206,195,182,167,154,143,139,143,151,161,172,185,198
MA15,95/03/11,209,217,218,215,209,206,208,213,218,222,223,223,220,216,9999,9999,9999,9999,9999,9999,9999,9999,9999,9999
MA15,95/03/12,9999,9999,9999,9999,9999,9999,9999,9999,9999,9999,9999,9999,9999,218,219,212,198,179,160,145,138,142,154,172
MA15,95/03/13,192,212,227,234,230,219,205,194,186,183,185,194,207,221,231,232,221,197,167,140,121,114,121,138
MA15,95/03/14,162,189,214,230,234,224,206,185,166,153,151,160,178,199,219,229,227,211,183,149,117,095,090,103
MA15,95/03/15,131,165,197,220,230,226,209,185,160,139,128,131,149,177,207,230,239,231,207,172,134,101,082,084
MA15,95/03/16,105,139,178,212,233,237,223,196,163,133,112,108,123,152,188,221,244,251,238,206,164,123,094,085
MA15,95/03/17,098,128,167,207,238,254,249,225,191,155,125,110,116,143,184,225,258,276,274,253,212,164,122,100
MA15,95/03/18,102,124,157,193,226,247,251,236,204,161,118,088,081,096,130,172,213,245,259,251,223,183,142,109
MA15,95/03/19,095,104,132,173,215,246,258,250,222,181,136,100,081,085,109,146,189,228,255,261,246,214,175,139
MA15,95/03/20,115,111,127,158,195,228,249,252,234,200,157,115,086,075,086,113,152,192,225,243,242,224,196,166
MA15,95/03/21,141,127,130,150,181,213,238,249,240,215,179,140,107,088,085,100,128,162,195,220,232,230,214,191
MA15,95/03/22,168,151,144,153,174,200,225,241,242,228,201,166,132,106,091,092,106,131,158,183,202,212,209,198
MA15,95/03/23,181,166,157,157,166,181,199,215,224,220,204,180,153,128,110,100,100,110,129,150,171,187,196,198
MA15,95/03/24,194,188,181,177,176,179,189,203,215,220,216,203,186,167,149,133,122,118,124,137,153,170,185,198
MA15,95/03/25,207,212,211,205,196,190,191,197,206,211,211,206,199,191,178,160,140,124,117,119,126,138,154,173
MA15,95/03/26,193,209,217,215,207,194,183,178,178,182,189,195,202,207,208,199,181,158,134,119,116,124,138,157
MA15,95/03/27,177,199,219,228,225,211,191,172,162,161,168,182,199,214,223,223,212,191,166,142,124,118,124,141
MA15,95/03/28,166,194,220,236,238,227,204,177,153,137,134,146,170,198,219,227,219,200,176,149,123,104,097,107
MA15,95/03/29,132,166,198,223,233,227,207,178,147,122,111,117,139,170,202,225,236,230,208,176,142,115,101,103
MA15,95/03/30,122,151,185,216,235,237,221,191,156,124,103,099,114,145,184,219,242,247,234,208,176,145,121,112
MA15,95/03/31,123,152,191,229,255,261,248,221,186,151,122,105,108,133,172,215,248,262,257,234,203,170,142,125
MA15,95/04/01,124,142,175,212,244,259,255,234,201,162,126,100,094,110,145,188,227,251,257,243,213,173,138,118
MA15,95/04/02,114,125,148,180,212,235,242,230,200,161,121,091,077,084,111,151,195,230,250,251,236,208,175,146
MA15,95/04/03,129,128,144,172,202,227,240,236,215,179,138,102,080,077,091,119,155,192,220,233,225,203,174,148
MA15,95/04/04,132,129,140,161,187,213,230,233,220,191,154,119,094,084,091,111,142,176,207,226,228,214,191,166
MA15,95/04/05,148,140,144,158,178,200,218,226,220,200,169,137,110,094,090,100,122,152,182,205,216,212,198,179
MA15,95/04/06,161,151,151,160,175,193,209,220,222,211,188,161,136,117,107,107,119,141,168,192,208,213,209,199
MA15,95/04/07,187,176,171,174,184,198,212,224,229,225,209,187,165,147,134,128,131,142,158,177,193,202,205,201
MA15,95/04/08,193,185,179,176,177,182,188,196,203,204,199,188,174,160,146,134,127,128,137,150,167,183,196,202
MA15,95/04/09,201,197,193,191,189,187,187,189,194,199,203,204,202,198,187,170,153,144,145,154,166,178,190,202
MA15,95/04/10,215,224,227,223,212,197,185,181,183,187,193,200,206,208,203,192,175,157,144,137,138,146,161,179
MA15,95/04/11,198,212,218,215,204,190,176,165,159,159,165,178,194,208,215,212,199,179,157,139,130,132,146,168
MA15,95/04/12,193,217,233,239,233,219,202,184,171,166,173,189,210,228,241,246,242,227,202,171,143,127,131,151
MA15,95/04/13,181,209,229,238,236,223,202,175,148,128,122,132,158,191,222,241,244,232,207,177,147,124,115,125
MA15,95/04/14,151,186,220,244,251,240,215,182,150,122,107,110,132,168,208,242,262,264,248,218,181,148,128,129
MA15,95/04/15,150,184,220,250,266,265,247,214,174,134,106,097,110,141,182,223,256,273,269,245,208,169,139,125
MA15,95/04/16,132,158,195,231,258,268,259,231,190,144,104,082,085,111,150,193,233,263,278,271,245,208,171,146
MA15,95/04/17,139,153,184,222,255,274,274,253,215,169,125,092,079,089,117,158,203,244,271,278,263,232,197,167
MA15,95/04/18,150,151,170,201,234,259,269,259,232,192,147,107,080,075,092,125,167,209,243,263,266,253,229,200
MA15,95/04/19,177,168,176,198,229,258,279,283,269,240,203,167,138,121,120,136,165,200,232,255,267,263,245,221
MA15,95/04/20,194,173,166,172,191,216,237,247,243,225,195,162,130,104,091,094,113,141,172,200,219,227,225,216
MA15,95/04/21,200,185,175,174,181,197,215,228,233,227,210,186,160,138,121,112,115,130,152,176,197,212,221,223
MA15,95/04/22,218,210,201,193,190,194,207,224,236,238,227,211,195,180,165,148,134,130,140,162,187,209,223,229
MA15,95/04/23,232,234,235,233,225,217,216,223,239,254,260,257,248,239,229,216,196,174,161,162,173,189,206,221
MA15,95/04/24,231,235,232,221,204,187,175,169,171,178,188,198,206,208,204,193,176,158,143,136,138,150,168,189
MA15,95/04/25,207,220,228,228,219,202,182,163,153,155,167,185,204,218,224,222,211,194,173,156,148,152,167,187
MA15,95/04/26,207,227,243,251,245,226,199,172,155,150,156,173,197,221,241,250,244,227,203,177,154,141,144,161
MA15,95/04/27,186,211,231,241,239,224,198,166,136,116,112,125,152,184,214,232,237,228,210,185,160,142,136,144
MA15,95/04/28,165,192,219,238,243,232,207,174,139,111,097,101,124,160,198,227,243,244,231,208,182,158,143,142
MA15,95/04/29,156,183,214,240,251,246,225,194,158,122,096,088,104,138,179,217,242,252,247,230,205,178,157,147
MA15,95/04/30,153,175,207,237,257,261,247,219,182,143,109,091,094,119,158,201,236,256,259,248,226,199,175,157
MA15,95/05/01,153,167,196,227,250,259,251,228,196,158,121,091,082,097,130,171,210,238,252,250,235,213,188,166
MA15,95/05/02,155,161,184,215,244,261,261,245,216,181,145,115,099,101,124,162,204,238,258,262,252,233,210,188
MA15,95/05/03,172,169,181,206,235,257,266,258,234,202,166,133,110,101,112,139,178,216,244,257,253,238,218,199
MA15,95/05/04,183,174,176,191,214,237,251,251,235,208,177,146,120,103,101,117,147,183,216,237,243,237,223,207
MA15,95/05/05,192,182,181,189,205,225,243,252,247,227,198,167,141,123,115,119,135,161,190,216,232,235,226,210
MA15,95/05/06,193,181,175,176,184,197,213,225,230,222,203,178,154,135,123,120,129,147,171,196,217,227,228,219
MA15,95/05/07,206,194,186,181,180,184,193,205,214,214,205,188,169,151,137,127,123,128,143,166,189,206,215,214
MA15,95/05/08,206,197,188,180,174,172,175,182,192,198,200,195,187,175,161,148,138,134,140,153,172,190,206,216
MA15,95/05/09,218,214,205,195,184,174,167,167,173,182,190,195,197,196,190,178,161,146,138,142,157,177,196,211
MA15,95/05/10,221,225,222,213,198,180,164,154,152,159,171,187,201,210,211,204,189,171,153,143,142,154,175,198
MA15,95/05/11,217,228,229,223,208,189,166,146,133,132,145,167,191,212,224,225,216,197,174,152,139,140,155,180
MA15,95/05/12,206,227,239,238,225,203,174,143,119,108,114,135,166,198,225,241,243,230,205,177,153,140,143,161
MA15,95/05/13,191,224,249,259,250,225,193,159,129,107,098,108,136,175,215,246,261,258,240,212,182,158,147,153
MA15,95/05/14,175,207,239,261,266,250,219,180,140,106,085,083,104,142,188,232,262,274,268,248,220,192,170,162
MA15,95/05/15,171,196,229,260,278,277,255,219,174,130,095,077,083,113,157,205,247,275,285,275,251,220,191,173
MA15,95/05/16,171,188,218,251,275,283,272,246,209,164,119,085,073,088,124,169,214,252,275,281,270,247,221,196
MA15,95/05/17,181,181,199,228,259,279,279,260,228,190,149,112,085,079,098,134,177,216,247,263,264,251,228,202
MA15,95/05/18,179,168,175,196,225,248,259,254,234,204,167,128,095,076,076,099,136,175,209,233,246,245,232,211
MA15,95/05/19,187,168,163,172,194,219,239,246,239,218,188,154,122,099,088,096,118,148,179,206,226,237,236,223
MA15,95/05/20,202,183,171,169,177,194,213,229,235,228,210,186,161,138,121,115,123,142,169,196,217,232,239,237
MA15,95/05/21,227,211,195,183,181,189,203,219,230,233,228,216,200,182,166,153,147,154,170,192,213,229,241,246
MA15,95/05/22,245,237,225,211,197,190,192,203,218,230,237,236,230,220,206,191,178,171,173,183,195,208,219,227
MA15,95/05/23,235,237,229,213,193,175,165,165,172,185,198,208,214,215,211,200,187,174,167,171,181,195,209,223
MA15,95/05/24,233,238,235,223,204,181,162,151,152,161,175,191,207,221,228,225,214,198,183,176,176,184,199,216
MA15,95/05/25,232,243,247,241,226,204,179,158,144,143,154,174,198,220,237,244,240,228,211,195,185,185,193,208
MA15,95/05/26,226,244,255,256,243,220,193,165,142,129,131,150,178,208,233,249,254,247,231,210,191,180,182,195
MA15,95/05/27,214,232,246,251,248,232,204,170,137,113,106,118,145,177,209,234,249,251,240,219,196,178,170,175
MA15,95/05/28,190,210,230,244,247,236,213,181,145,112,092,093,114,148,184,215,237,249,247,233,208,184,168,167
MA15,95/05/29,180,200,222,242,253,250,233,205,168,130,101,091,102,130,166,202,234,255,261,253,232,207,186,176
MA15,95/05/30,180,195,219,242,258,262,252,228,193,152,117,095,094,113,146,186,222,249,262,260,244,220,197,181
MA15,95/05/31,176,184,204,230,253,264,260,240,209,172,136,107,093,100,127,165,204,236,256,260,249,228,202,181
MA15,95/06/01,170,171,185,208,232,249,253,242,218,185,148,114,093,091,109,141,179,214,239,252,250,235,213,192
MA15,95/06/02,175,169,176,193,215,235,246,245,231,204,170,135,109,098,105,127,159,192,222,243,250,244,228,208
MA15,95/06/03,187,174,173,185,204,223,238,244,237,218,191,161,133,115,111,121,144,173,203,229,245,248,240,223
MA15,95/06/04,205,194,193,196,201,211,229,247,256,250,228,199,173,154,143,141,149,167,193,221,245,257,254,240
MA15,95/06/05,223,206,195,191,194,202,215,229,239,239,228,209,188,169,154,147,148,159,178,202,227,245,251,245
MA15,95/06/06,230,211,195,184,180,181,189,201,212,219,220,212,199,184,168,154,148,151,162,179,199,219,234,240
MA15,95/06/07,235,220,202,185,173,166,166,171,180,191,201,206,206,199,187,172,158,150,152,162,178,197,215,227
MA15,95/06/08,231,223,209,192,174,158,147,143,147,158,173,189,200,206,203,194,181,168,158,156,165,182,202,221
MA15,95/06/09,233,235,228,215,196,173,150,135,130,137,151,171,193,212,225,226,217,201,183,168,163,170,187,209
MA15,95/06/10,230,243,244,235,217,192,164,135,115,110,119,139,167,196,222,240,244,234,214,192,176,170,178,195
MA15,95/06/11,217,237,249,249,237,214,183,147,113,091,087,100,128,163,198,228,245,247,233,211,186,167,160,168
MA15,95/06/12,187,211,233,247,246,230,201,163,122,087,066,068,088,122,161,200,233,253,255,240,215,189,170,166
MA15,95/06/13,177,198,223,247,260,255,234,201,161,118,081,061,065,090,126,168,211,246,266,264,245,217,190,173
MA15,95/06/14,169,181,205,233,256,265,257,232,196,153,111,078,065,075,102,141,184,225,255,270,265,244,216,189
MA15,95/06/15,173,174,189,215,243,265,270,256,228,191,149,108,079,074,091,122,160,201,237,262,269,257,235,209
MA15,95/06/16,188,177,180,198,225,253,270,269,250,218,179,139,105,086,088,106,137,173,209,240,258,257,241,218
MA15,95/06/17,195,176,167,174,193,219,244,257,252,231,202,169,136,110,099,105,126,156,190,222,244,252,245,230
MA15,95/06/18,210,190,173,167,174,192,214,235,244,237,218,193,167,145,129,123,131,150,178,207,231,247,251,244
MA15,95/06/19,229,209,190,177,174,182,198,217,231,236,230,216,198,181,164,150,147,157,178,203,226,241,249,247
MA15,95/06/20,238,224,206,189,175,170,176,191,210,224,227,222,212,201,190,180,172,170,175,189,209,231,246,248
MA15,95/06/21,239,226,211,196,180,166,159,162,175,191,205,213,214,209,201,193,185,179,180,187,201,218,233,241
MA15,95/06/22,241,234,223,210,194,174,156,147,151,164,180,195,205,211,213,211,206,198,189,186,191,203,218,231
MA15,95/06/23,239,240,234,224,208,186,163,145,138,143,158,176,195,211,222,226,224,216,206,197,194,197,207,221
MA15,95/06/24,234,243,244,237,222,201,177,152,133,128,136,154,177,200,220,234,238,234,223,210,198,193,196,208
MA15,95/06/25,223,238,246,246,236,217,192,163,136,118,114,126,149,179,208,232,246,247,237,221,206,196,194,201
MA15,95/06/26,214,231,248,258,256,241,217,186,154,126,110,112,130,159,192,223,244,254,251,237,219,201,188,187
MA15,95/06/27,197,215,235,252,259,252,232,204,170,135,108,098,108,134,169,206,236,255,258,249,233,212,194,184
MA15,95/06/28,186,200,222,246,262,262,248,223,190,154,120,098,094,109,139,177,215,245,259,257,241,220,200,184
MA15,95/06/29,177,183,201,226,249,262,256,236,206,170,134,103,088,094,117,152,192,227,251,257,247,228,206,186
MA15,95/06/30,173,172,184,205,230,250,257,248,226,193,156,120,096,091,105,134,170,206,237,254,254,243,224,202
MA15,95/07/01,182,171,175,192,216,241,257,259,248,225,194,158,128,113,118,138,165,196,228,255,267,259,238,213
MA15,95/07/02,190,175,173,183,201,222,240,250,245,226,198,166,136,114,109,120,144,176,210,239,257,259,248,229
MA15,95/07/03,209,190,179,181,194,215,239,256,262,254,238,215,188,162,143,138,149,173,203,232,255,265,260,243
MA15,95/07/04,222,202,185,176,177,186,201,219,233,238,230,212,189,164,143,133,136,149,171,199,226,245,249,238
MA15,95/07/05,221,201,182,166,160,165,177,193,210,221,223,214,199,180,162,149,146,154,169,190,213,234,246,245
MA15,95/07/06,232,213,192,173,161,157,161,171,186,202,213,9999,9999,204,191,178,170,9999,179,196,217,235,247,249
MA15,95/07/07,239,221,199,178,160,148,144,150,163,179,196,208,215,215,209,199,187,179,177,184,199,218,234,244
MA15,95/07/08,243,233,217,197,174,152,137,132,137,151,170,191,212,228,235,231,218,202,191,188,195,207,222,236
MA15,95/07/09,244,246,239,224,200,170,141,120,111,116,132,157,186,212,232,242,241,231,214,199,189,190,202,223
MA15,95/07/10,242,253,254,245,227,200,168,136,109,098,104,126,157,193,226,251,262,258,244,223,202,189,188,201
MA15,95/07/11,223,244,259,263,252,229,196,158,122,094,082,091,120,159,200,236,262,272,265,245,218,193,177,176
MA15,95/07/12,191,217,246,266,269,253,223,185,143,104,076,068,082,113,156,200,239,264,269,256,231,203,180,169
MA15,95/07/13,173,194,224,255,273,273,255,222,181,136,096,071,070,092,131,175,219,254,274,274,256,227,195,172
MA15,95/07/14,163,175,202,237,267,282,279,258,223,180,136,101,085,093,121,161,204,242,270,280,272,249,218,189
MA15,95/07/15,170,167,184,214,246,271,281,273,249,214,174,137,109,100,113,146,186,225,255,272,273,259,234,205
MA15,95/07/16,177,161,164,184,215,245,267,272,261,236,202,168,139,123,124,143,174,209,241,265,275,270,250,223
MA15,95/07/17,195,174,166,175,198,226,251,266,267,253,228,198,170,151,144,154,176,203,229,251,266,268,256,233
MA15,95/07/18,206,181,164,159,169,189,213,235,246,244,230,208,186,166,154,152,163,185,212,236,254,260,255,239
MA15,95/07/19,217,193,173,160,158,166,183,204,221,229,226,214,199,186,176,172,174,184,202,222,240,251,252,243
MA15,95/07/20,228,208,187,169,157,154,162,178,197,213,220,218,211,203,196,192,190,192,201,214,231,245,251,248
MA15,95/07/21,239,224,208,191,174,161,157,164,177,188,196,202,208,212,213,208,201,194,194,201,213,226,235,238
MA15,95/07/22,235,228,217,202,183,163,147,141,145,157,172,189,204,213,217,217,214,208,202,198,200,208,218,229
MA15,95/07/23,235,233,225,213,196,176,154,134,124,127,143,164,187,205,218,224,224,218,208,199,193,193,201,213
MA15,95/07/24,224,232,233,227,214,192,165,138,117,108,116,136,162,188,210,226,232,229,217,203,190,183,184,194
MA15,95/07/25,209,224,234,238,231,212,184,152,124,105,101,112,137,169,200,224,238,239,228,210,192,178,172,177
MA15,95/07/26,190,209,228,241,241,227,201,168,134,104,088,092,113,146,181,213,235,244,239,223,201,181,168,166
MA15,95/07/27,176,196,221,241,249,244,223,192,154,119,093,084,096,125,163,201,232,249,250,238,215,190,169,159
MA15,95/07/28,163,181,209,236,254,257,244,217,181,142,108,088,088,110,146,188,226,251,260,251,229,202,177,160
MA15,95/07/29,156,167,190,220,248,263,260,239,205,166,130,103,092,102,132,172,214,247,265,265,249,221,192,169
MA15,95/07/30,156,158,177,208,239,261,267,258,235,201,163,129,107,104,123,158,198,235,260,267,256,232,203,175
MA15,95/07/31,155,148,158,182,212,240,258,261,246,215,177,140,114,105,116,141,176,212,244,263,264,245,214,181
MA15,95/08/01,154,141,144,162,188,217,240,252,249,230,200,166,137,119,118,135,166,201,233,255,262,254,232,201
MA15,95/08/02,170,148,139,145,165,192,219,238,245,238,219,193,166,146,137,142,161,189,217,239,253,255,244,219
MA15,95/08/03,188,160,143,141,151,168,189,210,227,233,227,211,189,170,156,153,161,179,204,228,246,253,245,227
MA15,95/08/04,202,177,155,141,136,142,158,178,198,212,218,215,205,193,182,175,173,178,191,210,229,243,245,236
MA15,95/08/05,216,193,172,153,140,133,135,146,164,183,198,207,210,209,203,197,191,187,188,196,211,226,236,237
MA15,95/08/06,228,212,194,175,154,135,123,121,131,150,170,188,203,213,219,219,213,203,193,190,195,206,218,226
MA15,95/08/07,228,224,216,201,179,152,126,109,106,116,134,155,180,205,227,239,239,228,211,195,187,190,203,219
MA15,95/08/08,232,240,240,232,214,187,155,123,101,095,105,126,155,186,217,241,253,249,231,208,187,177,181,196
MA15,95/08/09,215,233,245,249,242,220,186,147,111,088,084,097,123,157,194,230,256,266,255,230,200,176,166,171
MA15,95/08/10,188,212,238,257,262,250,223,185,143,107,083,079,097,131,173,215,249,267,263,242,211,182,162,154
MA15,95/08/11,161,183,214,246,267,269,251,217,175,133,097,078,082,107,145,190,230,259,270,260,232,196,163,142
MA15,95/08/12,140,156,187,223,254,270,267,244,208,166,125,096,087,100,131,171,212,247,268,270,250,216,179,150
MA15,95/08/13,136,141,164,197,233,260,271,264,239,201,158,122,102,103,123,158,198,234,258,265,253,227,194,161
MA15,95/08/14,136,126,135,162,199,233,256,259,243,214,179,146,122,112,119,144,180,216,245,258,253,232,203,170
MA15,95/08/15,141,124,123,140,170,202,229,243,241,225,198,168,142,127,128,146,176,208,235,250,253,242,220,190
MA15,95/08/16,159,134,124,130,150,178,206,225,232,226,210,188,167,152,147,156,177,202,224,239,243,237,223,203
MA15,95/08/17,178,153,134,128,137,157,181,202,216,219,212,197,182,170,165,167,177,192,211,229,241,242,233,215
MA15,95/08/18,192,170,152,141,138,145,161,180,197,207,209,205,197,189,183,181,184,192,206,220,232,237,236,226
MA15,95/08/19,209,189,171,157,147,142,145,156,171,185,196,201,201,198,194,193,194,196,200,207,215,224,229,226
MA15,95/08/20,217,203,189,176,161,148,139,139,149,164,179,191,200,205,208,210,211,210,207,206,208,215,224,231
MA15,95/08/21,231,225,215,203,187,170,154,144,143,151,166,184,201,215,226,232,233,228,219,210,204,203,208,217
MA15,95/08/22,226,232,231,223,208,187,164,143,130,129,139,158,182,206,225,236,237,230,218,204,193,187,191,203
MA15,95/08/23,219,231,237,236,227,209,184,155,130,117,119,135,161,190,216,235,244,243,232,214,195,181,178,186
MA15,95/08/24,202,221,238,247,245,231,206,175,143,119,109,115,137,170,206,236,253,255,244,223,200,182,171,171
MA15,95/08/25,182,203,229,251,261,252,228,195,161,130,109,105,119,150,190,228,256,266,258,237,210,185,166,158
MA15,95/08/26,165,187,217,247,266,268,251,221,183,145,116,102,109,134,172,213,248,269,271,252,222,189,164,150
MA15,95/08/27,151,169,199,234,262,276,271,249,215,176,140,118,114,131,164,206,246,274,283,271,245,212,182,161
MA15,95/08/28,153,160,183,215,250,276,286,275,245,206,165,134,119,124,147,182,220,253,271,268,245,211,175,144
MA15,95/08/29,125,125,142,173,208,238,257,261,246,215,176,140,117,114,131,163,201,236,260,267,255,229,193,156
MA15,95/08/30,129,119,128,153,186,218,244,257,255,237,208,175,148,136,142,164,194,227,254,269,267,247,216,181
MA15,95/08/31,151,133,131,144,169,200,229,250,259,254,235,208,183,166,161,170,190,217,244,263,267,255,231,200
MA15,95/09/01,168,143,129,128,141,163,190,214,230,235,227,209,189,173,165,167,180,200,222,239,249,248,233,208
MA15,95/09/02,178,150,131,123,126,137,155,175,196,212,220,218,210,200,191,188,193,204,219,234,245,249,245,232
MA15,95/09/03,213,191,171,155,145,144,151,163,181,199,213,223,229,228,224,219,215,214,216,220,228,238,247,245
MA15,95/09/04,233,214,195,178,163,151,142,140,147,162,182,202,219,229,232,230,225,218,212,209,210,218,229,238
MA15,95/09/05,240,235,224,208,188,167,148,136,134,140,153,173,198,223,242,249,245,232,215,201,194,197,207,219
MA15,95/09/06,228,235,238,234,219,194,164,137,121,119,129,147,173,202,231,253,260,251,231,206,187,179,183,196
MA15,95/09/07,214,233,249,256,250,232,202,167,136,114,108,120,147,182,218,247,263,263,246,219,190,167,158,164
MA15,95/09/08,182,209,236,256,262,251,224,188,150,119,100,099,117,149,190,229,256,264,253,227,194,164,144,138
MA15,95/09/09,149,177,213,246,265,266,248,217,180,143,115,101,108,134,175,219,253,271,269,249,216,181,150,132
MA15,95/09/10,132,153,190,231,264,278,271,247,213,176,141,117,112,128,163,206,245,269,274,260,231,195,160,134
MA15,95/09/11,123,132,162,204,247,276,283,270,241,205,170,143,132,138,161,197,236,266,279,270,243,205,167,136
MA15,95/09/12,118,117,134,166,205,239,258,258,240,209,175,145,128,129,147,178,214,245,263,263,246,216,181,147
MA15,95/09/13,122,112,120,144,178,214,241,254,249,228,199,172,154,148,154,174,202,233,256,263,252,229,200,170
MA15,95/09/14,143,124,119,132,160,194,225,244,248,237,219,198,179,167,165,176,197,222,246,259,258,242,217,188
MA15,95/09/15,160,138,128,132,147,171,198,222,235,236,225,208,191,180,177,183,195,211,229,242,247,242,227,204
MA15,95/09/16,180,159,145,140,145,160,181,202,218,226,225,216,206,199,196,197,201,208,218,226,231,231,226,213
MA15,95/09/17,195,176,159,148,145,147,155,166,179,187,190,191,197,209,222,230,230,226,226,233,245,255,257,249
MA15,95/09/18,235,219,206,193,181,171,166,169,180,197,212,224,230,232,232,232,231,227,223,220,221,227,234,235
MA15,95/09/19,230,219,208,197,185,171,158,151,153,164,181,199,215,227,232,232,227,219,210,202,197,199,205,212
MA15,95/09/20,218,221,221,215,203,184,161,143,135,139,153,173,195,215,233,243,245,237,222,204,190,185,192,205
MA15,95/09/21,220,231,238,239,232,215,189,160,137,128,136,157,185,213,237,253,257,249,230,205,182,168,166,177
MA15,95/09/22,195,216,234,246,246,232,206,173,142,122,119,132,159,192,222,246,257,254,235,205,174,152,143,149
MA15,95/09/23,169,197,223,242,249,242,221,191,157,128,111,113,135,170,209,240,256,256,239,210,178,150,132,129
MA15,95/09/24,143,172,207,239,258,259,242,213,179,145,120,113,125,156,197,236,262,272,263,240,207,173,144,128
MA15,95/09/25,131,154,192,233,263,275,267,243,209,172,139,118,118,141,180,223,257,272,265,239,204,168,137,115
MA15,95/09/26,107,118,151,196,240,267,270,252,220,185,152,128,118,127,155,196,237,264,268,249,214,173,137,111
MA15,95/09/27,100,105,127,164,209,247,268,265,244,212,179,152,138,139,158,191,230,263,279,271,244,207,169,135
MA15,95/09/28,113,107,117,144,181,219,247,259,253,231,201,171,150,144,153,175,206,237,258,259,241,210,172,135
MA15,95/09/29,107,094,097,116,145,178,210,232,240,233,214,190,169,156,154,166,189,217,241,251,245,224,193,158
MA15,95/09/30,125,103,096,103,122,147,175,201,219,225,218,203,185,171,164,166,179,199,219,232,233,223,204,178
MA15,95/10/01,151,126,110,105,110,123,143,167,189,205,213,212,203,192,184,181,184,192,204,216,225,228,223,208
MA15,95/10/02,188,167,149,135,128,129,138,154,175,195,211,222,229,232,231,226,217,210,208,211,219,227,230,226
MA15,95/10/03,216,202,187,170,154,140,132,134,145,164,185,204,218,227,231,229,222,211,198,190,191,200,211,219
MA15,95/10/04,221,218,211,201,185,166,147,135,134,145,165,189,211,230,243,248,243,229,209,190,178,179,190,208
MA15,95/10/05,223,232,233,227,214,193,169,146,131,130,143,165,193,220,241,251,249,235,213,188,168,158,162,179
MA15,95/10/06,201,225,241,245,235,211,182,152,130,120,122,136,159,189,220,243,250,240,214,182,153,134,131,143
MA15,95/10/07,166,196,224,243,248,236,211,179,148,125,116,123,146,178,211,238,254,252,232,198,161,131,114,116
MA15,95/10/08,135,167,203,233,249,249,235,209,177,146,126,122,136,164,199,233,256,262,248,218,180,143,116,107
MA15,95/10/09,117,145,184,224,255,269,265,244,212,179,152,138,142,163,195,230,258,272,266,241,202,160,125,106
MA15,95/10/10,106,126,160,201,238,261,268,256,230,197,165,145,141,154,180,211,241,260,261,244,212,173,134,104
MA15,95/10/11,094,104,133,171,211,243,260,260,242,213,182,159,148,153,171,200,230,255,265,257,232,196,157,123
MA15,95/10/12,103,102,121,154,191,223,246,256,252,235,209,182,164,160,172,196,225,249,261,258,242,214,179,143
MA15,95/10/13,116,106,114,138,171,203,230,247,252,243,224,202,183,173,176,191,214,238,254,256,245,222,194,166
MA15,95/10/14,142,127,123,132,152,181,212,236,246,242,228,209,192,182,180,187,202,220,237,244,240,224,202,177
MA15,95/10/15,154,136,128,129,141,162,188,211,227,232,228,218,206,195,188,187,194,208,223,234,237,229,214,195
MA15,95/10/16,176,160,147,140,142,152,170,192,210,221,224,220,213,207,204,203,205,210,216,222,227,229,224,214
MA15,95/10/17,200,184,171,162,157,156,160,172,188,204,215,218,217,215,214,211,208,204,201,199,201,206,211,211
MA15,95/10/18,205,194,181,169,159,153,150,152,162,176,193,207,216,220,220,217,211,203,194,186,184,188,197,205
MA15,95/10/19,210,208,203,195,184,172,161,155,156,165,182,202,221,233,238,236,229,217,200,183,173,173,184,200
MA15,95/10/20,214,223,224,220,209,192,171,151,139,140,154,178,204,225,235,238,232,218,199,179,162,154,160,178
MA15,95/10/21,201,221,233,237,231,216,192,166,145,136,143,165,193,221,243,254,253,238,212,181,154,138,137,151
MA15,95/10/22,175,204,229,245,248,237,213,184,157,137,132,143,170,204,234,251,254,242,218,186,153,127,115,121
MA15,95/10/23,144,178,214,244,260,259,241,212,179,151,135,136,157,190,227,255,267,261,237,201,161,126,103,099
MA15,95/10/24,115,149,191,232,261,272,263,238,203,170,147,139,149,176,213,249,273,279,262,227,183,141,110,099
MA15,95/10/25,109,137,178,225,266,292,299,286,255,213,174,148,144,164,199,240,272,285,273,242,201,156,115,087
MA15,95/10/26,080,095,130,175,220,256,275,275,255,223,189,161,147,152,177,213,248,272,277,259,224,180,134,097
MA15,95/10/27,078,080,103,141,182,220,249,262,257,236,205,175,154,150,164,190,222,248,259,252,228,194,154,115
MA15,95/10/28,085,072,080,106,141,178,212,237,249,246,228,201,176,162,163,179,204,230,247,251,240,218,188,156
MA15,95/10/29,126,103,095,104,126,155,185,212,230,239,236,224,205,188,179,180,192,212,231,241,241,230,212,187
MA15,95/10/30,161,136,120,117,126,144,166,191,215,234,242,240,229,216,207,202,203,208,217,226,233,234,227,211
MA15,95/10/31,191,171,153,142,138,142,154,171,192,212,229,238,237,230,221,213,208,206,206,209,216,225,231,230
MA15,95/11/01,222,207,190,176,167,163,164,171,183,202,226,246,256,256,247,234,220,206,194,184,180,185,197,210
MA15,95/11/02,216,212,201,187,172,158,149,148,156,169,186,206,225,239,242,234,219,199,180,166,162,167,179,195
MA15,95/11/03,211,223,227,222,208,188,169,157,155,163,177,195,214,233,247,249,238,215,186,160,145,144,155,174
MA15,95/11/04,196,215,229,235,228,210,185,162,147,144,153,172,195,219,237,246,240,219,188,153,125,110,114,132
MA15,95/11/05,158,185,210,229,235,225,202,174,150,137,139,154,178,205,229,245,247,233,204,166,130,105,097,109
MA15,95/11/06,136,170,204,232,247,245,227,202,175,155,146,151,169,196,225,248,258,251,227,190,151,117,098,100
MA15,95/11/07,120,152,189,226,254,267,261,238,208,179,162,160,172,195,225,256,277,281,263,228,187,149,126,127
MA15,95/11/08,150,188,231,264,280,284,285,280,262,229,196,177,178,198,229,258,276,280,266,239,202,160,121,097
MA15,95/11/09,094,113,149,190,228,255,267,262,244,216,188,169,163,173,197,228,253,265,258,235,202,164,125,095
MA15,95/11/10,081,088,115,155,197,231,250,253,241,220,196,175,165,169,188,216,242,260,264,253,227,191,152,117
MA15,95/11/11,099,101,124,157,191,221,246,262,266,254,227,196,174,168,179,200,220,234,238,233,219,194,162,129
MA15,95/11/12,103,090,096,119,151,185,214,233,239,231,213,192,173,164,167,181,200,218,231,234,226,207,181,152
MA15,95/11/13,127,110,106,116,138,166,195,217,229,229,220,205,189,178,175,180,191,205,217,223,222,212,195,173
MA15,95/11/14,150,132,123,126,139,158,180,205,226,240,242,232,218,207,201,201,204,210,218,227,233,232,224,208
MA15,95/11/15,187,166,152,148,152,158,166,180,197,214,226,226,217,202,189,183,184,186,188,189,192,195,197,194
MA15,95/11/16,185,169,154,143,139,142,150,163,180,197,211,218,217,211,203,194,186,178,173,173,179,187,195,199
MA15,95/11/17,199,196,189,179,167,156,151,155,170,189,207,219,226,227,224,218,205,189,172,160,159,167,180,192
MA15,95/11/18,198,199,197,192,183,167,151,142,147,162,184,203,217,225,228,224,211,190,166,146,137,142,157,178
MA15,95/11/19,197,212,222,224,216,198,177,159,151,156,173,195,216,233,243,243,231,208,178,147,126,121,132,155
MA15,95/11/20,183,210,233,246,246,233,211,187,168,162,172,193,218,242,259,264,257,236,204,167,134,116,116,132
MA15,95/11/21,158,189,221,247,261,259,242,213,183,163,158,170,193,221,247,263,263,247,216,176,135,103,089,096
MA15,95/11/22,121,159,199,237,263,271,263,239,209,180,162,159,173,201,235,261,272,261,234,195,152,112,083,074
MA15,95/11/23,088,121,166,212,252,277,283,269,243,213,188,175,178,198,230,263,286,290,272,239,197,154,117,095
MA15,95/11/24,093,112,148,194,240,277,294,292,273,245,217,195,184,191,214,247,277,294,289,265,226,183,142,110
MA15,95/11/25,092,094,117,158,206,251,282,291,278,252,224,203,191,188,197,218,246,272,282,271,241,200,159,124
MA15,95/11/26,100,089,095,118,156,198,237,262,269,260,241,220,201,190,191,206,231,257,274,276,262,235,202,167
MA15,95/11/27,136,116,110,122,147,181,215,245,263,265,253,230,208,193,188,192,203,219,235,247,250,240,218,188
MA15,95/11/28,156,131,118,119,133,154,180,207,232,250,255,246,227,207,194,190,194,204,216,227,236,239,233,216
MA15,95/11/29,192,167,147,137,139,152,171,194,217,237,249,250,243,230,216,204,197,195,199,207,218,229,236,234
MA15,95/11/30,223,204,185,173,169,173,183,197,215,234,252,263,265,257,245,230,215,204,198,199,207,220,232,238
MA15,95/12/01,237,231,223,215,205,196,192,195,207,224,242,257,266,265,258,244,226,206,187,175,175,187,205,222
MA15,95/12/02,234,239,238,231,221,209,198,192,194,205,223,241,254,259,257,248,232,209,182,160,149,152,168,190
MA15,95/12/03,211,227,237,241,235,222,205,191,187,192,204,219,235,249,258,258,246,221,189,158,137,131,141,162
MA15,95/12/04,188,213,234,248,251,242,225,206,193,189,195,209,228,247,262,268,262,243,213,177,144,124,124,143
MA15,95/12/05,173,204,231,252,264,264,251,230,208,195,192,202,220,240,258,270,272,260,231,192,151,119,106,113
MA15,95/12/06,138,173,209,240,260,267,259,241,218,197,185,186,200,223,248,268,274,264,239,203,162,125,099,093
MA15,95/12/07,108,140,180,218,246,261,260,246,225,200,180,172,178,198,225,249,264,263,246,215,175,134,101,084
MA15,95/12/08,088,111,148,190,226,251,261,255,238,214,191,177,176,190,214,241,262,271,263,237,200,158,122,097
MA15,95/12/09,087,094,121,159,200,235,253,252,236,212,189,173,165,169,185,210,234,250,250,232,201,165,128,098
MA15,95/12/10,081,082,104,139,179,216,242,252,245,227,202,180,167,166,178,200,224,244,252,244,221,189,153,121
MA15,95/12/11,098,090,100,126,162,199,229,247,251,240,220,198,181,173,178,194,218,239,250,249,236,212,182,151
MA15,95/12/12,122,105,105,122,153,188,219,242,251,247,232,210,188,173,171,183,201,218,230,233,225,207,185,162
MA15,95/12/13,139,119,108,111,131,161,195,223,239,240,231,217,202,188,178,175,182,196,211,223,227,221,206,184
MA15,95/12/14,161,141,128,126,135,152,176,203,227,242,241,228,208,190,179,176,179,184,191,199,208,214,213,202
MA15,95/12/15,184,165,151,145,148,159,176,196,216,232,242,242,231,215,198,184,176,173,173,177,183,189,195,196
MA15,95/12/16,189,177,162,148,140,140,149,164,182,202,218,227,225,215,200,186,173,163,157,156,161,172,186,199
MA15,95/12/17,207,207,200,189,178,170,167,173,185,202,219,232,237,234,223,206,186,165,145,133,131,141,158,177
MA15,95/12/18,192,202,206,204,194,178,163,156,160,173,192,211,225,231,229,219,200,174,147,123,110,112,127,151
MA15,95/12/19,177,201,218,227,224,210,193,178,170,170,182,200,220,235,241,237,223,197,164,128,099,086,092,114
MA15,95/12/20,146,182,213,234,242,235,218,196,176,165,167,182,203,226,242,249,243,222,189,147,106,078,071,086
MA15,95/12/21,117,155,194,228,252,261,253,231,203,180,168,173,192,218,243,258,259,242,208,163,116,077,055,055
MA15,95/12/22,076,110,150,191,226,248,251,238,213,185,163,152,159,182,215,245,261,257,236,201,158,112,074,054
MA15,95/12/23,058,084,123,167,208,243,263,266,250,218,185,162,157,173,202,235,258,267,258,233,195,149,104,070
MA15,95/12/24,055,065,095,137,182,223,253,267,263,243,213,186,173,180,205,236,262,278,280,268,244,205,155,106
MA15,95/12/25,076,072,092,124,159,191,220,242,253,247,224,193,162,145,148,172,203,229,243,243,230,205,173,136
MA15,95/12/26,101,080,078,099,135,173,205,230,243,244,230,205,176,150,140,149,174,204,225,232,227,213,192,165
MA15,95/12/27,133,104,090,097,122,156,188,214,228,234,231,9999,9999,9999,9999,9999,151,174,196,211,218,211,199,182
MA15,95/12/28,160,136,116,110,121,145,174,200,219,229,231,224,208,186,165,152,151,164,182,198,207,210,207,200
MA15,95/12/29,189,174,159,148,146,158,179,203,224,238,244,241,229,212,196,184,175,171,172,178,188,199,208,213
MA15,95/12/30,211,201,190,180,176,180,189,200,212,225,238,247,248,238,220,200,181,163,150,146,151,162,178,193
MA15,95/12/31,202,203,199,191,185,180,178,182,193,207,220,230,232,227,217,206,192,176,158,143,138,149,169,190
