MA15,70/01/01,196,177,157,144,142,154,175,195,215,230,238,238,225,206,185,172,166,165,169,173,180,191,200,205
MA15,70/01/02,204,197,185,172,165,165,174,189,204,219,229,231,222,209,194,177,163,151,142,138,142,155,174,190
MA15,70/01/03,202,206,200,192,186,180,179,185,195,209,222,229,229,219,207,193,176,154,130,116,113,125,147,170
MA15,70/01/04,188,202,212,218,218,210,196,185,182,191,210,227,236,232,221,206,190,169,141,113,094,094,110,136
MA15,70/01/05,165,192,213,227,236,234,224,209,198,194,202,216,230,239,234,219,200,172,146,115,089,075,077,094
MA15,70/01/06,120,155,188,219,237,243,232,215,198,186,183,193,209,228,245,252,243,221,188,146,105,073,061,070
MA15,70/01/07,094,132,170,209,240,259,263,250,226,202,188,187,198,219,242,257,260,248,217,175,127,085,054,046
MA15,70/01/08,057,086,126,171,212,245,260,259,241,217,191,177,177,195,222,252,271,271,251,216,171,126,084,054
MA15,70/01/09,046,064,099,148,195,233,259,269,259,235,205,178,165,175,200,233,260,272,265,240,203,159,114,074
MA15,70/01/10,048,047,070,113,161,203,234,257,263,251,227,197,173,163,176,210,250,281,289,275,248,208,166,127
MA15,70/01/11,095,074,078,108,150,192,231,258,267,260,242,213,184,161,157,179,214,246,265,266,249,223,194,158
MA15,70/01/12,123,093,083,098,129,170,206,234,252,255,243,220,190,163,147,152,176,209,238,251,249,234,211,182
MA15,70/01/13,155,128,112,114,134,166,204,238,261,270,260,236,210,184,166,160,163,178,195,212,225,228,222,201
MA15,70/01/14,174,148,132,129,138,155,180,206,229,244,244,230,205,179,154,140,138,146,163,181,195,207,210,203
MA15,70/01/15,192,177,162,158,160,171,188,207,228,242,245,237,220,198,177,160,151,146,150,160,174,189,202,209
MA15,70/01/16,209,204,196,192,191,195,205,216,229,240,248,247,238,224,204,183,164,148,138,135,142,158,177,196
MA15,70/01/17,206,211,212,213,213,212,211,211,220,232,243,247,243,233,219,205,187,167,147,128,117,123,143,170
MA15,70/01/18,194,208,213,216,218,220,220,214,209,208,216,228,236,235,226,212,197,180,159,133,110,100,111,135
MA15,70/01/19,162,187,206,220,227,228,224,215,206,200,201,213,226,236,238,232,219,203,180,150,120,100,098,116
MA15,70/01/20,145,176,202,224,238,245,240,229,215,203,198,205,219,235,247,254,250,233,210,176,138,106,095,102
MA15,70/01/21,125,161,196,223,244,254,253,245,229,211,197,193,203,221,243,258,262,252,228,196,155,118,093,084
MA15,70/01/22,094,125,167,206,235,251,253,243,226,207,190,181,183,198,223,248,263,263,243,209,167,129,097,077
MA15,70/01/23,077,098,136,181,221,246,256,251,232,210,188,175,172,181,208,238,263,273,264,238,200,161,121,095
MA15,70/01/24,081,090,119,157,200,233,253,254,237,209,181,162,154,162,185,212,239,257,259,245,212,170,129,097
MA15,70/01/25,078,077,096,130,174,213,239,251,242,216,185,162,148,147,164,190,220,244,255,249,223,188,148,114
MA15,70/01/26,086,079,091,119,159,197,227,246,246,229,198,168,146,137,147,171,202,228,247,249,236,210,174,138
MA15,70/01/27,108,093,096,119,154,190,223,246,252,238,209,177,146,131,134,150,176,200,221,229,225,210,187,160
MA15,70/01/28,131,109,100,112,142,176,209,236,247,239,218,188,159,137,131,137,154,178,202,218,224,219,202,178
MA15,70/01/29,151,132,120,123,141,165,198,226,241,241,226,202,174,148,131,127,141,160,180,196,206,210,207,196
MA15,70/01/30,178,160,143,138,148,168,194,220,237,243,235,216,192,167,146,134,136,148,164,180,197,209,221,226
MA15,70/01/31,224,218,217,220,225,231,239,250,266,286,299,295,267,216,164,145,151,165,173,172,170,174,191,212
MA15,70/02/01,224,219,207,196,193,200,212,222,229,232,235,235,229,216,194,170,145,131,125,127,132,142,156,174
MA15,70/02/02,191,205,215,218,212,206,201,201,207,214,223,226,225,216,197,182,161,138,119,100,089,088,101,123
MA15,70/02/03,153,185,207,222,226,221,211,201,195,194,199,208,220,226,226,213,194,170,141,111,086,074,082,101
MA15,70/02/04,133,166,203,229,245,248,239,222,206,196,191,201,216,232,244,248,239,217,186,146,107,077,066,075
MA15,70/02/05,100,138,172,211,236,248,245,234,211,187,170,168,180,203,229,246,242,225,195,156,116,078,046,036
MA15,70/02/06,049,083,128,178,218,247,254,243,217,185,160,145,150,174,205,236,255,256,241,204,157,105,062,037
MA15,70/02/07,035,059,096,144,189,228,249,250,232,196,161,136,127,143,174,215,249,273,272,244,201,151,101,062
MA15,70/02/08,049,058,086,129,176,220,252,267,253,221,180,143,124,127,151,187,226,262,277,272,245,198,153,109
MA15,70/02/09,081,076,094,131,177,219,253,274,274,250,213,171,142,127,136,160,195,231,258,267,255,224,184,141
MA15,70/02/10,109,092,096,124,158,197,228,248,251,235,205,161,127,103,097,113,144,183,211,227,229,212,189,156
MA15,70/02/11,126,106,101,116,144,179,208,234,241,234,211,176,142,111,096,099,120,153,184,207,216,215,202,181
MA15,70/02/12,158,137,128,134,155,183,210,232,241,238,222,195,165,136,114,103,112,132,156,180,195,200,197,189
MA15,70/02/13,175,161,152,153,165,183,204,223,234,235,225,206,185,160,141,128,125,135,149,165,181,191,195,197
MA15,70/02/14,195,192,188,187,190,197,207,221,231,234,230,217,202,186,168,149,136,130,131,138,148,159,170,180
MA15,70/02/15,188,194,195,198,200,204,209,215,220,223,223,220,214,203,190,175,156,139,127,118,116,124,140,159
MA15,70/02/16,176,190,201,208,212,209,206,205,207,211,212,214,213,211,208,201,189,169,149,128,118,119,131,149
MA15,70/02/17,168,188,206,220,229,229,223,211,203,198,200,207,216,222,224,219,210,194,171,142,117,102,105,123
MA15,70/02/18,148,174,197,217,231,233,228,213,198,187,185,189,203,218,232,239,234,220,196,163,130,103,093,102
MA15,70/02/19,127,158,189,217,238,244,238,222,203,185,174,173,184,206,229,245,249,238,215,182,146,110,090,088
MA15,70/02/20,107,141,176,209,234,246,244,228,207,182,164,159,169,191,219,240,258,261,249,221,184,143,113,098
MA15,70/02/21,109,140,181,225,258,272,270,251,225,196,169,157,160,182,210,240,261,272,262,234,195,150,110,083
MA15,70/02/22,076,100,140,185,222,248,252,244,222,193,165,142,134,147,175,214,245,263,266,244,213,175,134,102
MA15,70/02/23,087,099,130,174,211,242,255,253,235,206,172,141,124,127,154,190,227,254,265,254,227,193,154,119
MA15,70/02/24,099,096,114,151,192,228,249,253,241,210,175,140,120,115,131,163,199,232,252,255,241,210,177,144
MA15,70/02/25,118,111,122,155,193,230,258,270,261,236,202,166,138,124,130,156,190,227,253,262,250,225,197,172
MA15,70/02/26,148,134,132,150,182,220,249,264,259,238,205,170,140,124,119,134,160,192,221,242,248,241,224,200
MA15,70/02/27,178,161,156,167,190,219,246,265,266,248,220,184,155,134,123,123,138,161,188,211,222,225,216,200
MA15,70/02/28,185,173,168,170,181,197,219,241,251,245,221,188,155,132,120,116,123,134,150,171,191,208,213,211
MA15,70/03/01,202,192,188,190,199,210,224,237,247,247,234,214,188,162,139,126,125,131,138,144,151,159,168,180
MA15,70/03/02,190,197,197,193,190,192,203,214,222,224,219,207,192,175,160,143,127,116,110,110,117,131,147,164
MA15,70/03/03,180,195,202,206,207,204,200,197,201,205,207,208,205,197,188,173,154,136,120,105,100,105,120,144
MA15,70/03/04,171,198,220,230,233,229,221,211,202,195,198,206,216,226,229,218,201,178,152,127,105,091,091,111
MA15,70/03/05,143,179,215,242,252,247,235,216,197,182,176,180,197,221,239,244,230,204,170,136,104,083,073,080
MA15,70/03/06,107,146,189,230,257,260,246,222,198,178,165,165,177,201,230,253,259,246,217,173,128,092,072,070
MA15,70/03/07,092,124,166,211,251,271,267,242,205,169,145,138,150,176,210,244,264,269,251,215,169,122,086,069
MA15,70/03/08,077,101,140,186,232,262,271,253,221,177,138,116,114,139,177,220,256,276,271,243,203,159,116,085
MA15,70/03/09,076,093,129,174,219,251,265,255,227,185,142,106,088,104,139,189,239,275,285,269,235,194,155,123
MA15,70/03/10,108,111,133,172,214,252,268,262,239,201,162,122,096,088,106,145,193,231,259,262,244,211,176,146
MA15,70/03/11,127,122,134,161,196,231,256,264,251,218,174,132,099,086,094,122,160,203,234,252,249,230,203,172
MA15,70/03/12,149,139,144,167,198,229,251,259,250,228,193,158,125,100,090,105,132,169,202,225,235,229,212,186
MA15,70/03/13,164,158,161,176,194,216,235,250,254,240,209,173,140,116,106,109,122,143,171,194,210,219,212,199
MA15,70/03/14,184,176,170,177,192,210,225,238,243,231,211,186,159,136,118,111,113,126,145,165,179,189,194,193
MA15,70/03/15,187,180,177,179,186,199,210,222,224,220,208,190,167,150,134,122,117,117,126,137,147,160,174,185
MA15,70/03/16,194,198,198,199,203,215,225,233,237,236,234,226,220,216,205,190,171,157,153,157,166,179,187,198
MA15,70/03/17,206,215,224,229,233,225,217,212,210,214,215,212,204,194,183,170,161,149,131,114,104,105,122,146
MA15,70/03/18,166,184,196,205,207,205,195,186,177,172,174,180,191,199,205,203,192,175,149,127,111,108,114,131
MA15,70/03/19,154,180,206,224,229,223,201,183,167,159,157,163,175,192,206,210,205,185,157,128,090,089,089,105
MA15,70/03/20,129,156,184,209,219,217,203,178,161,145,138,143,156,179,204,223,228,217,187,146,107,083,069,079
MA15,70/03/21,102,135,166,193,214,217,204,182,156,132,117,118,133,159,190,216,232,231,213,176,134,101,081,078
MA15,70/03/22,095,125,165,203,230,240,226,200,165,132,111,105,118,146,180,214,240,251,241,210,168,128,101,091
MA15,70/03/23,100,128,164,203,234,246,242,214,175,132,105,090,099,122,156,195,229,250,251,229,191,150,113,094
MA15,70/03/24,093,113,149,189,226,248,250,232,196,153,116,095,092,112,146,185,224,253,262,245,208,165,127,105
MA15,70/03/25,101,109,135,171,213,244,257,244,210,164,120,093,077,090,118,157,202,235,256,258,237,200,159,128
MA15,70/03/26,117,123,146,170,211,240,255,250,225,183,137,098,076,073,092,124,164,201,228,244,242,219,187,156
MA15,70/03/27,134,128,142,166,194,222,241,244,232,202,159,118,084,082,081,103,134,168,201,224,232,227,204,179
MA15,70/03/28,157,146,151,166,191,212,229,241,238,218,184,143,109,089,083,094,116,141,171,196,213,218,212,197
MA15,70/03/29,178,166,164,174,188,205,219,231,233,221,199,162,131,102,090,091,104,122,142,161,180,195,204,203
MA15,70/03/30,196,187,182,185,193,203,214,223,226,223,210,193,169,147,125,112,106,112,125,139,147,154,160,170
MA15,70/03/31,184,197,202,201,195,192,195,204,212,215,208,197,182,169,154,140,125,115,113,119,133,148,166,184
MA15,70/04/01,201,213,220,219,213,205,198,195,196,200,202,204,203,200,193,177,155,132,115,105,105,113,130,152
MA15,70/04/02,177,202,219,226,222,207,191,176,169,166,173,183,195,206,209,202,184,158,128,102,088,087,100,122
MA15,70/04/03,149,179,208,229,234,224,201,174,153,141,144,160,185,203,224,228,218,195,160,126,098,084,085,101
MA15,70/04/04,130,164,202,232,248,241,216,182,148,126,120,131,157,190,220,243,248,235,206,165,123,094,083,092
MA15,70/04/05,119,154,192,224,245,245,227,190,148,111,090,093,118,157,200,233,253,252,232,199,156,116,093,088
MA15,70/04/06,105,139,180,217,244,252,236,200,155,111,079,069,083,117,163,209,243,259,256,229,189,150,117,101
MA15,70/04/07,110,137,175,212,242,255,250,224,185,139,095,066,064,090,135,185,230,259,264,256,229,194,157,133
MA15,70/04/08,122,132,163,197,227,246,247,228,194,151,103,067,050,058,090,139,183,220,243,246,230,205,173,145
MA15,70/04/09,131,136,158,189,222,245,254,244,218,176,131,090,063,058,077,114,158,197,227,244,242,224,198,172
MA15,70/04/10,153,148,161,187,216,239,250,245,224,192,151,114,083,069,073,095,129,165,195,217,225,219,201,179
MA15,70/04/11,164,157,162,176,195,216,231,237,228,203,171,132,103,084,078,089,110,135,165,190,208,214,208,195
MA15,70/04/12,180,173,176,188,202,220,235,242,238,224,202,176,149,127,112,109,120,140,163,183,198,205,205,200
MA15,70/04/13,192,187,187,191,198,205,213,220,223,219,204,183,158,135,120,109,105,109,121,135,152,168,182,186
MA15,70/04/14,185,183,181,179,180,182,187,192,196,195,189,177,165,154,141,129,119,113,114,125,140,154,167,177
MA15,70/04/15,185,190,192,192,188,184,180,178,179,182,185,186,183,180,174,164,149,133,123,119,126,139,155,172
MA15,70/04/16,185,196,206,209,203,192,181,171,165,167,172,180,188,195,197,192,181,161,142,128,120,125,141,162
MA15,70/04/17,182,201,215,222,218,205,188,171,160,156,165,179,200,215,228,229,218,198,175,154,136,130,137,156
MA15,70/04/18,182,207,230,240,238,222,200,178,159,142,137,143,164,187,213,226,225,208,179,152,129,115,115,128
MA15,70/04/19,152,183,211,229,232,220,196,166,138,117,108,115,138,169,200,223,234,226,203,174,140,118,109,116
MA15,70/04/20,138,170,205,231,241,234,209,174,139,110,097,096,117,149,187,223,247,251,235,207,173,147,130,132
MA15,70/04/21,151,179,213,244,262,259,234,194,149,113,088,083,095,124,164,203,235,251,250,222,186,152,127,116
MA15,70/04/22,124,146,179,212,231,238,224,192,152,108,069,052,059,084,123,166,205,233,245,236,209,173,143,121
MA15,70/04/23,120,137,167,203,229,242,239,212,171,127,087,060,052,069,101,143,183,221,243,249,232,202,170,143
MA15,70/04/24,129,138,162,195,223,240,242,223,193,150,104,068,049,051,075,112,151,189,221,237,237,217,190,165
MA15,70/04/25,146,142,158,182,210,232,240,230,206,170,130,090,063,053,057,083,118,156,190,214,226,223,208,188
MA15,70/04/26,168,157,158,173,196,220,235,235,223,196,159,122,089,068,063,074,099,129,159,188,209,217,212,200
MA15,70/04/27,183,173,170,176,189,203,216,225,224,210,183,150,119,095,081,077,089,108,133,159,181,198,206,206
MA15,70/04/28,200,191,183,181,185,191,200,209,216,215,202,179,154,131,112,100,096,100,114,135,155,177,196,208
MA15,70/04/29,214,209,204,198,195,194,197,203,208,212,212,207,196,177,157,138,122,112,113,125,140,158,177,196
MA15,70/04/30,211,221,222,217,203,188,177,174,179,190,199,204,205,200,190,173,153,135,120,116,123,138,158,181
MA15,70/05/01,203,222,231,228,215,191,170,153,150,158,171,188,202,212,214,204,186,163,141,123,116,121,138,163
MA15,70/05/02,190,215,232,233,219,198,170,143,126,122,131,152,182,209,225,229,216,196,168,144,125,120,129,152
MA15,70/05/03,179,210,233,244,237,216,184,149,119,102,102,121,154,191,220,240,243,227,202,172,146,130,130,145
MA15,70/05/04,170,201,228,246,248,230,200,159,120,090,078,088,117,160,200,234,250,248,230,200,170,147,135,140
MA15,70/05/05,158,188,221,242,250,239,212,174,133,093,068,065,085,124,165,208,239,252,245,223,195,167,149,144
MA15,70/05/06,153,175,205,233,251,250,230,195,150,105,071,053,058,089,130,175,215,241,249,239,219,191,167,151
MA15,70/05/07,152,168,194,224,246,254,243,215,177,134,093,065,057,075,108,148,193,226,247,251,239,215,192,173
MA15,70/05/08,165,173,192,218,242,257,256,238,207,166,124,088,070,072,094,129,167,203,230,245,242,227,207,186
MA15,70/05/09,172,170,183,204,228,246,251,238,214,180,141,105,080,070,080,103,136,172,201,224,234,229,214,194
MA15,70/05/10,176,169,175,193,213,231,240,239,224,202,169,137,108,088,083,098,124,156,186,210,225,229,222,208
MA15,70/05/11,195,186,184,193,207,223,237,243,236,220,197,168,144,120,108,112,127,151,177,204,224,235,234,225
MA15,70/05/12,211,201,196,198,205,212,220,226,228,220,204,184,161,143,127,120,123,136,154,176,195,210,218,216
MA15,70/05/13,209,198,189,184,185,188,194,200,206,205,199,188,174,160,146,135,129,129,140,157,176,192,205,211
MA15,70/05/14,212,206,201,193,186,181,178,179,184,190,194,194,189,180,168,157,145,137,134,142,156,174,193,209
MA15,70/05/15,215,216,209,199,188,176,164,156,157,163,174,185,190,192,186,174,161,147,136,131,137,153,173,195
MA15,70/05/16,212,218,216,207,192,176,161,147,140,144,155,171,188,202,207,202,189,172,154,140,137,146,164,189
MA15,70/05/17,209,225,228,222,205,182,161,141,126,122,129,148,171,194,211,219,214,199,178,160,147,145,159,182
MA15,70/05/18,205,225,240,243,232,209,179,148,124,114,118,137,164,195,222,241,244,231,211,188,168,157,160,176
MA15,70/05/19,199,224,246,253,245,222,190,156,127,107,100,110,137,174,210,242,256,256,241,215,192,173,164,173
MA15,70/05/20,191,220,244,260,259,242,211,175,141,110,093,093,115,152,195,232,257,268,266,250,229,207,190,178
MA15,70/05/21,182,204,238,270,280,269,238,202,163,125,096,082,088,115,153,201,240,266,275,263,240,213,190,177
MA15,70/05/22,179,194,217,242,257,261,245,214,171,122,085,062,061,082,117,159,200,234,257,262,251,228,202,181
MA15,70/05/23,173,181,201,227,250,259,253,229,193,151,110,076,062,069,097,133,173,211,242,260,261,245,221,197
MA15,70/05/24,182,178,188,207,230,248,254,243,214,177,132,092,065,054,064,089,122,161,197,223,237,235,221,202
MA15,70/05/25,184,173,175,187,207,228,243,244,230,204,167,130,098,079,074,088,114,143,176,207,230,241,238,225
MA15,70/05/26,209,193,185,189,203,221,239,250,248,234,211,181,150,124,109,106,116,137,163,195,222,243,251,244
MA15,70/05/27,230,214,202,196,195,202,215,230,241,240,228,205,181,158,139,126,123,132,152,175,200,221,236,242
MA15,70/05/28,235,222,208,193,184,180,182,193,206,217,220,215,202,184,162,143,129,125,131,145,165,187,207,222
MA15,70/05/29,228,225,212,194,177,161,153,156,167,182,196,204,206,201,189,172,152,137,130,135,150,170,192,210
MA15,70/05/30,225,231,224,207,184,160,142,132,135,149,169,189,205,216,217,207,189,172,155,148,152,167,186,207
MA15,70/05/31,225,238,238,226,204,175,147,124,115,121,140,166,192,215,230,234,225,208,190,173,164,168,183,205
MA15,70/06/01,226,244,253,249,230,202,171,144,117,107,113,133,161,192,220,242,250,242,222,197,180,172,177,195
MA15,70/06/02,214,233,246,250,241,217,182,143,106,083,079,094,126,162,201,231,246,249,238,218,195,176,169,180
MA15,70/06/03,200,223,244,256,251,233,205,168,126,091,072,075,099,138,179,214,241,252,249,233,212,191,176,175
MA15,70/06/04,188,210,235,253,259,247,224,187,146,105,075,066,077,108,148,190,225,247,255,245,225,204,185,175
MA15,70/06/05,180,194,216,240,255,257,240,210,172,127,091,068,068,088,122,162,201,231,250,254,239,217,195,180
MA15,70/06/06,177,188,206,231,251,259,251,230,198,160,115,082,070,078,104,139,178,213,238,250,247,230,209,190
MA15,70/06/07,179,180,195,216,238,252,255,243,218,182,144,109,087,082,096,123,155,191,219,240,246,236,218,195
MA15,70/06/08,177,172,181,198,219,234,241,239,225,200,166,129,098,083,085,105,136,170,201,222,232,230,218,199
MA15,70/06/09,178,167,167,179,196,213,228,233,226,206,180,150,120,100,094,100,120,149,181,209,226,232,225,210
MA15,70/06/10,193,178,172,172,181,195,211,224,226,216,198,174,148,127,112,109,119,138,167,197,220,233,234,222
MA15,70/06/11,204,189,179,175,178,185,196,209,219,220,211,194,172,152,137,130,132,142,159,183,207,226,236,234
MA15,70/06/12,221,204,188,177,171,175,183,192,202,209,209,202,193,181,166,151,142,144,155,174,196,217,231,235
MA15,70/06/13,229,215,199,185,173,164,161,166,178,192,202,208,207,201,190,179,168,161,161,170,187,207,224,236
MA15,70/06/14,238,229,213,196,178,164,153,149,155,167,183,198,209,215,212,203,191,180,172,172,181,197,215,233
MA15,70/06/15,240,237,226,210,191,169,148,135,132,141,158,178,197,210,219,220,214,203,188,174,171,180,198,217
MA15,70/06/16,230,236,234,222,200,173,146,124,111,110,122,143,170,199,221,234,236,228,214,197,183,180,190,208
MA15,70/06/17,228,242,246,240,224,199,168,138,112,098,098,119,150,184,216,240,253,253,240,220,201,188,190,203
MA15,70/06/18,222,242,254,255,245,224,183,159,121,093,082,092,118,157,196,229,254,264,261,245,222,201,190,193
MA15,70/06/19,207,228,249,261,264,250,222,186,147,110,083,077,095,126,165,205,241,265,278,271,252,226,207,196
MA15,70/06/20,196,212,237,258,270,264,243,212,167,126,087,064,062,082,119,162,206,241,263,269,256,234,212,192
MA15,70/06/21,185,193,211,236,256,267,260,236,196,152,108,071,056,062,089,127,168,207,241,259,260,244,218,193
MA15,70/06/22,177,175,189,214,239,257,260,248,222,186,143,100,068,056,068,100,140,182,217,240,252,247,230,207
MA15,70/06/23,184,170,170,185,212,237,253,256,241,210,171,131,097,074,070,085,114,152,188,219,239,247,237,216
MA15,70/06/24,190,170,160,165,183,205,229,244,246,231,203,169,134,105,090,091,111,138,174,207,230,245,245,231
MA15,70/06/25,209,184,166,157,162,178,199,222,237,236,222,198,171,145,124,112,118,136,163,194,219,237,246,241
MA15,70/06/26,224,201,178,160,152,156,171,192,215,225,224,214,197,179,162,148,139,143,159,185,209,230,244,244
MA15,70/06/27,232,214,192,168,149,136,137,151,172,192,206,210,207,197,185,174,163,155,159,172,192,213,230,237
MA15,70/06/28,234,222,202,180,156,135,123,123,135,153,173,189,203,210,209,202,192,182,178,181,190,205,220,232
MA15,70/06/29,238,232,217,198,174,148,123,109,109,120,137,159,181,201,214,216,209,200,190,185,187,197,210,221
MA15,70/06/30,230,233,229,218,199,170,139,113,097,098,111,138,162,189,212,226,231,226,216,205,194,193,201,214
MA15,70/07/01,226,238,243,238,222,197,166,137,112,098,098,114,143,173,204,229,245,248,238,222,205,193,191,200
MA15,70/07/02,213,225,237,242,237,220,193,159,122,092,078,083,105,137,172,203,229,244,246,236,216,197,186,186
MA15,70/07/03,198,216,233,246,246,236,216,184,145,108,082,074,087,116,157,197,228,247,253,246,228,209,192,185
MA15,70/07/04,191,205,228,247,258,256,240,214,178,136,100,080,079,099,135,178,215,243,256,255,241,221,200,186
MA15,70/07/05,184,192,211,235,255,263,257,235,199,160,123,093,083,092,118,155,196,231,254,262,254,232,209,191
MA15,70/07/06,181,184,201,225,248,264,266,253,227,192,152,116,091,087,104,134,173,210,236,253,252,236,213,191
MA15,70/07/07,173,168,176,197,220,241,254,251,233,202,164,123,096,086,094,117,149,184,215,238,248,240,215,187
MA15,70/07/08,166,157,160,178,199,222,239,244,237,217,185,152,121,103,103,119,148,180,209,234,249,247,232,209
MA15,70/07/09,187,167,164,173,189,207,226,238,240,229,208,179,150,129,121,127,145,171,199,227,248,253,243,220
MA15,70/07/10,194,173,161,161,174,190,206,221,227,225,213,193,170,149,134,131,145,168,191,214,235,244,240,225
MA15,70/07/11,203,178,159,150,153,165,182,199,211,218,215,204,188,172,156,146,149,164,186,210,231,247,251,243
MA15,70/07/12,226,204,182,167,158,159,167,181,196,209,215,212,205,197,189,180,172,170,178,195,217,236,244,239
MA15,70/07/13,224,204,183,164,149,140,139,146,159,177,191,201,206,205,200,193,186,183,187,197,213,230,244,252
MA15,70/07/14,250,235,214,191,169,148,137,134,140,151,167,185,201,214,220,219,211,202,194,192,198,211,226,236
MA15,70/07/15,237,230,217,200,179,154,133,116,109,114,129,152,179,203,220,229,229,221,209,199,193,195,205,219
MA15,70/07/16,229,234,230,217,195,167,148,111,092,085,092,113,142,176,206,229,241,242,231,214,196,187,183,200
MA15,70/07/17,218,232,239,236,224,200,168,132,100,077,069,080,107,145,187,221,248,256,253,238,217,199,190,193
MA15,70/07/18,205,225,244,257,255,238,211,170,130,092,068,064,082,115,157,203,241,265,274,264,241,215,195,186
MA15,70/07/19,194,212,240,264,279,275,254,216,173,128,089,066,067,090,130,177,223,259,275,272,254,226,201,181
MA15,70/07/20,175,183,208,239,267,278,272,243,203,155,108,073,058,067,095,137,184,226,258,271,262,238,207,179
MA15,70/07/21,162,161,178,207,242,266,276,267,239,193,144,102,072,066,083,115,157,202,240,262,265,246,217,186
MA15,70/07/22,158,146,151,170,204,237,260,267,251,219,179,136,100,081,082,104,140,180,216,243,256,249,226,193
MA15,70/07/23,160,135,127,138,164,195,225,243,245,239,200,163,129,105,097,108,135,167,202,231,246,247,234,207
MA15,70/07/24,173,143,124,121,135,162,193,218,231,231,214,190,164,139,126,126,142,167,198,225,241,249,241,219
MA15,70/07/25,193,165,138,123,123,138,162,188,209,220,219,207,191,175,160,155,162,178,200,222,239,249,246,233
MA15,70/07/26,211,184,158,137,125,126,139,159,180,198,207,206,201,195,189,185,185,190,200,216,233,245,248,240
MA15,70/07/27,225,203,183,163,145,131,126,134,151,172,190,201,206,208,208,207,209,210,212,215,222,231,239,240
MA15,70/07/28,234,218,200,182,162,142,125,116,118,134,154,174,190,203,212,217,219,218,213,209,209,213,223,231
MA15,70/07/29,235,230,218,202,184,163,140,118,110,114,131,156,179,199,215,227,235,236,231,223,213,209,216,226
MA15,70/07/30,235,238,235,225,210,190,166,139,115,105,109,128,154,181,207,227,239,242,235,221,207,197,197,204
MA15,70/07/31,217,231,240,242,235,216,187,155,122,098,090,101,125,157,192,219,238,247,243,225,207,189,179,183
MA15,70/08/01,196,215,233,246,249,237,212,179,138,105,083,080,102,135,175,212,240,254,252,238,218,197,182,175
MA15,70/08/02,181,197,221,245,258,255,235,204,168,128,097,083,090,117,156,199,230,250,254,246,227,201,178,163
MA15,70/08/03,164,179,205,235,255,261,252,226,191,154,115,088,082,099,134,174,212,242,256,252,234,207,182,162
MA15,70/08/04,155,163,185,214,243,262,261,244,215,176,138,106,091,099,127,165,205,236,256,261,249,224,193,168
MA15,70/08/05,153,151,169,199,228,251,259,253,231,199,164,127,104,100,114,148,188,224,248,257,249,227,200,171
MA15,70/08/06,150,140,149,172,200,228,249,250,238,212,181,146,120,108,116,143,179,215,244,260,257,237,209,176
MA15,70/08/07,149,133,137,155,182,211,235,249,246,227,198,167,139,121,123,139,168,201,231,251,254,242,218,187
MA15,70/08/08,157,134,127,135,156,181,206,226,233,226,206,181,156,138,133,142,162,188,215,238,248,242,223,195
MA15,70/08/09,167,141,127,123,133,153,174,197,211,215,207,189,172,157,149,151,161,181,202,223,237,238,227,208
MA15,70/08/10,181,154,133,123,126,137,153,170,185,196,203,202,195,185,177,173,177,190,206,221,233,239,236,226
MA15,70/08/11,205,181,158,143,136,136,142,153,170,185,199,208,210,208,205,201,201,204,209,217,228,235,239,235
MA15,70/08/12,220,201,181,162,147,136,130,132,141,156,172,189,203,211,216,219,219,217,213,208,209,215,226,233
MA15,70/08/13,231,219,201,183,165,149,133,121,117,123,139,165,191,214,231,239,240,234,224,216,212,215,221,228
MA15,70/08/14,232,230,223,210,192,169,141,115,100,099,110,134,163,191,219,242,253,252,238,222,205,196,198,210
MA15,70/08/15,225,236,242,239,227,204,175,142,112,093,091,114,130,168,210,248,260,278,272,254,233,216,207,208
MA15,70/08/16,218,237,261,276,276,260,227,188,146,109,086,085,103,137,178,226,262,281,278,257,227,197,176,170
MA15,70/08/17,180,205,234,261,273,271,246,209,161,116,078,061,070,098,140,186,229,260,272,261,234,197,165,146
MA15,70/08/18,144,164,197,232,265,277,269,237,196,146,102,072,065,080,117,165,212,249,269,267,243,206,170,141
MA15,70/08/19,127,135,161,201,240,271,279,264,232,188,143,103,082,085,113,154,200,240,265,273,258,226,188,149
MA15,70/08/20,123,117,134,169,209,243,267,272,257,226,184,144,115,104,118,152,191,230,258,270,264,239,205,164
MA15,70/08/21,128,108,111,135,173,213,243,257,256,238,210,175,147,133,137,159,189,219,243,260,264,250,221,185
MA15,70/08/22,148,117,109,122,144,177,205,228,242,239,222,196,173,158,155,168,194,216,235,250,259,252,233,201
MA15,70/08/23,164,132,113,110,123,147,173,195,213,222,228,205,189,176,169,175,191,211,231,246,251,246,234,212
MA15,70/08/24,185,156,133,117,114,125,144,165,184,197,204,201,195,188,184,186,194,205,217,229,239,240,232,217
MA15,70/08/25,198,177,157,140,128,122,126,138,156,172,185,192,195,198,201,204,207,210,213,218,224,231,232,227
MA15,70/08/26,215,200,174,169,156,142,132,127,133,147,163,180,194,206,215,224,229,229,224,219,219,224,229,233
MA15,70/08/27,233,228,219,209,194,175,154,135,130,135,149,170,190,211,228,240,248,249,244,235,223,216,217,222
MA15,70/08/28,231,237,241,236,223,201,175,149,128,120,126,144,166,195,222,241,252,252,241,225,208,196,192,200
MA15,70/08/29,211,226,240,247,241,223,197,163,136,118,112,125,151,181,212,240,258,263,257,240,216,199,189,193
MA15,70/08/30,207,225,245,261,266,258,233,201,164,136,120,121,139,165,199,234,258,270,266,247,222,197,180,175
MA15,70/08/31,181,201,230,252,267,268,253,224,189,154,126,117,127,154,191,230,263,281,281,264,237,211,189,174
MA15,70/09/01,173,186,215,246,273,282,272,244,206,165,132,116,119,143,178,219,256,278,283,269,241,206,177,157
MA15,70/09/02,153,165,193,228,261,279,279,262,226,189,151,128,123,138,168,206,245,275,286,279,253,219,186,161
MA15,70/09/03,151,154,173,205,241,272,286,279,254,219,181,149,133,136,158,192,233,268,284,281,257,224,191,161
MA15,70/09/04,142,136,148,175,210,245,266,269,254,224,189,155,132,128,144,176,214,247,266,271,258,229,193,159
MA15,70/09/05,130,121,130,157,190,221,247,261,257,239,211,181,159,149,155,177,207,238,262,271,263,239,205,170
MA15,70/09/06,139,122,122,142,168,198,225,243,249,242,223,198,179,168,167,179,199,225,250,262,259,241,211,179
MA15,70/09/07,147,128,121,129,145,168,193,216,232,236,228,210,192,182,180,184,194,211,230,246,251,242,218,189
MA15,70/09/08,159,134,121,121,131,147,165,185,203,214,216,210,201,193,189,192,201,212,226,238,244,241,230,210
MA15,70/09/09,185,160,142,135,138,144,151,162,176,191,206,216,221,222,218,216,217,221,227,233,237,240,238,227
MA15,70/09/10,210,191,176,164,155,149,144,144,149,164,184,202,217,225,228,229,228,227,225,224,225,226,227,227
MA15,70/09/11,220,208,194,176,157,141,129,122,122,128,144,163,187,210,228,239,239,232,221,211,206,205,211,218
MA15,70/09/12,225,228,223,215,200,178,153,130,114,110,118,137,168,200,231,253,262,257,243,224,206,197,198,211
MA15,70/09/13,227,244,255,257,246,224,189,153,120,101,097,110,141,178,214,245,261,260,242,215,185,164,155,165
MA15,70/09/14,187,214,239,254,254,237,205,162,120,089,077,083,110,148,187,225,255,268,258,232,194,161,143,142
MA15,70/09/15,162,193,230,263,282,282,260,219,170,126,096,087,101,134,176,219,254,275,273,246,207,167,127,110
MA15,70/09/16,118,150,191,235,266,278,269,241,200,153,112,088,089,115,154,199,240,267,270,254,216,171,130,103
MA15,70/09/17,098,114,150,197,241,269,278,265,233,194,151,122,112,121,153,195,237,267,277,267,237,196,152,115
MA15,70/09/18,096,099,129,170,219,260,283,285,267,236,203,172,152,150,166,199,235,266,286,282,256,216,172,132
MA15,70/09/19,103,094,105,132,170,212,242,259,252,231,200,173,152,146,156,183,214,244,264,265,249,218,177,136
MA15,70/09/20,100,081,080,099,134,170,203,224,230,223,207,187,170,161,163,180,204,232,248,256,248,225,198,165
MA15,70/09/21,135,111,097,099,116,142,170,196,212,217,212,201,188,182,183,191,206,224,241,252,250,236,215,189
MA15,70/09/22,164,141,125,118,121,135,155,179,201,217,221,218,213,209,209,215,225,233,240,243,244,240,230,213
MA15,70/09/23,193,172,154,140,132,131,140,155,172,187,198,204,206,207,209,213,217,222,224,224,224,223,221,214
MA15,70/09/24,203,188,174,161,150,141,136,138,147,161,176,189,198,206,212,217,219,217,212,207,205,207,212,214
MA15,70/09/25,214,209,201,190,176,162,148,137,135,142,158,177,195,210,221,227,230,228,220,210,201,197,202,212
MA15,70/09/26,221,228,228,222,208,189,166,144,129,126,137,157,180,203,220,232,236,230,215,196,179,172,176,187
MA15,70/09/27,202,215,224,228,222,207,183,153,128,123,125,134,160,190,216,234,243,240,223,200,177,162,159,166
MA15,70/09/28,183,203,222,237,239,228,202,169,138,115,107,119,148,181,213,238,250,250,235,209,179,154,143,147
MA15,70/09/29,167,195,222,245,255,251,233,204,173,142,133,132,141,176,213,245,263,263,249,223,192,162,141,138
MA15,70/09/30,151,180,215,248,269,269,255,228,194,160,136,127,137,163,200,235,260,265,252,225,190,156,128,120
MA15,70/10/01,128,153,188,223,251,266,264,243,212,174,142,125,132,158,190,227,256,273,271,248,211,171,135,115
MA15,70/10/02,114,132,164,203,238,265,274,264,237,203,168,144,137,151,179,215,249,272,273,254,220,177,137,110
MA15,70/10/03,102,112,137,174,213,246,264,263,246,219,185,159,144,144,164,199,233,261,266,253,221,180,140,113
MA15,70/10/04,099,099,118,145,181,214,243,255,249,227,199,177,161,160,169,193,222,249,265,263,241,207,168,133
MA15,70/10/05,113,107,114,132,162,196,227,251,256,245,224,203,185,174,174,192,216,242,258,259,245,220,190,160
MA15,70/10/06,134,115,109,119,141,170,199,223,236,240,231,218,205,193,189,193,210,233,250,259,250,230,205,175
MA15,70/10/07,150,131,118,116,124,144,166,191,211,223,224,219,212,205,202,202,208,209,231,240,240,232,215,196
MA15,70/10/08,175,154,137,125,120,124,137,156,177,192,202,208,212,215,216,215,213,213,217,221,224,223,217,205
MA15,70/10/09,191,177,163,149,138,130,127,132,146,166,187,204,219,227,232,230,222,215,209,204,203,208,213,214
MA15,70/10/10,211,203,192,177,160,145,131,122,125,139,158,183,207,227,239,245,239,225,206,188,179,181,192,205
MA15,70/10/11,217,223,222,214,202,178,151,128,115,120,138,165,192,219,241,256,257,242,217,186,164,155,165,186
MA15,70/10/12,213,231,243,245,234,213,182,151,124,112,118,140,170,206,238,258,265,256,230,198,165,142,139,158
MA15,70/10/13,191,226,256,272,269,253,228,195,162,133,119,125,156,200,241,270,279,270,244,209,171,136,114,114
MA15,70/10/14,141,182,228,264,277,270,247,213,178,147,127,122,137,174,216,253,272,271,247,210,169,129,100,091
MA15,70/10/15,104,141,191,238,272,282,272,250,215,180,149,131,135,168,210,253,278,282,266,236,197,153,110,083
MA15,70/10/16,080,111,160,213,254,279,283,272,246,213,180,152,147,163,201,244,272,282,273,247,212,172,129,095
MA15,70/10/17,080,087,123,175,226,261,274,270,255,232,209,188,172,170,190,223,259,281,280,258,223,185,147,114
MA15,70/10/18,093,086,102,135,180,224,255,264,257,237,216,201,193,192,201,219,247,272,282,271,245,211,175,144
MA15,70/10/19,119,105,105,122,156,195,231,252,257,245,229,213,205,201,203,213,230,249,265,262,245,215,182,151
MA15,70/10/20,129,115,109,110,127,155,187,216,232,236,226,215,208,206,207,215,226,240,251,255,248,232,209,184
MA15,70/10/21,160,140,125,119,126,145,172,197,217,229,232,226,218,213,212,214,220,227,232,235,235,231,220,205
MA15,70/10/22,188,165,146,132,127,133,149,169,185,198,207,212,215,218,219,218,217,215,216,217,218,217,213,204
MA15,70/10/23,195,184,173,161,149,139,138,147,163,180,195,206,213,218,221,223,220,214,206,201,201,204,206,207
MA15,70/10/24,205,200,193,185,173,161,148,141,148,163,182,200,216,228,233,233,228,218,206,194,188,190,198,207
MA15,70/10/25,216,221,219,213,203,186,170,155,148,153,169,193,216,235,246,249,243,231,215,198,183,178,187,204
MA15,70/10/26,224,243,254,256,245,227,209,190,176,171,175,191,214,238,258,265,258,239,215,186,160,144,144,158
MA15,70/10/27,179,202,218,225,222,211,192,170,148,137,141,158,184,213,236,248,246,231,206,178,154,136,129,137
MA15,70/10/28,160,189,221,244,254,245,225,199,172,149,140,151,177,210,240,259,264,254,232,198,166,137,123,126
MA15,70/10/29,150,183,220,251,269,273,258,232,201,172,157,159,180,212,244,269,281,276,255,222,182,145,119,114
MA15,70/10/30,130,161,199,235,264,279,278,259,227,192,167,161,173,201,234,262,276,274,255,222,182,140,103,083
MA15,70/10/31,090,124,165,212,246,264,270,261,242,214,185,165,163,183,216,252,274,280,267,240,201,157,116,092
MA15,70/11/01,086,105,138,179,215,247,265,268,253,228,197,172,165,175,202,232,257,268,263,243,207,166,126,092
MA15,70/11/02,081,087,111,148,187,221,248,260,255,238,214,188,175,177,195,220,246,263,266,253,225,185,144,107
MA15,70/11/03,088,085,101,130,163,195,224,246,256,251,234,210,190,182,191,210,234,251,261,257,239,209,172,136
MA15,70/11/04,110,095,097,114,140,169,199,224,240,246,240,225,210,199,199,211,229,245,254,254,243,224,198,167
MA15,70/11/05,137,117,109,113,125,145,170,196,218,232,237,231,222,213,209,212,219,228,235,240,240,231,216,194
MA15,70/11/06,168,143,124,118,125,140,158,176,196,215,230,240,241,235,226,219,215,215,219,223,226,228,224,215
MA15,70/11/07,197,175,156,145,142,145,151,159,172,190,209,226,237,237,231,220,208,197,191,188,190,195,201,206
MA15,70/11/08,206,200,186,168,150,138,133,137,147,162,181,203,224,239,245,238,222,201,183,170,167,175,191,208
MA15,70/11/09,220,226,220,207,187,168,152,142,141,149,166,189,214,237,248,246,231,209,182,157,142,140,156,179
MA15,70/11/10,206,226,238,238,229,209,185,162,147,145,158,184,214,242,262,267,256,233,204,170,146,135,144,171
MA15,70/11/11,208,241,265,276,274,260,237,209,183,164,160,180,212,242,265,271,259,233,195,153,115,088,086,108
MA15,70/11/12,141,179,217,244,256,250,230,203,176,159,152,163,187,211,238,258,261,246,216,171,125,089,074,081
MA15,70/11/13,109,144,185,224,253,265,260,239,213,188,172,168,180,205,235,263,277,273,247,203,155,109,083,074
MA15,70/11/14,089,122,161,206,245,271,278,266,243,218,198,186,187,205,232,261,284,288,269,228,180,133,095,078
MA15,70/11/15,082,102,133,176,215,249,270,271,256,230,205,187,182,194,214,238,260,271,268,244,210,166,127,096
MA15,70/11/16,081,086,109,146,187,225,252,263,257,240,218,200,190,191,205,230,254,273,275,261,231,193,154,118
MA15,70/11/17,093,083,094,119,154,193,223,244,250,240,221,201,187,183,191,207,226,245,253,248,230,202,171,139
MA15,70/11/18,114,101,100,114,140,170,201,225,240,241,231,214,201,193,194,206,221,236,245,247,240,223,196,168
MA15,70/11/19,142,122,114,120,136,157,181,205,225,236,235,223,207,193,189,194,204,214,221,226,229,226,212,193
MA15,70/11/20,171,151,140,139,147,160,178,198,217,232,238,232,218,206,196,196,200,207,217,226,231,228,219,209
MA15,70/11/21,197,183,168,154,146,150,163,181,197,212,225,230,228,223,218,211,206,205,205,208,211,215,219,221
MA15,70/11/22,222,216,206,194,183,178,181,193,208,224,241,251,256,255,248,238,228,218,209,202,202,207,217,227
MA15,70/11/23,233,231,222,209,196,186,179,177,182,195,213,232,245,250,247,237,223,206,189,176,169,172,182,196
MA15,70/11/24,211,222,229,226,217,200,184,174,174,186,202,219,232,240,243,238,225,206,182,156,141,141,157,177
MA15,70/11/25,196,215,228,234,231,220,200,181,171,171,185,206,226,241,250,250,237,216,187,157,134,125,132,152
MA15,70/11/26,178,204,229,245,250,244,224,204,185,177,183,203,225,247,263,267,259,239,208,174,142,123,123,140
MA15,70/11/27,169,202,233,259,272,273,258,236,212,195,189,199,220,243,262,273,270,253,222,184,143,116,104,112
MA15,70/11/28,138,173,207,241,267,280,274,254,226,200,187,188,206,229,252,273,279,268,239,200,157,120,096,092
MA15,70/11/29,107,135,174,215,252,278,285,273,252,225,204,197,205,225,250,275,292,291,270,230,181,137,106,093
MA15,70/11/30,097,114,145,188,228,263,277,275,260,238,215,197,192,200,221,247,268,277,268,241,201,155,115,086
MA15,70/12/01,076,085,111,148,192,232,261,276,272,255,228,205,193,195,212,234,256,272,271,252,221,181,140,104
MA15,70/12/02,080,075,089,118,158,199,236,260,268,259,241,218,201,199,212,238,265,282,282,268,247,220,189,151
MA15,70/12/03,118,099,099,117,149,183,216,244,261,264,254,236,219,204,201,212,231,251,264,264,253,232,206,178
MA15,70/12/04,148,122,107,106,122,152,184,214,236,245,242,229,213,196,185,182,188,200,217,228,229,221,203,178
MA15,70/12/05,153,127,109,101,107,126,152,180,207,230,240,238,224,207,192,182,179,186,195,207,217,220,216,203
MA15,70/12/06,184,163,142,127,120,125,140,161,186,210,226,231,229,219,204,189,177,168,166,171,182,195,206,209
MA15,70/12/07,205,196,180,163,149,143,144,154,174,195,213,228,234,230,220,204,184,166,153,147,154,169,190,207
MA15,70/12/08,218,220,216,205,191,179,171,171,181,199,218,237,250,253,245,225,197,168,143,128,125,135,152,174
MA15,70/12/09,195,210,219,218,207,190,174,164,164,175,194,217,228,237,238,227,208,181,147,118,103,102,119,144
MA15,70/12/10,171,196,215,228,230,222,206,187,176,174,183,202,219,231,239,238,224,198,162,123,088,074,078,102
MA15,70/12/11,132,165,194,217,229,231,220,200,180,169,169,181,200,215,229,234,229,210,179,138,095,062,050,063
MA15,70/12/12,093,129,167,200,222,234,232,218,198,180,167,167,183,205,226,242,244,230,204,166,126,086,062,059
MA15,70/12/13,080,115,157,196,232,261,275,271,254,227,208,197,204,226,254,274,284,284,267,234,185,135,087,060
MA15,70/12/14,059,085,123,162,201,230,249,253,237,212,187,172,171,182,204,224,243,252,244,219,179,132,094,067
MA15,70/12/15,059,072,103,141,180,215,241,253,248,232,209,187,176,180,199,224,251,263,260,241,210,175,136,102
MA15,70/12/16,081,075,092,127,165,203,234,252,254,243,225,202,185,178,188,209,233,251,258,246,226,194,159,123
MA15,70/12/17,095,080,084,109,142,180,212,236,248,246,233,213,194,182,180,194,215,236,249,248,234,213,188,157
MA15,70/12/18,130,108,102,113,138,172,204,229,244,248,240,223,203,186,178,183,197,211,220,221,214,200,182,164
MA15,70/12/19,144,119,102,095,109,136,170,200,218,224,221,211,197,182,169,163,168,183,200,212,215,210,200,185
MA15,70/12/20,168,150,132,121,124,140,164,191,212,228,232,224,208,191,176,170,170,175,182,189,195,200,202,197
MA15,70/12/21,184,168,152,140,138,146,159,177,197,213,222,221,212,197,181,167,160,158,162,168,173,180,187,194
MA15,70/12/22,195,189,176,163,155,153,162,176,195,212,226,232,227,215,202,189,178,167,158,152,153,164,182,197
MA15,70/12/23,204,201,194,187,181,175,173,174,184,201,216,226,226,219,206,190,173,158,143,130,126,131,149,171
MA15,70/12/24,188,200,207,207,202,194,185,180,183,194,210,224,232,232,224,212,195,174,148,122,108,107,124,148
MA15,70/12/25,172,192,208,218,219,212,200,189,181,182,194,207,221,230,228,219,204,180,151,121,094,083,090,114
MA15,70/12/26,143,171,197,218,229,229,218,202,188,181,182,196,213,228,237,238,230,209,178,139,104,082,079,104
MA15,70/12/27,120,151,185,216,239,246,235,215,196,178,172,178,194,210,226,237,237,220,190,149,104,068,049,052
MA15,70/12/28,074,108,147,184,216,234,240,233,213,191,171,163,170,195,223,246,255,245,217,179,135,096,066,051
MA15,70/12/29,055,080,118,161,203,234,250,248,233,211,188,171,165,176,203,232,257,262,246,210,167,121,081,053
MA15,70/12/30,044,055,086,126,170,211,236,248,240,218,192,166,152,155,177,207,237,255,250,230,194,149,106,071
MA15,70/12/31,051,049,068,103,146,189,225,247,251,239,217,189,165,156,163,189,225,256,268,259,232,194,154,114
