MA15,63/01/01,137,109,094,099,125,159,195,225,246,255,255,242,219,194,172,165,177,200,224,241,244,232,213,189
MA15,63/01/02,164,140,121,114,123,145,176,206,232,253,258,251,235,212,194,182,179,187,200,213,224,231,229,218
MA15,63/01/03,197,173,150,137,134,147,168,190,210,232,244,248,240,223,203,184,169,161,160,165,178,198,215,223
MA15,63/01/04,218,202,183,164,150,147,156,173,192,211,228,239,241,233,215,194,173,157,146,142,148,163,183,199
MA15,63/01/05,211,212,203,190,177,169,166,170,179,195,214,231,240,240,231,214,195,172,150,132,124,136,159,187
MA15,63/01/06,210,223,232,233,229,219,203,194,194,204,215,232,249,262,265,258,245,219,184,145,115,108,124,154
MA15,63/01/07,185,215,234,246,250,244,228,208,190,182,188,208,232,252,261,256,239,216,180,140,108,086,090,116
MA15,63/01/08,149,181,212,237,253,252,241,225,203,185,184,195,212,232,249,260,259,241,212,172,126,092,076,086
MA15,63/01/09,115,154,189,223,251,266,262,245,222,196,182,182,196,219,244,264,273,266,239,199,151,108,076,065
MA15,63/01/10,077,110,153,195,230,256,265,255,232,205,179,166,173,192,219,247,267,272,257,223,176,131,091,066
MA15,63/01/11,067,087,122,167,212,247,267,269,252,221,192,174,171,182,207,235,260,274,268,245,205,161,117,080
MA15,63/01/12,064,072,101,143,188,227,254,266,259,235,207,182,166,167,186,215,245,267,271,249,218,180,142,108
MA15,63/01/13,082,074,088,123,169,209,241,260,260,243,217,192,172,162,169,192,218,244,260,258,236,199,160,126
MA15,63/01/14,102,088,088,104,138,180,216,245,258,249,224,195,172,159,161,182,208,236,251,254,244,223,195,160
MA15,63/01/15,178,105,097,111,142,179,213,239,255,256,244,225,202,185,175,178,196,218,236,249,246,228,208,185
MA15,63/01/16,165,146,131,123,133,159,191,221,242,248,237,217,194,170,158,159,168,182,197,210,216,214,204,190
MA15,63/01/17,172,153,135,125,131,149,173,198,220,234,237,227,208,187,168,157,155,164,174,185,193,198,200,197
MA15,63/01/18,187,173,157,144,141,151,171,192,211,227,237,238,229,216,201,184,171,164,165,171,179,192,205,217
MA15,63/01/19,222,216,205,191,180,173,174,185,200,220,235,241,234,216,195,186,164,156,151,147,145,150,164,181
MA15,63/01/20,196,202,198,188,179,170,169,174,185,198,211,220,224,220,209,195,178,161,145,132,127,133,149,172
MA15,63/01/21,192,211,222,222,217,210,203,200,197,200,210,225,239,239,226,207,188,170,153,136,118,106,111,131
MA15,63/01/22,159,187,207,217,219,208,195,182,173,171,179,191,207,220,230,230,217,197,166,133,104,091,094,113
MA15,63/01/23,140,171,200,225,240,238,224,205,189,180,180,188,202,220,239,254,256,237,201,158,114,083,077,090
MA15,63/01/24,122,154,186,214,238,251,250,233,208,183,164,162,179,206,232,251,256,244,216,174,129,092,068,065
MA15,63/01/25,083,116,155,195,231,256,263,252,227,194,169,154,161,184,214,245,267,271,253,216,167,119,081,065
MA15,63/01/26,069,094,133,174,215,251,270,270,250,216,181,158,156,175,205,241,272,282,270,238,193,145,099,066
MA15,63/01/27,057,075,108,150,194,231,260,270,260,229,194,165,147,154,182,218,254,279,282,261,220,173,127,088
MA15,63/01/28,066,066,091,128,168,208,240,264,267,246,211,172,144,135,150,183,223,244,272,270,245,207,164,123
MA15,63/01/29,092,078,083,113,153,194,228,255,267,260,237,202,171,148,144,163,196,233,261,271,263,238,201,163
MA15,63/01/30,130,106,100,114,143,180,216,246,264,269,253,225,190,159,145,151,173,200,229,248,253,245,224,191
MA15,63/01/31,158,133,121,126,143,169,198,225,248,259,252,232,202,172,148,137,147,168,193,210,222,225,220,206
MA15,63/02/01,188,165,145,136,143,163,187,212,234,245,247,236,217,191,167,147,138,144,160,178,194,206,211,209
MA15,63/02/02,203,190,178,165,160,162,175,195,215,229,237,236,224,207,186,166,147,136,135,143,157,172,188,202
MA15,63/02/03,209,209,202,193,184,180,183,192,205,216,226,230,228,219,203,184,163,142,129,123,126,137,155,174
MA15,63/02/04,192,207,217,219,212,202,192,189,193,203,213,222,228,229,224,214,196,171,145,122,107,106,120,147
MA15,63/02/05,173,197,216,226,229,221,207,194,186,186,190,198,209,219,224,221,212,194,149,122,090,076,083,108
MA15,63/02/06,138,168,193,213,227,227,216,197,177,164,163,174,192,211,227,234,230,213,184,146,106,076,065,078
MA15,63/02/07,105,139,172,203,226,237,231,213,188,166,152,153,169,193,215,234,241,231,203,164,123,084,060,057
MA15,63/02/08,076,107,144,180,213,234,239,224,200,173,151,142,151,175,205,232,250,255,240,204,160,115,079,065
MA15,63/02/09,070,096,134,179,218,247,258,250,225,191,164,149,146,156,182,214,239,252,248,225,181,135,089,062
MA15,63/02/10,055,071,103,146,187,222,242,246,229,196,157,132,125,137,163,195,226,249,255,240,210,166,122,085
MA15,63/02/11,066,070,094,132,171,209,235,246,237,211,176,144,121,120,141,172,206,235,251,249,228,193,155,118
MA15,63/02/12,092,084,096,127,167,205,235,253,254,231,197,161,135,126,135,161,192,221,242,248,237,213,179,141
MA15,63/02/13,111,092,094,117,154,191,221,240,247,235,207,169,137,120,122,140,163,189,211,221,221,210,191,163
MA15,63/02/14,129,106,097,105,132,166,199,221,232,227,207,178,146,122,113,120,140,164,187,203,209,203,199,168
MA15,63/02/15,144,124,113,117,134,159,184,209,224,226,215,191,163,139,122,120,133,151,170,186,195,199,196,184
MA15,63/02/16,169,151,137,133,141,159,180,202,219,225,220,202,179,157,139,129,127,135,145,157,166,175,181,179
MA15,63/02/17,171,162,154,149,150,158,169,184,199,209,213,208,193,176,157,143,134,132,135,143,153,162,171,179
MA15,63/02/18,186,186,179,172,168,166,170,180,192,200,206,207,202,192,177,158,140,128,121,121,127,135,149,165
MA15,63/02/19,181,192,199,198,193,185,181,182,186,194,201,206,208,205,199,188,171,152,132,116,109,113,125,143
MA15,63/02/20,162,180,197,210,215,208,194,181,173,174,183,192,201,207,206,201,188,168,141,111,088,079,090,112
MA15,63/02/21,139,166,190,208,220,218,205,187,168,156,155,166,184,203,219,223,212,189,161,127,095,074,069,083
MA15,63/02/22,110,141,176,206,229,236,224,201,176,155,142,146,167,192,218,235,243,229,196,156,113,078,059,063
MA15,63/02/23,084,117,155,192,223,243,244,225,194,160,131,129,143,169,203,234,254,252,230,190,140,092,063,056
MA15,63/02/24,070,103,147,191,232,260,268,254,224,186,144,117,118,139,175,214,250,267,257,222,178,133,087,059
MA15,63/02/25,058,082,119,161,205,245,270,268,237,195,149,112,102,114,145,183,221,250,260,244,209,162,112,072
MA15,63/02/26,052,054,081,120,166,209,243,259,252,219,175,131,103,101,126,165,205,242,266,269,250,215,169,124
MA15,63/02/27,090,077,091,124,166,206,242,266,267,245,205,159,119,100,109,136,178,216,242,254,249,226,190,151
MA15,63/02/28,117,092,091,111,146,185,216,239,250,235,204,164,126,098,089,101,128,161,193,222,238,237,216,182
MA15,63/03/01,147,122,115,121,140,165,194,220,240,249,232,200,164,135,114,109,117,131,150,172,191,207,212,199
MA15,63/03/02,177,154,138,132,138,152,171,190,206,218,217,200,175,145,116,099,095,105,123,143,162,179,190,203
MA15,63/03/03,187,175,163,155,155,164,178,193,206,222,225,216,198,178,157,141,129,122,124,132,142,158,176,193
MA15,63/03/04,202,202,194,186,183,184,189,197,205,212,216,216,212,202,187,164,142,125,112,111,118,130,143,158
MA15,63/03/05,172,186,195,199,195,189,183,180,182,187,192,198,201,202,200,188,168,145,121,101,095,100,116,137
MA15,63/03/06,158,177,192,203,207,200,190,178,169,164,167,176,188,200,209,208,194,171,142,114,091,082,088,104
MA15,63/03/07,130,157,185,205,216,217,203,184,164,150,147,156,172,191,207,216,213,198,170,133,097,070,064,077
MA15,63/03/08,105,139,171,197,215,221,214,196,170,144,129,132,150,174,199,220,229,223,199,165,124,088,065,063
MA15,63/03/09,082,113,150,186,214,229,228,207,180,145,121,112,125,150,180,209,229,236,220,189,149,106,073,060
MA15,63/03/10,073,103,140,178,209,231,237,223,196,160,128,108,109,130,162,196,225,244,243,221,181,144,093,068
MA15,63/03/11,066,086,120,162,198,227,240,234,209,166,128,102,097,114,146,181,215,238,247,234,202,156,111,074
MA15,63/03/12,063,076,106,146,185,216,234,235,215,179,137,102,087,094,114,143,175,205,227,233,212,176,134,098
MA15,63/03/13,075,075,095,128,165,199,224,230,217,182,144,105,081,078,093,116,147,179,208,226,225,197,160,123
MA15,63/03/14,094,084,095,119,151,186,214,233,230,200,159,120,094,086,093,112,138,165,193,214,223,209,177,141
MA15,63/03/15,112,100,104,121,148,177,202,219,225,211,179,138,105,085,085,103,125,149,174,194,207,210,195,168
MA15,63/03/16,138,117,110,121,142,169,194,204,223,215,193,161,127,103,094,098,112,130,153,177,195,206,206,188
MA15,63/03/17,167,146,137,140,151,168,186,204,219,226,214,188,159,134,115,110,118,133,148,163,177,189,196,195
MA15,63/03/18,188,172,160,153,158,169,185,201,214,217,206,189,169,151,136,124,118,120,130,142,157,170,182,191
MA15,63/03/19,194,193,188,182,177,176,180,189,199,208,210,202,189,175,160,145,133,127,125,130,140,152,166,179
MA15,63/03/20,189,196,199,199,195,188,183,180,184,190,196,199,195,188,177,165,150,136,123,116,115,124,139,158
MA15,63/03/21,177,194,206,213,212,201,189,179,174,172,175,182,191,199,203,196,177,153,129,111,101,100,109,124
MA15,63/03/22,145,169,193,210,218,215,197,178,161,151,148,156,170,186,200,209,202,181,149,118,089,073,075,091
MA15,63/03/23,115,144,176,206,226,231,218,190,158,133,124,131,149,173,197,218,227,216,186,149,110,081,069,075
MA15,63/03/24,097,127,162,200,232,250,242,214,177,144,125,123,142,170,203,234,258,262,240,200,152,109,081,075
MA15,63/03/25,094,122,159,196,228,255,261,237,195,152,115,095,095,113,142,176,209,233,242,217,174,120,075,052
MA15,63/03/26,052,072,100,141,179,213,237,241,207,155,109,078,070,089,117,155,195,228,250,252,218,169,120,083
MA15,63/03/27,072,083,107,143,183,220,248,259,238,189,136,091,067,075,100,131,168,207,239,258,250,213,167,122
MA15,63/03/28,094,090,107,135,170,204,233,250,241,204,160,110,075,065,082,109,143,181,215,241,254,243,210,173
MA15,63/03/29,140,127,131,150,180,211,241,269,281,249,205,158,122,101,096,109,133,165,195,217,229,229,208,182
MA15,63/03/30,155,133,128,136,152,181,207,225,237,227,196,156,117,092,078,080,086,119,144,167,189,205,213,201
MA15,63/03/31,174,153,143,147,162,179,199,215,224,221,206,183,152,125,103,092,095,110,130,151,171,190,203,207
MA15,63/04/01,196,180,169,166,173,185,196,208,217,220,216,204,185,166,148,130,120,117,127,140,154,171,186,200
MA15,63/04/02,208,211,204,194,184,176,172,174,181,188,189,182,171,160,147,131,114,101,094,100,111,123,137,151
MA15,63/04/03,165,178,186,189,182,173,165,162,163,169,172,174,177,179,179,171,155,134,114,103,102,112,128,145
MA15,63/04/04,163,181,196,207,207,196,181,166,157,154,158,166,176,187,195,194,182,161,136,113,096,092,103,120
MA15,63/04/05,142,165,188,205,214,207,187,165,146,135,135,145,161,178,193,204,207,193,166,134,106,086,088,104
MA15,63/04/06,129,156,183,204,219,222,207,182,154,132,122,128,145,166,191,215,231,232,210,175,137,104,091,096
MA15,63/04/07,115,143,176,205,226,233,219,193,163,130,102,095,106,128,155,184,208,218,208,182,146,109,082,073
MA15,63/04/08,085,110,143,177,205,222,221,197,165,124,095,083,092,113,143,175,205,227,235,219,186,149,118,100
MA15,63/04/09,103,126,156,191,220,242,248,228,192,151,115,093,093,110,139,174,206,231,243,231,196,158,122,102
MA15,63/04/10,099,113,137,169,200,224,237,225,190,142,097,069,067,080,101,129,162,192,213,224,213,178,135,100
MA15,63/04/11,085,092,116,146,178,204,219,216,193,156,111,075,060,068,086,113,145,168,206,223,225,200,163,125
MA15,63/04/12,098,096,114,143,174,200,218,221,205,174,134,094,069,065,079,104,135,166,193,215,224,212,181,149
MA15,63/04/13,121,107,113,135,165,194,213,222,214,186,148,109,078,063,071,089,115,145,173,197,212,214,196,168
MA15,63/04/14,140,123,121,135,158,184,204,215,215,196,166,130,098,077,073,083,102,127,152,176,195,205,204,184
MA15,63/04/15,162,144,137,144,159,177,195,210,215,204,181,152,125,102,091,092,101,118,139,161,181,197,205,200
MA15,63/04/16,186,171,159,158,164,176,190,203,211,209,193,171,147,127,112,104,103,109,123,142,161,180,193,199
MA15,63/04/17,195,188,182,179,177,179,185,193,202,209,207,194,175,159,144,132,124,121,123,133,147,165,180,194
MA15,63/04/18,203,205,204,199,193,188,184,183,188,194,200,201,198,192,181,167,151,139,130,131,138,152,168,186
MA15,63/04/19,205,221,232,232,221,206,191,179,172,169,175,185,193,200,198,186,166,145,125,112,108,115,131,150
MA15,63/04/20,175,197,216,227,225,209,185,161,147,141,148,160,177,193,206,210,201,177,148,122,103,095,103,122
MA15,63/04/21,146,172,201,223,235,227,200,165,137,122,119,132,152,176,201,220,228,215,187,151,117,094,087,099
MA15,63/04/22,123,153,185,215,238,242,222,184,143,100,085,095,117,145,177,208,230,236,214,177,136,100,078,079
MA15,63/04/23,100,127,162,196,225,240,228,191,146,100,070,061,074,101,134,171,206,232,241,216,172,130,099,084
MA15,63/04/24,091,112,143,178,211,236,247,226,183,128,087,062,064,085,117,159,200,235,258,263,232,188,146,119
MA15,63/04/25,111,124,150,183,217,245,260,252,211,159,106,067,053,060,082,115,156,197,230,251,251,219,176,141
MA15,63/04/26,121,120,138,167,200,228,246,247,221,177,128,081,051,046,061,084,119,158,195,222,236,226,194,161
MA15,63/04/27,136,124,133,154,180,206,228,238,226,192,150,104,070,051,052,070,096,128,161,192,216,226,212,185
MA15,63/04/28,160,144,142,156,176,199,218,230,230,211,176,137,102,078,067,071,088,113,140,169,193,210,216,203
MA15,63/04/29,183,165,156,160,173,189,205,216,221,217,200,171,141,114,096,090,095,110,128,150,174,193,208,214
MA15,63/04/30,205,189,178,173,178,187,196,206,213,215,208,193,173,152,132,118,112,117,129,145,164,183,199,210
MA15,63/05/01,215,214,205,199,193,192,196,202,208,215,215,209,198,186,170,154,139,131,129,134,145,159,173,189
MA15,63/05/02,206,214,214,205,193,184,180,179,182,186,190,192,195,197,192,179,162,144,132,126,131,142,158,176
MA15,63/05/03,194,208,215,213,201,183,168,158,154,157,162,167,174,183,191,193,182,160,137,120,112,118,122,150
MA15,63/05/04,169,186,200,208,207,193,173,150,132,127,131,143,158,174,189,198,199,183,161,137,119,111,119,139
MA15,63/05/05,163,186,204,218,222,213,189,163,140,122,117,124,142,166,190,209,220,215,194,168,143,125,118,127
MA15,63/05/06,146,173,200,220,232,227,203,172,141,117,106,109,124,145,171,198,218,228,221,197,166,140,126,127
MA15,63/05/07,141,163,191,219,238,240,216,183,150,116,095,091,101,119,145,176,204,222,226,204,173,141,118,110
MA15,63/05/08,120,144,172,200,222,233,220,187,150,114,087,077,083,101,128,158,190,217,233,231,204,169,141,126
MA15,63/05/09,129,144,170,197,220,237,240,228,178,132,097,078,076,088,111,142,175,206,229,239,225,191,157,135
MA15,63/05/10,129,139,161,188,213,234,240,225,190,142,105,077,067,074,090,116,148,181,210,228,230,205,170,142
MA15,63/05/11,128,132,150,174,201,222,232,228,204,163,121,085,063,062,076,097,126,158,188,212,225,218,190,160
MA15,63/05/12,139,131,138,158,183,205,221,225,210,171,129,092,067,058,066,083,109,137,165,193,212,219,203,177
MA15,63/05/13,153,138,139,155,178,199,215,224,220,193,156,119,090,076,074,084,103,128,156,183,205,220,218,200
MA15,63/05/14,176,160,157,163,176,194,210,220,224,215,190,160,131,111,102,103,114,130,151,174,197,216,228,231
MA15,63/05/15,218,202,192,190,196,207,218,228,234,228,210,185,159,135,119,109,110,120,131,148,170,191,208,218
MA15,63/05/16,217,203,189,180,178,181,187,194,200,204,204,194,178,157,137,122,115,118,126,138,154,172,192,210
MA15,63/05/17,222,226,224,217,209,200,190,191,199,211,220,227,221,202,183,168,153,145,140,144,155,170,189,209
MA15,63/05/18,227,238,238,225,210,194,181,173,172,177,184,192,202,209,206,192,167,148,133,126,128,137,155,175
MA15,63/05/19,197,215,228,231,215,189,164,145,135,140,151,165,183,199,212,217,205,181,158,136,127,129,142,162
MA15,63/05/20,186,212,233,245,243,222,189,158,133,123,125,139,160,186,211,230,239,230,203,175,153,142,143,158
MA15,63/05/21,179,205,230,251,262,252,221,180,142,112,106,116,135,163,194,224,246,255,241,210,177,152,142,149
MA15,63/05/22,169,194,222,249,267,268,242,201,155,111,088,090,108,135,167,203,237,262,273,255,217,181,155,148
MA15,63/05/23,162,184,211,239,260,269,254,215,166,120,077,063,070,089,119,154,190,224,249,258,235,198,166,148
MA15,63/05/24,148,161,185,213,238,244,247,233,191,139,091,058,051,062,086,121,158,194,225,247,254,231,198,173
MA15,63/05/25,163,166,186,211,237,260,271,265,237,196,149,106,076,067,077,099,130,165,199,227,246,245,217,186
MA15,63/05/26,168,163,169,183,202,222,239,245,230,193,150,109,073,061,067,084,109,138,170,202,226,239,235,210
MA15,63/05/27,188,175,174,186,204,223,242,254,254,232,198,163,129,104,097,103,116,134,157,180,200,217,225,218
MA15,63/05/28,203,190,182,182,191,202,215,226,233,226,201,164,131,104,088,086,097,111,130,152,174,194,210,216
MA15,63/05/29,206,186,173,167,171,180,190,200,208,211,202,182,158,136,116,104,103,109,122,139,160,180,198,208
MA15,63/05/30,211,201,187,176,173,175,181,188,196,203,206,204,190,172,156,140,131,129,136,146,160,177,195,211
MA15,63/05/31,222,223,214,199,188,181,180,185,192,198,204,209,211,206,195,180,166,159,158,160,167,177,193,209
MA15,63/06/01,223,231,228,213,196,180,169,164,164,167,172,179,187,196,200,194,179,160,145,137,141,154,169,184
MA15,63/06/02,198,210,216,213,199,178,158,142,135,137,144,154,167,180,192,201,201,186,166,150,145,150,162,179
MA15,63/06/03,195,210,222,227,219,196,172,150,136,128,130,137,150,166,185,202,214,216,196,172,157,153,158,170
MA15,63/06/04,186,203,218,231,236,223,194,163,136,120,115,121,133,151,172,193,210,221,223,200,173,155,152,164
MA15,63/06/05,180,199,216,231,240,238,214,180,149,118,105,107,116,133,157,184,209,228,238,234,207,184,170,171
MA15,63/06/06,180,194,212,230,245,253,238,204,169,130,104,096,102,115,135,160,185,208,224,230,216,189,167,157
MA15,63/06/07,159,170,184,202,219,230,230,201,161,122,092,078,078,089,105,128,153,179,203,219,225,207,180,164
MA15,63/06/08,161,169,184,201,218,231,238,224,186,143,104,081,075,080,093,114,139,167,193,213,227,227,198,174
MA15,63/06/09,163,166,180,199,217,231,240,239,209,167,126,092,077,078,087,102,125,150,177,201,218,227,219,190
MA15,63/06/10,171,166,175,192,210,226,237,241,227,193,153,117,088,081,087,098,116,138,163,189,210,223,226,207
MA15,63/06/11,182,170,170,180,192,204,217,227,230,203,163,126,096,078,077,085,100,119,142,164,186,204,214,213
MA15,63/06/12,189,172,163,166,176,189,203,215,222,217,185,150,119,096,086,087,095,109,128,149,171,191,205,211
MA15,63/06/13,204,186,171,164,168,178,189,200,209,214,204,177,146,121,104,098,099,105,118,135,154,174,192,204
MA15,63/06/14,210,205,187,175,169,171,178,186,198,209,218,221,205,175,150,133,127,131,138,149,163,182,201,216
MA15,63/06/15,226,228,215,197,181,169,166,170,176,185,194,199,198,183,165,148,131,122,122,128,138,152,169,186
MA15,63/06/16,200,208,209,191,172,153,139,138,142,148,157,168,177,183,185,173,153,136,124,123,130,139,154,169
MA15,63/06/17,185,199,207,207,185,156,134,119,115,121,130,142,156,170,183,190,188,168,149,137,135,143,156,171
MA15,63/06/18,187,203,215,221,210,178,145,116,100,097,102,114,131,151,171,189,201,204,183,160,146,146,155,170
MA15,63/06/19,188,206,220,229,231,207,167,127,094,077,076,084,098,118,144,169,191,206,212,193,168,154,150,156
MA15,63/06/20,169,186,205,221,231,230,197,159,116,080,064,068,078,096,121,151,181,206,221,226,207,182,167,167
MA15,63/06/21,175,187,203,220,236,244,234,196,153,108,074,061,066,079,099,126,156,186,210,225,228,208,184,173
MA15,63/06/22,173,181,195,212,230,242,245,217,172,124,082,056,051,060,076,100,129,159,188,212,225,223,194,174
MA15,63/06/23,165,170,184,206,229,247,255,244,210,159,110,076,059,061,070,089,114,144,173,200,218,228,217,191
MA15,63/06/24,174,170,176,190,210,230,243,248,232,192,149,105,075,065,069,081,100,124,151,177,199,213,217,200
MA15,63/06/25,172,161,162,174,191,208,223,232,235,213,175,138,101,080,074,081,094,112,135,160,185,205,215,215
MA15,63/06/26,193,174,166,168,176,188,202,215,225,228,204,171,140,116,103,105,114,127,144,165,187,206,219,224
MA15,63/06/27,207,185,170,167,170,179,190,199,207,211,206,182,157,133,114,103,104,112,126,144,163,182,197,207
MA15,63/06/28,207,190,170,159,157,160,167,175,183,191,197,198,184,163,145,131,126,130,137,149,164,181,197,209
MA15,63/06/29,214,208,188,173,164,162,165,169,176,183,190,195,196,190,178,163,152,146,146,153,161,175,190,205
MA15,63/06/30,213,215,203,187,173,163,157,156,159,163,170,179,186,193,195,190,179,170,165,165,171,179,187,199
MA15,63/07/01,210,218,220,206,185,168,155,148,147,151,157,165,174,185,194,200,202,192,178,170,170,176,185,196
MA15,63/07/02,207,215,218,215,198,178,157,138,126,125,130,139,151,164,178,190,198,201,191,176,167,167,174,185
MA15,63/07/03,197,208,216,220,213,188,161,139,120,110,111,117,129,146,164,182,197,205,207,192,176,166,167,175
MA15,63/07/04,186,200,210,219,223,211,182,152,123,105,099,103,112,128,149,171,191,206,213,212,194,178,171,175
MA15,63/07/05,183,197,211,225,233,232,207,176,142,114,099,099,108,121,140,162,187,209,224,231,224,202,186,184
MA15,63/07/06,190,204,220,236,249,253,238,206,170,137,110,099,101,110,126,147,172,197,219,233,237,218,193,180
MA15,63/07/07,180,188,200,214,229,239,243,222,182,145,112,094,091,097,109,129,153,180,205,225,236,234,206,186
MA15,63/07/08,178,180,191,206,223,238,247,247,216,171,132,107,094,095,105,120,141,167,193,215,232,238,224,196
MA15,63/07/09,182,180,184,193,208,224,239,247,235,195,153,116,092,084,090,100,116,138,163,189,210,223,225,200
MA15,63/07/10,177,162,163,173,186,200,214,226,232,211,167,126,093,077,078,087,101,120,143,167,191,209,218,212
MA15,63/07/11,184,161,155,160,175,191,206,219,229,231,201,165,135,116,111,115,123,135,150,170,191,211,225,229
MA15,63/07/12,202,175,159,157,165,177,187,200,211,218,217,185,151,124,108,103,107,116,130,149,170,190,207,216
MA15,63/07/13,215,189,166,153,153,157,166,178,191,203,211,210,187,162,141,129,128,133,141,154,170,187,205,217
MA15,63/07/14,222,212,189,167,153,150,155,163,172,185,196,204,205,195,178,161,151,149,154,162,172,186,200,213
MA15,63/07/15,221,221,205,182,160,144,139,142,148,158,170,181,191,198,200,193,178,166,160,163,171,183,195,206
MA15,63/07/16,215,221,220,202,175,150,130,121,122,129,138,150,163,177,189,197,200,192,178,172,174,180,189,201
MA15,63/07/17,211,219,224,222,200,168,140,118,107,110,118,130,146,163,180,197,208,214,212,198,189,186,192,202
MA15,63/07/18,213,223,232,235,225,194,160,127,103,091,092,100,113,132,153,175,195,209,216,211,191,178,176,182
MA15,63/07/19,193,207,219,228,232,222,188,149,110,080,072,076,086,102,123,148,172,193,208,215,208,188,175,174
MA15,63/07/20,181,192,205,219,231,236,221,182,140,099,072,068,073,084,102,125,152,179,201,215,219,204,182,171
MA15,63/07/21,173,182,196,212,227,239,242,215,175,128,089,068,065,072,086,106,132,160,187,207,218,216,189,168
MA15,63/07/22,160,166,179,198,216,230,239,237,201,155,109,076,062,065,075,093,117,144,172,197,213,217,196,172
MA15,63/07/23,158,156,166,182,199,216,229,237,229,189,144,100,076,071,078,091,111,136,163,188,207,217,214,183
MA15,63/07/24,159,149,153,167,187,208,226,236,238,214,176,134,098,083,082,092,106,126,150,174,195,210,216,198
MA15,63/07/25,170,150,144,152,165,180,197,211,222,226,200,167,134,108,100,104,114,129,148,170,191,208,218,216
MA15,63/07/26,189,164,150,149,158,174,191,204,215,222,219,192,164,139,124,121,126,137,151,169,187,203,214,218
MA15,63/07/27,200,174,155,146,148,154,165,176,187,197,202,200,180,159,140,132,132,138,147,161,178,193,206,212
MA15,63/07/28,209,184,161,147,142,142,148,157,166,176,184,188,187,175,158,148,143,144,149,158,170,183,196,204
MA15,63/07/29,207,195,173,155,143,138,140,144,150,157,166,173,178,180,179,170,161,158,160,165,172,182,192,201
MA15,63/07/30,206,205,189,170,154,142,135,136,139,144,150,157,165,172,177,180,180,177,172,170,173,178,187,197
MA15,63/07/31,204,207,202,184,167,150,137,127,123,125,130,138,148,158,169,178,183,185,182,176,174,176,182,188
MA15,63/08/01,195,201,204,203,183,159,139,122,113,111,114,121,130,143,157,173,186,193,195,186,176,173,174,179
MA15,63/08/02,187,196,204,208,206,184,156,129,112,100,099,104,114,128,145,164,182,196,204,204,188,175,170,175
MA15,63/08/03,186,199,210,219,222,219,181,149,118,096,088,091,099,113,132,154,177,196,208,214,205,181,169,168
MA15,63/08/04,175,188,202,216,226,229,206,172,132,101,082,078,084,096,113,135,159,183,202,213,215,193,172,160
MA15,63/08/05,164,175,190,208,224,234,232,197,160,121,089,073,073,082,095,115,139,165,190,207,216,205,176,156
MA15,63/08/06,149,154,169,189,209,227,236,229,190,144,101,075,066,072,082,099,122,148,173,195,209,214,190,160
MA15,63/08/07,143,144,156,177,202,225,239,244,226,181,135,096,076,071,079,091,110,134,160,185,204,215,212,176
MA15,63/08/08,150,138,144,157,175,199,221,235,239,211,170,127,094,082,084,093,107,126,151,177,200,215,220,196
MA15,63/08/09,161,142,136,146,164,186,209,227,238,235,198,160,125,103,098,104,115,130,150,172,194,211,220,210
MA15,63/08/10,176,150,135,135,146,164,184,204,220,231,229,196,163,137,124,123,129,139,155,173,192,209,221,225
MA15,63/08/11,200,166,144,134,136,143,154,170,186,198,210,216,209,182,160,146,144,149,157,169,185,202,217,228
MA15,63/08/12,231,209,176,155,142,141,146,154,167,189,203,212,216,207,192,179,175,177,183,191,201,214,225,233
MA15,63/08/13,234,211,182,158,140,130,131,136,144,154,166,176,185,191,194,191,183,177,185,197,211,226,236,237
MA15,63/08/14,226,211,189,166,145,126,115,116,129,146,167,188,204,214,217,213,207,200,195,195,202,215,232,244
MA15,63/08/15,246,236,219,200,179,155,133,115,113,126,148,172,196,218,233,240,237,226,213,203,196,198,207,220
MA15,63/08/16,234,244,243,227,205,175,145,118,099,095,106,132,159,190,215,239,251,245,224,204,188,181,185,198
MA15,63/08/17,215,234,248,250,235,210,177,141,108,090,086,104,133,165,201,230,253,262,251,227,203,182,177,186
MA15,63/08/18,203,228,250,259,258,244,218,181,142,101,082,082,101,135,174,214,246,266,268,248,216,188,170,167
MA15,63/08/19,180,200,224,250,267,267,246,213,173,128,087,073,085,115,150,192,228,261,274,261,230,195,167,152
MA15,63/08/20,154,175,204,233,262,271,256,226,190,150,108,082,078,098,134,175,217,250,274,271,240,200,169,150
MA15,63/08/21,142,154,179,210,242,267,275,259,215,176,134,098,082,089,117,155,198,234,265,275,260,218,182,154
MA15,63/08/22,138,139,155,185,216,249,268,266,244,206,164,128,103,101,118,151,190,225,256,274,268,238,204,170
MA15,63/08/23,147,139,150,173,203,233,254,263,255,227,195,160,132,118,126,151,186,219,249,268,268,250,214,182
MA15,63/08/24,153,133,131,149,175,205,229,245,250,233,202,173,148,129,128,145,174,207,238,257,264,256,227,192
MA15,63/08/25,165,143,133,136,156,184,210,231,243,239,214,188,165,150,144,153,174,189,222,244,257,253,229,202
MA15,63/08/26,174,150,138,139,151,170,188,207,220,226,221,209,192,175,163,164,173,190,209,227,240,243,237,218
MA15,63/08/27,193,169,148,138,140,149,164,181,196,207,212,209,203,195,188,184,187,195,205,217,228,238,240,230
MA15,63/08/28,212,194,175,162,156,157,165,173,181,194,204,213,218,218,214,210,206,206,212,220,227,235,242,246
MA15,63/08/29,243,131,212,194,180,162,144,137,145,167,194,214,226,225,224,224,224,224,221,216,214,220,230,238
MA15,63/08/30,240,234,221,204,187,173,160,152,152,159,174,191,209,227,240,249,248,240,230,220,210,210,219,229
MA15,63/08/31,238,244,243,235,220,201,179,159,143,138,146,167,194,224,253,279,290,276,241,208,189,189,204,216
MA15,63/09/01,225,230,233,234,230,216,187,150,117,098,098,117,148,181,214,241,258,264,253,231,206,183,174,180
MA15,63/09/02,199,222,245,260,260,246,220,188,153,116,102,107,132,168,209,247,275,285,278,260,232,202,177,169
MA15,63/09/03,179,205,235,264,275,267,240,202,165,128,102,092,102,130,170,212,250,276,278,257,226,192,163,148
MA15,63/09/04,151,174,207,240,267,276,266,234,190,141,101,082,083,109,145,188,228,260,275,270,243,203,165,136
MA15,63/09/05,128,144,175,214,249,270,274,255,221,173,126,094,082,093,126,166,212,247,270,274,258,220,178,141
MA15,63/09/06,119,120,145,182,224,260,276,273,251,212,169,130,104,101,119,152,193,232,264,277,271,242,202,162
MA15,63/09/07,127,111,121,150,189,229,260,272,262,238,202,163,134,116,121,142,178,214,247,267,267,251,218,178
MA15,63/09/08,142,115,104,119,149,187,222,247,259,250,227,196,166,143,135,147,172,203,232,253,260,253,230,198
MA15,63/09/09,161,133,112,108,128,159,192,221,239,247,237,219,195,172,158,158,173,196,223,245,254,253,241,218
MA15,63/09/10,188,157,132,118,118,134,159,186,211,226,232,229,217,202,188,180,182,194,212,227,239,242,236,222
MA15,63/09/11,201,178,154,134,122,121,130,146,169,190,207,215,216,211,206,202,199,200,205,211,218,225,229,225
MA15,63/09/12,213,197,179,159,141,129,123,127,139,157,177,196,212,221,222,219,215,210,207,205,205,208,214,219
MA15,63/09/13,221,217,205,188,165,144,125,115,121,130,147,168,190,213,229,236,234,224,212,202,196,194,200,208
MA15,63/09/14,217,226,231,224,205,180,152,128,115,115,127,148,172,200,226,245,252,247,232,211,190,178,176,187
MA15,63/09/15,204,220,231,235,228,208,178,145,117,099,098,117,148,180,214,241,258,261,248,221,194,170,162,168
MA15,63/09/16,190,214,238,255,257,246,220,185,149,120,103,105,130,165,203,238,263,272,267,248,219,188,162,155
MA15,63/09/17,169,197,230,258,272,267,246,217,179,139,111,103,117,147,189,229,260,273,267,246,212,179,151,141
MA15,63/09/18,148,171,202,234,261,270,259,232,196,157,120,103,111,138,174,209,242,265,270,252,220,182,147,124
MA15,63/09/19,121,139,171,209,243,262,262,241,206,170,132,104,098,114,148,190,225,252,262,250,224,186,150,121
MA15,63/09/20,107,113,141,175,213,241,256,250,227,190,149,118,104,110,134,169,209,242,260,258,234,200,161,127
MA15,63/09/21,107,108,128,158,194,227,250,257,246,222,189,155,129,121,131,164,201,237,260,262,246,217,184,151
MA15,63/09/22,124,112,119,143,175,209,235,249,246,230,204,176,154,139,140,157,186,219,246,255,246,220,185,152
MA15,63/09/23,124,111,113,130,154,182,206,228,239,232,214,188,163,147,144,156,176,197,219,236,240,230,205,171
MA15,63/09/24,138,115,105,112,132,158,183,205,217,222,216,201,182,171,163,167,180,200,220,234,238,230,212,186
MA15,63/09/25,160,137,123,120,130,147,168,189,206,219,221,214,204,191,181,178,184,196,209,222,231,231,221,202
MA15,63/09/26,181,161,150,144,142,145,153,166,181,200,212,217,213,205,198,194,196,201,207,211,215,217,213,203
MA15,63/09/27,189,172,156,143,133,128,130,138,150,160,176,187,196,200,201,200,196,192,188,186,189,193,198,199
MA15,63/09/28,193,184,172,159,145,132,123,118,123,134,150,166,172,198,211,217,215,205,194,182,173,174,183,192
MA15,63/09/29,199,202,197,186,171,154,132,115,106,109,123,145,171,193,213,228,231,224,207,187,169,159,162,176
MA15,63/09/30,194,209,217,216,205,185,157,128,106,096,099,122,149,179,209,233,247,246,228,198,169,149,144,159
MA15,63/10/01,184,209,228,242,241,226,201,163,127,100,094,108,136,169,204,238,263,273,259,228,190,157,141,146
MA15,63/10/02,167,197,230,254,266,258,230,193,151,117,096,095,116,151,193,232,262,271,258,227,185,148,117,109
MA15,63/10/03,127,159,199,234,258,265,248,214,172,135,100,083,091,119,160,205,241,265,266,246,206,161,120,097
MA15,63/10/04,097,119,160,208,246,274,278,260,225,179,131,100,095,114,151,192,229,262,284,284,253,205,152,106
MA15,63/10/05,089,102,140,188,235,272,291,290,267,224,177,139,119,124,151,189,230,266,284,283,259,219,169,120
MA15,63/10/06,088,083,106,144,189,231,265,279,272,247,210,173,142,134,147,176,212,246,267,272,259,225,182,142
MA15,63/10/07,103,083,089,118,156,196,230,256,262,249,226,196,170,154,155,175,203,231,254,261,249,226,188,147
MA15,63/10/08,112,086,078,092,120,151,181,207,224,228,221,203,181,165,160,169,187,207,226,239,239,227,206,176
MA15,63/10/09,144,117,100,095,104,123,146,172,196,212,223,221,211,199,190,185,190,200,213,224,229,226,215,198
MA15,63/10/10,175,152,132,117,109,115,127,143,162,174,205,220,230,232,225,217,212,211,214,219,225,227,226,219
MA15,63/10/11,207,193,175,157,141,130,126,134,149,164,181,197,209,218,224,229,231,227,215,207,203,207,217,222
MA15,63/10/12,222,212,199,184,169,152,136,126,124,134,148,164,184,202,217,227,230,222,207,193,180,176,181,192
MA15,63/10/13,203,210,213,206,191,170,150,133,121,119,128,139,157,179,200,219,230,228,216,185,168,156,156,166
MA15,63/10/14,180,197,211,221,219,199,174,147,120,106,109,120,137,157,178,198,214,225,222,194,165,145,135,142
MA15,63/10/15,158,181,205,223,231,222,199,170,143,118,106,109,122,140,163,187,207,220,224,195,165,141,125,122
MA15,63/10/16,131,149,172,197,218,231,226,197,165,136,116,111,121,136,157,184,209,228,237,219,183,151,128,121
MA15,63/10/17,128,145,166,194,220,240,250,234,202,173,147,130,134,146,162,184,208,230,243,235,195,155,129,115
MA15,63/10/18,118,131,150,174,199,222,240,245,213,176,146,129,130,144,162,183,204,225,239,236,198,153,118,097
MA15,63/10/19,095,108,128,152,180,206,226,237,225,194,162,140,128,132,144,161,181,203,220,230,215,176,134,100
MA15,63/10/20,087,087,104,130,159,191,215,233,240,218,185,156,137,135,147,167,191,218,238,249,231,196,161,130
MA15,63/10/21,106,102,114,130,151,178,204,228,243,248,222,188,163,157,163,178,198,216,235,248,253,225,187,150
MA15,63/10/22,120,104,108,125,148,174,200,222,240,248,230,203,179,167,169,180,195,210,224,234,239,222,192,159
MA15,63/10/23,130,108,103,109,124,144,168,188,205,219,227,217,194,180,175,178,187,199,210,220,226,221,198,173
MA15,63/10/24,145,124,112,111,121,133,149,166,181,194,204,209,205,190,182,181,187,194,202,209,213,213,198,179
MA15,63/10/25,160,139,123,116,116,123,132,144,158,169,182,192,198,201,201,195,195,197,199,204,207,208,206,196
MA15,63/10/26,182,167,153,142,133,131,134,140,148,159,171,183,194,203,208,211,212,208,203,202,202,203,205,205
MA15,63/10/27,197,185,174,164,155,147,140,136,139,146,155,168,182,194,204,210,212,206,194,183,176,175,178,184
MA15,63/10/28,191,197,193,178,163,146,134,127,126,131,136,145,156,170,184,198,207,208,186,166,151,149,153,160
MA15,63/10/29,171,182,193,200,203,182,159,140,127,127,130,140,154,172,192,212,228,238,228,195,169,154,153,163
MA15,63/10/30,176,193,210,226,237,240,207,178,154,140,139,145,157,174,195,217,237,250,247,204,163,135,128,134
MA15,63/10/31,145,161,182,204,224,236,240,204,163,135,123,125,133,148,168,192,216,233,241,211,164,122,099,098
MA15,63/11/01,107,122,143,168,195,217,231,230,191,157,128,116,122,134,152,173,197,218,232,230,186,136,095,075
MA15,63/11/02,076,088,107,131,158,186,211,227,232,189,152,130,126,133,147,165,187,208,226,234,207,158,109,078
MA15,63/11/03,067,075,090,111,138,167,194,217,231,225,187,155,140,140,150,164,184,205,222,232,216,168,119,083
MA15,63/11/04,060,059,070,086,106,132,159,185,206,218,206,170,151,147,153,162,177,195,211,223,228,196,152,109
MA15,63/11/05,075,064,068,079,099,124,149,174,196,209,216,200,175,163,163,170,181,196,210,223,229,206,172,137
MA15,63/11/06,104,080,073,080,091,104,124,150,173,190,202,205,191,180,178,180,186,195,204,214,220,219,193,164
MA15,63/11/07,139,117,101,098,101,110,122,137,154,170,185,196,202,202,192,192,195,200,205,211,215,219,216,195
MA15,63/11/08,171,148,130,124,123,128,136,146,157,171,185,197,206,211,214,215,217,218,219,220,221,222,223,216
MA15,63/11/09,201,184,166,148,133,125,126,131,139,148,159,171,181,191,198,201,197,189,184,183,185,188,191,193
MA15,63/11/10,196,192,181,163,143,129,124,129,134,141,149,157,169,179,188,196,199,191,176,165,159,161,167,174
MA15,63/11/11,181,189,194,196,181,165,149,136,133,137,143,152,164,178,191,202,209,212,200,179,163,156,157,165
MA15,63/11/12,175,186,197,205,209,201,180,158,143,139,142,149,159,173,187,201,211,215,199,174,151,135,133,139
MA15,63/11/13,149,161,176,191,203,210,198,172,151,137,139,144,154,167,182,197,209,216,205,173,143,121,115,120
MA15,63/11/14,129,143,159,177,194,207,214,200,170,149,143,145,153,165,181,200,214,224,223,189,156,126,109,112
MA15,63/11/15,123,141,163,188,212,230,239,222,193,163,146,147,153,164,178,196,212,226,230,200,161,127,102,097
MA15,63/11/16,107,121,138,159,180,200,215,222,201,172,149,140,143,150,162,178,197,212,223,214,172,133,102,088
MA15,63/11/17,092,101,114,131,152,174,195,212,219,193,163,145,141,148,159,175,193,209,220,224,190,145,107,085
MA15,63/11/18,081,087,098,114,134,155,177,196,209,213,183,156,149,151,158,170,186,203,215,222,204,164,124,095
MA15,63/11/19,084,087,094,106,124,145,168,188,204,212,205,179,166,165,171,180,193,207,220,229,225,190,152,118
MA15,63/11/20,096,093,099,109,123,142,164,185,204,217,222,203,185,178,181,188,198,210,222,230,233,203,166,133
MA15,63/11/21,108,097,098,105,116,131,148,167,186,204,212,210,189,177,178,183,192,202,212,220,224,211,185,152
MA15,63/11/22,123,103,099,104,113,126,142,159,177,193,205,212,210,195,189,188,191,198,205,212,217,219,204,184
MA15,63/11/23,158,134,118,114,118,126,140,156,173,189,202,211,216,214,205,200,199,200,203,205,206,207,201,187
MA15,63/11/24,167,141,121,112,115,120,127,136,148,160,174,187,197,203,204,197,192,190,191,192,194,196,198,199
MA15,63/11/25,194,181,165,150,137,132,132,137,143,152,163,176,190,203,212,217,217,201,197,197,198,201,205,210
MA15,63/11/26,215,220,222,209,186,165,152,150,155,162,172,182,193,205,216,224,227,207,182,162,153,155,162,171
MA15,63/11/27,185,200,209,214,198,178,160,148,144,144,149,158,173,190,206,219,224,204,172,144,125,122,127,137
MA15,63/11/28,154,174,193,208,216,204,176,154,141,139,143,152,165,181,199,215,227,231,192,149,111,096,099,106
MA15,63/11/29,120,139,162,184,202,213,210,178,150,131,130,136,145,159,177,196,210,218,202,159,113,079,067,072
MA15,63/11/30,082,098,120,146,171,192,205,209,179,150,136,137,143,153,159,186,204,217,221,182,130,082,051,049
MA15,63/12/01,057,070,088,110,135,161,183,198,204,182,152,141,144,152,166,181,198,212,220,205,156,106,062,040
MA15,63/12/02,041,050,065,084,108,134,161,183,198,201,171,151,149,155,165,179,195,210,221,225,184,134,085,051
MA15,63/12/03,042,048,059,075,097,121,148,172,192,203,196,168,155,157,166,178,192,207,220,226,213,171,128,086
MA15,63/12/04,054,049,056,068,086,110,136,161,182,197,205,203,180,172,175,181,191,204,217,228,232,214,176,136
MA15,63/12/05,102,079,077,085,096,112,131,152,174,195,207,213,205,188,184,188,195,204,214,223,228,221,192,162
MA15,63/12/06,130,102,084,084,093,104,119,137,154,171,185,192,195,179,167,167,171,177,185,192,198,201,195,172
MA15,63/12/07,147,121,100,091,093,098,108,122,136,152,165,177,184,187,182,176,176,178,182,187,191,194,196,192
MA15,63/12/08,178,160,139,122,114,117,122,131,142,154,166,178,187,194,196,193,190,190,191,192,194,196,200,202
MA15,63/12/09,200,184,164,148,136,130,131,136,140,148,156,166,176,183,187,187,173,161,154,150,151,154,158,165
MA15,63/12/10,171,177,180,178,162,146,137,137,141,148,156,167,178,187,195,199,200,186,166,152,147,148,154,161
MA15,63/12/11,169,178,186,192,195,189,177,165,164,165,170,177,186,196,204,209,211,195,171,147,128,122,125,133
MA15,63/12/12,143,154,165,176,185,190,188,172,157,154,157,164,174,185,196,206,211,211,185,154,129,113,115,121
MA15,63/12/13,131,144,158,173,186,196,201,191,172,161,160,163,170,180,192,202,210,214,194,158,125,100,091,096
MA15,63/12/14,103,115,130,147,164,178,189,194,184,162,157,158,163,173,185,199,210,218,216,178,141,107,090,093
MA15,63/12/15,100,110,125,142,151,178,191,198,192,169,156,153,156,162,171,184,198,208,211,177,134,096,070,065
MA15,63/12/16,070,081,095,113,134,155,175,189,196,187,161,147,149,155,166,179,194,207,215,206,164,123,090,073
MA15,63/12/17,072,081,092,108,128,149,170,189,202,207,189,168,160,164,172,184,199,212,222,226,200,158,118,090
MA15,63/12/18,078,082,091,103,121,143,165,187,203,214,216,196,186,181,181,187,198,210,221,227,204,159,114,082
MA15,63/12/19,066,068,076,088,104,124,146,167,184,194,200,184,164,157,160,167,176,188,200,208,211,184,149,112
MA15,63/12/20,084,070,073,083,097,115,134,155,174,190,199,201,182,165,162,167,175,186,198,208,214,206,173,142
MA15,63/12/21,113,091,080,085,095,109,127,145,165,184,198,206,208,201,194,193,197,203,210,217,224,224,197,167
MA15,63/12/22,136,111,097,096,102,112,125,140,156,172,186,196,201,189,172,168,170,177,185,193,201,205,204,187
MA15,63/12/23,163,141,120,106,106,114,123,135,149,163,176,187,195,198,185,171,165,168,171,176,181,186,191,195
MA15,63/12/24,194,175,151,132,123,124,130,137,147,157,170,183,194,201,204,194,178,166,163,164,167,170,177,184
MA15,63/12/25,190,193,183,165,149,140,138,143,149,156,167,179,191,200,205,206,187,168,151,142,141,147,156,168
MA15,63/12/26,180,191,197,197,182,168,159,157,159,163,169,178,190,202,212,220,220,186,155,132,119,124,136,152
MA15,63/12/27,170,188,203,215,221,206,181,160,152,155,161,171,182,193,202,209,211,193,156,120,090,078,083,092
MA15,63/12/28,106,122,139,156,172,184,191,182,159,151,151,156,165,177,189,200,207,210,179,131,087,058,052,060
MA15,63/12/29,072,088,107,128,149,168,182,189,185,164,155,158,164,174,187,200,211,218,214,172,127,085,058,056
MA15,63/12/30,066,078,096,117,140,163,180,191,196,181,161,156,158,164,174,186,199,210,215,185,132,080,043,025
MA15,63/12/31,033,044,060,079,102,127,151,171,184,189,172,154,151,157,166,179,194,207,217,220,177,124,078,048
