MA15,64/01/01,038,049,065,084,106,130,153,176,193,203,196,169,159,161,170,182,197,213,225,231,211,165,116,075
MA15,64/01/02,049,043,055,071,090,113,138,161,180,193,198,179,158,151,156,165,178,193,207,216,220,193,150,110
MA15,64/01/03,074,055,057,071,091,115,142,166,186,200,207,198,172,155,152,159,169,181,195,209,218,213,181,148
MA15,64/01/04,115,088,075,079,090,105,125,146,166,183,194,198,179,158,148,149,156,165,176,186,194,198,187,159
MA15,64/01/05,133,108,091,088,092,102,116,133,153,171,185,193,193,170,155,153,155,161,169,176,184,190,193,192
MA15,64/01/06,168,145,123,111,111,116,125,139,153,167,180,189,194,190,170,157,155,157,160,166,171,176,180,182
MA15,64/01/07,183,171,157,142,133,134,138,145,155,167,179,188,194,196,183,169,160,157,154,155,157,160,164,169
MA15,64/01/08,172,174,171,159,147,140,139,143,149,157,167,177,185,189,190,175,161,151,143,139,138,140,144,150
MA15,64/01/09,157,164,169,172,173,167,159,158,160,165,171,178,185,191,194,194,180,162,143,128,119,118,123,131
MA15,64/01/10,142,154,166,176,182,184,177,168,166,168,173,179,186,193,198,200,197,176,153,127,106,098,102,111
MA15,64/01/11,122,136,150,164,176,185,188,182,169,163,164,170,177,185,193,198,200,189,163,132,103,084,081,088
MA15,64/01/12,099,114,132,150,167,181,189,192,176,165,158,162,168,177,189,199,207,209,189,155,120,093,082,085
MA15,64/01/13,093,107,125,147,168,187,201,209,209,189,177,176,180,186,195,206,217,225,227,197,155,115,093,089
MA15,64/01/14,094,102,115,131,150,170,186,197,203,200,179,168,166,169,177,188,200,211,216,190,142,102,072,061
MA15,64/01/15,062,068,079,094,113,135,156,173,184,189,177,159,151,153,160,171,186,200,211,213,170,124,087,062
MA15,64/01/16,058,062,072,087,108,132,155,175,189,196,186,160,146,145,151,161,176,192,205,212,194,152,113,082
MA15,64/01/17,066,065,072,083,100,121,143,164,181,194,199,182,159,153,157,164,176,193,208,219,224,200,161,124
MA15,64/01/18,095,083,086,096,112,133,156,179,199,211,218,203,177,160,158,164,174,188,204,219,227,221,182,147
MA15,64/01/19,118,099,096,103,117,135,156,179,200,217,227,228,200,178,166,169,178,191,204,217,224,225,198,168
MA15,64/01/20,140,114,092,093,100,113,131,151,169,187,199,204,183,155,135,133,137,144,154,165,176,185,190,183
MA15,64/01/21,153,122,103,096,101,111,125,141,157,172,184,193,197,174,147,131,128,134,140,150,160,169,176,180
MA15,64/01/22,173,151,132,119,117,121,130,141,154,168,180,189,195,193,168,148,135,133,136,142,151,161,171,180
MA15,64/01/23,186,186,171,155,145,144,150,159,170,182,194,203,210,213,200,178,156,138,128,129,135,144,155,168
MA15,64/01/24,178,187,193,193,184,174,167,167,173,181,191,200,208,213,213,195,174,151,130,114,109,115,125,139
MA15,64/01/25,155,173,188,199,206,206,193,184,184,188,195,203,211,218,222,223,205,179,148,119,098,091,098,110
MA15,64/01/26,124,140,157,174,188,198,204,202,188,181,182,189,198,208,217,224,225,201,167,129,091,065,059,067
MA15,64/01/27,080,096,115,135,154,171,184,192,192,172,165,167,173,182,192,202,210,213,196,156,112,074,054,053
MA15,64/01/28,063,078,095,118,144,169,188,200,205,185,167,159,163,170,181,194,207,217,221,193,147,100,066,055
MA15,64/01/29,062,074,091,115,143,171,197,214,222,212,182,165,163,169,178,192,206,220,229,225,181,132,090,059
MA15,64/01/30,051,061,079,103,131,161,189,212,224,222,188,162,147,148,159,175,195,214,229,237,213,220,126,087
MA15,64/01/31,061,061,072,092,119,150,180,206,225,232,203,170,148,142,149,162,182,203,220,231,234,203,164,123
MA15,64/02/01,086,068,072,087,111,142,173,201,221,233,228,195,171,155,154,163,178,197,218,234,242,228,195,160
MA15,64/02/02,129,107,099,106,120,140,166,195,218,233,238,209,179,157,148,153,162,176,193,208,220,225,200,170
MA15,64/02/03,142,132,110,111,121,137,157,181,203,219,225,205,177,153,138,138,143,153,166,179,191,199,202,183
MA15,64/02/04,160,140,124,120,124,134,148,165,182,197,207,209,185,161,146,142,144,149,156,165,174,182,188,190
MA15,64/02/05,181,162,147,140,140,146,154,167,180,194,203,208,201,180,160,148,145,146,149,154,160,166,172,177
MA15,64/02/06,181,182,173,161,159,161,166,174,182,190,198,203,205,200,183,167,155,149,150,153,158,164,171,178
MA15,64/02/07,185,189,191,192,189,187,188,191,196,201,206,210,213,213,203,189,174,160,149,144,145,148,154,162
MA15,64/02/08,171,179,187,193,198,200,200,199,200,202,205,208,211,212,210,200,186,170,153,137,125,123,127,135
MA15,64/02/09,144,156,168,179,189,195,198,196,189,187,189,193,197,202,205,207,204,184,164,141,121,107,108,116
MA15,64/02/10,127,141,157,174,189,202,209,211,201,187,184,187,193,201,209,216,218,204,179,152,127,108,101,103
MA15,64/02/11,110,122,139,158,177,194,204,209,202,190,183,182,185,192,201,211,220,224,214,184,155,125,105,101
MA15,64/02/12,106,116,132,151,172,190,203,211,214,199,180,172,173,177,186,196,206,213,215,185,147,108,078,068
MA15,64/02/13,072,082,097,113,134,156,176,191,198,186,156,139,136,142,151,165,180,195,205,205,166,122,087,063
MA15,64/02/14,059,068,081,098,122,147,171,191,203,203,169,144,135,139,146,158,174,190,202,210,198,151,106,074
MA15,64/02/15,058,061,070,085,104,126,149,168,182,189,169,134,114,115,120,132,148,166,184,196,202,179,133,091
MA15,64/02/16,068,064,070,082,096,117,140,161,179,190,194,157,122,108,114,124,138,155,174,191,203,207,176,134
MA15,64/02/17,100,080,080,092,108,127,150,174,194,207,212,183,145,118,109,114,123,136,151,167,180,189,188,149
MA15,64/02/18,114,092,083,086,097,112,130,149,168,185,195,191,149,117,104,106,115,127,142,157,172,184,191,185
MA15,64/02/19,154,129,113,112,119,131,147,165,181,196,204,203,170,139,117,110,112,119,128,139,153,166,176,182
MA15,64/02/20,184,164,146,138,140,145,153,164,177,190,199,204,192,166,140,120,114,116,121,129,140,150,161,170
MA15,64/02/21,175,177,170,159,155,157,162,170,179,189,197,201,201,181,160,140,122,110,110,115,122,132,143,154
MA15,64/02/22,164,172,177,179,180,178,177,180,185,190,196,200,202,201,187,169,148,126,109,101,104,111,120,131
MA15,64/02/23,142,155,168,179,187,190,184,179,176,177,180,184,189,193,197,195,173,144,115,091,081,081,089,098
MA15,64/02/24,110,124,141,157,172,182,187,182,171,167,167,171,175,181,188,194,196,177,142,107,080,065,066,076
MA15,64/02/25,089,103,122,143,163,181,192,192,171,157,152,154,161,170,180,191,200,204,181,141,100,069,057,062
MA15,64/02/26,072,086,103,124,146,166,182,192,191,169,150,143,145,153,165,180,195,206,211,187,141,099,067,057
MA15,64/02/27,063,076,093,115,141,166,186,199,204,176,147,132,133,141,152,166,183,199,210,213,177,130,088,062
MA15,64/02/28,060,069,084,104,127,152,176,193,201,183,146,123,115,121,132,143,158,174,189,198,197,150,105,072
MA15,64/02/29,059,063,074,091,110,133,154,174,187,190,151,119,104,106,114,126,141,159,176,191,198,186,136,095
MA15,64/03/01,071,068,078,092,110,132,154,173,188,195,167,130,104,101,108,118,132,150,170,187,200,204,173,130
MA15,64/03/02,098,087,092,103,118,137,158,178,194,203,190,149,118,103,105,113,124,137,152,168,180,189,189,150
MA15,64/03/03,119,098,097,104,117,132,149,167,183,194,196,156,122,102,098,103,111,122,135,148,162,172,178,170
MA15,64/03/04,140,119,113,116,123,135,149,164,177,189,194,175,139,116,104,103,110,119,130,142,154,165,173,178
MA15,64/03/05,168,149,139,138,144,152,164,177,189,199,204,198,168,143,126,119,122,127,135,144,154,164,172,178
MA15,64/03/06,180,177,166,162,163,167,172,180,188,195,199,201,182,159,140,125,121,123,128,134,140,147,155,162
MA15,64/03/07,168,172,174,174,174,175,177,181,186,193,197,199,193,175,159,146,136,130,130,133,137,143,150,157
MA15,64/03/08,165,172,178,182,185,188,190,191,193,196,198,201,202,200,189,177,164,151,140,134,132,134,140,147
MA15,64/03/09,155,166,177,187,195,199,200,197,192,189,190,192,195,198,200,195,179,159,141,124,116,114,118,126
MA15,64/03/10,137,149,163,177,190,199,203,197,184,177,177,180,185,191,197,202,205,193,166,136,113,101,100,106
MA15,64/03/11,117,130,145,162,179,193,201,200,178,164,156,157,172,170,180,190,198,201,178,146,114,089,080,081
MA15,64/03/12,089,101,116,134,153,171,183,190,178,150,136,134,139,147,159,172,185,194,198,168,127,087,064,061
MA15,64/03/13,069,081,098,119,143,165,183,194,189,153,128,116,120,128,140,155,172,189,200,202,160,120,085,067
MA15,64/03/14,069,078,090,105,125,146,167,183,191,173,138,113,108,116,128,143,161,180,197,207,200,152,110,080
MA15,64/03/15,074,080,091,107,128,151,174,194,205,196,151,116,103,106,117,133,152,174,194,209,216,185,139,102
MA15,64/03/16,082,085,097,114,135,160,185,205,219,220,178,143,119,114,126,152,190,227,259,269,250,212,163,119
MA15,64/03/17,094,090,106,135,170,207,237,252,246,217,174,127,089,073,079,095,116,140,169,199,218,226,193,153
MA15,64/03/18,115,097,103,122,147,177,203,225,235,222,190,145,104,073,064,075,096,125,153,181,203,216,209,178
MA15,64/03/19,146,127,120,129,145,169,195,217,232,232,207,171,130,099,083,081,094,112,135,160,184,203,212,202
MA15,64/03/20,179,158,147,149,162,180,201,219,231,234,225,203,170,141,120,106,107,118,134,161,178,197,210,220
MA15,64/03/21,220,207,195,188,189,197,204,211,215,215,211,203,188,167,145,123,107,103,110,121,134,147,161,174
MA15,64/03/22,185,193,197,196,193,191,193,199,205,212,213,210,203,194,179,158,136,113,098,099,110,126,141,159
MA15,64/03/23,176,193,207,213,209,197,184,177,179,184,190,195,199,200,194,185,167,147,121,100,088,094,107,125
MA15,64/03/24,141,161,180,197,207,206,190,172,161,159,162,170,181,192,202,207,199,178,148,118,094,085,092,109
MA15,64/03/25,132,160,190,216,234,235,218,195,173,156,150,158,173,190,207,220,228,225,198,162,125,096,085,091
MA15,64/03/26,111,135,162,191,215,230,229,206,175,147,131,131,141,156,176,196,214,226,225,190,149,111,089,087
MA15,64/03/27,100,123,155,189,222,244,250,224,192,151,118,111,116,132,153,181,215,234,236,204,160,116,087,078
MA15,64/03/28,079,100,132,170,207,234,240,215,177,138,106,088,092,107,125,147,172,196,215,223,197,154,118,093
MA15,64/03/29,086,102,131,161,194,224,245,240,206,155,118,091,079,088,107,130,153,177,199,215,218,175,131,102
MA15,64/03/30,089,096,117,143,172,202,228,238,210,170,121,088,071,076,090,107,128,153,176,196,210,199,158,119
MA15,64/03/31,097,098,119,147,175,204,228,240,224,192,149,104,080,078,088,103,121,145,169,190,205,212,185,151
MA15,64/04/01,123,111,123,140,162,189,213,231,238,214,171,134,102,090,097,110,126,146,167,189,207,219,217,188
MA15,64/04/02,161,142,139,147,153,184,207,223,227,204,172,135,106,089,085,091,105,122,141,158,174,187,193,179
MA15,64/04/03,153,137,135,144,160,181,200,212,220,212,191,161,129,110,099,103,111,122,136,152,169,183,193,198
MA15,64/04/04,186,172,168,171,183,197,210,222,232,237,229,209,182,149,124,116,118,128,138,150,162,173,183,190
MA15,64/04/05,191,182,173,169,170,175,182,189,195,198,192,178,162,144,129,119,115,117,122,130,139,150,161,173
MA15,64/04/06,182,188,191,191,188,187,187,188,190,194,196,196,190,189,166,153,143,137,135,134,138,145,154,168
MA15,64/04/07,181,196,205,211,210,204,197,192,188,188,189,190,192,188,181,166,147,126,111,102,098,104,114,126
MA15,64/04/08,141,158,176,191,199,190,172,157,144,141,143,150,158,166,174,178,172,152,130,109,095,092,101,117
MA15,64/04/09,136,158,183,204,219,221,200,174,154,140,136,142,155,171,186,197,201,187,160,130,100,084,082,095
MA15,64/04/10,115,140,168,195,215,224,212,180,146,121,110,115,128,147,169,191,208,214,195,159,123,094,081,086
MA15,64/04/11,103,128,158,190,220,239,237,206,165,128,106,103,114,131,154,182,208,226,231,198,158,121,091,082
MA15,64/04/12,093,114,141,172,203,227,238,215,175,134,096,077,080,095,118,146,175,202,220,226,192,150,114,091
MA15,64/04/13,087,103,128,160,193,223,242,237,197,146,100,068,061,072,090,117,151,183,210,227,228,186,142,108
MA15,64/04/14,095,103,127,157,191,222,243,247,216,169,116,074,059,062,077,099,128,160,191,215,228,222,180,142
MA15,64/04/15,117,113,130,154,183,212,236,248,233,191,146,099,066,057,063,080,102,130,162,193,217,228,215,182
MA15,64/04/16,152,137,143,162,186,211,234,248,246,216,175,132,090,065,061,072,087,109,134,159,183,202,211,196
MA15,64/04/17,168,149,146,157,175,195,214,228,235,222,190,151,115,088,073,074,085,102,124,147,169,189,204,210
MA15,64/04/18,200,183,176,178,186,199,213,224,233,237,221,193,163,134,108,097,096,104,117,134,154,172,187,198
MA15,64/04/19,204,202,193,185,182,187,195,205,213,217,213,197,177,156,137,119,106,102,109,120,136,154,173,189
MA15,64/04/20,201,207,209,204,197,193,193,196,200,205,207,204,198,190,177,159,141,124,116,118,127,140,154,170
MA15,64/04/21,186,199,207,211,207,195,183,175,173,176,180,184,188,192,195,187,168,146,122,108,108,117,134,153
MA15,64/04/22,173,191,207,219,221,209,191,170,159,158,161,169,180,193,204,212,209,199,165,142,126,123,133,148
MA15,64/04/23,167,187,208,226,237,230,204,174,150,136,134,141,153,169,185,201,211,207,180,149,120,101,098,108
MA15,64/04/24,129,155,182,205,221,222,197,166,137,115,104,109,124,146,167,187,205,215,206,174,139,110,095,100
MA15,64/04/25,119,146,176,204,223,228,210,179,143,109,089,087,095,110,132,158,183,203,213,201,164,130,106,102
MA15,64/04/26,115,134,157,185,211,230,234,208,170,132,105,097,102,116,134,158,186,213,231,238,211,171,138,119
MA15,64/04/27,122,141,169,199,226,244,239,209,167,126,091,073,072,081,098,121,146,173,197,212,211,175,139,113
MA15,64/04/28,104,115,138,168,195,216,226,216,183,136,088,059,051,058,073,093,119,146,171,191,202,194,155,124
MA15,64/04/29,108,110,129,154,182,206,221,219,192,152,109,076,059,061,071,087,109,135,162,186,202,208,184,153
MA15,64/04/30,130,126,137,158,183,206,222,226,207,174,146,097,072,063,071,083,101,123,148,171,191,201,198,172
MA15,64/05/01,150,137,141,157,178,200,216,225,218,190,154,117,090,074,075,084,098,117,139,160,181,198,206,197
MA15,64/05/02,175,160,159,169,186,208,226,236,234,213,186,158,132,114,103,104,112,125,143,162,180,196,206,210
MA15,64/05/03,197,184,176,177,185,198,212,224,230,225,205,178,151,130,117,113,116,124,134,147,162,178,191,199
MA15,64/05/04,201,189,180,176,178,184,190,196,200,203,195,179,159,139,122,111,108,112,119,128,140,154,168,181
MA15,64/05/05,191,195,194,188,182,180,181,183,188,192,194,190,177,163,147,134,123,120,122,127,137,149,164,180
MA15,64/05/06,193,202,205,205,196,187,179,174,174,177,181,185,189,189,179,164,147,134,124,124,129,138,149,162
MA15,64/05/07,178,194,206,214,212,192,175,162,156,157,162,169,178,187,193,194,181,161,143,128,121,125,136,153
MA15,64/05/08,172,192,210,223,226,209,183,159,144,138,142,150,162,177,192,204,209,193,165,141,123,117,124,140
MA15,64/05/09,161,186,210,228,237,225,195,163,136,120,116,122,135,153,176,199,215,223,203,172,146,127,125,136
MA15,64/05/10,155,181,210,236,253,250,222,185,148,117,104,109,121,141,166,196,223,241,247,225,194,169,154,155
MA15,64/05/11,164,178,198,222,246,263,269,239,195,150,108,091,101,117,142,172,204,232,250,254,223,191,163,145
MA15,64/05/12,143,159,180,208,237,257,260,223,175,128,090,067,068,080,098,124,154,184,211,230,236,208,172,149
MA15,64/05/13,143,154,174,201,227,249,259,242,202,149,100,065,053,059,071,093,121,152,182,206,223,227,195,168
MA15,64/05/14,154,154,167,187,210,232,247,251,223,178,128,085,054,048,055,069,090,118,147,174,196,211,215,193
MA15,64/05/15,167,159,161,175,193,212,231,244,242,209,170,128,093,070,067,078,093,114,140,166,191,210,221,219
MA15,64/05/16,198,181,177,183,195,209,223,234,239,220,188,152,119,092,078,082,092,107,126,146,169,190,205,211
MA15,64/05/17,200,185,175,176,184,194,205,216,222,218,202,176,148,121,101,091,095,105,118,135,154,174,192,205
MA15,64/05/18,211,207,195,189,188,192,198,206,214,220,219,206,188,168,147,129,120,121,128,139,153,170,187,201
MA15,64/05/19,212,218,215,205,195,192,193,197,201,206,210,211,207,198,183,166,149,137,134,140,151,167,183,199
MA15,64/05/20,211,219,222,220,209,197,186,178,176,182,191,198,205,209,209,198,179,161,148,144,148,159,173,190
MA15,64/05/21,206,221,230,231,220,205,187,171,163,163,169,176,187,198,207,213,210,194,174,157,147,150,160,176
MA15,64/05/22,195,214,227,235,231,214,194,170,151,143,146,154,165,180,196,210,220,223,205,184,163,152,158,172
MA15,64/05/23,188,207,225,239,246,235,210,181,156,137,135,142,153,170,190,209,227,238,236,209,186,168,165,175
MA15,64/05/24,192,214,236,253,264,255,228,195,166,143,130,132,143,160,182,206,229,246,253,240,212,189,175,174
MA15,64/05/25,185,203,224,246,263,269,247,214,180,144,121,115,124,136,154,178,205,229,245,251,235,207,184,173
MA15,64/05/26,180,196,216,238,259,272,263,228,187,148,116,103,109,121,138,161,186,213,235,244,235,197,170,161
MA15,64/05/27,166,179,196,213,231,247,255,238,198,151,115,088,085,094,108,128,154,181,206,226,237,224,194,175
MA15,64/05/28,167,173,186,206,228,246,256,245,214,172,130,100,086,092,103,121,144,170,196,220,236,242,221,195
MA15,64/05/29,179,176,189,207,230,251,263,261,237,199,160,123,099,097,107,120,140,163,189,215,235,246,237,214
MA15,64/05/30,192,182,186,202,218,235,250,257,245,216,179,145,117,103,106,119,133,150,172,196,218,234,240,222
MA15,64/05/31,198,183,183,195,211,228,241,249,244,224,195,163,134,113,107,115,129,146,166,187,208,225,235,234
MA15,64/06/01,215,198,189,189,198,212,226,237,242,232,211,181,155,136,125,125,131,141,155,172,191,208,222,229
MA15,64/06/02,228,212,199,193,194,201,210,219,226,230,223,204,180,158,141,132,132,139,147,159,173,190,205,217
MA15,64/06/03,224,223,212,203,197,195,199,204,209,216,221,220,206,189,173,158,151,156,162,170,181,195,209,224
MA15,64/06/04,235,241,241,225,211,202,198,200,206,214,219,224,223,215,203,188,173,162,158,162,171,182,196,213
MA15,64/06/05,228,238,235,219,198,178,163,156,158,165,174,182,191,198,202,194,175,157,141,137,141,152,169,188
MA15,64/06/06,205,222,232,228,208,182,156,138,127,130,140,152,165,180,193,202,202,183,162,146,139,142,156,176
MA15,64/06/07,198,216,231,238,229,201,168,135,112,101,108,122,138,158,180,199,211,217,201,177,156,149,153,164
MA15,64/06/08,181,202,222,236,241,224,188,147,111,088,083,090,103,123,147,174,198,214,222,210,184,165,155,160
MA15,64/06/09,175,194,215,235,249,246,215,175,132,091,064,063,074,092,117,147,177,204,222,228,214,187,168,161
MA15,64/06/10,171,185,201,218,235,247,239,198,153,105,065,047,053,067,088,115,146,178,207,226,232,210,179,163
MA15,64/06/11,160,170,186,205,224,238,245,226,179,131,087,055,043,052,068,092,122,154,184,210,226,232,208,183
MA15,64/06/12,171,171,185,206,229,248,258,248,214,168,118,076,050,048,060,077,100,128,158,185,206,220,220,194
MA15,64/06/13,174,167,173,189,209,228,244,250,234,200,155,109,072,054,056,067,084,107,134,161,187,206,216,212
MA15,64/06/14,190,173,170,179,196,215,233,247,246,222,186,150,117,091,078,084,096,112,133,156,181,203,217,222
MA15,64/06/15,208,187,175,176,188,204,219,231,238,233,212,183,155,127,107,099,104,115,131,151,173,194,211,221
MA15,64/06/16,220,202,186,175,173,178,192,205,214,219,216,199,177,154,135,120,113,118,128,142,158,177,195,209
MA15,64/06/17,216,209,190,175,165,165,169,176,182,189,196,199,195,181,163,146,133,130,134,144,157,174,192,206
MA15,64/06/18,216,220,211,192,176,163,156,158,166,172,179,187,193,196,193,179,165,151,145,149,160,174,191,208
MA15,64/06/19,221,225,218,203,185,168,153,144,145,150,157,166,176,186,194,198,194,178,165,156,160,171,186,201
MA15,64/06/20,213,222,226,221,205,184,163,145,135,137,145,153,164,176,189,200,206,208,199,186,177,177,186,199
MA15,64/06/21,214,226,235,238,226,203,175,148,126,116,118,126,137,151,168,185,199,208,208,190,174,166,169,180
MA15,64/06/22,194,209,223,231,230,209,180,150,123,105,100,104,113,127,146,166,185,200,209,207,185,167,159,163
MA15,64/06/23,171,184,198,210,219,218,192,158,126,098,082,081,087,100,118,141,164,184,199,206,197,173,161,159
MA15,64/06/24,168,183,198,214,225,228,208,175,140,104,080,073,080,090,106,127,152,175,195,206,210,193,172,160
MA15,64/06/25,162,170,182,198,215,225,227,197,161,123,093,076,076,084,098,118,142,166,191,208,219,220,199,183
MA15,64/06/26,175,180,193,210,229,243,250,232,194,155,119,091,079,083,093,110,132,157,181,202,216,220,205,181
MA15,64/06/27,168,167,174,188,205,223,235,239,216,176,135,105,086,083,092,105,124,149,176,201,221,232,241,235
MA15,64/06/28,215,188,181,191,212,235,254,263,244,201,161,130,105,094,097,105,117,135,156,179,200,214,219,204
MA15,64/06/29,179,165,163,171,183,196,210,221,226,208,170,135,106,086,083,089,099,115,133,154,175,193,204,208
MA15,64/06/30,191,172,161,163,172,184,197,207,216,219,194,160,130,108,097,098,106,117,132,151,170,188,202,209
MA15,64/07/01,202,179,163,155,162,173,186,197,206,212,207,182,152,128,110,104,107,115,126,140,157,175,192,202
MA15,64/07/02,206,197,176,164,158,161,168,176,186,196,202,202,188,167,150,137,130,133,139,148,161,177,193,206
MA15,64/07/03,213,214,196,178,164,155,155,161,167,177,187,195,198,189,170,155,145,142,145,150,158,170,183,198
MA15,64/07/04,209,215,211,189,168,150,138,137,143,150,160,171,181,189,192,184,171,160,153,154,160,168,180,194
MA15,64/07/05,206,216,220,207,182,160,138,123,120,125,135,147,161,175,188,197,200,192,179,169,168,175,187,202
MA15,64/07/06,216,226,232,228,205,175,145,121,105,103,110,120,135,153,171,189,202,209,206,190,178,175,180,188
MA15,64/07/07,199,212,223,230,231,202,164,126,098,081,081,089,100,118,141,165,186,203,213,214,195,180,177,182
MA15,64/07/08,191,204,219,233,241,235,204,164,123,092,079,083,094,111,133,159,186,209,226,235,233,211,195,191
MA15,64/07/09,200,214,232,249,262,266,241,201,156,112,075,064,069,083,100,124,151,180,205,223,230,217,191,178
MA15,64/07/10,178,189,206,225,244,258,259,229,184,132,088,059,051,060,073,093,118,146,174,199,216,223,208,183
MA15,64/07/11,170,174,189,210,232,249,257,247,211,170,124,082,056,055,064,079,100,126,154,180,201,214,215,189
MA15,64/07/12,170,163,171,187,205,226,243,252,241,206,163,119,085,068,071,081,098,120,146,172,194,211,219,211
MA15,64/07/13,185,169,165,176,194,213,230,240,245,230,196,157,118,090,082,087,097,113,134,156,180,199,211,214
MA15,64/07/14,190,166,155,157,169,185,203,218,227,231,217,187,158,131,113,110,116,128,143,163,184,204,219,226
MA15,64/07/15,219,194,176,166,165,174,186,198,210,218,223,209,185,160,141,129,128,135,145,160,177,194,209,218
MA15,64/07/16,219,197,176,161,156,158,165,174,184,193,200,204,198,182,164,148,140,141,148,158,171,186,201,213
MA15,64/07/17,219,210,186,166,154,149,152,159,165,174,183,190,194,195,188,176,166,161,161,168,177,189,203,214
MA15,64/07/18,221,220,203,185,170,158,149,150,154,160,168,177,186,193,198,201,198,190,183,185,190,197,207,216
MA15,64/07/19,225,229,229,215,196,177,160,153,156,161,169,179,188,196,203,209,215,218,214,200,189,191,197,205
MA15,64/07/20,213,219,221,214,193,173,153,134,120,115,118,125,134,146,160,173,185,192,195,189,177,171,175,184
MA15,64/07/21,196,206,214,217,206,183,156,131,111,096,094,101,110,123,139,156,172,186,194,196,183,170,167,173
MA15,64/07/22,184,198,210,218,221,205,177,146,117,098,088,089,097,110,127,148,168,186,199,206,200,182,171,171
MA15,64/07/23,177,187,200,214,224,226,204,171,139,110,090,085,091,101,117,138,160,181,199,210,214,203,183,175
MA15,64/07/24,177,186,199,215,230,238,232,202,165,129,099,086,086,093,107,126,149,173,195,211,218,214,192,175
MA15,64/07/25,169,175,190,210,229,243,245,218,180,140,104,082,076,081,093,109,129,151,174,194,207,212,192,170
MA15,64/07/26,157,159,170,187,207,223,233,234,202,159,117,086,071,071,081,094,113,135,159,180,197,207,201,171
MA15,64/07/27,152,148,157,173,194,213,226,233,223,184,143,104,077,073,080,089,105,125,148,171,191,203,208,185
MA15,64/07/28,158,145,148,161,179,197,214,225,230,212,175,135,102,085,084,092,104,120,141,162,183,199,208,202
MA15,64/07/29,170,147,139,144,157,174,194,211,221,225,198,160,129,106,097,102,112,125,142,162,182,199,211,213
MA15,64/07/30,187,160,144,141,148,162,176,191,204,214,217,190,160,134,120,118,124,134,147,164,182,198,211,216
MA15,64/07/31,202,172,150,139,137,145,155,167,180,193,201,204,187,162,143,133,134,141,149,162,176,193,206,214
MA15,64/08/01,214,191,167,146,134,132,138,148,160,173,186,194,197,190,175,163,159,160,165,172,183,195,208,218
MA15,64/08/02,222,211,187,164,144,131,127,132,139,150,163,176,187,195,198,196,187,182,182,186,192,199,209,219
MA15,64/08/03,225,227,211,186,163,143,128,123,126,132,141,153,167,180,191,199,203,204,198,193,194,197,203,212
MA15,64/08/04,219,224,226,210,186,158,132,112,103,104,111,121,135,151,167,183,196,204,208,203,192,189,193,201
MA15,64/08/05,213,223,229,229,212,184,153,121,094,083,084,092,105,122,142,163,183,200,211,215,205,191,187,192
MA15,64/08/06,204,218,231,237,239,223,188,152,115,084,073,075,085,100,120,144,169,192,209,219,222,202,184,182
MA15,64/08/07,189,201,216,232,242,247,230,190,149,106,073,063,078,115,9999,9999,9999,9999,9999,9999,9999,9999,9999,9999
MA15,64/08/08,9999,9999,9999,9999,9999,9999,9999,9999,9999,9999,9999,9999,9999,081,125,168,209,243,261,259,238,208,178,157
MA15,64/08/09,151,163,189,221,252,268,266,240,204,150,104,068,055,066,100,148,190,225,252,259,248,221,186,157
MA15,64/08/10,142,145,166,198,234,256,265,256,230,188,139,097,071,069,089,126,171,212,240,253,250,231,199,164
MA15,64/08/11,141,133,145,170,204,232,251,254,243,221,185,145,110,092,095,119,157,196,230,253,259,246,221,190
MA15,64/08/12,159,142,140,154,180,207,231,247,249,234,204,170,139,117,111,126,154,185,216,240,253,248,227,196
MA15,64/08/13,165,140,129,137,158,184,206,223,232,230,212,189,162,140,127,132,151,180,207,229,242,243,231,209
MA15,64/08/14,178,152,135,130,141,160,181,200,213,219,217,204,185,167,154,148,158,176,200,222,237,243,238,222
MA15,64/08/15,200,173,154,141,140,150,164,180,196,207,211,209,201,192,181,175,175,187,202,218,231,239,241,231
MA15,64/08/16,215,195,175,156,147,146,151,162,175,187,197,206,212,209,204,198,194,196,202,211,220,228,234,233
MA15,64/08/17,224,209,191,174,159,148,141,140,147,157,172,186,203,207,211,209,207,202,199,199,200,206,214,221
MA15,64/08/18,223,218,205,189,172,155,141,131,128,133,144,160,180,199,214,224,224,217,208,200,194,195,203,212
MA15,64/08/19,221,225,222,211,193,172,151,132,119,117,125,144,167,192,215,232,240,237,227,211,196,189,192,203
MA15,64/08/20,216,226,231,228,218,200,176,148,125,111,110,125,149,180,212,240,258,262,254,233,212,197,190,198
MA15,64/08/21,215,232,249,257,253,236,212,178,146,117,102,106,126,158,193,226,251,263,258,241,216,195,180,179
MA15,64/08/22,191,211,234,251,258,250,226,192,157,124,101,092,104,132,168,208,242,263,266,252,226,199,178,167
MA15,64/08/23,172,191,217,244,264,268,251,219,179,140,107,089,093,114,148,190,227,256,270,262,237,203,176,159
MA15,64/08/24,156,170,198,230,257,273,271,248,210,166,126,100,092,108,139,178,220,257,278,282,265,235,199,173
MA15,64/08/25,160,164,186,220,258,284,294,280,254,215,174,141,122,121,138,173,214,255,282,289,277,247,216,186
MA15,64/08/26,162,151,160,185,221,259,283,284,261,223,179,144,119,113,126,150,184,220,254,272,267,245,209,173
MA15,64/08/27,143,127,132,153,184,216,245,260,257,233,196,158,127,111,116,139,170,203,233,254,259,247,218,181
MA15,64/08/28,148,125,117,130,156,190,220,243,251,242,218,187,159,141,136,145,165,190,218,241,255,253,237,205
MA15,64/08/29,171,142,127,127,141,164,190,215,233,241,234,217,195,175,164,153,172,191,214,235,252,257,250,230
MA15,64/08/30,203,177,155,141,136,142,160,185,211,230,238,234,221,208,196,190,194,204,217,231,244,252,253,244
MA15,64/08/31,226,204,179,155,140,135,143,159,180,203,218,227,230,228,225,222,218,217,220,227,237,244,249,245
MA15,64/09/01,232,214,196,177,158,140,129,129,142,161,182,202,216,224,228,229,227,225,221,218,216,220,229,237
MA15,64/09/02,241,237,225,207,186,164,144,131,125,133,152,176,201,226,243,254,255,248,238,226,218,216,222,232
MA15,64/09/03,242,248,249,241,222,195,162,133,113,108,116,138,170,203,232,254,263,258,242,224,207,195,193,203
MA15,64/09/04,219,236,250,256,250,227,195,157,121,099,093,106,136,169,206,239,263,271,261,236,209,189,177,181
MA15,64/09/05,197,220,245,262,270,260,231,192,151,117,094,095,116,151,189,227,261,276,275,256,225,195,171,159
MA15,64/09/06,166,187,217,248,270,273,252,218,176,134,096,079,088,119,159,201,240,268,274,258,226,194,163,147
MA15,64/09/07,149,168,198,231,260,278,275,249,209,166,125,096,091,108,140,180,222,256,273,268,241,202,165,137
MA15,64/09/08,128,138,165,201,237,264,273,265,237,197,154,121,101,105,129,168,211,250,272,273,251,218,180,148
MA15,64/09/09,129,127,143,176,213,247,270,274,262,236,201,167,139,133,143,166,192,224,255,275,270,244,209,176
MA15,64/09/10,148,136,141,162,191,220,247,265,264,245,213,180,151,138,142,161,188,214,237,258,259,237,204,170
MA15,64/09/11,138,116,111,127,153,183,210,232,242,236,215,190,165,148,147,158,179,200,220,239,249,244,217,182
MA15,64/09/12,152,129,122,127,141,160,183,203,219,229,223,207,186,171,164,168,179,193,211,228,239,240,224,199
MA15,64/09/13,172,148,136,133,138,150,164,181,198,211,218,217,207,197,191,194,200,207,219,231,242,250,247,230
MA15,64/09/14,208,185,167,154,151,154,161,169,178,190,200,206,210,211,208,206,207,210,215,221,227,234,235,225
MA15,64/09/15,208,191,176,165,159,156,157,161,165,172,181,190,199,206,211,213,215,215,215,216,218,220,222,223
MA15,64/09/16,218,207,197,187,178,165,154,147,147,151,159,168,180,192,204,213,220,223,219,208,202,205,211,218
MA15,64/09/17,221,219,213,204,193,175,157,139,129,131,136,144,155,169,184,199,212,220,222,211,198,191,191,195
MA15,64/09/18,201,209,216,220,213,193,170,134,127,117,120,127,137,152,169,188,205,218,226,216,194,178,176,182
MA15,64/09/19,191,205,219,232,240,230,205,174,150,134,125,128,136,147,164,184,205,223,235,231,200,174,162,164
MA15,64/09/20,172,185,203,221,236,242,216,180,144,115,100,100,107,120,139,163,189,213,228,235,204,170,149,145
MA15,64/09/21,154,167,186,208,230,247,253,223,185,144,116,106,110,119,135,154,177,201,222,233,223,186,154,138
MA15,64/09/22,138,150,167,192,216,238,252,242,202,164,127,105,101,109,120,202,239,263,269,254,225,190,154,128
MA15,64/09/23,119,131,164,205,244,270,273,258,227,191,151,117,103,112,141,184,226,260,276,270,247,207,167,131
MA15,64/09/24,113,117,140,175,216,249,271,270,250,219,180,146,121,120,139,173,214,250,272,273,256,225,183,146
MA15,64/09/25,117,107,120,155,192,231,266,289,299,297,282,260,237,219,210,209,222,249,278,298,293,261,211,162
MA15,64/09/26,119,101,104,128,159,194,227,251,261,252,227,195,170,159,163,179,207,236,257,266,261,242,213,178
MA15,64/09/27,141,113,100,106,129,164,197,216,240,245,235,217,198,182,170,173,186,210,234,250,252,240,218,189
MA15,64/09/28,161,135,117,109,116,134,159,184,208,223,229,224,215,205,198,198,205,218,230,241,248,249,237,217
MA15,64/09/29,194,172,153,139,131,132,142,158,178,197,215,224,226,222,216,212,211,214,218,222,225,225,224,219
MA15,64/09/30,209,195,179,160,140,124,119,125,137,155,174,192,208,222,230,232,230,222,215,211,211,214,220,226
MA15,64/10/01,228,225,215,199,178,157,137,125,122,132,151,174,198,222,241,250,250,241,226,210,197,193,197,209
MA15,64/10/02,221,233,238,235,220,196,167,140,122,116,123,145,175,207,235,253,255,247,227,200,177,164,159,170
MA15,64/10/03,190,213,180,239,234,215,183,146,114,095,094,113,136,163,194,226,247,253,233,204,173,150,139,145
MA15,64/10/04,165,192,220,241,248,237,212,175,134,104,087,092,109,133,169,208,239,284,242,212,174,142,123,119
MA15,64/10/05,136,165,199,232,255,259,242,213,174,134,106,100,119,147,176,208,242,264,269,239,204,167,139,125
MA15,64/10/06,138,156,188,223,254,278,277,249,214,173,138,117,116,133,162,201,237,262,268,242,203,157,118,095
MA15,64/10/07,096,116,151,191,226,251,262,252,220,181,141,111,104,119,154,188,222,250,264,249,216,174,135,104
MA15,64/10/08,093,103,130,167,206,239,259,263,247,219,185,153,133,134,146,170,205,237,258,262,236,197,158,123
MA15,64/10/09,102,098,108,127,150,179,207,231,244,241,213,186,162,153,158,171,192,216,239,256,260,227,191,155
MA15,64/10/10,123,105,107,117,136,160,186,211,258,246,222,197,176,167,170,187,212,234,252,256,246,222,186,149
MA15,64/10/11,120,103,104,118,143,170,197,218,230,230,219,200,181,168,167,176,195,217,235,240,234,215,191,163
MA15,64/10/12,135,115,106,110,125,146,172,193,210,219,218,209,196,183,178,181,192,209,224,231,229,220,203,181
MA15,64/10/13,161,141,128,124,128,139,156,176,193,206,212,211,206,200,196,196,200,208,214,218,220,216,206,192
MA15,64/10/14,175,160,147,139,137,139,146,155,170,187,201,209,211,208,205,204,207,210,211,208,207,205,204,201
MA15,64/10/15,194,181,167,152,142,139,140,145,152,161,174,188,203,216,224,227,224,217,209,200,196,197,200,203
MA15,64/10/16,205,206,201,193,180,165,152,143,143,153,169,189,210,230,246,253,250,238,222,205,191,184,188,201
MA15,64/10/17,216,227,231,225,210,190,168,150,140,139,150,171,199,229,254,271,275,264,239,210,187,173,175,187
MA15,64/10/18,205,223,236,239,230,210,182,154,133,118,118,131,155,188,219,245,251,241,213,180,150,131,128,141
MA15,64/10/19,164,193,218,233,234,220,193,162,131,110,103,112,136,171,210,241,257,254,235,200,165,132,111,115
MA15,64/10/20,138,171,204,235,252,249,230,195,155,121,102,101,124,157,195,229,254,263,246,211,168,128,101,094
MA15,64/10/21,112,145,187,228,256,267,258,232,191,155,125,111,119,148,188,229,260,273,262,231,184,138,098,079
MA15,64/10/22,084,111,154,201,240,265,268,250,217,180,140,118,116,136,171,212,249,267,264,239,199,153,107,075
MA15,64/10/23,068,086,119,164,208,242,262,259,239,205,167,139,127,135,161,196,228,256,265,252,220,174,126,085
MA15,64/10/24,064,067,095,134,175,215,246,261,258,235,202,170,148,145,159,189,222,248,261,256,233,197,154,115
MA15,64/10/25,084,066,069,096,132,173,209,230,238,231,209,185,167,162,168,187,211,233,246,249,238,214,180,144
MA15,64/10/26,107,081,072,082,107,142,176,205,228,237,232,213,193,179,179,188,202,218,231,238,234,221,199,169
MA15,64/10/27,138,108,090,086,095,114,139,165,191,212,221,218,207,195,189,191,198,208,214,219,222,220,213,198
MA15,64/10/28,175,149,125,110,110,118,131,147,165,186,207,217,222,220,215,211,209,209,210,211,212,214,215,210
MA15,64/10/29,202,186,168,149,133,126,128,137,152,172,193,212,224,230,231,228,221,212,201,191,189,193,199,203
MA15,64/10/30,203,200,192,179,164,145,129,118,121,136,156,180,202,219,229,231,224,210,190,171,159,158,169,184
MA15,64/10/31,198,209,212,205,190,165,142,124,113,117,135,158,182,204,221,229,227,212,187,160,138,129,137,156
MA15,64/11/01,9999,9999,9999,9999,9999,9999,9999,9999,9999,9999,9999,9999,9999,9999,9999,9999,9999,9999,9999,9999,9999,9999,9999,9999
MA15,64/11/02,9999,9999,9999,9999,9999,9999,9999,9999,9999,9999,9999,9999,9999,9999,9999,9999,9999,9999,9999,9999,9999,9999,9999,9999
MA15,64/11/03,9999,9999,9999,9999,9999,9999,9999,9999,9999,9999,9999,9999,9999,9999,9999,9999,9999,9999,9999,9999,9999,9999,9999,9999
MA15,64/11/04,9999,9999,9999,9999,9999,9999,9999,9999,9999,9999,9999,9999,9999,9999,9999,9999,9999,9999,9999,9999,9999,9999,9999,9999
MA15,64/11/05,9999,9999,9999,9999,9999,9999,9999,9999,9999,9999,9999,9999,9999,9999,9999,9999,9999,9999,9999,9999,9999,9999,9999,9999
MA15,64/11/06,9999,9999,9999,9999,9999,9999,9999,9999,9999,9999,9999,9999,9999,9999,9999,9999,9999,9999,9999,9999,9999,9999,9999,9999
MA15,64/11/07,9999,9999,9999,9999,9999,9999,9999,9999,9999,9999,9999,9999,9999,9999,9999,9999,9999,9999,9999,9999,9999,9999,9999,9999
MA15,64/11/08,9999,9999,9999,9999,9999,9999,9999,9999,9999,9999,9999,9999,9999,9999,9999,9999,9999,9999,9999,9999,9999,9999,9999,9999
MA15,64/11/09,9999,9999,9999,9999,9999,9999,9999,9999,9999,9999,9999,9999,9999,9999,9999,9999,9999,9999,9999,9999,9999,9999,9999,9999
MA15,64/11/10,9999,9999,9999,9999,9999,9999,9999,9999,9999,9999,9999,9999,9999,9999,9999,9999,9999,9999,9999,9999,9999,9999,9999,9999
MA15,64/11/11,9999,9999,9999,9999,9999,9999,9999,9999,9999,9999,9999,9999,9999,9999,9999,9999,9999,9999,9999,9999,9999,9999,9999,9999
MA15,64/11/12,9999,9999,9999,9999,9999,9999,9999,9999,9999,9999,9999,9999,9999,9999,9999,9999,9999,9999,9999,9999,9999,9999,9999,9999
MA15,64/11/13,9999,9999,9999,9999,9999,9999,9999,9999,9999,9999,9999,9999,9999,9999,9999,9999,9999,9999,9999,9999,9999,9999,9999,9999
MA15,64/11/14,9999,9999,9999,9999,9999,9999,9999,9999,9999,9999,9999,9999,9999,9999,9999,9999,9999,9999,9999,9999,9999,9999,9999,9999
MA15,64/11/15,9999,9999,9999,9999,9999,9999,9999,9999,9999,9999,9999,9999,9999,9999,9999,9999,9999,9999,9999,9999,9999,9999,9999,9999
MA15,64/11/16,9999,9999,9999,9999,9999,9999,9999,9999,9999,9999,9999,9999,9999,9999,9999,9999,9999,9999,9999,9999,9999,9999,9999,9999
MA15,64/11/17,9999,9999,9999,9999,9999,9999,9999,9999,9999,9999,9999,9999,9999,9999,9999,9999,9999,9999,9999,9999,9999,9999,9999,9999
MA15,64/11/18,9999,9999,9999,9999,9999,9999,9999,9999,9999,9999,9999,9999,9999,9999,9999,9999,9999,9999,9999,9999,9999,9999,9999,9999
MA15,64/11/19,9999,9999,9999,9999,9999,9999,9999,9999,9999,9999,9999,9999,9999,9999,9999,9999,9999,9999,9999,9999,9999,9999,9999,9999
MA15,64/11/20,9999,9999,9999,9999,9999,9999,9999,9999,9999,9999,9999,9999,9999,9999,9999,9999,9999,9999,9999,9999,9999,9999,9999,9999
MA15,64/11/21,9999,9999,9999,9999,9999,9999,9999,9999,9999,9999,9999,9999,9999,9999,9999,9999,9999,9999,9999,9999,9999,9999,9999,9999
MA15,64/11/22,9999,9999,9999,9999,9999,9999,9999,9999,9999,9999,9999,9999,9999,9999,9999,9999,9999,9999,9999,9999,9999,9999,9999,9999
MA15,64/11/23,9999,9999,9999,9999,9999,9999,9999,9999,9999,9999,9999,9999,9999,9999,9999,9999,9999,9999,9999,9999,9999,9999,9999,9999
MA15,64/11/24,9999,9999,9999,9999,9999,9999,9999,9999,9999,9999,9999,9999,9999,9999,9999,9999,9999,9999,9999,9999,9999,9999,9999,9999
MA15,64/11/25,9999,9999,9999,9999,9999,9999,9999,9999,9999,9999,9999,9999,9999,9999,9999,9999,9999,9999,9999,9999,9999,9999,9999,9999
MA15,64/11/26,9999,9999,9999,9999,9999,9999,9999,9999,9999,9999,9999,9999,9999,9999,9999,9999,9999,9999,9999,9999,9999,9999,9999,9999
MA15,64/11/27,9999,9999,9999,9999,9999,9999,9999,9999,9999,9999,9999,9999,9999,9999,9999,9999,9999,9999,9999,9999,9999,9999,9999,9999
MA15,64/11/28,9999,9999,9999,9999,9999,9999,9999,9999,9999,9999,9999,9999,9999,9999,9999,9999,9999,9999,9999,9999,9999,9999,9999,9999
MA15,64/11/29,9999,9999,9999,9999,9999,9999,9999,9999,9999,9999,9999,9999,9999,9999,9999,9999,9999,9999,9999,9999,9999,9999,9999,9999
MA15,64/11/30,9999,9999,9999,9999,9999,9999,9999,9999,9999,9999,9999,9999,9999,9999,9999,9999,9999,9999,9999,9999,9999,9999,9999,9999
MA15,64/12/01,9999,9999,9999,9999,9999,9999,9999,9999,9999,9999,9999,9999,9999,9999,9999,9999,9999,9999,9999,9999,9999,9999,9999,9999
MA15,64/12/02,9999,9999,9999,9999,9999,9999,9999,9999,9999,9999,9999,9999,9999,9999,9999,9999,9999,9999,9999,9999,9999,9999,9999,9999
MA15,64/12/03,9999,9999,9999,9999,9999,9999,9999,9999,9999,9999,9999,9999,9999,9999,9999,9999,9999,9999,9999,9999,9999,9999,9999,9999
MA15,64/12/04,9999,9999,9999,9999,9999,9999,9999,9999,9999,9999,9999,9999,9999,9999,9999,9999,9999,9999,9999,9999,9999,9999,9999,9999
MA15,64/12/05,9999,9999,9999,9999,9999,9999,9999,9999,9999,9999,9999,9999,9999,9999,9999,9999,9999,9999,9999,9999,9999,9999,9999,9999
MA15,64/12/06,9999,9999,9999,9999,9999,9999,9999,9999,9999,9999,9999,9999,9999,9999,9999,9999,9999,9999,9999,9999,9999,9999,9999,9999
MA15,64/12/07,9999,9999,9999,9999,9999,9999,9999,9999,9999,9999,9999,9999,9999,9999,9999,9999,9999,9999,9999,9999,9999,9999,9999,9999
MA15,64/12/08,9999,9999,9999,9999,9999,9999,9999,9999,9999,9999,9999,9999,9999,9999,9999,9999,9999,9999,9999,9999,9999,9999,9999,9999
MA15,64/12/09,9999,9999,9999,9999,9999,9999,9999,9999,9999,9999,9999,9999,9999,9999,9999,9999,9999,9999,9999,9999,9999,9999,9999,9999
MA15,64/12/10,9999,9999,9999,9999,9999,9999,9999,9999,9999,9999,9999,9999,9999,9999,9999,9999,9999,9999,9999,9999,9999,9999,9999,9999
MA15,64/12/11,9999,9999,9999,9999,9999,9999,9999,9999,9999,9999,9999,9999,9999,9999,9999,9999,9999,9999,9999,9999,9999,9999,9999,9999
MA15,64/12/12,9999,9999,9999,9999,9999,9999,9999,9999,9999,9999,9999,9999,9999,9999,9999,9999,9999,9999,9999,9999,9999,9999,9999,9999
MA15,64/12/13,9999,9999,9999,9999,9999,9999,9999,9999,9999,9999,9999,9999,9999,9999,9999,9999,9999,9999,9999,9999,9999,9999,9999,9999
MA15,64/12/14,9999,9999,9999,9999,9999,9999,9999,9999,9999,9999,9999,9999,9999,9999,9999,9999,9999,9999,9999,9999,9999,9999,9999,9999
MA15,64/12/15,9999,9999,9999,9999,9999,9999,9999,9999,9999,9999,9999,9999,9999,9999,9999,9999,9999,9999,9999,9999,9999,9999,9999,9999
MA15,64/12/16,9999,9999,9999,9999,9999,9999,9999,9999,9999,9999,9999,9999,9999,9999,9999,9999,9999,9999,9999,9999,9999,9999,9999,9999
MA15,64/12/17,9999,9999,9999,9999,9999,9999,9999,9999,9999,9999,9999,9999,9999,9999,9999,9999,9999,9999,9999,9999,9999,9999,9999,9999
MA15,64/12/18,9999,9999,9999,9999,9999,9999,9999,9999,9999,9999,9999,9999,9999,9999,9999,9999,9999,9999,9999,9999,9999,9999,9999,9999
MA15,64/12/19,9999,9999,9999,9999,9999,9999,9999,9999,9999,9999,9999,9999,9999,9999,9999,9999,9999,9999,9999,9999,9999,9999,9999,9999
MA15,64/12/20,9999,9999,9999,9999,9999,9999,9999,9999,9999,9999,9999,9999,9999,9999,9999,9999,9999,9999,9999,9999,9999,9999,9999,9999
MA15,64/12/21,9999,9999,9999,9999,9999,9999,9999,9999,9999,9999,9999,9999,9999,9999,9999,9999,9999,9999,9999,9999,9999,9999,9999,9999
MA15,64/12/22,9999,9999,9999,9999,9999,9999,9999,9999,9999,9999,9999,9999,9999,9999,9999,9999,9999,9999,9999,9999,9999,9999,9999,9999
MA15,64/12/23,9999,9999,9999,9999,9999,9999,9999,9999,9999,9999,9999,9999,9999,9999,9999,9999,9999,9999,9999,9999,9999,9999,9999,9999
MA15,64/12/24,9999,9999,9999,9999,9999,9999,9999,9999,9999,9999,9999,9999,9999,9999,9999,9999,9999,9999,9999,9999,9999,9999,9999,9999
MA15,64/12/25,9999,9999,9999,9999,9999,9999,9999,9999,9999,9999,9999,9999,9999,9999,9999,9999,9999,9999,9999,9999,9999,9999,9999,9999
MA15,64/12/26,9999,9999,9999,9999,9999,9999,9999,9999,9999,9999,9999,9999,9999,9999,9999,9999,9999,9999,9999,9999,9999,9999,9999,9999
MA15,64/12/27,9999,9999,9999,9999,9999,9999,9999,9999,9999,9999,9999,9999,9999,9999,9999,9999,9999,9999,9999,9999,9999,9999,9999,9999
MA15,64/12/28,9999,9999,9999,9999,9999,9999,9999,9999,9999,9999,9999,9999,9999,9999,9999,9999,9999,9999,9999,9999,9999,9999,9999,9999
MA15,64/12/29,9999,9999,9999,9999,9999,9999,9999,9999,9999,9999,9999,9999,9999,9999,9999,9999,9999,9999,9999,9999,9999,9999,9999,9999
MA15,64/12/30,9999,9999,9999,9999,9999,9999,9999,9999,9999,9999,9999,9999,9999,9999,9999,9999,9999,9999,9999,9999,9999,9999,9999,9999
MA15,64/12/31,9999,9999,9999,9999,9999,9999,9999,9999,9999,9999,9999,9999,9999,9999,9999,9999,9999,9999,9999,9999,9999,9999,9999,9999
