MA15,78/01/01,177,155,138,138,153,180,212,240,257,262,253,239,215,193,175,170,177,192,208,218,223,222,215,203
MA15,78/01/02,183,162,146,137,139,152,176,203,228,238,240,229,210,191,174,163,160,162,169,179,192,203,208,208
MA15,78/01/03,198,184,168,158,154,158,170,189,211,234,246,246,232,211,194,179,170,161,155,153,163,178,195,209
MA15,78/01/04,210,202,194,187,179,173,170,178,194,206,232,240,234,221,208,195,183,165,150,139,144,165,186,203
MA15,78/01/05,216,222,226,226,218,206,190,182,186,203,223,239,244,243,234,221,200,177,148,123,112,118,139,164
MA15,78/01/06,189,211,225,236,234,222,202,183,172,177,193,214,234,241,240,234,218,195,160,125,096,087,098,125
MA15,78/01/07,158,187,215,237,248,244,229,208,185,167,170,189,214,234,244,244,234,213,177,134,090,066,062,078
MA15,78/01/08,107,146,193,218,242,252,240,219,192,174,164,167,186,214,241,260,268,254,220,175,125,086,067,068
MA15,78/01/09,088,120,163,207,243,266,268,252,229,201,182,177,189,217,247,271,283,281,262,229,186,139,096,072
MA15,78/01/10,072,097,142,189,232,263,277,269,243,206,178,156,156,170,197,227,248,256,252,232,194,148,099,062
MA15,78/01/11,048,061,099,142,189,224,249,258,249,227,196,167,146,143,164,200,242,267,276,258,216,187,149,112
MA15,78/01/12,080,072,091,130,178,221,251,264,264,250,223,194,165,149,155,180,217,247,262,254,231,202,174,140
MA15,78/01/13,110,086,085,108,150,192,225,243,251,244,225,200,173,146,139,153,184,218,243,250,240,224,201,176
MA15,78/01/14,147,120,108,117,150,183,218,240,252,250,236,216,191,169,150,148,163,188,214,230,234,224,208,185
MA15,78/01/15,163,143,129,129,146,171,201,215,240,248,243,228,202,178,160,156,162,178,194,209,220,226,224,212
MA15,78/01/16,194,174,159,149,152,161,181,207,225,235,235,223,208,191,173,157,148,148,156,165,177,185,192,194
MA15,78/01/17,186,174,163,155,153,159,173,191,210,222,226,222,212,202,189,174,158,146,142,149,159,172,183,192
MA15,78/01/18,194,193,191,190,186,181,182,189,200,216,225,229,224,214,205,195,183,166,151,138,142,154,173,194
MA15,78/01/19,202,210,213,214,213,208,202,197,202,210,221,230,235,231,225,217,203,181,158,132,120,124,143,165
MA15,78/01/20,182,197,210,217,219,216,206,194,190,192,200,212,222,228,231,228,216,196,170,144,120,108,118,140
MA15,78/01/21,168,194,211,228,234,230,222,208,196,192,196,209,224,239,249,254,252,236,210,177,137,109,108,127
MA15,78/01/22,159,188,215,238,252,254,243,227,210,193,185,187,200,216,234,243,245,233,207,170,128,097,084,093
MA15,78/01/23,114,141,178,209,236,244,238,220,197,178,164,163,176,193,221,242,255,250,225,187,145,110,087,083
MA15,78/01/24,096,124,161,201,235,254,254,237,213,190,174,167,170,188,214,244,268,273,255,225,182,146,110,090
MA15,78/01/25,088,105,140,177,223,251,259,248,229,204,180,158,152,162,190,224,256,268,259,231,192,154,119,094
MA15,78/01/26,085,094,122,166,212,245,261,257,240,214,185,164,151,154,171,202,239,264,271,256,220,184,144,117
MA15,78/01/27,096,100,118,158,204,242,268,276,262,239,206,181,162,154,166,193,229,256,270,264,242,206,172,137
MA15,78/01/28,109,098,104,131,172,216,245,260,254,234,204,174,150,138,139,158,189,224,249,253,240,214,182,152
MA15,78/01/29,123,104,100,118,151,190,227,247,256,243,220,190,162,141,134,148,173,204,229,238,237,225,207,181
MA15,78/01/30,153,130,118,126,152,187,222,245,256,251,234,212,185,162,147,146,158,180,206,224,232,228,219,204
MA15,78/01/31,184,161,145,142,154,175,203,230,246,249,239,220,198,176,152,142,143,154,170,187,202,211,215,212
MA15,78/02/01,198,183,168,160,159,172,190,212,233,248,249,243,225,205,180,158,146,140,146,153,160,170,186,205
MA15,78/02/02,216,206,188,173,165,169,182,198,207,221,227,231,226,214,194,172,153,142,136,137,142,151,165,184
MA15,78/02/03,202,215,218,208,196,186,185,191,200,209,219,226,231,227,214,195,170,146,119,106,106,113,130,149
MA15,78/02/04,175,200,217,223,216,202,188,183,182,187,195,206,220,228,228,220,202,180,146,115,090,085,100,125
MA15,78/02/05,157,186,211,229,239,235,219,198,177,169,174,190,214,232,240,238,228,210,177,136,096,073,071,089
MA15,78/02/06,122,157,193,223,244,250,238,217,189,166,157,164,187,216,240,255,257,246,217,179,133,094,072,073
MA15,78/02/07,095,133,180,217,246,260,259,242,214,183,160,153,168,196,232,260,273,270,250,215,166,122,085,070
MA15,78/02/08,077,105,147,190,228,252,259,249,223,190,154,135,134,155,194,231,260,269,258,228,187,145,101,070
MA15,78/02/09,064,080,118,164,206,239,256,254,235,204,165,136,116,124,154,194,235,262,265,248,213,172,127,096
MA15,78/02/10,078,080,102,143,193,235,263,273,262,236,200,166,143,136,150,180,219,254,274,270,248,208,168,132
MA15,78/02/11,108,101,110,139,175,212,244,260,255,232,196,165,139,122,125,143,173,209,238,252,244,219,184,154
MA15,78/02/12,127,115,114,134,165,197,228,248,252,238,210,177,149,128,117,121,147,181,213,233,235,220,202,180
MA15,78/02/13,157,140,134,142,164,193,224,247,254,248,227,201,171,147,132,131,144,166,193,212,223,221,210,193
MA15,78/02/14,175,156,147,146,156,178,201,223,237,238,227,208,185,163,143,135,136,147,165,187,202,210,209,203
MA15,78/02/15,190,177,165,170,177,187,199,214,225,233,232,221,204,182,166,154,146,144,148,158,169,177,187,194
MA15,78/02/16,196,188,181,173,174,179,188,197,207,213,220,217,210,198,182,168,155,148,144,148,155,164,176,188
MA15,78/02/17,196,199,195,193,190,188,192,198,202,207,211,214,214,212,203,192,175,160,146,137,135,143,157,175
MA15,78/02/18,190,204,212,217,216,211,202,197,196,201,208,215,220,222,220,213,200,180,156,131,115,113,125,140
MA15,78/02/19,166,187,204,216,218,213,202,191,181,180,185,196,209,220,228,230,224,208,184,156,132,117,116,131
MA15,78/02/20,158,184,210,228,236,231,218,202,184,176,173,180,194,214,233,245,242,228,200,168,132,111,107,117
MA15,78/02/21,142,174,203,230,247,252,238,220,196,174,164,167,182,203,227,241,246,238,207,185,146,108,090,089
MA15,78/02/22,110,144,180,214,239,248,242,226,196,171,150,147,157,185,214,243,260,262,246,205,173,134,101,090
MA15,78/02/23,100,130,169,208,240,260,260,247,219,184,155,136,135,158,188,218,238,246,234,215,180,144,106,075
MA15,78/02/24,069,088,129,176,217,242,249,238,214,184,150,124,116,128,158,197,233,256,259,244,215,175,133,099
MA15,78/02/25,085,090,119,161,205,239,255,253,233,202,166,131,112,111,134,170,212,245,261,255,230,196,157,120
MA15,78/02/26,096,091,107,140,181,221,248,258,242,215,176,138,113,104,116,144,183,220,247,256,245,219,184,149
MA15,78/02/27,120,106,110,135,170,209,241,258,254,233,200,162,131,115,114,133,162,196,226,243,245,230,207,176
MA15,78/02/28,145,125,119,133,161,194,224,245,252,241,214,181,147,123,115,123,146,173,203,224,240,247,246,241
MA15,78/03/01,227,195,163,150,177,209,238,244,243,235,227,210,183,145,112,095,097,122,152,177,191,194,193,189
MA15,78/03/02,181,171,159,152,153,165,186,208,227,229,219,200,178,157,136,121,116,119,134,152,171,185,194,197
MA15,78/03/03,195,192,184,178,173,173,182,198,214,227,225,216,200,185,168,152,137,128,127,133,145,163,180,197
MA15,78/03/04,210,218,218,214,209,203,202,205,217,228,235,238,235,230,221,203,180,151,135,122,122,136,159,179
MA15,78/03/05,196,207,216,222,222,216,200,187,180,183,196,209,219,224,220,209,194,174,148,124,106,102,115,139
MA15,78/03/06,168,196,218,232,234,222,206,185,170,164,165,179,200,223,238,238,224,202,174,142,110,093,091,107
MA15,78/03/07,137,171,204,231,242,238,221,196,169,150,142,151,176,204,233,246,246,232,204,170,132,100,082,084
MA15,78/03/08,107,144,185,222,244,250,238,214,183,151,130,126,140,171,211,240,255,256,232,204,161,121,088,070
MA15,78/03/09,091,111,153,199,232,248,245,225,193,157,123,104,106,131,169,213,243,258,250,227,189,145,108,085
MA15,78/03/10,083,104,138,184,228,257,265,252,224,185,149,122,113,129,165,212,254,283,292,282,252,210,168,139
MA15,78/03/11,126,138,165,199,238,270,288,284,264,227,185,148,127,126,148,185,224,258,275,270,250,214,179,146
MA15,78/03/12,124,120,136,170,208,245,268,273,260,228,191,151,121,109,116,146,183,225,254,264,252,226,196,165
MA15,78/03/13,144,129,132,155,186,222,248,260,252,229,195,160,129,110,107,123,156,185,227,247,249,235,209,179
MA15,78/03/14,155,143,144,155,177,204,230,252,253,238,210,179,145,125,113,118,139,166,196,222,232,230,213,193
MA15,78/03/15,173,157,150,158,171,194,216,234,242,233,214,189,164,141,125,118,125,150,175,196,211,217,210,200
MA15,78/03/16,187,175,167,167,174,188,205,220,232,232,218,202,182,160,141,129,128,136,152,170,182,194,202,203
MA15,78/03/17,196,189,181,175,180,188,198,208,216,220,215,205,194,179,162,149,141,139,142,150,161,175,187,195
MA15,78/03/18,197,192,190,187,185,183,185,189,193,199,202,201,195,188,178,165,152,140,134,131,138,150,165,180
MA15,78/03/19,194,201,204,204,202,197,190,185,184,189,196,204,208,206,204,197,188,169,147,131,119,126,148,170
MA15,78/03/20,188,200,210,214,211,203,190,176,166,162,167,178,190,201,209,205,194,179,157,133,114,107,116,137
MA15,78/03/21,161,186,206,218,221,214,198,179,161,150,149,163,180,200,214,220,217,202,181,152,123,103,101,120
MA15,78/03/22,148,180,205,225,236,232,214,193,172,153,143,145,170,198,225,246,253,242,216,185,152,121,107,110
MA15,78/03/23,134,171,206,237,253,250,236,209,180,154,136,133,148,180,213,244,263,258,236,200,167,132,108,101
MA15,78/03/24,117,150,187,225,252,259,245,219,185,152,125,110,120,148,182,224,250,259,250,224,185,141,111,094
MA15,78/03/25,105,134,172,214,243,257,246,220,190,151,117,097,100,124,160,201,238,262,263,245,213,170,133,109
MA15,78/03/26,101,121,155,196,232,256,259,242,206,165,124,094,092,099,130,170,212,245,262,255,228,190,151,120
MA15,78/03/27,107,115,138,176,214,244,257,246,220,180,138,106,080,087,107,145,185,225,250,257,242,217,184,150
MA15,78/03/28,127,122,137,171,206,243,262,268,244,212,175,138,105,096,105,130,163,203,240,259,263,245,215,182
MA15,78/03/29,154,145,152,168,192,221,244,257,251,230,196,157,122,100,096,107,135,168,200,225,238,232,218,197
MA15,78/03/30,176,162,157,165,181,202,227,245,252,236,212,179,151,128,117,116,127,144,173,199,219,224,217,208
MA15,78/03/31,200,193,186,178,175,189,207,228,240,235,219,196,172,148,132,120,120,130,145,163,188,201,214,218
MA15,78/04/01,213,205,199,190,184,184,194,204,214,217,209,201,199,176,162,145,129,118,121,132,150,171,188,201
MA15,78/04/02,208,212,208,202,192,182,175,176,186,194,201,203,200,193,183,169,151,135,122,120,126,142,164,184
MA15,78/04/03,204,217,230,228,222,207,188,175,170,182,194,204,214,219,218,212,199,181,159,140,132,136,152,173
MA15,78/04/04,200,222,239,248,239,223,201,177,161,154,164,177,199,218,229,231,220,197,170,141,117,110,117,138
MA15,78/04/05,167,198,225,243,245,230,206,176,148,131,131,148,176,205,228,242,241,229,205,175,145,122,118,132
MA15,78/04/06,159,195,230,253,266,256,236,208,176,152,140,146,168,200,234,267,294,307,284,248,190,137,123,138
MA15,78/04/07,169,199,225,246,263,273,264,236,192,147,115,110,130,167,202,236,258,269,258,236,199,160,129,116
MA15,78/04/08,127,157,196,235,262,269,258,232,199,159,126,102,103,131,172,218,253,270,268,250,222,187,157,134
MA15,78/04/09,128,146,180,222,253,269,264,244,213,175,138,105,094,110,145,195,239,265,273,262,236,204,176,154
MA15,78/04/10,141,144,165,198,232,255,259,244,217,181,142,107,086,084,109,149,191,230,252,254,241,214,185,156
MA15,78/04/11,138,137,153,181,212,238,251,247,229,196,160,121,096,088,099,127,167,205,232,247,243,225,203,178
MA15,78/04/12,162,156,163,183,207,232,250,254,245,219,188,151,124,109,108,125,151,185,216,241,250,244,225,204
MA15,78/04/13,184,176,177,190,206,227,242,253,254,234,205,174,146,129,121,125,140,164,193,218,233,235,224,206
MA15,78/04/14,188,178,176,182,189,204,219,232,235,228,206,182,159,140,128,125,133,149,170,192,209,219,220,213
MA15,78/04/15,202,191,185,184,188,195,204,214,222,221,211,196,180,166,154,145,142,146,158,178,197,212,221,223
MA15,78/04/16,219,213,206,204,201,200,202,209,217,222,220,213,203,192,182,173,161,154,154,168,184,201,220,228
MA15,78/04/17,229,225,219,210,200,194,190,186,189,193,200,201,202,197,189,176,161,148,139,136,144,160,177,195
MA15,78/04/18,206,213,214,210,201,188,175,165,163,168,176,186,196,202,202,198,185,168,152,140,139,150,167,188
MA15,78/04/19,207,224,234,235,228,212,193,176,162,158,163,180,199,217,228,228,219,202,179,155,138,134,146,169
MA15,78/04/20,195,221,240,247,244,228,204,178,157,151,153,169,192,219,241,255,256,240,214,182,157,134,131,143
MA15,78/04/21,174,212,242,256,250,231,203,175,148,126,113,121,142,180,216,240,251,249,227,198,165,139,122,125
MA15,78/04/22,145,179,214,242,254,247,223,191,154,118,095,090,106,141,184,221,245,256,247,220,186,150,124,113
MA15,78/04/23,123,152,191,228,247,250,234,203,165,125,092,073,081,111,154,199,235,258,260,245,214,179,148,125
MA15,78/04/24,121,141,178,218,250,262,255,231,194,152,111,081,075,091,127,173,217,251,270,269,250,216,185,156
MA15,78/04/25,142,147,172,207,244,267,273,258,226,184,142,103,082,084,111,146,190,227,251,263,256,230,201,167
MA15,78/04/26,143,139,152,181,214,243,255,250,230,195,152,113,082,069,073,102,142,187,221,245,251,242,222,195
MA15,78/04/27,169,153,153,169,197,225,245,252,243,221,189,152,121,097,090,103,132,173,204,232,248,251,240,224
MA15,78/04/28,204,184,173,174,186,210,234,249,248,232,206,174,143,119,099,096,110,132,161,190,215,232,233,223
MA15,78/04/29,208,192,182,176,178,190,208,225,234,231,215,194,171,150,127,112,108,120,140,166,190,209,221,227
MA15,78/04/30,224,214,202,190,183,184,191,202,212,217,214,207,196,181,161,142,127,123,132,150,168,186,205,220
MA15,78/05/01,229,230,223,212,198,186,180,182,192,203,213,215,214,208,197,182,165,149,143,144,155,170,190,208
MA15,78/05/02,227,237,240,235,220,199,183,172,172,182,197,214,226,232,231,220,201,177,155,140,141,153,170,190
MA15,78/05/03,207,224,234,236,224,202,174,149,134,136,148,168,188,205,220,226,218,197,173,150,137,136,150,171
MA15,78/05/04,193,214,231,238,234,216,186,154,129,115,120,140,170,198,223,239,239,227,205,178,158,142,142,156
MA15,78/05/05,180,208,233,248,249,232,204,168,135,111,102,111,139,175,210,238,249,245,227,201,174,150,141,143
MA15,78/05/06,158,184,214,237,243,233,208,174,138,104,079,076,095,131,173,212,233,238,228,206,180,154,134,127
MA15,78/05/07,139,164,196,224,242,242,224,192,152,112,080,068,078,104,144,186,222,243,244,226,200,170,142,132
MA15,78/05/08,138,154,181,210,234,244,238,210,173,130,090,066,065,084,118,167,207,233,246,238,218,189,162,143
MA15,78/05/09,138,148,175,205,233,248,245,227,197,157,119,089,074,083,115,158,198,231,250,252,240,218,193,173
MA15,78/05/10,160,163,181,209,237,257,260,247,222,188,152,118,097,091,108,142,182,221,248,260,256,236,215,191
MA15,78/05/11,174,171,180,199,224,244,253,246,224,198,168,135,110,091,093,116,152,189,220,239,242,232,214,193
MA15,78/05/12,174,164,167,180,200,220,235,238,228,208,180,149,122,104,100,113,136,168,198,222,233,232,220,203
MA15,78/05/13,186,172,166,172,183,200,213,222,223,210,188,160,133,113,103,105,119,142,168,194,213,221,219,208
MA15,78/05/14,190,175,169,169,176,185,194,205,211,209,197,178,156,137,123,115,119,133,152,177,198,212,217,215
MA15,78/05/15,203,190,180,174,174,176,181,190,199,204,201,192,179,164,151,139,133,134,143,162,181,201,215,219
MA15,78/05/16,215,205,196,187,179,173,171,175,183,193,196,197,193,185,176,161,150,143,141,147,160,181,202,217
MA15,78/05/17,220,218,211,199,187,174,162,155,159,169,182,195,201,202,196,186,172,159,150,145,150,166,189,213
MA15,78/05/18,229,232,228,215,200,185,167,151,142,145,160,182,203,218,220,215,202,186,170,156,154,162,184,211
MA15,78/05/19,236,252,258,249,233,212,187,165,152,152,166,193,216,235,247,256,254,240,218,194,176,172,182,205
MA15,78/05/20,232,257,270,272,260,235,204,170,147,129,128,144,173,211,242,259,263,250,226,200,177,161,159,172
MA15,78/05/21,195,229,256,268,265,243,211,174,140,113,101,108,135,176,220,255,273,274,257,231,204,191,165,166
MA15,78/05/22,182,212,246,270,278,266,237,197,155,117,094,087,105,143,185,230,262,277,275,257,227,195,173,160
MA15,78/05/23,167,190,225,257,275,272,251,216,176,133,099,078,079,105,145,194,232,265,278,271,250,220,194,175
MA15,78/05/24,164,175,202,236,266,279,271,244,207,164,123,093,079,088,116,159,203,244,270,277,269,245,217,192
MA15,78/05/25,175,173,188,216,244,267,272,258,230,190,145,105,078,072,085,119,159,203,237,258,260,248,227,201
MA15,78/05/26,180,166,168,188,218,246,262,258,240,207,173,136,105,086,084,102,133,171,207,237,252,252,240,222
MA15,78/05/27,202,183,177,182,199,222,244,254,252,231,206,178,149,126,112,112,131,160,192,220,245,253,251,240
MA15,78/05/28,225,207,191,182,187,199,219,236,245,237,219,198,176,154,137,125,127,140,167,198,220,235,244,244
MA15,78/05/29,234,221,206,190,180,182,193,211,227,232,227,217,202,186,169,155,145,149,160,179,203,223,237,249
MA15,78/05/30,248,237,223,208,192,182,180,189,199,213,224,228,224,216,204,190,176,168,170,180,194,212,227,240
MA15,78/05/31,250,250,240,222,201,180,162,158,168,183,199,212,220,225,223,216,201,185,172,171,179,196,214,231
MA15,78/06/01,243,248,245,237,219,196,173,153,144,154,170,190,207,221,226,224,213,200,185,172,164,171,186,206
MA15,78/06/02,225,238,242,236,220,195,168,142,123,120,130,152,178,206,226,237,232,218,200,184,172,169,176,182
MA15,78/06/03,213,231,245,245,234,211,185,155,127,108,105,123,156,190,219,239,243,235,221,202,182,171,170,180
MA15,78/06/04,201,226,244,255,252,234,206,173,140,113,099,106,129,168,205,236,255,260,250,231,209,188,181,185
MA15,78/06/05,199,222,244,262,268,256,230,195,158,123,102,097,114,147,186,226,254,266,263,247,226,202,183,177
MA15,78/06/06,183,203,227,250,260,260,242,211,174,133,100,084,090,117,156,197,230,251,258,247,227,200,177,165
MA15,78/06/07,165,177,200,229,247,256,246,220,186,147,110,084,078,097,129,172,209,239,256,256,241,215,190,169
MA15,78/06/08,163,171,193,215,238,250,250,235,206,167,128,100,082,089,112,150,188,222,245,254,245,225,202,181
MA15,78/06/09,167,165,178,201,224,240,249,240,220,188,152,119,095,088,103,133,168,205,233,249,249,235,215,193
MA15,78/06/10,176,168,172,186,207,228,241,242,228,205,177,143,118,103,103,124,153,187,213,241,248,245,230,211
MA15,78/06/11,194,179,172,181,199,218,234,245,240,225,202,173,150,132,126,132,148,174,205,236,257,258,245,227
MA15,78/06/12,207,191,184,183,192,205,221,233,239,232,218,196,174,152,140,134,143,163,192,218,242,255,254,242
MA15,78/06/13,225,206,193,184,185,192,204,217,228,231,224,211,194,178,163,151,151,158,181,206,228,248,253,247
MA15,78/06/14,235,218,204,191,182,176,182,194,206,217,221,218,204,194,181,168,159,158,166,181,204,226,242,246
MA15,78/06/15,239,224,209,192,178,168,161,163,172,188,200,211,215,207,200,190,179,171,166,173,186,208,227,241
MA15,78/06/16,245,240,228,214,194,174,158,148,151,164,182,200,214,221,221,213,200,188,173,166,172,186,206,226
MA15,78/06/17,241,246,236,224,204,177,154,134,124,129,145,171,197,222,238,242,233,213,195,180,171,175,189,212
MA15,78/06/18,235,248,251,243,223,194,164,135,116,108,116,139,172,206,236,253,254,243,221,210,181,172,176,193
MA15,78/06/19,218,240,255,260,246,221,186,148,115,094,089,107,137,180,219,249,263,260,246,224,199,177,169,175
MA15,78/06/20,198,226,251,266,263,242,208,168,130,096,076,076,095,139,182,228,257,272,266,245,221,196,180,174
MA15,78/06/21,188,210,244,271,286,278,253,218,178,140,109,092,097,120,162,205,248,277,290,278,256,230,205,186
MA15,78/06/22,182,192,221,252,277,286,273,241,198,156,112,086,077,096,132,178,222,258,278,285,268,246,220,196
MA15,78/06/23,179,178,195,222,254,274,278,258,225,183,138,101,074,068,089,128,173,212,244,262,264,248,224,198
MA15,78/06/24,175,163,174,194,223,249,263,261,240,208,170,132,098,080,085,110,148,186,222,248,260,253,235,210
MA15,78/06/25,184,166,158,168,190,216,240,253,248,224,194,160,131,107,096,102,128,162,198,228,245,249,240,223
MA15,78/06/26,201,181,166,162,174,194,218,236,246,235,215,193,169,149,134,126,137,160,191,218,238,250,250,240
MA15,78/06/27,221,201,181,169,166,176,194,211,224,230,223,208,190,173,159,148,146,154,176,200,225,241,251,247
MA15,78/06/28,234,217,198,182,170,162,168,181,199,216,221,221,208,198,187,177,170,168,176,192,214,230,241,245
MA15,78/06/29,239,228,213,196,176,158,152,156,170,189,199,206,212,212,208,202,192,185,182,191,204,218,231,238
MA15,78/06/30,241,236,226,211,190,168,151,141,143,157,175,190,204,212,217,215,210,199,189,184,184,197,213,226
MA15,78/07/01,234,235,228,216,197,174,149,130,118,124,139,161,183,202,216,220,217,208,197,189,181,182,192,209
MA15,78/07/02,224,236,238,232,214,191,165,139,116,105,114,138,167,197,218,230,233,227,216,202,186,178,182,196
MA15,78/07/03,216,232,242,243,232,213,184,154,127,103,099,117,148,183,211,237,246,248,237,220,202,189,182,192
MA15,78/07/04,208,229,247,256,253,238,211,180,146,116,100,103,128,166,205,236,255,260,255,240,221,200,188,183
MA15,78/07/05,195,217,241,260,267,258,235,204,167,133,108,097,112,142,184,220,248,262,263,250,229,205,188,177
MA15,78/07/06,181,198,225,249,264,264,246,216,182,146,115,096,094,119,151,192,230,253,264,258,240,218,196,180
MA15,78/07/07,173,182,201,229,253,264,261,242,211,174,139,109,098,108,138,176,216,248,268,270,260,240,214,193
MA15,78/07/08,176,173,187,211,238,257,264,253,226,194,156,124,102,102,122,155,195,230,255,263,258,241,217,195
MA15,78/07/09,179,172,179,196,220,243,260,260,242,212,176,142,118,110,120,144,179,211,241,262,266,254,232,205
MA15,78/07/10,180,168,167,179,202,222,242,248,241,224,195,166,137,120,114,139,161,196,228,250,259,254,237,215
MA15,78/07/11,192,175,165,169,186,208,233,249,249,236,212,189,166,149,138,138,156,184,214,240,253,256,245,239
MA15,78/07/12,206,186,169,165,170,186,205,223,232,233,221,205,186,171,159,152,158,175,198,223,244,255,252,241
MA15,78/07/13,219,196,179,165,160,165,178,195,211,220,222,215,202,187,172,162,160,167,183,200,223,239,247,243
MA15,78/07/14,229,209,188,171,160,155,156,167,180,198,213,220,217,208,195,185,178,178,180,192,209,228,243,249
MA15,78/07/15,243,230,210,191,170,154,146,146,154,169,186,204,218,224,224,216,204,193,187,191,203,219,236,248
MA15,78/07/16,253,251,240,223,197,171,148,137,135,145,166,187,214,235,249,254,245,231,215,206,204,210,224,241
MA15,78/07/17,256,263,260,247,224,196,164,140,124,123,136,160,191,222,251,264,267,257,238,219,204,200,205,220
MA15,78/07/18,242,258,269,267,252,226,187,153,122,108,109,129,160,198,233,263,280,279,262,237,215,198,192,204
MA15,78/07/19,222,246,268,279,275,255,223,185,146,113,096,100,125,162,203,244,276,292,289,270,242,214,194,193
MA15,78/07/20,205,230,256,279,291,285,262,226,183,139,107,092,098,127,166,216,256,290,303,290,264,233,203,184
MA15,78/07/21,182,197,222,255,281,290,278,248,208,158,116,085,076,093,126,172,214,256,281,285,270,240,205,177
MA15,78/07/22,165,172,194,229,258,277,285,271,241,199,154,115,093,095,117,154,194,237,272,292,289,268,239,207
MA15,78/07/23,182,172,178,201,232,262,281,284,270,238,198,160,127,110,111,136,172,216,254,279,288,276,249,218
MA15,78/07/24,189,167,161,173,196,227,255,271,268,246,217,179,146,124,122,138,167,199,233,260,276,275,258,230
MA15,78/07/25,197,172,158,159,176,199,226,247,255,248,232,208,180,158,147,149,168,194,222,248,266,276,270,252
MA15,78/07/26,224,195,177,167,169,181,202,224,244,253,246,228,209,187,178,174,181,194,212,232,252,264,266,256
MA15,78/07/27,235,211,189,172,164,168,181,198,218,230,235,230,220,208,196,187,184,190,202,219,235,250,256,252
MA15,78/07/28,238,220,200,183,168,158,158,168,184,200,211,218,217,214,210,204,199,198,199,209,221,236,246,252
MA15,78/07/29,246,234,221,204,188,169,157,157,168,185,202,212,220,224,228,227,221,215,207,207,214,222,237,244
MA15,78/07/30,248,245,238,223,206,185,166,152,148,156,174,195,211,226,236,240,238,230,218,208,201,204,214,229
MA15,78/07/31,240,247,244,236,220,200,174,150,134,131,144,168,194,218,238,248,249,244,234,223,208,196,197,208
MA15,78/08/01,227,243,252,251,237,218,193,164,141,128,129,145,171,203,230,250,262,260,250,235,218,205,202,208
MA15,78/08/02,224,243,260,269,266,250,225,194,163,140,128,136,158,191,225,254,270,273,263,244,224,203,194,195
MA15,78/08/03,208,230,255,274,280,272,251,220,187,155,138,132,145,176,210,246,272,285,282,267,243,219,201,192
MA15,78/08/04,193,208,235,262,282,284,267,240,202,165,137,123,129,150,187,225,261,285,285,273,247,219,193,180
MA15,78/08/05,175,184,205,234,259,274,268,242,204,166,128,105,101,116,150,189,229,256,270,265,245,216,188,168
MA15,78/08/06,159,167,188,217,247,266,270,256,228,192,152,122,104,111,139,176,217,250,272,275,261,236,205,177
MA15,78/08/07,160,158,174,201,231,254,266,264,244,212,174,140,118,115,131,164,205,242,269,278,269,251,222,192
MA15,78/08/08,168,158,166,187,218,246,264,270,262,240,211,178,150,139,143,162,195,226,256,275,278,265,236,207
MA15,78/08/09,179,160,158,173,196,220,244,260,261,248,223,195,166,148,144,156,182,211,240,261,268,262,242,213
MA15,78/08/10,183,159,149,153,169,190,212,230,242,242,228,207,183,165,156,158,174,196,224,250,265,265,253,232
MA15,78/08/11,205,182,166,156,156,168,185,206,227,235,232,223,205,190,177,172,176,189,209,229,247,253,250,236
MA15,78/08/12,214,190,168,152,145,148,162,181,198,214,220,221,216,211,203,195,190,191,202,219,237,248,252,245
MA15,78/08/13,232,215,195,179,165,155,152,158,170,186,203,218,227,232,230,224,216,208,204,209,219,233,245,250
MA15,78/08/14,249,238,221,202,183,165,150,146,149,160,178,200,224,241,252,252,246,233,221,211,210,217,230,242
MA15,78/08/15,251,252,244,229,208,180,153,132,124,131,148,172,201,230,255,268,270,261,242,222,206,200,208,224
MA15,78/08/16,240,256,260,255,238,211,177,146,120,110,116,138,172,207,243,269,280,278,259,236,209,193,190,199
MA15,78/08/17,221,246,269,279,275,253,218,179,143,116,109,121,148,184,224,260,290,298,285,260,224,194,178,179
MA15,78/08/18,198,224,254,278,289,281,253,211,167,127,100,096,112,144,186,229,266,285,285,267,236,203,174,162
MA15,78/08/19,165,187,223,258,285,289,275,244,200,158,120,100,100,124,167,211,251,281,292,283,256,221,186,159
MA15,78/08/20,145,154,184,223,262,284,284,263,229,189,147,116,102,113,147,189,234,266,286,285,267,237,201,169
MA15,78/08/21,148,143,161,195,238,271,285,279,255,225,187,155,132,127,144,178,217,257,283,292,282,258,225,191
MA15,78/08/22,159,142,142,164,198,238,266,276,267,242,209,175,152,138,142,168,202,236,265,278,276,261,235,199
MA15,78/08/23,165,142,135,149,176,208,236,255,261,251,231,204,180,161,158,175,201,230,254,271,276,269,250,223
MA15,78/08/24,193,166,149,147,159,183,211,235,248,249,236,218,200,185,179,182,192,212,232,250,260,260,248,222
MA15,78/08/25,195,168,149,139,142,155,173,194,213,223,224,215,203,190,182,182,190,204,219,234,242,246,244,232
MA15,78/08/26,212,189,168,153,146,148,157,172,188,203,212,214,210,204,198,195,197,203,213,220,227,231,236,231
MA15,78/08/27,221,206,188,169,155,148,148,157,170,184,196,205,210,212,212,210,208,206,206,206,208,214,224,228
MA15,78/08/28,227,216,203,189,174,162,151,148,149,160,173,190,206,217,223,226,222,218,210,202,198,200,210,220
MA15,78/08/29,228,229,226,215,201,184,166,151,145,146,156,173,194,217,235,244,242,231,218,207,198,196,200,209
MA15,78/08/30,221,233,241,240,228,206,179,154,138,132,139,157,181,207,232,251,257,252,239,222,204,193,190,198
MA15,78/08/31,214,231,249,256,252,238,214,188,162,140,126,133,158,193,230,257,266,262,247,226,204,188,182,182
MA15,78/09/01,197,220,246,269,275,262,239,209,179,152,129,122,138,168,208,241,264,269,258,237,207,183,167,160
MA15,78/09/02,171,193,223,252,268,265,246,212,177,144,118,113,127,153,190,226,256,274,273,254,225,195,170,155
MA15,78/09/03,154,173,206,240,267,277,268,242,212,179,145,121,118,137,175,220,258,278,277,262,237,209,183,164
MA15,78/09/04,151,160,186,227,264,287,286,267,232,199,169,141,128,132,161,201,246,279,288,273,248,218,188,161
MA15,78/09/05,144,143,162,198,238,268,279,267,244,211,177,149,134,131,148,180,222,260,279,278,258,225,190,163
MA15,78/09/06,145,138,148,173,207,244,268,273,259,230,199,171,152,139,141,164,203,245,273,280,263,234,199,170
MA15,78/09/07,149,140,141,154,178,216,246,266,262,243,216,192,174,160,151,158,181,220,254,270,264,240,211,179
MA15,78/09/08,154,140,132,138,153,181,212,238,251,243,227,204,189,177,170,169,182,206,236,258,266,253,227,197
MA15,78/09/09,171,153,144,141,145,158,183,210,230,240,232,218,205,197,191,187,188,198,219,242,258,258,243,218
MA15,78/09/10,191,171,160,154,152,156,164,185,209,233,242,242,232,224,221,218,216,213,217,229,241,253,252,240
MA15,78/09/11,218,194,176,160,150,144,142,150,163,184,201,214,220,218,212,206,202,199,199,201,209,219,226,228
MA15,78/09/12,220,208,192,174,156,137,129,131,142,154,170,186,204,220,228,228,221,210,200,191,191,200,209,218
MA15,78/09/13,223,223,218,206,188,166,142,126,120,124,137,159,188,217,237,249,247,236,217,198,184,180,185,201
MA15,78/09/14,217,231,238,237,222,200,168,140,118,108,114,132,161,200,229,251,258,248,229,205,181,165,162,176
MA15,78/09/15,198,226,247,257,254,233,204,168,140,118,109,116,144,183,221,255,273,274,256,226,197,169,155,158
MA15,78/09/16,177,210,244,274,285,278,251,215,179,147,128,129,146,177,218,259,289,298,287,251,215,181,162,156
MA15,78/09/17,165,192,228,268,292,300,285,253,209,170,140,128,137,161,197,238,273,295,294,268,232,190,156,136
MA15,78/09/18,134,153,188,232,266,290,287,265,230,188,154,130,129,148,179,218,254,282,292,278,247,204,163,132
MA15,78/09/19,120,130,158,193,233,266,281,271,248,213,177,149,138,143,163,196,234,267,283,276,252,217,180,145
MA15,78/09/20,121,116,134,168,208,245,270,275,262,234,202,173,157,153,165,188,219,250,272,277,263,236,201,164
MA15,78/09/21,133,116,120,144,180,215,243,260,261,247,222,193,170,162,167,179,202,228,252,263,259,241,212,180
MA15,78/09/22,148,126,120,132,158,185,216,236,250,249,236,215,192,180,177,185,202,220,240,253,259,250,228,201
MA15,78/09/23,171,146,136,136,147,165,187,208,227,236,231,217,205,194,189,194,203,214,228,242,249,248,236,219
MA15,78/09/24,196,174,159,149,148,158,173,193,212,224,228,225,216,210,204,203,205,210,214,222,229,234,232,220
MA15,78/09/25,203,185,172,164,159,158,160,166,180,196,211,221,221,217,212,210,209,208,206,206,209,215,222,223
MA15,78/09/26,217,205,192,182,172,164,158,158,166,178,193,209,217,223,224,223,220,215,206,196,193,199,208,217
MA15,78/09/27,220,217,212,205,195,182,169,151,144,151,167,189,209,223,229,227,226,220,208,194,182,174,180,195
MA15,78/09/28,211,221,221,214,201,184,167,149,138,135,142,160,187,209,227,236,233,223,207,188,174,165,164,174
MA15,78/09/29,193,215,233,238,230,211,186,161,143,134,137,151,174,203,230,249,256,247,225,200,178,164,160,170
MA15,78/09/30,188,212,234,252,258,244,220,188,158,140,132,140,162,193,226,253,263,256,234,203,175,153,141,142
MA15,78/10/01,160,186,217,244,259,254,232,200,167,138,122,122,138,169,206,240,263,267,249,217,181,152,133,131
MA15,78/10/02,143,166,199,235,261,270,258,230,193,159,135,127,134,155,191,230,262,276,266,238,200,165,140,127
MA15,78/10/03,128,143,177,216,254,276,274,253,218,190,160,142,134,144,179,222,264,285,281,255,220,187,158,138
MA15,78/10/04,125,132,157,197,244,278,286,275,249,217,186,157,140,144,170,208,248,276,282,264,234,200,163,134
MA15,78/10/05,117,112,130,164,206,245,268,271,255,228,198,172,151,142,155,182,220,255,276,270,244,207,173,145
MA15,78/10/06,124,113,114,137,171,212,250,266,264,248,222,200,180,168,166,182,207,240,263,269,256,230,198,162
MA15,78/10/07,135,118,114,125,150,181,215,240,250,244,231,210,191,176,172,176,192,215,238,250,247,229,203,177
MA15,78/10/08,152,130,119,117,126,151,179,208,229,240,237,224,212,202,189,186,191,206,223,239,245,239,220,200
MA15,78/10/09,178,157,141,131,129,138,158,181,206,224,235,234,232,227,218,208,200,202,210,223,231,235,229,220
MA15,78/10/10,206,194,177,160,143,135,139,156,174,197,213,225,232,236,234,229,223,215,208,207,213,224,232,233
MA15,78/10/11,225,214,203,191,178,165,152,146,155,172,196,220,237,245,248,244,235,221,204,190,188,197,212,222
MA15,78/10/12,230,229,221,209,193,175,156,141,137,144,165,190,218,240,250,253,243,232,212,189,172,169,181,202
MA15,78/10/13,224,238,242,235,220,201,180,157,134,124,133,156,189,219,243,255,250,234,208,180,153,138,138,158
MA15,78/10/14,177,218,242,250,244,228,205,178,149,128,121,136,164,202,234,259,263,250,225,196,162,137,123,131
MA15,78/10/15,157,196,230,259,266,255,232,201,168,143,128,130,155,187,225,259,276,271,244,209,169,136,120,121
MA15,78/10/16,140,172,213,251,276,280,264,234,195,166,144,133,141,176,212,249,271,277,261,226,184,144,115,103
MA15,78/10/17,113,139,179,223,260,282,276,250,216,184,157,143,145,161,193,231,265,283,277,247,205,161,126,103
MA15,78/10/18,099,116,150,191,233,263,276,267,241,208,176,155,149,159,187,219,255,277,280,261,226,185,143,115
MA15,78/10/19,102,106,132,171,211,246,268,270,255,228,199,174,160,160,177,203,235,263,274,265,238,199,160,130
MA15,78/10/20,109,104,118,150,191,230,259,270,262,240,215,194,181,174,180,195,223,251,268,266,246,215,181,151
MA15,78/10/21,128,117,118,135,165,200,233,254,259,247,224,201,183,174,178,188,204,224,238,243,234,217,190,162
MA15,78/10/22,135,118,114,123,142,167,194,219,233,238,229,214,196,185,183,188,198,212,225,237,239,231,212,188
MA15,78/10/23,162,142,131,129,135,150,170,195,217,230,229,218,204,194,190,195,201,207,213,218,222,224,218,202
MA15,78/10/24,181,158,144,137,136,144,154,170,185,204,214,216,210,204,200,200,200,200,199,199,205,207,208,203
MA15,78/10/25,192,178,164,153,145,140,142,152,168,186,202,212,216,213,209,204,200,195,189,184,185,191,199,206
MA15,78/10/26,206,201,191,181,167,157,152,150,157,169,184,203,219,227,227,220,210,196,185,176,169,174,183,198
MA15,78/10/27,209,214,215,206,190,173,157,147,147,162,178,200,216,232,240,241,234,216,192,172,161,165,180,201
MA15,78/10/28,222,238,246,245,234,216,195,170,154,151,160,178,202,225,243,247,240,217,187,160,141,138,148,165
MA15,78/10/29,188,210,230,246,244,227,204,175,152,145,151,172,200,228,251,270,275,261,233,198,161,131,126,142
MA15,78/10/30,172,201,230,248,252,238,218,190,160,136,129,142,169,204,234,254,254,242,211,175,137,106,090,097
MA15,78/10/31,125,161,198,228,245,246,232,201,169,139,124,125,146,177,213,242,256,252,228,191,150,112,087,087
MA15,78/11/01,106,139,180,219,249,265,261,241,208,174,150,140,151,178,212,246,271,278,263,231,190,147,110,092
MA15,78/11/02,097,123,160,204,243,272,284,274,246,209,176,154,151,168,199,233,262,283,277,254,214,167,123,096
MA15,78/11/03,089,105,136,176,217,252,275,280,265,237,201,172,156,159,181,211,241,265,269,252,220,179,137,101
MA15,78/11/04,081,079,096,130,168,205,235,254,253,236,210,183,165,156,163,184,212,239,254,252,230,198,159,125
MA15,78/11/05,099,086,089,107,137,174,210,240,253,247,226,204,184,174,172,177,196,217,240,249,240,217,186,151
MA15,78/11/06,123,103,099,108,126,154,185,215,236,245,238,224,206,191,181,180,187,202,219,231,234,224,205,182
MA15,78/11/07,158,136,121,115,121,135,158,186,208,223,228,225,215,204,195,184,181,184,193,205,215,216,211,198
MA15,78/11/08,179,159,140,128,123,128,141,157,174,193,210,220,225,218,207,194,180,178,174,180,189,201,208,209
MA15,78/11/09,202,192,177,163,149,142,143,151,165,188,206,225,235,237,234,221,202,177,156,143,146,162,183,199
MA15,78/11/10,207,206,197,185,168,153,142,139,146,160,179,200,219,235,240,234,217,193,166,147,138,143,159,183
MA15,78/11/11,206,220,226,219,205,185,165,146,139,146,164,185,206,229,247,246,234,212,180,148,125,122,137,160
MA15,78/11/12,185,209,226,234,227,208,184,160,143,137,145,164,190,216,238,250,246,224,193,154,120,102,106,128
MA15,78/11/13,157,191,218,236,243,235,213,187,163,144,140,153,176,206,235,253,255,239,207,170,132,100,089,100
MA15,78/11/14,127,167,208,241,258,256,241,215,188,166,155,154,168,195,228,255,269,257,228,191,150,112,092,091
MA15,78/11/15,110,146,188,231,261,277,272,251,222,191,174,168,180,207,239,269,286,283,263,227,182,138,103,087
MA15,78/11/16,094,119,153,193,230,254,259,247,222,191,164,154,158,175,200,228,251,261,254,226,186,142,105,083
MA15,78/11/17,082,099,132,172,212,247,268,269,250,217,189,170,164,173,196,223,249,264,260,242,211,173,133,104
MA15,78/11/18,088,094,115,152,189,222,245,255,246,226,202,178,165,170,186,207,231,250,258,250,229,195,160,127
MA15,78/11/19,110,108,121,149,182,220,253,274,275,258,232,210,197,190,195,208,227,249,262,263,246,219,185,154
MA15,78/11/20,117,114,114,129,155,185,214,239,247,241,223,204,186,178,178,187,201,216,228,232,226,210,189,165
MA15,78/11/21,140,123,116,125,145,173,200,222,236,237,232,220,208,197,190,190,196,208,219,229,230,221,204,184
MA15,78/11/22,164,146,134,132,139,155,176,200,220,228,228,219,206,196,189,188,191,195,199,203,209,210,207,195
MA15,78/11/23,181,164,149,144,142,149,162,179,200,218,226,226,220,210,202,194,188,186,186,189,193,198,201,202
MA15,78/11/24,196,188,174,160,153,152,156,167,183,202,218,227,228,223,216,206,194,185,176,169,170,172,183,194
MA15,78/11/25,200,202,198,187,174,163,156,156,165,179,197,213,224,229,227,219,207,190,170,155,149,154,168,186
MA15,78/11/26,201,212,215,211,200,183,168,156,154,163,180,204,223,236,236,230,214,196,173,150,135,132,144,168
MA15,78/11/27,193,215,231,233,226,211,192,173,163,164,177,197,220,240,254,254,242,218,190,157,135,123,133,154
MA15,78/11/28,185,216,242,257,261,249,229,202,181,171,176,196,223,251,269,284,283,268,239,195,151,123,117,135
MA15,78/11/29,165,200,229,256,275,277,260,233,201,177,169,181,201,231,257,277,277,262,227,182,137,098,083,089
MA15,78/11/30,114,150,187,227,257,272,266,242,212,180,160,157,172,198,229,258,272,268,245,204,156,109,078,068
MA15,78/12/01,079,109,149,192,231,262,272,260,231,195,164,149,155,174,202,232,257,266,253,220,177,127,088,063
MA15,78/12/02,063,085,120,164,206,242,265,269,258,228,197,170,162,172,197,224,248,265,268,249,212,163,113,074
MA15,78/12/03,061,069,093,131,170,209,239,257,259,239,210,179,160,155,170,196,226,246,256,248,224,189,147,101
MA15,78/12/04,074,065,077,106,142,181,213,237,251,252,237,210,184,168,172,194,222,253,269,266,251,228,200,169
MA15,78/12/05,137,110,103,117,141,170,197,225,246,257,249,229,203,180,168,170,181,198,211,221,223,219,205,178
MA15,78/12/06,145,113,095,096,111,137,164,189,208,225,232,228,213,191,174,166,169,180,194,206,213,215,212,196
MA15,78/12/07,177,152,133,123,121,132,149,167,190,209,224,230,225,210,191,178,169,167,170,179,192,203,210,206
MA15,78/12/08,196,181,166,155,146,142,146,159,178,198,217,232,234,225,211,194,190,166,155,153,158,171,187,200
MA15,78/12/09,207,204,193,179,164,156,151,157,169,184,198,214,225,230,227,213,192,167,146,133,134,148,165,183
MA15,78/12/10,199,208,213,209,198,182,170,163,167,182,204,224,236,242,241,236,221,198,167,138,124,128,147,168
MA15,78/12/11,188,205,215,220,221,211,192,168,152,152,170,191,210,222,227,228,221,201,168,130,097,083,091,118
MA15,78/12/12,151,182,204,221,230,225,210,188,168,157,160,178,199,218,233,242,240,223,190,150,112,087,082,101
MA15,78/12/13,132,163,193,218,235,239,229,208,183,165,157,165,184,208,231,245,247,234,208,172,128,095,079,082
MA15,78/12/14,106,141,179,213,240,250,246,230,208,186,169,165,177,197,224,249,264,260,237,201,158,120,095,086
MA15,78/12/15,095,123,161,204,240,260,264,253,232,207,183,169,171,189,214,240,260,265,253,222,180,139,101,077
MA15,78/12/16,079,101,136,176,213,240,257,253,236,212,186,167,161,170,193,221,246,261,255,235,200,159,124,097
MA15,78/12/17,083,091,115,155,197,235,255,261,249,225,205,184,176,174,189,212,238,258,264,248,220,183,146,114
MA15,78/12/18,096,090,106,137,177,212,237,251,248,236,213,190,171,163,170,188,215,237,249,245,224,196,162,130
MA15,78/12/19,105,092,097,118,154,190,220,242,248,240,224,203,182,167,166,180,201,225,238,238,226,208,187,163
MA15,78/12/20,138,117,106,119,146,178,207,231,244,248,238,220,198,179,171,177,192,207,220,221,218,208,194,175
MA15,78/12/21,153,129,115,116,136,166,196,218,233,240,237,227,209,190,176,172,178,193,205,211,211,207,200,189
MA15,78/12/22,173,151,134,126,133,150,170,192,212,224,232,224,210,192,174,166,167,172,180,187,191,196,200,196
MA15,78/12/23,187,172,156,147,143,151,167,183,203,219,230,234,227,213,198,184,174,170,165,166,171,178,189,199
MA15,78/12/24,203,198,186,173,165,164,171,183,196,209,221,230,231,222,204,184,170,157,147,140,141,152,169,184
MA15,78/12/25,197,200,198,193,184,174,164,162,169,186,204,222,232,231,223,209,190,170,149,133,126,129,146,169
MA15,78/12/26,189,205,216,216,210,197,180,167,164,172,186,205,222,232,230,221,205,182,152,125,106,099,110,134
MA15,78/12/27,165,192,213,223,223,214,198,180,165,160,171,191,213,232,242,243,234,212,181,143,108,090,094,116
MA15,78/12/28,151,184,217,242,256,258,242,219,192,179,177,191,211,233,249,259,255,238,206,164,117,083,069,079
MA15,78/12/29,107,144,186,224,254,266,263,241,210,185,168,172,193,224,253,275,288,284,256,209,151,101,069,061
MA15,78/12/30,077,104,142,187,227,256,261,246,216,187,162,150,153,172,202,232,255,261,243,205,160,112,074,049
MA15,78/12/31,050,071,109,154,200,236,258,260,247,220,186,161,152,165,194,228,257,271,266,242,202,160,115,079
