MA15,77/01/01,185,197,206,212,211,205,192,182,180,190,204,216,224,226,224,221,212,191,158,126,109,110,130,151
MA15,77/01/02,171,188,202,214,221,219,205,188,176,172,185,200,214,222,228,232,225,206,172,138,109,099,106,124
MA15,77/01/03,150,178,203,224,237,236,224,207,192,184,184,194,210,229,245,256,256,240,211,174,130,094,078,094
MA15,77/01/04,126,160,193,218,236,240,230,212,192,176,166,166,178,201,228,248,255,236,204,166,128,098,081,081
MA15,77/01/05,101,136,174,211,238,252,249,232,208,188,174,168,178,200,226,253,270,265,239,200,158,120,094,082
MA15,77/01/06,090,116,152,194,230,250,250,235,214,193,177,164,161,173,200,235,262,266,247,211,169,128,097,075
MA15,77/01/07,071,088,122,166,209,240,257,252,232,209,184,164,154,163,189,225,258,273,264,236,201,166,132,102
MA15,77/01/08,080,080,105,150,198,233,253,253,242,221,194,169,150,146,162,192,229,252,256,240,210,176,141,110
MA15,77/01/09,082,073,085,120,164,208,234,246,241,224,198,172,148,137,142,169,200,227,242,240,222,198,172,143
MA15,77/01/10,114,092,086,110,152,199,234,253,254,240,218,193,172,154,148,158,180,210,232,239,231,214,190,161
MA15,77/01/11,134,112,102,112,134,166,200,230,245,243,223,197,167,144,138,144,160,178,196,210,218,218,206,186
MA15,77/01/12,163,141,128,126,140,166,195,224,244,248,240,219,192,169,155,151,154,160,170,183,201,213,218,211
MA15,77/01/13,196,179,165,158,158,168,184,204,224,238,242,236,218,195,176,160,148,143,145,152,165,178,194,203
MA15,77/01/14,206,203,193,181,170,167,173,188,208,224,232,235,224,208,192,172,154,137,124,121,128,142,160,176
MA15,77/01/15,188,197,200,197,186,174,168,170,183,199,213,224,224,216,204,190,171,150,126,107,097,110,132,159
MA15,77/01/16,180,195,207,211,212,203,191,180,177,183,198,217,228,230,226,218,204,180,148,115,092,088,104,130
MA15,77/01/17,158,186,212,230,240,233,218,198,182,176,184,202,222,238,244,244,234,216,185,144,105,080,081,102
MA15,77/01/18,132,164,196,222,239,249,242,223,198,176,165,175,198,224,244,254,253,236,208,170,125,086,068,073
MA15,77/01/19,099,135,175,212,242,260,258,240,213,186,169,163,177,202,230,257,269,264,240,200,154,110,078,065
MA15,77/01/20,074,104,146,187,224,249,256,244,222,190,162,146,146,169,202,235,259,266,247,215,176,131,093,068
MA15,77/01/21,062,082,117,162,206,240,255,255,237,208,176,152,142,152,178,216,250,270,268,244,206,162,118,084
MA15,77/01/22,070,076,104,142,184,218,239,247,239,216,182,150,130,126,146,179,217,247,258,247,220,185,150,115
MA15,77/01/23,090,082,094,129,170,209,238,252,248,230,200,170,144,130,138,162,196,231,252,257,241,213,181,148
MA15,77/01/24,121,100,101,121,157,194,226,246,250,236,211,181,152,134,129,140,163,191,215,228,226,211,188,162
MA15,77/01/25,138,120,115,124,150,181,210,233,244,241,224,199,175,152,141,141,157,181,203,218,224,218,204,188
MA15,77/01/26,168,154,146,146,160,182,209,232,246,251,246,230,209,184,167,156,158,168,186,201,207,202,197,187
MA15,77/01/27,176,166,158,151,153,166,190,218,235,238,230,216,203,189,173,156,145,148,161,178,192,199,202,199
MA15,77/01/28,194,186,176,172,172,180,190,206,221,232,233,228,216,201,186,171,156,151,150,151,157,168,178,188
MA15,77/01/29,194,194,190,189,188,190,194,200,207,216,220,224,219,211,198,182,167,152,140,132,132,142,159,177
MA15,77/01/30,190,198,200,198,197,194,192,191,192,197,203,212,220,223,217,204,188,169,150,134,125,128,142,162
MA15,77/01/31,186,203,215,220,219,212,202,194,186,185,191,202,216,224,226,219,203,183,155,130,108,102,110,131
MA15,77/02/01,157,184,206,224,231,225,212,195,184,177,179,190,206,222,238,241,232,211,180,145,114,093,088,104
MA15,77/02/02,136,168,198,224,236,238,225,208,188,172,168,172,188,209,230,246,250,236,206,166,126,094,077,081
MA15,77/02/03,107,142,177,211,234,247,241,222,194,171,156,154,168,194,220,243,253,249,226,192,148,106,075,068
MA15,77/02/04,082,117,158,198,230,247,249,234,208,179,154,142,150,172,206,238,260,266,253,222,180,134,098,076
MA15,77/02/05,074,098,138,184,225,254,260,246,220,186,158,138,136,152,178,212,241,258,258,234,196,152,110,079
MA15,77/02/06,069,080,112,156,200,234,255,258,238,202,164,132,116,122,148,182,218,244,258,247,220,179,135,098
MA15,77/02/07,074,069,089,129,174,215,241,252,241,211,173,139,116,108,121,152,187,222,248,251,236,205,166,130
MA15,77/02/08,098,085,094,122,160,202,236,256,256,234,198,160,134,118,118,138,168,200,226,242,242,222,192,158
MA15,77/02/09,129,110,107,124,154,189,221,244,254,244,219,184,152,126,116,120,142,170,198,217,232,228,215,194
MA15,77/02/10,171,148,138,142,159,185,214,241,256,256,238,212,183,156,137,129,136,153,178,198,214,221,222,210
MA15,77/02/11,194,175,160,154,158,172,192,214,232,240,234,216,194,172,152,134,124,124,134,151,168,180,190,200
MA15,77/02/12,199,192,182,175,173,176,187,200,216,224,230,224,210,192,172,154,139,128,124,129,142,158,174,188
MA15,77/02/13,200,206,206,203,198,193,191,196,208,220,228,234,232,224,212,194,175,157,144,136,135,146,162,184
MA15,77/02/14,208,226,236,241,238,230,218,206,202,206,220,233,241,244,240,225,207,182,157,134,120,118,130,152
MA15,77/02/15,178,206,232,250,257,250,232,212,202,194,202,219,235,250,256,256,244,221,190,156,128,114,114,134
MA15,77/02/16,164,196,226,254,265,262,248,226,204,184,177,184,209,236,258,267,260,242,212,172,130,100,084,090
MA15,77/02/17,118,156,194,226,250,258,251,230,199,170,156,156,176,203,233,256,266,257,232,193,146,108,084,080
MA15,77/02/18,099,133,171,208,240,258,256,237,206,170,145,134,142,170,204,235,256,259,241,208,166,126,092,078
MA15,77/02/19,078,106,145,187,224,247,252,239,209,172,139,118,115,138,170,210,244,264,260,232,194,152,118,094
MA15,77/02/20,086,101,133,176,218,247,261,252,226,192,158,132,118,126,156,194,232,260,269,252,220,184,148,120
MA15,77/02/21,106,106,132,172,214,246,266,272,262,238,206,170,133,112,124,158,208,252,272,262,234,202,176,152
MA15,77/02/22,132,119,124,146,182,217,239,250,240,218,188,159,130,116,116,138,170,208,236,248,242,220,190,164
MA15,77/02/23,144,132,132,148,178,210,240,258,258,240,212,182,153,127,117,128,154,186,214,230,231,216,195,174
MA15,77/02/24,156,140,134,142,162,192,219,236,242,229,206,180,156,134,122,122,136,160,184,204,216,217,206,188
MA15,77/02/25,170,155,149,153,168,188,206,224,236,232,217,196,172,152,136,129,135,147,168,188,205,216,212,200
MA15,77/02/26,190,185,184,180,180,190,202,220,234,238,228,212,190,172,158,147,141,140,144,155,168,180,189,192
MA15,77/02/27,188,182,177,175,178,180,188,196,204,210,212,208,198,184,168,156,145,138,135,138,144,158,174,186
MA15,77/02/28,191,192,190,189,188,186,184,184,186,193,200,201,200,191,182,170,156,142,128,118,118,129,146,164
MA15,77/03/01,181,194,203,205,201,196,191,189,188,189,192,198,203,208,209,203,190,170,147,124,112,111,128,149
MA15,77/03/02,172,192,207,214,214,208,196,182,168,164,166,180,196,212,224,224,215,196,171,141,115,103,106,128
MA15,77/03/03,156,186,216,236,245,242,225,204,179,163,157,167,184,205,226,237,237,220,196,160,124,094,081,095
MA15,77/03/04,123,156,198,228,249,250,236,212,186,164,150,154,173,204,237,264,275,264,237,199,156,120,095,091
MA15,77/03/05,105,137,177,214,243,256,247,222,186,154,130,125,139,167,203,234,254,262,245,212,168,121,088,071
MA15,77/03/06,084,114,154,196,232,250,250,229,194,155,121,101,102,128,161,202,238,260,258,234,194,148,108,082
MA15,77/03/07,073,091,128,171,216,246,256,240,210,168,127,097,085,097,128,171,215,246,260,252,221,180,136,102
MA15,77/03/08,081,084,114,154,200,238,257,254,228,188,144,108,086,087,108,144,188,228,254,260,247,218,180,142
MA15,77/03/09,114,106,122,155,197,236,262,269,254,224,184,147,120,107,112,133,170,211,244,265,264,240,212,180
MA15,77/03/10,155,139,138,152,177,211,240,259,258,236,198,157,121,100,095,104,130,159,190,216,228,226,212,188
MA15,77/03/11,164,143,134,141,162,188,216,233,240,228,205,175,146,120,100,099,110,122,159,183,202,210,212,200
MA15,77/03/12,188,173,161,158,168,182,202,221,232,231,217,196,172,148,128,114,108,118,134,153,172,184,192,198
MA15,77/03/13,197,192,182,176,172,176,188,202,212,217,213,204,192,177,163,148,134,124,127,136,150,164,182,196
MA15,77/03/14,204,206,205,202,198,191,188,190,196,205,212,214,208,200,190,174,156,138,124,120,126,136,150,172
MA15,77/03/15,190,206,216,218,210,200,187,178,175,182,192,202,210,212,210,202,188,166,142,121,110,111,124,146
MA15,77/03/16,168,181,213,226,226,212,196,175,160,157,162,176,196,212,224,224,214,191,160,135,111,102,106,124
MA15,77/03/17,150,180,208,229,239,225,204,177,156,141,141,156,176,197,216,228,229,216,192,158,122,098,092,108
MA15,77/03/18,134,168,204,229,244,244,228,200,166,140,126,133,154,188,220,242,252,244,224,192,155,122,101,100
MA15,77/03/19,122,156,197,228,248,256,243,217,182,147,123,117,133,162,200,232,257,260,244,215,180,144,115,104
MA15,77/03/20,116,144,179,218,245,260,252,228,190,153,121,104,110,137,173,213,242,259,254,232,198,158,125,104
MA15,77/03/21,104,126,160,198,230,248,249,232,200,162,124,095,086,108,143,184,222,249,253,240,212,177,140,116
MA15,77/03/22,108,119,147,181,215,238,247,238,212,173,135,101,086,093,121,159,198,229,246,245,222,193,160,132
MA15,77/03/23,118,120,142,173,205,231,244,237,217,184,143,108,086,086,104,136,173,206,230,239,230,210,183,155
MA15,77/03/24,139,136,150,188,211,240,264,283,281,255,205,152,116,103,119,149,181,214,236,247,249,238,219,191
MA15,77/03/25,166,150,151,169,197,221,239,247,238,218,191,161,138,117,110,122,144,172,199,221,232,227,211,191
MA15,77/03/26,173,163,159,167,179,197,214,228,236,226,203,180,155,136,121,121,132,153,177,200,215,220,216,201
MA15,77/03/27,190,179,174,173,182,194,210,227,235,232,215,197,179,161,146,133,128,138,157,181,200,208,209,204
MA15,77/03/28,199,193,187,183,184,189,197,205,213,215,212,203,189,174,158,145,136,136,142,155,169,179,189,197
MA15,77/03/29,204,201,197,192,186,184,186,190,196,200,202,198,195,190,181,167,151,139,132,132,142,157,171,184
MA15,77/03/30,196,204,209,207,200,187,179,176,177,183,188,192,198,204,198,190,177,158,140,130,133,141,157,177
MA15,77/03/31,197,214,234,240,236,220,203,189,182,184,192,203,215,227,236,233,219,199,173,148,132,130,145,168
MA15,77/04/01,195,218,239,250,247,230,205,183,168,157,160,173,192,218,238,247,242,221,192,160,129,114,116,135
MA15,77/04/02,163,196,226,247,254,241,216,185,157,137,130,141,165,197,230,254,261,247,221,187,151,119,100,104
MA15,77/04/03,130,171,210,241,252,245,224,193,159,127,103,102,125,166,210,248,272,274,253,217,171,129,101,095
MA15,77/04/04,114,149,191,228,253,258,244,212,172,138,093,080,090,123,168,213,248,265,261,239,204,161,123,101
MA15,77/04/05,103,127,165,207,241,256,252,229,189,143,102,077,073,093,131,179,223,255,269,259,232,195,157,127
MA15,77/04/06,114,123,153,197,235,261,266,247,213,172,127,090,072,079,106,148,194,235,261,267,255,227,197,162
MA15,77/04/07,137,124,144,180,224,257,269,258,235,195,156,112,080,067,082,113,156,199,234,252,249,231,205,177
MA15,77/04/08,156,140,143,163,194,221,252,256,242,212,175,136,103,080,077,092,122,161,196,223,235,231,219,202
MA15,77/04/09,181,164,157,165,183,209,233,244,242,224,198,165,133,108,089,088,103,126,155,184,206,239,241,210
MA15,77/04/10,198,183,175,172,178,192,209,227,236,230,212,187,164,139,120,110,108,121,142,165,183,198,207,208
MA15,77/04/11,201,196,185,177,171,172,179,190,202,208,201,189,175,161,145,128,114,112,121,135,152,169,185,197
MA15,77/04/12,203,203,199,192,182,171,168,172,182,194,199,198,194,188,180,170,153,137,124,123,138,157,177,193
MA15,77/04/13,203,213,219,218,210,193,178,168,173,183,193,201,205,209,207,202,189,167,143,130,130,142,162,182
MA15,77/04/14,200,216,229,232,227,210,187,166,156,157,169,185,203,216,222,222,214,195,173,152,138,133,143,164
MA15,77/04/15,186,209,229,237,233,217,190,164,142,130,134,150,179,206,224,233,230,216,195,173,151,134,138,156
MA15,77/04/16,185,215,244,262,265,253,231,202,185,157,144,155,180,211,243,263,271,262,243,212,184,162,153,159
MA15,77/04/17,177,202,231,254,262,254,232,203,170,140,119,119,139,175,211,244,261,260,248,223,195,172,155,151
MA15,77/04/18,163,194,229,262,285,281,260,229,191,159,138,131,147,177,213,253,284,296,280,255,223,192,164,155
MA15,77/04/19,158,177,205,242,272,281,265,230,190,154,127,113,116,133,171,215,250,270,265,248,218,195,170,156
MA15,77/04/20,150,167,191,217,244,256,251,229,200,166,130,104,098,113,147,187,227,255,267,260,237,207,180,157
MA15,77/04/21,150,160,181,208,234,251,254,240,215,178,136,104,086,090,111,145,184,218,240,245,234,208,182,158
MA15,77/04/22,142,142,157,180,203,227,239,234,216,194,146,112,090,082,093,116,153,185,216,233,233,220,197,175
MA15,77/04/23,156,148,155,172,196,217,231,237,230,203,175,140,114,097,098,117,141,175,206,228,236,230,217,196
MA15,77/04/24,175,162,160,170,187,207,219,227,224,210,188,160,128,103,098,106,128,141,177,199,217,223,218,204
MA15,77/04/25,185,172,168,174,187,203,215,223,231,227,215,194,168,144,131,131,139,157,180,204,228,242,242,232
MA15,77/04/26,206,203,197,192,190,195,202,212,220,220,210,197,180,160,144,131,124,131,143,163,184,202,212,213
MA15,77/04/27,208,200,190,184,180,178,181,185,197,200,199,193,185,177,165,150,137,127,132,143,160,178,199,213
MA15,77/04/28,218,216,210,202,190,180,176,174,184,198,211,228,238,238,233,222,203,181,163,156,160,178,199,215
MA15,77/04/29,225,228,225,221,207,190,171,153,145,152,165,182,200,209,210,202,188,171,145,122,110,110,126,173
MA15,77/04/30,202,218,226,216,199,182,166,144,123,116,127,148,176,204,223,227,212,193,169,144,126,119,132,154
MA15,77/05/01,182,210,232,238,228,202,174,140,116,104,104,124,160,198,231,252,255,220,215,183,151,127,122,146
MA15,77/05/02,175,214,245,266,266,243,213,176,142,116,105,118,150,198,235,270,284,281,254,221,190,162,142,144
MA15,77/05/03,164,194,232,258,264,251,222,184,143,103,087,069,089,125,175,220,256,267,255,230,198,166,139,125
MA15,77/05/04,132,158,196,231,256,256,235,199,151,108,068,046,052,080,121,169,213,246,260,250,221,186,154,133
MA15,77/05/05,130,147,179,215,246,260,257,231,193,146,100,066,056,071,104,147,195,238,262,269,259,237,206,176
MA15,77/05/06,160,162,187,208,253,271,276,262,231,194,146,106,076,072,091,126,168,209,241,262,264,250,228,202
MA15,77/05/07,178,168,172,198,228,254,268,264,247,216,176,137,104,084,085,105,136,176,209,236,250,250,236,214
MA15,77/05/08,186,172,170,180,199,223,242,252,246,228,200,165,132,104,096,100,121,146,176,201,222,232,233,222
MA15,77/05/09,204,186,173,170,178,191,209,224,230,209,200,178,153,126,109,104,110,127,152,176,199,214,222,220
MA15,77/05/10,207,194,180,169,170,176,184,198,207,212,208,193,179,161,144,131,124,129,141,160,180,200,212,218
MA15,77/05/11,216,208,195,182,171,161,162,168,182,194,198,194,188,177,167,153,139,131,129,137,152,170,186,201
MA15,77/05/12,208,210,202,191,176,158,142,141,147,159,173,182,189,192,188,179,164,148,137,136,143,158,177,192
MA15,77/05/13,205,215,218,210,196,174,150,134,129,137,154,172,188,198,204,203,192,180,163,148,142,147,163,184
MA15,77/05/14,204,219,226,224,210,190,163,140,123,118,129,151,178,203,220,225,218,205,190,174,160,152,159,177
MA15,77/05/15,201,225,240,246,236,215,191,166,141,122,118,132,167,204,236,250,250,237,218,200,178,162,160,172
MA15,77/05/16,194,220,241,254,252,235,205,176,140,113,098,104,124,159,196,224,243,242,227,208,185,165,154,156
MA15,77/05/17,175,202,228,248,255,244,223,188,155,125,104,097,114,147,188,226,247,258,249,231,208,187,169,157
MA15,77/05/18,164,184,214,242,259,260,244,208,174,138,109,095,104,132,172,215,247,264,264,252,227,205,184,168
MA15,77/05/19,164,179,204,238,257,261,252,222,190,155,120,095,092,107,142,184,223,250,264,256,234,210,185,170
MA15,77/05/20,164,171,189,216,242,256,254,237,204,168,130,102,088,095,121,160,199,234,253,258,242,217,191,171
MA15,77/05/21,158,161,176,200,225,246,252,237,216,183,142,110,086,084,102,133,172,207,231,244,241,228,208,186
MA15,77/05/22,168,159,164,184,209,232,245,242,228,197,165,134,108,092,098,116,148,185,217,237,245,240,220,200
MA15,77/05/23,180,167,168,177,196,217,235,241,233,215,187,156,127,107,103,114,138,168,199,224,239,241,231,213
MA15,77/05/24,194,177,169,173,183,200,208,230,227,217,197,174,148,128,117,117,128,152,180,206,225,235,233,230
MA15,77/05/25,225,197,183,177,182,195,210,220,228,223,214,201,186,167,147,132,132,143,166,191,209,225,234,234
MA15,77/05/26,224,210,194,180,172,172,180,192,201,209,209,204,196,181,164,149,136,136,146,165,188,208,224,232
MA15,77/05/27,227,217,204,189,176,164,161,166,179,188,200,206,204,200,191,177,162,151,145,151,167,190,213,230
MA15,77/05/28,237,232,218,204,188,171,157,147,151,164,181,200,214,221,218,206,192,177,164,157,159,177,199,224
MA15,77/05/29,241,247,241,224,204,182,161,141,130,134,151,177,205,225,236,233,219,202,183,164,157,160,179,203
MA15,77/05/30,228,247,253,244,225,196,164,136,117,108,117,141,175,207,234,249,248,233,212,190,169,156,165,186
MA15,77/05/31,214,242,259,259,244,220,187,150,116,090,087,103,138,181,220,247,260,259,242,219,192,166,157,168
MA15,77/06/01,189,218,249,262,263,244,210,171,130,095,072,075,100,142,187,227,259,275,270,250,220,192,167,163
MA15,77/06/02,179,206,241,266,275,267,244,208,167,126,090,071,078,110,158,209,250,278,284,276,257,229,202,183
MA15,77/06/03,178,194,224,262,285,288,270,239,201,160,117,081,071,085,124,171,216,250,270,273,260,240,213,185
MA15,77/06/04,166,167,189,219,252,272,273,252,220,178,133,097,071,068,088,126,172,215,243,261,261,247,224,199
MA15,77/06/05,178,166,174,195,221,244,259,258,237,208,166,125,093,077,083,108,144,182,217,242,253,251,238,215
MA15,77/06/06,191,172,164,176,197,226,248,254,243,221,190,158,128,104,095,103,130,160,195,220,238,245,238,221
MA15,77/06/07,200,180,166,162,174,194,219,234,238,224,204,182,157,133,116,109,117,143,174,202,224,236,237,228
MA15,77/06/08,212,194,176,166,164,170,188,207,224,227,218,200,181,166,148,138,137,144,164,187,210,227,237,235
MA15,77/06/09,223,210,192,176,164,161,169,186,202,212,214,208,201,190,180,167,160,160,168,184,203,220,233,240
MA15,77/06/10,237,233,220,204,186,171,163,168,180,195,207,217,219,219,217,211,200,188,184,187,201,221,237,247
MA15,77/06/11,251,247,242,225,207,186,166,158,165,176,195,210,222,230,234,226,217,205,195,188,192,204,220,237
MA15,77/06/12,248,250,245,232,215,194,172,152,144,150,165,185,207,225,234,238,231,218,204,193,186,188,197,216
MA15,77/06/13,229,238,242,236,221,198,170,142,122,115,126,149,178,207,226,240,241,230,217,202,191,185,190,206
MA15,77/06/14,224,240,250,248,238,220,188,156,128,110,110,129,158,192,220,235,240,238,225,210,191,177,169,178
MA15,77/06/15,200,225,245,251,245,227,200,170,137,110,095,100,125,162,200,228,244,248,244,227,207,184,170,170
MA15,77/06/16,185,207,231,248,252,241,221,190,152,116,093,084,100,133,174,208,234,250,254,241,220,194,174,168
MA15,77/06/17,177,194,216,238,254,254,241,213,177,139,103,087,092,117,153,194,227,251,260,257,236,213,188,173
MA15,77/06/18,173,183,206,230,251,262,254,235,200,157,121,093,087,105,134,170,206,238,257,260,247,220,194,174
MA15,77/06/19,170,176,191,213,237,253,258,246,217,179,139,106,087,090,113,149,187,221,247,260,256,234,208,185
MA15,77/06/20,168,165,177,202,224,244,255,250,232,197,163,127,102,093,107,132,170,206,235,255,257,244,222,199
MA15,77/06/21,179,168,172,187,206,229,246,252,242,219,188,153,124,107,106,126,155,190,222,246,257,254,239,217
MA15,77/06/22,193,175,166,176,191,209,227,240,243,234,206,180,151,127,119,122,138,168,201,231,250,256,249,226
MA15,77/06/23,200,179,166,166,172,187,204,220,233,233,217,194,168,146,131,126,137,154,178,205,230,246,250,239
MA15,77/06/24,218,194,175,161,160,166,182,198,214,222,220,214,200,180,164,148,142,152,170,192,218,239,250,248
MA15,77/06/25,233,210,190,174,162,158,161,175,189,206,220,222,218,208,194,181,171,168,175,191,210,234,248,256
MA15,77/06/26,248,236,217,198,178,160,148,150,163,182,201,214,224,224,224,214,200,188,180,180,195,214,232,249
MA15,77/06/27,254,246,235,217,194,170,147,132,132,144,165,186,208,230,240,238,228,212,197,185,184,194,214,234
MA15,77/06/28,251,257,252,238,214,185,156,132,117,113,128,153,185,217,242,252,252,240,221,200,186,182,193,214
MA15,77/06/29,238,256,262,255,237,210,179,144,112,093,096,118,154,192,226,255,270,268,252,227,206,186,182,196
MA15,77/06/30,216,240,259,268,264,244,210,169,128,096,083,090,117,155,196,234,264,277,274,255,228,202,184,181
MA15,77/07/01,194,217,247,272,284,272,249,212,165,126,095,082,096,128,170,215,255,282,293,284,260,230,203,187
MA15,77/07/02,188,204,232,264,286,291,281,251,208,164,120,092,087,110,148,191,233,267,285,288,274,248,215,189
MA15,77/07/03,174,175,199,232,266,284,283,262,229,189,146,108,087,090,114,152,198,238,268,278,271,251,223,196
MA15,77/07/04,176,165,174,200,232,262,275,268,244,210,169,132,103,099,103,133,173,212,244,263,271,262,240,212
MA15,77/07/05,184,168,167,183,208,234,256,266,258,236,204,171,139,121,122,138,168,202,236,260,274,272,258,236
MA15,77/07/06,212,190,176,176,190,212,239,258,259,245,221,196,170,153,144,148,167,190,220,245,261,267,258,240
MA15,77/07/07,215,194,176,166,172,191,214,234,242,241,228,211,190,164,163,161,170,186,206,226,245,255,252,238
MA15,77/07/08,218,199,178,164,161,167,180,198,215,222,222,214,201,188,174,168,172,181,195,212,229,241,246,242
MA15,77/07/09,230,212,190,174,162,159,166,178,191,201,207,210,208,203,196,189,182,184,194,207,221,232,238,242
MA15,77/07/10,236,225,207,190,172,160,154,158,168,182,196,204,214,218,217,211,205,199,196,200,210,226,239,244
MA15,77/07/11,245,238,229,213,192,170,153,146,151,161,174,189,204,216,224,227,225,218,205,195,194,204,216,225
MA15,77/07/12,230,234,232,226,210,182,156,134,124,128,144,164,185,204,218,232,234,224,211,196,190,192,206,222
MA15,77/07/13,236,244,248,243,232,210,185,159,136,127,132,152,180,209,233,249,255,252,239,223,208,201,201,214
MA15,77/07/14,228,242,252,255,248,229,201,168,138,113,106,118,145,178,210,234,250,253,240,221,201,185,177,184
MA15,77/07/15,200,222,242,255,256,240,212,180,145,115,095,094,115,152,190,226,248,256,250,234,212,192,176,174
MA15,77/07/16,183,202,230,251,260,254,231,198,163,126,100,084,096,126,165,204,237,258,260,248,223,198,178,166
MA15,77/07/17,168,184,211,240,258,264,252,222,186,144,106,086,086,108,144,186,222,250,262,258,236,207,180,162
MA15,77/07/18,159,170,184,222,248,260,258,240,207,167,128,096,083,090,121,163,201,235,256,261,247,218,189,167
MA15,77/07/19,154,155,172,202,232,256,264,252,228,190,152,119,099,096,115,146,186,222,251,263,258,234,208,180
MA15,77/07/20,158,148,158,182,211,238,252,255,240,210,175,142,114,099,104,130,165,204,235,256,258,245,220,188
MA15,77/07/21,163,147,146,160,188,212,234,246,244,228,200,168,139,118,112,128,158,192,224,248,258,254,234,209
MA15,77/07/22,181,158,144,148,166,190,214,229,236,232,218,195,170,146,132,129,145,173,204,233,248,252,242,222
MA15,77/07/23,194,168,147,137,142,157,176,198,214,221,208,203,184,167,152,144,145,160,185,210,233,247,242,232
MA15,77/07/24,211,182,159,144,137,138,149,167,188,204,212,208,203,193,182,170,163,164,176,196,218,237,245,238
MA15,77/07/25,224,204,184,161,144,129,127,134,152,171,188,202,207,207,202,194,185,177,170,178,194,215,232,240
MA15,77/07/26,234,220,204,184,161,138,120,113,119,136,157,178,198,213,223,220,209,199,188,179,182,194,210,228
MA15,77/07/27,238,236,226,208,186,159,132,109,101,104,122,149,176,204,227,240,241,230,213,194,181,179,194,214
MA15,77/07/28,232,242,244,236,220,195,163,128,100,088,097,119,148,184,216,242,256,254,237,212,192,178,179,193
MA15,77/07/29,214,234,251,257,250,230,196,156,120,093,082,092,118,156,192,230,257,268,260,238,210,185,172,176
MA15,77/07/30,190,216,242,262,268,256,228,191,149,110,085,079,094,125,166,209,246,268,269,254,226,196,174,164
MA15,77/07/31,167,187,220,252,270,273,257,226,184,141,105,084,085,109,147,190,231,263,276,268,248,206,186,163
MA15,77/08/01,156,167,193,228,259,274,273,255,221,180,140,106,088,099,129,172,214,251,271,272,259,232,201,173
MA15,77/08/02,155,153,171,202,240,269,279,271,245,212,173,138,116,110,129,161,201,237,263,276,271,248,216,187
MA15,77/08/03,164,153,158,180,211,241,265,273,260,230,200,164,139,129,136,158,188,219,249,268,274,261,235,205
MA15,77/08/04,174,155,150,164,188,218,244,259,260,245,220,189,163,147,143,157,182,211,239,258,268,263,245,219
MA15,77/08/05,189,163,148,152,167,191,215,235,244,245,228,205,185,168,160,166,186,210,234,254,264,266,254,232
MA15,77/08/06,204,179,158,151,156,168,188,210,227,233,226,211,196,179,170,170,181,197,216,232,246,251,247,233
MA15,77/08/07,210,186,163,150,144,152,166,184,200,212,215,210,204,195,188,184,185,195,207,220,232,242,244,238
MA15,77/08/08,224,204,186,171,162,159,161,170,182,196,208,216,217,216,214,212,211,212,215,223,231,242,254,255
MA15,77/08/09,248,236,221,208,196,184,171,164,9999,9999,9999,9999,9999,9999,9999,9999,9999,9999,9999,9999,9999,9999,9999,9999
MA15,77/08/10,9999,9999,216,203,188,169,152,137,132,139,156,176,194,220,220,226,225,216,205,197,194,198,208,220
MA15,77/08/11,232,234,234,226,210,189,163,141,128,125,137,154,182,210,232,242,245,236,224,208,198,194,200,9999
MA15,77/08/12,9999,9999,9999,9999,9999,9999,9999,9999,9999,9999,9999,9999,9999,9999,220,240,252,251,240,221,202,190,185,195
MA15,77/08/13,211,230,248,260,260,244,217,183,146,120,109,117,141,171,203,234,251,259,248,225,199,177,168,170
MA15,77/08/14,184,204,226,245,259,254,229,192,153,120,098,092,110,141,182,217,244,261,256,236,209,181,166,160
MA15,77/08/15,168,185,212,241,258,265,252,223,188,147,113,094,097,121,160,200,234,259,264,249,222,192,166,151
MA15,77/08/16,149,165,192,224,252,269,268,248,213,172,131,104,099,113,147,188,227,256,269,269,244,212,180,156
MA15,77/08/17,145,154,178,211,243,269,277,270,248,209,170,142,119,113,133,168,212,254,274,276,257,226,196,169
MA15,77/08/18,151,145,155,179,213,249,273,276,258,229,215,159,139,131,142,169,203,236,261,275,271,247,213,177
MA15,77/08/19,145,135,142,165,194,223,244,260,260,243,213,178,146,129,133,152,183,217,244,264,268,253,225,193
MA15,77/08/20,160,137,131,141,163,192,220,243,255,247,229,206,182,162,158,167,182,207,235,260,272,267,248,217
MA15,77/08/21,184,159,146,144,150,168,190,212,233,243,242,227,203,187,177,175,180,194,217,238,256,258,250,238
MA15,77/08/22,202,175,157,146,142,144,158,177,200,220,229,226,216,206,197,193,190,192,204,219,236,248,250,244
MA15,77/08/23,225,203,178,160,145,136,138,147,161,178,195,209,220,222,221,217,211,207,208,213,222,235,246,254
MA15,77/08/24,250,238,220,199,179,161,146,140,144,158,177,203,227,241,248,245,242,232,222,216,208,215,228,242
MA15,77/08/25,252,249,240,224,202,181,159,143,132,137,150,172,198,227,250,261,262,249,231,213,201,199,207,222
MA15,77/08/26,236,249,256,251,236,212,182,151,127,115,120,138,168,203,235,257,267,259,243,222,199,185,183,194
MA15,77/08/27,213,234,255,261,251,233,202,169,138,113,103,111,137,172,210,243,262,263,251,227,188,174,162,164
MA15,77/08/28,183,211,239,260,265,253,225,190,154,124,102,101,115,146,187,229,259,274,268,246,216,183,156,146
MA15,77/08/29,154,181,218,252,272,273,255,226,191,153,122,104,106,129,149,215,253,273,273,266,222,190,162,141
MA15,77/08/30,137,156,190,232,265,280,274,250,215,177,142,118,109,127,156,197,237,263,274,264,236,201,166,139
MA15,77/08/31,125,133,161,200,239,267,273,261,231,200,164,136,122,126,147,181,223,257,274,269,245,214,177,149
MA15,77/09/01,130,128,144,175,212,247,266,266,247,215,181,153,138,137,154,182,212,242,264,271,256,227,196,162
MA15,77/09/02,136,125,132,155,186,216,242,255,248,228,198,171,150,143,152,174,200,228,250,260,254,234,205,172
MA15,77/09/03,143,126,123,140,170,198,223,238,242,234,216,195,176,162,162,178,201,226,248,260,261,248,226,198
MA15,77/09/04,171,149,140,144,160,180,204,224,238,238,228,212,197,186,183,187,198,216,233,243,250,244,232,210
MA15,77/09/05,183,159,145,140,147,161,180,200,215,222,222,214,201,192,187,186,192,204,217,230,239,241,236,224
MA15,77/09/06,205,185,168,156,150,153,163,178,194,207,216,221,218,212,209,206,206,209,213,220,227,235,235,231
MA15,77/09/07,219,205,191,176,164,157,156,163,174,189,202,213,219,221,221,220,217,214,212,214,217,221,228,231
MA15,77/09/08,227,219,207,183,179,165,153,148,155,168,183,201,213,224,231,233,229,221,213,205,200,201,209,220
MA15,77/09/09,227,231,229,219,204,186,167,154,147,151,165,185,206,236,241,247,247,239,223,207,195,191,199,210
MA15,77/09/10,222,235,243,244,236,217,190,165,146,137,143,160,185,214,240,255,258,249,230,209,187,177,177,191
MA15,77/09/11,210,230,246,256,254,236,208,174,145,129,127,139,165,198,230,258,270,266,245,218,190,172,164,172
MA15,77/09/12,192,206,244,264,273,262,233,196,159,129,117,122,147,183,219,250,271,275,259,228,193,164,149,148
MA15,77/09/13,166,194,226,255,274,276,259,224,186,149,126,120,136,165,203,244,275,291,284,260,220,182,150,135
MA15,77/09/14,139,164,202,240,273,285,278,251,212,175,140,121,121,147,183,228,267,286,287,268,234,196,163,139
MA15,77/09/15,133,149,182,220,260,286,292,279,245,207,167,139,129,138,167,206,245,272,284,272,244,205,166,134
MA15,77/09/16,114,118,140,176,214,246,268,269,254,225,189,152,133,133,153,184,223,254,272,277,261,226,186,148
MA15,77/09/17,120,112,124,153,184,216,246,266,268,255,224,192,166,157,161,182,210,241,267,282,272,247,210,173
MA15,77/09/18,142,124,124,138,164,198,231,256,268,265,248,224,202,184,182,194,214,238,264,285,288,272,245,210
MA15,77/09/19,176,152,142,149,162,180,203,228,249,265,265,252,234,220,210,210,216,230,246,265,280,282,276,254
MA15,77/09/20,224,192,172,162,167,179,190,208,227,245,256,256,247,235,224,219,218,220,228,240,250,258,253,238
MA15,77/09/21,214,192,174,160,153,152,158,171,188,205,221,232,241,242,242,240,236,229,226,226,231,239,244,243
MA15,77/09/22,235,221,200,184,169,156,145,143,150,163,181,199,217,228,234,232,223,212,201,193,193,200,211,221
MA15,77/09/23,225,224,216,206,188,170,151,138,130,136,148,170,198,222,239,244,240,230,215,199,185,181,188,203
MA15,77/09/24,222,238,244,238,223,202,178,156,138,131,138,156,184,215,240,256,256,246,228,203,180,166,167,180
MA15,77/09/25,202,226,244,251,244,224,196,169,142,124,122,132,157,191,226,252,262,256,233,202,174,155,147,155
MA15,77/09/26,177,207,235,255,263,254,228,194,161,136,122,131,149,180,213,247,269,274,253,223,190,157,138,138
MA15,77/09/27,156,183,220,255,276,276,256,224,189,157,135,127,141,167,202,237,267,278,267,240,200,165,135,122
MA15,77/09/28,130,153,187,225,257,273,263,240,205,170,143,127,130,150,182,220,251,272,270,248,213,172,138,120
MA15,77/09/29,117,132,166,205,245,270,275,260,235,203,173,151,142,151,175,210,247,274,277,258,229,194,157,127
MA15,77/09/30,112,114,142,178,219,253,268,266,244,216,183,159,146,151,169,199,232,259,272,264,240,209,174,142
MA15,77/10/01,119,118,132,160,196,232,257,270,262,238,208,180,164,160,171,192,219,247,264,266,249,220,186,153
MA15,77/10/02,128,115,120,138,170,205,234,254,257,242,219,198,179,168,171,186,209,235,254,258,250,229,201,172
MA15,77/10/03,145,126,122,132,154,182,211,234,244,240,225,207,190,179,179,187,204,222,238,248,247,236,213,186
MA15,77/10/04,160,140,131,134,149,168,190,209,225,235,231,216,200,192,188,194,202,215,226,234,240,237,226,207
MA15,77/10/05,184,161,148,142,148,159,176,195,213,228,233,228,219,212,209,208,211,216,220,224,230,235,233,224
MA15,77/10/06,207,190,176,168,164,164,171,184,200,218,230,238,240,235,226,221,220,217,217,218,219,224,229,229
MA15,77/10/07,224,214,201,188,176,166,162,164,172,187,204,220,231,234,231,226,218,210,203,197,197,202,211,218
MA15,77/10/08,224,223,214,204,188,174,159,152,154,164,183,204,222,238,246,246,236,220,204,189,181,183,192,206
MA15,77/10/09,219,231,235,230,216,194,170,153,145,146,160,180,206,229,246,251,242,224,203,180,164,159,167,185
MA15,77/10/10,206,227,242,250,242,223,198,169,148,135,138,158,190,225,253,267,265,250,227,200,172,152,146,162
MA15,77/10/11,186,217,245,262,262,246,219,187,156,131,120,133,160,197,234,255,263,249,222,187,154,131,119,124
MA15,77/10/12,146,180,220,249,266,263,240,208,174,143,127,127,147,183,225,257,277,274,253,220,181,142,115,108
MA15,77/10/13,126,158,202,242,269,280,276,254,216,177,143,126,134,163,200,239,268,279,267,240,203,160,118,094
MA15,77/10/14,094,117,157,203,243,268,274,260,236,203,166,140,131,143,176,218,254,277,272,246,209,168,128,097
MA15,77/10/15,084,094,124,167,213,252,272,272,256,228,197,167,150,152,174,206,244,274,283,271,239,201,159,121
MA15,77/10/16,100,098,113,143,183,223,254,270,268,250,223,192,170,160,170,196,228,257,272,270,246,214,176,136
MA15,77/10/17,106,090,096,117,146,180,210,236,247,242,224,197,175,162,163,182,203,227,242,250,243,224,198,163
MA15,77/10/18,131,106,097,107,128,152,183,206,226,237,236,221,206,192,186,186,196,213,228,242,245,238,220,196
MA15,77/10/19,169,146,132,123,126,136,157,181,206,224,232,230,221,210,202,198,198,205,216,223,232,234,228,216
MA15,77/10/20,196,178,158,143,137,138,146,158,175,194,212,222,223,218,212,204,200,195,195,197,202,210,215,214
MA15,77/10/21,208,195,181,167,156,147,143,147,160,176,194,213,228,236,234,229,219,205,190,182,183,191,201,212
MA15,77/10/22,219,218,212,201,184,166,150,144,146,156,173,190,208,227,238,237,228,211,188,168,157,161,173,192
MA15,77/10/23,210,220,223,218,208,191,169,151,140,142,158,180,205,229,245,253,244,228,201,171,151,143,152,175
MA15,77/10/24,199,222,240,248,242,228,204,180,162,151,156,173,197,216,251,265,263,248,219,193,155,134,133,150
MA15,77/10/25,177,209,239,259,263,251,228,199,172,151,145,156,178,209,236,259,264,255,228,189,151,123,110,119
MA15,77/10/26,145,181,217,249,264,264,249,220,190,162,146,146,163,189,221,249,266,266,245,210,166,128,106,103
MA15,77/10/27,122,154,192,228,254,266,259,235,204,174,153,145,155,177,207,240,261,268,254,226,183,139,106,092
MA15,77/10/28,099,124,161,204,241,260,263,247,222,190,164,144,144,160,190,224,250,263,256,230,195,154,118,096
MA15,77/10/29,094,110,142,183,222,252,268,264,246,214,184,158,150,158,180,210,241,260,261,245,214,174,136,109
MA15,77/10/30,095,100,121,157,196,234,259,262,248,225,199,178,165,162,173,198,229,255,264,252,224,190,155,125
MA15,77/10/31,106,101,111,140,175,213,243,259,255,236,212,194,181,179,184,196,215,240,258,258,240,209,174,142
MA15,77/11/01,119,109,114,131,158,188,218,242,253,246,228,204,186,179,183,196,214,231,244,250,243,224,196,167
MA15,77/11/02,142,126,123,136,156,178,200,224,237,239,231,216,199,187,180,182,188,203,217,230,232,217,198,171
MA15,77/11/03,151,134,124,124,133,150,172,197,215,224,223,214,204,192,186,185,187,192,200,207,212,210,202,186
MA15,77/11/04,170,152,140,134,134,140,153,172,189,204,212,214,208,201,192,188,181,179,182,187,193,198,198,193
MA15,77/11/05,185,174,162,149,139,138,146,157,170,186,201,212,218,217,208,200,194,185,177,176,179,186,195,203
MA15,77/11/06,206,202,193,183,170,158,152,151,161,178,200,216,231,237,238,229,218,201,184,172,168,174,188,202
MA15,77/11/07,218,227,226,218,204,184,169,156,153,163,184,208,230,244,246,240,226,208,183,159,141,139,152,174
MA15,77/11/08,200,221,233,234,222,203,180,160,146,150,166,189,218,243,259,264,252,230,200,169,146,136,141,165
MA15,77/11/09,195,226,249,261,256,240,214,186,158,141,137,154,186,220,247,259,251,230,197,161,127,103,098,116
MA15,77/11/10,149,184,222,251,264,260,244,216,181,155,138,144,169,203,241,267,274,259,226,187,142,109,091,092
MA15,77/11/11,113,144,189,241,263,278,266,240,207,173,152,142,150,179,216,253,271,266,237,198,150,105,071,060
MA15,77/11/12,074,103,144,189,230,255,261,248,220,187,155,140,142,160,192,230,261,273,259,228,183,139,096,069
MA15,77/11/13,060,077,107,151,196,235,257,260,243,218,187,160,146,153,175,210,241,261,260,243,206,165,125,086
MA15,77/11/14,066,067,086,124,169,209,241,258,256,238,212,187,168,162,173,193,220,246,259,253,218,192,152,116
MA15,77/11/15,086,074,080,102,136,175,211,238,247,242,223,202,181,170,170,186,206,234,248,249,235,211,184,154
MA15,77/11/16,123,099,090,098,121,150,183,213,237,245,237,222,200,184,177,178,188,205,219,233,236,228,208,182
MA15,77/11/17,153,132,120,124,140,158,178,201,226,254,274,274,254,228,210,206,212,215,220,229,236,243,240,224
MA15,77/11/18,200,172,152,144,144,154,168,184,201,220,235,242,236,222,208,197,189,186,184,189,198,210,218,215
MA15,77/11/19,205,188,174,162,156,153,157,169,185,203,222,237,242,238,233,224,210,198,188,184,186,197,211,219
MA15,77/11/20,224,219,210,197,186,174,168,166,173,186,202,219,231,236,232,221,205,188,167,154,149,158,174,191
MA15,77/11/21,207,218,221,215,202,187,173,166,167,176,189,206,222,238,244,246,230,206,178,156,144,147,162,180
MA15,77/11/22,201,219,235,242,238,222,201,184,175,178,192,211,232,253,264,263,256,235,204,169,139,124,133,156
MA15,77/11/23,185,189,228,240,246,238,221,200,180,170,170,183,204,228,250,260,251,233,200,161,121,096,091,106
MA15,77/11/24,135,171,203,228,238,235,222,202,180,162,153,160,179,205,233,250,255,243,216,183,145,111,094,098
MA15,77/11/25,121,157,194,228,250,259,254,237,214,187,170,164,175,198,224,249,264,258,236,198,157,124,100,089
MA15,77/11/26,100,125,160,202,236,252,254,240,216,192,168,159,165,181,207,234,255,263,250,220,181,141,108,089
MA15,77/11/27,089,112,148,189,229,256,268,264,248,220,194,178,176,188,207,236,259,274,269,247,210,170,131,107
MA15,77/11/28,097,111,138,175,218,248,269,271,256,235,211,193,182,187,203,228,254,271,277,258,225,187,149,120
MA15,77/11/29,101,105,126,156,190,228,252,267,264,248,222,200,187,181,190,210,233,256,266,263,240,208,176,146
MA15,77/11/30,124,115,122,147,179,217,251,268,271,258,238,217,201,189,191,200,220,238,254,257,242,218,186,158
MA15,77/12/01,132,116,113,127,152,182,211,236,248,247,236,215,196,182,181,189,209,228,241,246,241,228,209,184
MA15,77/12/02,160,137,128,133,151,177,206,230,247,256,252,239,219,199,189,187,195,201,211,220,227,226,216,196
MA15,77/12/03,171,147,131,125,131,148,169,194,217,234,238,230,216,200,187,181,182,186,193,200,208,211,211,203
MA15,77/12/04,189,171,158,148,146,151,163,181,204,228,237,238,231,219,206,197,191,185,184,188,194,203,211,217
MA15,77/12/05,215,207,192,175,163,161,165,176,192,212,228,239,241,235,224,210,194,181,169,165,167,177,191,205
MA15,77/12/06,212,215,209,200,185,169,159,157,168,186,207,225,237,241,236,225,205,181,156,136,130,139,159,185
MA15,77/12/07,207,220,225,223,211,195,176,165,163,172,191,214,234,248,251,240,223,201,172,142,122,120,137,161
MA15,77/12/08,190,215,236,250,248,235,210,187,174,175,189,211,233,252,264,266,257,229,194,156,123,108,116,137
MA15,77/12/09,166,198,231,259,273,272,250,222,196,182,182,197,220,245,266,280,276,254,222,177,133,100,087,095
MA15,77/12/10,120,156,196,234,262,274,261,235,205,182,166,172,188,213,239,263,272,263,238,196,147,103,073,070
MA15,77/12/11,088,120,160,201,240,267,278,268,241,208,180,164,172,195,224,252,272,274,257,220,171,130,090,065
MA15,77/12/12,064,084,120,162,210,244,265,264,247,219,191,167,156,166,192,224,252,265,259,233,196,149,105,069
MA15,77/12/13,055,065,095,137,180,221,245,263,261,240,215,187,167,165,182,210,240,261,269,258,232,195,153,113
MA15,77/12/14,085,074,085,117,151,188,224,251,262,252,229,200,173,159,165,185,212,233,246,246,234,211,180,141
MA15,77/12/15,104,081,080,102,134,170,199,214,243,250,243,221,190,168,158,169,189,213,230,238,236,224,205,178
MA15,77/12/16,149,121,108,113,133,161,189,214,237,250,251,236,215,191,178,174,183,200,223,238,244,236,221,206
MA15,77/12/17,190,172,156,148,150,166,191,216,241,257,262,258,247,229,209,192,181,178,188,204,218,223,220,208
MA15,77/12/18,196,178,165,153,149,155,170,187,208,222,233,237,231,217,200,184,172,166,166,174,183,195,205,211
MA15,77/12/19,210,201,190,180,173,172,177,188,202,216,226,236,237,228,213,195,177,162,152,147,150,161,176,187
MA15,77/12/20,199,203,203,199,191,182,175,177,187,203,216,225,232,232,227,220,207,186,163,146,138,147,162,180
MA15,77/12/21,198,210,217,221,218,208,194,184,180,186,200,213,224,230,232,227,215,193,164,134,112,109,123,147
MA15,77/12/22,171,193,209,218,222,218,207,190,179,174,181,195,212,224,232,233,227,209,180,146,114,097,101,123
MA15,77/12/23,151,180,204,222,233,234,224,208,190,176,174,186,206,225,240,247,244,229,203,169,129,101,092,104
MA15,77/12/24,131,165,196,221,239,248,242,228,204,183,175,182,198,218,239,253,260,256,232,194,150,114,097,098
MA15,77/12/25,120,153,187,220,250,266,266,253,229,205,190,186,195,215,239,259,271,270,252,220,180,138,100,082
MA15,77/12/26,091,122,161,198,228,244,250,242,224,200,175,162,162,176,202,230,250,258,244,216,177,138,101,080
MA15,77/12/27,078,095,130,171,211,242,254,251,234,212,191,174,166,172,193,221,250,264,258,233,191,153,116,090
MA15,77/12/28,076,078,103,137,178,213,234,240,232,215,188,164,148,145,160,189,224,245,249,232,203,170,139,111
MA15,77/12/29,087,079,094,127,172,210,238,248,244,228,209,188,170,162,171,195,227,249,254,250,228,206,179,150
MA15,77/12/30,120,103,107,130,167,206,236,252,256,250,231,206,182,162,160,177,201,224,238,238,227,209,185,159
MA15,77/12/31,130,104,096,108,137,172,205,230,240,242,227,211,189,170,162,165,184,210,231,243,244,234,217,199
