MA15,80/01/01,128,156,184,211,231,240,232,211,187,165,158,166,185,207,228,240,249,242,217,178,134,093,072,072
MA15,80/01/02,093,127,164,197,225,244,249,234,209,184,165,163,174,195,215,239,254,254,234,201,161,121,086,069
MA15,80/01/03,077,103,141,182,219,244,256,247,229,205,183,171,171,187,207,232,256,266,259,235,196,152,114,087
MA15,80/01/04,084,101,134,176,215,248,267,269,253,231,205,188,180,190,212,237,261,275,275,257,223,182,140,108
MA15,80/01/05,092,095,117,156,195,229,252,264,262,243,217,195,180,178,187,208,232,249,256,246,225,200,166,132
MA15,80/01/06,106,092,101,131,171,213,243,261,268,255,233,208,186,177,185,209,236,256,267,267,260,242,212,176
MA15,80/01/07,148,127,130,147,174,207,239,263,280,282,264,231,198,176,166,175,191,205,215,220,221,210,188,159
MA15,80/01/08,128,105,098,107,130,161,191,215,232,235,223,206,183,166,156,160,173,190,207,220,220,212,200,182
MA15,80/01/09,163,141,124,119,132,156,185,210,230,237,232,222,204,186,170,162,166,180,196,209,217,216,211,206
MA15,80/01/10,196,182,168,153,152,164,184,209,235,251,251,242,228,211,198,190,186,186,189,199,206,216,220,216
MA15,80/01/11,203,190,173,162,158,165,174,191,206,221,230,234,227,211,193,177,166,157,153,152,154,163,175,188
MA15,80/01/12,193,188,180,172,165,159,162,168,183,198,212,222,221,210,197,186,174,160,149,141,140,151,169,185
MA15,80/01/13,198,201,204,204,200,192,184,183,190,203,217,223,230,234,228,218,205,185,162,140,128,134,156,179
MA15,80/01/14,200,213,223,232,235,224,211,198,192,197,213,231,243,248,245,237,225,205,178,149,120,114,126,150
MA15,80/01/15,178,204,222,235,242,237,225,209,193,185,190,207,228,246,255,252,242,221,193,158,123,101,102,122
MA15,80/01/16,151,181,213,240,259,264,254,234,208,191,183,198,221,243,262,273,268,248,213,172,124,091,082,093
MA15,80/01/17,118,149,184,220,250,265,261,243,214,189,175,179,199,226,250,266,273,266,246,214,173,122,081,061
MA15,80/01/18,075,105,146,190,228,254,267,257,232,200,165,148,154,176,206,233,252,256,242,213,169,122,081,054
MA15,80/01/19,048,069,107,151,198,234,255,259,242,216,182,155,143,153,179,214,250,269,268,247,209,166,125,090
MA15,80/01/20,070,074,102,143,188,232,265,281,277,254,221,190,169,167,184,211,244,272,287,280,254,214,172,132
MA15,80/01/21,103,091,101,131,172,214,248,270,275,260,237,214,181,161,158,177,210,249,270,274,253,226,196,162
MA15,80/01/22,128,102,090,108,144,185,222,247,259,254,237,213,183,159,144,146,171,203,231,245,246,230,206,182
MA15,80/01/23,156,132,112,113,133,165,200,230,248,253,245,226,200,177,156,146,153,176,202,225,236,236,223,207
MA15,80/01/24,186,166,145,138,143,162,190,218,239,248,243,228,208,187,167,151,141,142,154,174,191,205,209,203
MA15,80/01/25,188,174,159,149,146,155,170,190,206,222,234,230,220,205,185,166,148,137,137,145,158,174,188,197
MA15,80/01/26,199,194,185,178,174,172,176,184,198,213,225,227,222,209,196,178,160,144,132,125,132,143,158,177
MA15,80/01/27,191,198,198,193,191,185,183,182,187,195,208,219,225,225,220,208,193,170,144,122,114,119,139,165
MA15,80/01/28,186,202,212,217,218,212,204,195,189,190,200,214,229,237,238,231,216,194,166,136,114,106,117,138
MA15,80/01/29,163,188,209,214,231,230,219,204,192,183,186,196,209,222,234,237,230,214,184,153,119,097,094,113
MA15,80/01/30,140,172,202,230,248,254,243,226,207,193,186,190,204,223,241,259,267,262,237,200,159,125,106,110
MA15,80/01/31,132,167,204,240,263,276,272,251,222,195,180,179,194,216,239,257,267,267,249,215,173,132,102,090
MA15,80/02/01,099,129,168,207,239,259,260,249,225,200,178,165,165,180,208,238,260,268,252,223,183,141,105,082
MA15,80/02/02,080,096,132,175,213,243,256,251,231,203,175,154,145,157,185,218,248,268,262,241,204,162,122,093
MA15,80/02/03,081,088,116,155,194,231,250,252,235,210,181,156,143,147,167,196,228,253,262,251,222,185,146,113
MA15,80/02/04,091,084,101,134,176,214,239,248,241,218,192,163,142,132,142,168,202,231,249,245,226,196,164,133
MA15,80/02/05,104,092,098,128,163,202,232,251,250,235,207,177,154,143,146,165,190,222,243,254,241,217,188,156
MA15,80/02/06,129,110,103,119,149,186,218,241,248,233,207,179,154,140,134,144,162,184,209,224,227,210,191,167
MA15,80/02/07,145,126,115,120,140,172,204,228,242,236,216,192,171,150,138,138,150,172,192,208,214,208,196,178
MA15,80/02/08,161,145,134,129,138,162,188,216,232,234,222,202,180,162,148,138,140,152,170,188,200,206,205,193
MA15,80/02/09,182,168,158,153,155,164,183,204,223,233,229,214,195,177,161,148,142,140,148,161,174,183,192,191
MA15,80/02/10,186,180,173,164,161,165,176,189,205,216,222,218,208,192,177,161,148,141,138,140,147,159,174,185
MA15,80/02/11,192,196,192,187,180,179,178,184,192,203,213,218,219,211,199,182,164,147,135,128,124,130,142,159
MA15,80/02/12,180,198,208,209,199,189,181,178,179,186,195,203,210,214,213,201,183,157,134,115,104,104,118,137
MA15,80/02/13,160,185,206,221,225,219,205,189,178,170,178,190,205,220,230,229,213,188,156,122,094,078,076,094
MA15,80/02/14,122,156,192,218,230,224,207,184,167,156,150,160,179,202,221,232,230,211,180,140,104,077,066,077
MA15,80/02/15,102,142,181,218,244,249,238,215,188,176,152,150,166,192,221,244,257,244,219,180,134,090,058,050
MA15,80/02/16,069,104,147,190,225,245,250,226,197,165,141,130,139,161,194,226,252,259,241,202,152,103,066,044
MA15,80/02/17,044,069,104,150,195,230,246,239,213,177,142,119,112,127,160,201,237,258,261,236,195,146,100,065
MA15,80/02/18,050,057,087,133,178,219,244,253,233,200,160,126,108,108,129,166,208,242,262,257,228,185,141,100
MA15,80/02/19,074,067,083,114,158,202,238,255,252,224,188,148,120,104,111,139,175,215,247,260,248,215,178,142
MA15,80/02/20,108,091,093,116,150,190,224,249,254,239,206,167,132,112,106,122,149,184,216,237,239,223,193,158
MA15,80/02/21,130,110,105,116,140,172,204,230,243,236,210,176,146,119,102,100,112,138,168,194,210,211,196,172
MA15,80/02/22,150,135,125,127,138,156,180,206,226,231,218,191,163,139,122,110,108,123,144,167,186,195,196,186
MA15,80/02/23,173,161,149,144,149,161,178,198,214,222,217,203,184,163,143,127,118,117,128,144,161,175,184,189
MA15,80/02/24,189,183,176,172,172,174,182,193,204,211,213,210,199,184,169,155,141,129,121,119,127,140,154,170
MA15,80/02/25,180,188,188,185,181,177,176,180,186,191,196,199,199,196,188,173,155,137,120,109,108,118,132,150
MA15,80/02/26,169,185,198,203,199,190,183,181,179,184,188,197,206,215,218,213,200,179,153,129,115,9999,9999,9999
MA15,80/02/27,027,9999,9999,9999,9999,9999,9999,9999,9999,9999,9999,186,203,218,229,228,218,198,172,142,117,103,102,118
MA15,80/02/28,145,175,200,220,232,230,217,197,178,166,160,167,180,200,221,235,236,223,195,161,124,100,087,096
MA15,80/02/29,118,150,185,215,235,239,225,204,180,160,147,146,160,182,208,230,244,240,220,185,143,110,088,088
MA15,80/03/01,108,140,176,210,238,253,249,234,206,178,156,158,175,197,223,246,267,262,235,201,165,130,106,085
MA15,80/03/02,083,103,140,182,214,236,237,219,194,165,136,119,119,137,167,200,233,245,240,218,181,143,105,082
MA15,80/03/03,072,086,123,164,204,230,242,230,206,172,142,116,107,116,144,179,216,240,248,234,200,166,127,100
MA15,80/03/04,082,089,115,155,198,231,246,243,222,191,159,130,116,116,139,169,204,235,254,248,224,192,154,121
MA15,80/03/05,102,096,111,144,184,218,240,245,231,204,167,135,112,107,120,147,181,216,238,243,228,204,173,142
MA15,80/03/06,116,105,111,136,174,208,234,245,234,212,179,149,121,106,110,126,157,189,219,234,229,212,185,161
MA15,80/03/07,139,124,122,132,160,191,221,240,237,220,190,160,134,119,112,121,142,168,197,219,232,230,212,190
MA15,80/03/08,167,150,141,148,168,191,218,239,246,232,204,175,147,127,117,118,129,145,169,192,207,214,208,192
MA15,80/03/09,175,161,153,155,164,181,200,217,232,232,222,200,175,156,142,136,137,149,165,184,202,215,222,222
MA15,80/03/10,216,210,204,200,199,202,218,232,241,242,230,214,195,178,164,150,137,130,135,147,162,174,186,193
MA15,80/03/11,198,194,188,181,176,173,175,181,190,200,206,203,197,187,176,160,144,132,123,124,128,140,155,172
MA15,80/03/12,191,202,207,206,197,188,180,173,169,178,188,196,201,201,196,183,166,146,126,110,104,111,127,149
MA15,80/03/13,173,192,209,217,214,202,187,171,160,159,168,179,193,205,210,202,191,166,138,112,092,086,095,116
MA15,80/03/14,146,180,209,229,234,224,203,182,163,152,152,165,186,209,229,239,230,209,176,141,108,092,092,108
MA15,80/03/15,134,166,201,234,252,251,231,200,169,144,134,140,161,192,222,244,253,240,213,174,132,096,076,077
MA15,80/03/16,096,128,172,210,242,255,242,217,182,148,121,110,124,155,198,236,259,264,244,206,160,116,085,068
MA15,80/03/17,074,102,147,193,233,256,256,236,199,158,120,096,096,120,162,208,245,267,265,242,205,160,117,088
MA15,80/03/18,079,095,132,178,218,250,262,252,221,178,135,100,084,092,126,171,215,248,263,256,227,190,146,110
MA15,80/03/19,089,088,111,152,195,230,252,253,231,194,150,110,083,076,092,133,176,217,245,254,239,212,173,141
MA15,80/03/20,115,105,118,147,187,221,244,255,248,222,182,140,108,086,092,114,152,194,228,247,249,234,206,176
MA15,80/03/21,150,134,136,154,180,206,229,245,247,233,205,167,131,103,094,105,129,162,193,218,233,230,217,196
MA15,80/03/22,175,158,152,159,177,199,220,236,242,233,212,187,156,131,114,107,120,140,166,194,214,228,226,217
MA15,80/03/23,202,190,182,186,193,203,215,230,242,243,230,208,185,163,146,132,128,132,148,165,184,199,208,212
MA15,80/03/24,209,202,196,193,191,194,201,211,220,226,222,212,200,187,171,156,143,136,138,144,156,169,182,194
MA15,80/03/25,201,204,204,200,194,187,188,192,198,201,202,199,194,190,183,173,157,140,128,126,136,150,165,177
MA15,80/03/26,189,201,211,216,212,201,188,180,182,188,194,196,202,206,209,204,189,169,150,135,125,132,144,161
MA15,80/03/27,179,197,214,222,219,205,189,173,164,159,163,172,185,200,209,212,201,183,158,131,111,101,107,127
MA15,80/03/28,152,178,199,214,218,206,190,169,149,136,132,144,163,185,204,215,210,198,177,148,124,104,097,108
MA15,80/03/29,134,166,197,220,228,221,202,180,158,139,129,127,145,172,202,225,234,224,205,176,145,117,104,108
MA15,80/03/30,130,164,204,240,264,264,239,204,175,156,144,136,137,156,188,224,250,259,237,198,160,129,111,106
MA15,80/03/31,115,140,173,211,241,250,238,210,176,142,119,107,112,137,171,209,237,253,248,225,195,159,130,113
MA15,80/04/01,117,143,180,225,256,269,266,242,213,174,138,110,106,127,160,200,233,253,253,238,212,175,141,115
MA15,80/04/02,105,117,149,188,221,241,244,226,199,163,127,100,089,098,128,166,206,238,251,244,221,186,149,118
MA15,80/04/03,104,105,130,166,200,228,238,229,204,167,128,095,078,079,098,129,167,204,228,236,221,194,161,131
MA15,80/04/04,114,110,122,147,178,208,230,234,217,183,144,106,085,080,090,116,148,184,212,230,229,211,184,152
MA15,80/04/05,131,119,124,145,170,199,218,231,222,200,167,132,105,091,094,114,141,176,204,224,235,228,213,193
MA15,80/04/06,175,160,156,165,183,206,229,247,251,232,206,173,147,126,119,125,140,162,189,217,238,248,238,220
MA15,80/04/07,201,188,180,181,184,192,207,226,238,225,200,169,142,124,112,107,112,126,145,168,188,203,206,201
MA15,80/04/08,190,179,171,173,176,182,189,200,210,215,208,190,170,148,135,126,125,130,140,155,173,192,208,217
MA15,80/04/09,216,211,206,202,200,198,197,201,209,218,222,216,205,192,177,164,152,142,135,139,150,170,192,211
MA15,80/04/10,217,219,216,214,209,199,185,176,176,184,192,203,203,200,188,175,160,141,128,118,117,127,146,168
MA15,80/04/11,191,209,221,224,216,200,180,162,154,160,170,184,197,208,213,206,193,173,149,126,110,109,123,148
MA15,80/04/12,178,207,228,238,236,218,197,171,150,138,143,159,184,209,228,231,220,200,172,142,116,101,107,124
MA15,80/04/13,156,189,221,244,250,240,216,183,152,129,118,130,157,197,230,252,255,238,212,180,150,125,112,116
MA15,80/04/14,137,177,222,259,274,266,245,210,177,145,121,117,137,176,224,264,285,280,255,215,171,131,109,103
MA15,80/04/15,120,149,187,224,252,262,248,216,176,128,091,075,083,116,161,210,244,262,258,236,203,163,129,107
MA15,80/04/16,107,130,166,210,242,261,255,231,195,152,106,076,067,085,122,174,220,254,266,254,228,194,162,134
MA15,80/04/17,121,128,152,195,233,261,266,252,223,184,140,102,078,077,100,140,186,230,259,263,247,220,192,165
MA15,80/04/18,145,139,151,180,214,244,257,252,229,191,153,112,085,072,079,107,147,190,223,243,244,226,204,175
MA15,80/04/19,156,146,149,168,193,219,236,239,229,203,169,132,102,083,081,096,125,160,192,219,231,228,212,190
MA15,80/04/20,172,160,160,168,184,207,224,237,238,225,201,170,139,115,098,101,117,142,172,201,223,238,235,223
MA15,80/04/21,207,194,186,189,199,211,222,232,239,233,218,195,171,148,129,118,116,124,140,163,187,206,216,210
MA15,80/04/22,201,192,188,186,184,185,189,197,205,208,202,189,173,156,142,130,123,121,130,146,164,182,198,206
MA15,80/04/23,209,206,202,197,191,186,185,189,198,205,206,200,193,188,182,172,159,148,143,147,154,162,171,188
MA15,80/04/24,206,216,216,208,194,183,176,171,173,176,179,184,188,192,192,183,169,150,136,128,132,145,164,182
MA15,80/04/25,197,208,213,213,204,191,174,159,148,150,161,174,185,192,197,196,189,176,159,137,120,122,139,162
MA15,80/04/26,184,200,209,214,210,201,182,159,137,127,132,150,173,191,203,207,204,193,174,149,126,114,119,142
MA15,80/04/27,170,193,211,220,218,205,183,157,131,114,112,124,148,176,201,217,224,213,193,168,146,127,124,137
MA15,80/04/28,162,195,224,244,247,240,221,197,166,132,112,117,142,178,213,232,248,244,228,202,171,143,129,128
MA15,80/04/29,146,178,209,237,246,238,214,184,149,120,100,096,111,142,180,215,238,246,236,214,184,156,134,124
MA15,80/04/30,131,158,192,225,247,250,232,201,167,131,103,092,098,122,158,197,233,252,256,238,207,177,153,136
MA15,80/05/01,136,153,179,212,237,253,252,228,189,148,112,093,094,114,144,181,217,245,258,246,221,196,173,152
MA15,80/05/02,139,145,166,199,230,249,249,232,200,162,123,095,084,094,121,160,198,233,255,259,243,217,190,166
MA15,80/05/03,154,155,170,195,224,246,257,247,220,182,143,112,095,096,113,143,183,219,249,265,258,242,215,192
MA15,80/05/04,174,165,170,190,216,242,258,257,240,208,171,136,114,101,108,127,157,194,226,247,255,245,226,206
MA15,80/05/05,188,181,180,190,208,229,247,257,248,225,194,160,132,113,106,115,136,164,196,223,240,246,239,224
MA15,80/05/06,206,193,186,190,200,217,233,245,247,238,219,194,168,148,134,130,136,144,159,180,209,231,244,238
MA15,80/05/07,224,206,194,190,194,199,208,216,220,221,212,195,173,151,134,124,120,131,146,165,185,203,218,225
MA15,80/05/08,222,214,203,193,188,183,185,194,202,211,214,208,197,183,169,150,140,134,139,151,171,192,214,231
MA15,80/05/09,238,242,237,229,218,206,197,194,201,214,226,234,238,231,216,198,181,168,162,157,162,175,198,222
MA15,80/05/10,239,250,256,247,230,206,182,158,149,162,186,212,225,228,223,217,206,190,171,151,144,150,172,200
MA15,80/05/11,228,251,264,265,252,226,200,175,158,150,160,178,206,230,246,247,233,210,187,161,142,137,142,165
MA15,80/05/12,193,223,245,257,250,229,198,165,133,114,114,135,170,206,236,255,258,247,225,197,173,153,147,158
MA15,80/05/13,184,218,248,270,273,257,233,195,157,125,110,118,149,189,231,258,268,264,248,228,202,173,152,147
MA15,80/05/14,164,195,227,254,267,260,237,200,160,117,085,073,091,129,174,220,254,269,265,243,216,187,163,152
MA15,80/05/15,157,179,213,248,271,279,264,234,195,151,114,091,095,115,151,198,243,273,286,273,248,217,190,170
MA15,80/05/16,162,169,193,224,253,269,265,243,206,161,115,076,058,061,095,143,193,233,255,258,245,223,200,178
MA15,80/05/17,162,160,176,205,235,257,260,248,217,180,141,104,079,069,088,121,164,207,237,255,253,239,219,195
MA15,80/05/18,178,169,177,195,220,243,257,257,238,205,170,134,106,087,089,106,139,175,211,235,246,243,230,208
MA15,80/05/19,191,179,178,188,205,225,239,245,238,219,193,161,131,110,099,104,124,154,188,215,230,236,232,220
MA15,80/05/20,204,191,183,185,194,207,220,230,231,221,201,179,156,135,120,114,120,140,166,193,214,226,229,224
MA15,80/05/21,214,201,194,190,190,195,205,216,224,223,212,197,181,167,153,141,134,141,161,185,207,221,225,227
MA15,80/05/22,225,225,221,212,201,191,193,200,212,216,214,208,197,186,175,164,152,144,145,158,178,199,215,221
MA15,80/05/23,221,215,208,199,190,178,170,166,173,183,190,196,196,194,190,182,170,158,150,151,166,184,203,217
MA15,80/05/24,224,228,224,215,201,184,169,159,158,165,176,189,199,205,208,202,192,176,161,152,155,167,186,206
MA15,80/05/25,222,229,230,224,209,191,173,155,142,142,150,168,189,207,217,219,210,195,177,163,156,161,174,193
MA15,80/05/26,215,233,244,244,232,212,189,168,153,146,154,171,199,226,247,260,260,247,227,207,192,183,192,209
MA15,80/05/27,230,249,263,270,262,244,213,180,147,125,119,133,161,189,216,234,246,245,224,200,175,159,156,168
MA15,80/05/28,188,214,235,250,250,233,205,171,139,117,101,107,130,165,203,234,251,256,240,219,193,172,159,158
MA15,80/05/29,173,198,225,246,254,243,217,183,144,113,091,085,100,130,170,208,239,255,252,234,208,181,163,155
MA15,80/05/30,165,185,214,239,254,253,235,202,162,125,094,079,085,111,149,189,224,248,259,249,228,200,173,159
MA15,80/05/31,158,175,200,227,249,258,249,222,183,143,103,081,073,088,121,161,201,232,251,253,239,214,186,168
MA15,80/06/01,158,162,182,207,234,249,250,231,198,160,118,086,072,074,098,130,169,207,239,253,249,229,202,179
MA15,80/06/02,165,163,175,196,220,240,251,247,224,190,149,115,092,086,096,123,156,193,228,249,258,246,225,204
MA15,80/06/03,186,177,179,193,215,236,251,256,243,215,181,147,120,104,099,112,139,172,207,234,250,253,238,218
MA15,80/06/04,197,181,174,177,188,204,221,234,235,220,192,161,132,109,097,097,110,133,163,193,217,233,235,226
MA15,80/06/05,206,188,175,170,173,184,198,211,221,222,208,187,161,139,120,108,111,123,144,168,194,214,227,227
MA15,80/06/06,218,202,186,172,163,163,170,182,195,205,206,197,182,165,148,133,122,120,129,147,171,194,215,225
MA15,80/06/07,224,215,198,182,165,154,147,152,164,180,194,200,199,189,174,159,143,132,129,135,153,174,196,216
MA15,80/06/08,227,226,216,201,178,157,139,132,137,151,172,190,201,204,201,194,178,162,143,136,145,160,183,206
MA15,80/06/09,223,236,238,229,209,184,158,139,128,136,153,178,202,223,237,236,224,205,185,171,168,174,188,205
MA15,80/06/10,223,242,252,254,240,211,174,141,115,107,117,140,171,204,230,246,245,230,210,186,169,162,169,186
MA15,80/06/11,210,232,249,255,246,224,191,153,115,090,083,100,132,174,212,240,255,254,237,214,187,172,165,175
MA15,80/06/12,193,219,244,261,264,247,217,179,134,102,079,080,103,142,189,228,256,268,260,239,213,190,174,170
MA15,80/06/13,184,206,233,256,269,263,239,204,158,117,083,068,078,108,153,197,234,257,263,251,228,203,179,167
MA15,80/06/14,167,182,207,234,254,261,248,220,181,139,099,070,061,077,115,160,202,235,252,253,239,215,190,172
MA15,80/06/15,162,167,187,214,241,254,254,237,206,166,124,091,071,071,096,134,177,217,242,255,249,230,206,185
MA15,80/06/16,173,168,179,201,226,247,256,251,226,194,156,121,093,083,091,121,160,197,228,250,256,243,223,203
MA15,80/06/17,186,176,177,191,213,234,251,254,242,217,187,158,130,110,106,120,150,186,221,247,262,262,250,232
MA15,80/06/18,215,201,194,200,214,232,248,258,254,239,214,187,162,143,128,129,144,171,201,226,243,247,241,227
MA15,80/06/19,210,193,181,177,183,193,209,223,229,227,213,193,172,150,137,127,129,144,169,195,219,232,237,228
MA15,80/06/20,212,195,182,174,171,174,183,196,207,216,211,199,185,170,155,144,139,144,160,181,206,224,234,234
MA15,80/06/21,227,213,198,185,173,167,168,177,189,198,202,203,198,191,179,167,156,151,155,169,189,207,224,232
MA15,80/06/22,232,222,207,190,172,160,156,156,164,173,183,193,199,200,194,184,172,161,157,162,175,192,209,222
MA15,80/06/23,230,229,217,201,181,164,149,142,140,150,164,181,197,207,212,205,197,183,171,164,166,177,193,213
MA15,80/06/24,228,233,231,218,200,178,156,138,126,126,139,160,183,204,220,225,218,205,190,176,168,169,180,198
MA15,80/06/25,218,233,241,234,218,192,165,138,122,110,114,132,161,193,220,236,240,228,210,191,176,169,172,189
MA15,80/06/26,208,228,242,247,237,215,186,154,125,104,096,109,140,177,221,238,251,252,241,223,205,188,180,191
MA15,80/06/27,212,237,258,269,267,249,220,185,151,120,105,108,133,166,201,232,255,269,267,250,226,202,187,184
MA15,80/06/28,196,219,243,263,271,261,239,206,168,131,102,092,106,139,175,215,247,266,275,265,244,219,199,186
MA15,80/06/29,186,204,230,257,273,275,262,234,197,160,127,105,100,115,142,180,217,250,268,272,260,234,209,190
MA15,80/06/30,180,188,207,232,256,267,266,252,220,182,142,105,088,096,118,154,191,228,258,273,270,251,226,201
MA15,80/07/01,184,180,193,216,241,260,270,266,246,209,168,129,100,092,105,133,167,204,239,261,270,260,239,214
MA15,80/07/02,192,177,178,193,216,242,261,268,256,227,192,156,125,107,104,118,145,179,214,242,261,265,254,232
MA15,80/07/03,207,186,179,186,201,224,246,261,265,254,228,194,160,137,127,132,152,177,206,233,255,268,267,251
MA15,80/07/04,228,204,187,180,184,196,214,233,249,251,237,211,186,164,149,142,147,159,179,205,232,251,256,249
MA15,80/07/05,232,212,193,175,168,170,181,200,217,230,233,224,208,189,174,162,155,161,174,192,213,233,245,250
MA15,80/07/06,243,227,207,183,164,154,157,173,191,206,214,218,219,214,204,188,174,164,168,181,198,216,232,243
MA15,80/07/07,245,239,225,205,181,156,144,147,161,181,195,209,219,225,225,219,205,189,180,177,185,199,215,231
MA15,80/07/08,241,244,237,221,198,169,145,130,127,137,157,178,198,216,227,232,224,211,196,186,182,188,200,217
MA15,80/07/09,232,240,242,233,214,188,158,128,109,107,121,144,169,194,217,236,242,234,218,196,183,179,189,206
MA15,80/07/10,224,238,247,247,237,215,184,150,118,099,098,117,145,177,206,233,250,251,238,218,198,184,181,192
MA15,80/07/11,209,228,244,254,254,240,212,176,141,109,094,096,118,151,187,225,249,262,258,243,223,203,192,192
MA15,80/07/12,203,223,247,266,278,271,248,214,173,135,108,098,106,129,160,202,238,262,267,251,228,204,185,176
MA15,80/07/13,180,192,214,240,259,266,254,226,190,148,109,087,083,102,137,177,215,247,262,262,247,223,199,180
MA15,80/07/14,173,181,200,226,249,262,263,247,216,178,140,104,089,097,121,159,199,235,259,269,261,241,216,193
MA15,80/07/15,179,178,194,223,248,267,271,260,238,208,175,141,117,106,117,143,179,219,250,262,259,240,216,193
MA15,80/07/16,174,164,165,183,210,235,251,255,241,214,180,146,120,103,103,125,155,193,224,245,253,243,227,203
MA15,80/07/17,180,163,158,169,189,211,230,239,237,222,198,169,140,120,112,121,145,177,206,231,246,246,233,211
MA15,80/07/18,188,167,157,162,174,192,208,222,228,225,209,185,161,140,129,129,142,164,191,215,233,242,238,222
MA15,80/07/19,201,180,164,160,165,177,192,208,219,224,217,202,183,164,149,142,150,166,185,205,222,234,238,230
MA15,80/07/20,212,189,172,159,155,159,169,181,192,201,204,200,192,180,167,157,153,159,171,190,208,224,230,228
MA15,80/07/21,216,199,182,166,154,147,148,156,169,182,192,197,198,193,186,178,172,170,174,183,197,214,225,230
MA15,80/07/22,224,213,198,181,166,152,143,143,149,163,176,189,199,204,208,203,197,189,184,184,190,204,219,230
MA15,80/07/23,234,229,217,201,184,164,149,139,137,145,156,175,194,213,225,230,224,214,203,197,195,202,212,225
MA15,80/07/24,237,242,240,228,210,186,164,143,129,126,136,155,179,207,226,237,239,229,214,202,193,188,193,206
MA15,80/07/25,223,237,245,244,227,201,173,144,122,108,108,122,147,181,219,244,256,250,233,212,196,185,182,191
MA15,80/07/26,207,226,242,250,244,223,193,160,126,099,085,090,114,150,191,226,248,255,247,228,204,183,172,173
MA15,80/07/27,188,212,240,259,264,250,223,187,145,110,084,077,093,126,169,208,241,259,261,249,225,197,173,164
MA15,80/07/28,172,194,221,247,263,262,244,212,174,131,092,075,076,100,137,180,222,250,266,262,241,214,186,166
MA15,80/07/29,158,171,200,231,258,269,261,238,202,159,116,083,070,082,112,154,196,233,257,266,254,228,198,170
MA15,80/07/30,151,151,173,204,236,258,268,258,232,194,149,109,084,080,100,135,178,215,250,269,270,252,224,193
MA15,80/07/31,170,161,170,193,223,248,268,273,263,233,197,157,125,107,110,131,163,199,231,257,268,260,237,206
MA15,80/08/01,175,152,142,155,180,209,237,254,255,237,209,175,143,120,113,123,146,176,208,235,255,258,245,221
MA15,80/08/02,191,167,151,146,157,178,202,227,243,242,231,207,182,159,145,140,149,168,196,223,246,257,253,238
MA15,80/08/03,216,190,167,151,144,152,172,196,220,232,232,219,202,185,172,163,161,168,184,205,227,242,247,240
MA15,80/08/04,223,204,184,166,150,142,147,163,185,206,216,221,217,210,202,192,184,180,186,197,214,231,241,244
MA15,80/08/05,236,223,204,186,165,148,138,143,157,176,194,209,219,225,222,219,213,206,200,204,211,223,236,246
MA15,80/08/06,247,241,231,218,195,172,148,137,139,152,172,195,214,229,240,244,239,232,219,208,204,211,226,239
MA15,80/08/07,248,250,243,234,218,195,168,143,123,121,136,161,189,216,235,245,248,241,229,217,202,193,198,210
MA15,80/08/08,228,240,247,242,229,208,180,151,124,110,110,127,154,186,214,236,247,245,234,218,199,186,182,189
MA15,80/08/09,205,224,242,250,247,230,201,168,136,110,098,104,129,160,196,228,250,257,248,232,209,191,181,179
MA15,80/08/10,187,208,230,249,259,251,225,192,154,118,097,092,109,134,171,209,240,258,258,242,218,193,173,166
MA15,80/08/11,170,187,213,239,256,259,244,216,177,141,106,091,093,115,149,189,227,251,262,250,226,197,174,159
MA15,80/08/12,157,170,194,222,247,260,257,236,200,161,121,094,087,103,133,172,210,240,257,252,235,208,179,157
MA15,80/08/13,144,151,172,202,233,253,259,247,217,183,144,110,090,095,118,156,197,229,252,258,245,220,189,164
MA15,80/08/14,147,146,160,185,214,239,254,254,237,206,169,135,116,109,125,154,189,223,250,263,257,236,208,181
MA15,80/08/15,160,150,156,174,199,225,246,255,249,228,197,163,140,128,131,149,177,208,236,255,257,243,215,186
MA15,80/08/16,161,147,142,155,178,202,225,241,244,232,210,185,160,143,137,147,170,200,227,249,259,252,236,213
MA15,80/08/17,187,166,155,158,170,189,211,230,242,243,229,211,189,175,165,166,178,196,218,241,256,257,247,224
MA15,80/08/18,199,178,164,159,162,172,187,203,218,225,223,214,199,184,173,172,177,190,205,224,239,247,244,230
MA15,80/08/19,208,186,170,161,156,159,163,176,188,206,214,215,208,198,190,186,187,193,201,211,221,230,235,231
MA15,80/08/20,217,197,176,161,153,149,150,156,166,180,191,201,206,207,203,198,193,189,190,195,201,212,223,227
MA15,80/08/21,221,208,190,176,160,148,137,132,136,149,167,183,196,206,211,212,207,200,193,188,189,197,209,218
MA15,80/08/22,223,219,210,197,180,158,139,124,118,124,140,160,183,203,219,227,225,218,203,189,181,182,194,209
MA15,80/08/23,220,226,226,220,206,184,158,132,113,111,121,140,167,196,225,245,254,248,230,209,192,184,189,201
MA15,80/08/24,215,229,242,249,239,217,182,147,117,103,101,115,139,169,205,239,260,263,247,221,196,178,170,178
MA15,80/08/25,195,217,241,256,260,246,214,176,134,103,085,088,111,144,183,222,254,271,265,240,206,177,161,157
MA15,80/08/26,169,194,223,251,268,268,247,212,165,122,092,081,092,119,153,197,237,264,270,255,226,196,166,149
MA15,80/08/27,146,162,192,229,259,275,269,242,203,161,124,096,089,105,137,179,222,257,276,272,246,212,178,153
MA15,80/08/28,139,143,167,205,243,271,282,270,240,200,157,118,101,103,126,163,205,241,268,277,264,233,198,165
MA15,80/08/29,139,128,142,172,213,250,273,276,258,227,188,155,128,118,127,152,188,223,255,274,270,247,212,173
MA15,80/08/30,143,126,129,150,182,218,248,265,266,247,219,183,152,134,136,157,187,219,246,263,268,258,234,200
MA15,80/08/31,163,136,124,131,155,187,216,241,255,253,236,210,181,163,154,163,183,210,232,251,259,259,245,219
MA15,80/09/01,186,154,132,126,136,157,182,207,224,234,232,220,201,185,176,174,183,198,216,233,245,251,245,228
MA15,80/09/02,200,172,150,135,130,134,145,165,187,205,215,217,209,200,192,189,190,197,206,216,226,234,239,234
MA15,80/09/03,220,199,177,160,148,138,137,146,162,181,197,208,213,215,213,212,210,206,204,206,212,220,227,230
MA15,80/09/04,226,214,201,185,167,149,136,128,133,147,166,186,204,215,221,224,220,213,206,200,198,201,209,218
MA15,80/09/05,224,226,221,208,190,170,146,127,120,127,143,167,191,212,228,240,242,235,221,206,196,195,201,213
MA15,80/09/06,223,233,240,241,230,210,180,151,130,124,132,150,174,200,226,246,258,250,234,214,195,187,186,192
MA15,80/09/07,202,218,236,248,248,231,200,163,132,116,115,130,157,188,219,247,262,265,250,228,204,186,173,173
MA15,80/09/08,183,205,231,253,262,252,224,189,154,126,112,114,129,151,182,215,244,259,253,225,193,166,151,147
MA15,80/09/09,157,177,205,233,252,257,243,213,172,136,111,104,116,141,176,211,242,259,260,243,211,181,156,142
MA15,80/09/10,146,166,192,223,248,262,257,234,202,166,134,114,115,133,165,201,236,261,268,256,227,196,168,148
MA15,80/09/11,144,158,187,220,251,272,280,266,241,210,179,152,139,144,170,209,246,274,283,278,256,230,197,174
MA15,80/09/12,156,158,177,210,242,268,280,278,259,233,200,170,150,147,164,195,231,260,277,278,261,233,200,167
MA15,80/09/13,147,143,158,182,213,241,262,269,257,235,205,176,158,154,163,187,217,247,269,278,266,240,206,175
MA15,80/09/14,150,140,145,161,185,214,238,252,252,235,211,186,166,155,155,168,192,222,247,261,255,237,212,185
MA15,80/09/15,160,143,135,140,159,190,216,237,243,240,224,205,187,174,169,176,194,217,240,255,258,252,232,210
MA15,80/09/16,181,155,141,138,151,174,198,217,229,234,229,220,210,201,192,189,195,210,230,247,256,253,240,219
MA15,80/09/17,193,172,158,147,148,156,171,191,208,221,226,220,212,203,196,194,196,202,214,226,234,238,232,218
MA15,80/09/18,199,180,164,152,147,148,154,164,181,197,210,217,218,216,211,206,204,203,204,206,214,221,227,225
MA15,80/09/19,216,200,184,171,161,154,149,149,155,167,185,202,214,221,223,223,218,214,208,204,204,210,217,222
MA15,80/09/20,223,220,211,199,184,168,150,139,135,143,159,183,206,223,233,237,234,224,210,199,190,190,197,208
MA15,80/09/21,217,224,225,219,204,180,153,131,118,118,130,153,180,208,233,248,253,246,228,206,186,176,177,192
MA15,80/09/22,213,232,247,249,239,217,188,159,133,116,114,127,158,195,233,258,268,262,242,214,185,164,156,165
MA15,80/09/23,187,216,242,259,260,243,211,175,139,115,102,106,128,162,205,243,268,273,259,231,195,162,140,136
MA15,80/09/24,155,187,225,255,273,269,250,212,171,133,103,090,100,133,176,222,256,270,265,240,200,161,132,116
MA15,80/09/25,122,147,185,233,261,271,264,239,203,162,120,099,098,122,161,206,242,266,269,259,216,176,139,111
MA15,80/09/26,100,114,149,196,238,269,276,260,232,192,156,123,108,112,138,181,225,258,274,266,239,200,156,119
MA15,80/09/27,096,093,115,154,199,240,267,273,256,222,183,153,132,129,139,163,198,235,264,272,256,227,185,146
MA15,80/09/28,114,100,108,135,173,217,252,272,272,256,227,195,169,158,161,180,207,241,267,279,272,246,211,175
MA15,80/09/29,141,118,109,119,144,178,218,251,268,265,246,218,196,182,180,188,205,225,247,263,268,261,237,207
MA15,80/09/30,173,146,132,130,140,162,190,222,246,260,258,244,227,213,207,207,219,232,246,256,262,261,254,235
MA15,80/10/01,206,174,147,135,135,148,165,184,205,221,234,235,228,217,206,199,201,210,216,223,224,226,223,218
MA15,80/10/02,206,189,167,147,132,128,134,148,167,185,198,208,215,218,215,212,207,202,200,201,205,208,210,208
MA15,80/10/03,203,194,184,170,154,139,127,127,136,154,171,188,201,213,221,220,214,205,191,183,181,187,196,202
MA15,80/10/04,204,205,203,197,185,166,146,132,128,137,152,171,193,211,226,233,230,217,200,182,171,170,178,188
MA15,80/10/05,200,209,216,217,209,190,164,138,121,116,129,148,173,199,221,238,239,232,210,187,168,155,158,171
MA15,80/10/06,187,206,222,233,229,215,191,161,137,120,123,140,167,198,227,247,254,246,228,202,176,158,151,161
MA15,80/10/07,179,205,230,248,255,246,229,202,176,150,135,140,162,196,228,252,264,256,241,215,185,161,146,146
MA15,80/10/08,159,185,218,246,263,259,241,213,178,149,131,130,150,183,217,244,264,267,251,220,187,155,134,126
MA15,80/10/09,134,156,188,220,246,254,242,216,184,150,126,113,124,150,186,221,246,258,247,222,188,153,124,111
MA15,80/10/10,116,138,171,206,237,256,260,244,217,183,153,132,129,147,179,214,247,264,262,240,206,170,137,117
MA15,80/10/11,110,122,152,187,229,254,266,258,234,203,171,149,140,149,172,204,237,261,268,253,219,180,143,120
MA15,80/10/12,106,113,136,168,205,237,257,258,241,212,182,159,145,146,163,188,217,242,256,249,224,188,151,120
MA15,80/10/13,103,100,116,145,178,210,236,249,244,227,201,176,158,153,166,188,213,238,254,256,243,217,183,152
MA15,80/10/14,126,116,124,148,175,202,229,249,261,256,238,216,198,187,190,201,221,238,253,258,245,218,185,155
MA15,80/10/15,137,125,127,134,149,168,195,220,237,242,231,216,202,193,189,196,206,219,232,242,244,237,219,194
MA15,80/10/16,166,143,132,133,143,155,174,194,215,227,232,225,213,203,194,192,195,202,211,220,226,224,213,197
MA15,80/10/17,179,162,150,144,140,144,156,174,194,210,221,225,224,221,216,209,202,199,201,207,213,217,216,208
MA15,80/10/18,195,179,164,155,147,142,143,148,162,181,203,215,222,224,222,218,213,206,197,190,192,199,207,214
MA15,80/10/19,214,207,196,183,169,156,146,142,146,158,180,203,222,236,244,240,229,213,198,186,179,183,195,211
MA15,80/10/20,225,232,228,220,203,183,164,148,139,142,159,182,208,231,250,258,254,233,207,179,160,159,171,191
MA15,80/10/21,214,234,247,249,237,213,183,156,139,136,147,165,194,226,258,278,280,265,236,200,171,153,153,171
MA15,80/10/22,198,229,256,271,270,253,221,182,147,125,123,139,167,204,241,268,283,277,251,213,171,138,120,126
MA15,80/10/23,150,186,227,259,278,274,251,216,176,141,121,122,143,177,219,256,281,283,263,224,179,136,103,093
MA15,80/10/24,109,144,192,235,268,278,267,243,208,173,141,123,128,153,195,241,275,288,272,239,195,155,119,096
MA15,80/10/25,095,116,155,203,251,286,303,296,268,229,191,164,159,175,209,246,280,302,305,287,255,214,169,132
MA15,80/10/26,114,123,159,210,268,306,322,320,301,275,242,209,186,187,204,236,269,294,302,288,261,222,177,137
MA15,80/10/27,109,100,113,147,190,233,265,280,273,255,229,205,191,183,193,212,234,256,272,270,250,218,177,140
MA15,80/10/28,109,096,101,121,151,187,220,244,258,250,231,211,195,187,189,200,217,236,251,258,252,232,205,173
MA15,80/10/29,143,121,113,118,135,159,187,216,237,247,238,223,210,202,200,205,213,223,233,240,238,228,210,189
MA15,80/10/30,165,142,124,117,125,141,164,188,208,221,227,221,214,208,205,203,209,213,220,225,230,228,223,212
MA15,80/10/31,198,184,170,158,153,154,164,183,207,229,242,244,241,234,225,215,209,207,206,207,207,207,208,205
MA15,80/11/01,200,192,177,161,149,142,142,150,164,180,197,209,221,224,222,217,210,203,196,190,186,191,196,203
MA15,80/11/02,206,206,200,191,189,165,154,148,154,166,183,201,216,228,235,233,224,209,192,178,172,175,183,194
MA15,80/11/03,206,215,221,220,209,189,169,154,147,151,163,180,202,217,227,227,220,206,189,172,156,148,151,165
MA15,80/11/04,187,207,220,226,219,206,184,164,148,143,149,169,194,217,237,250,248,235,212,184,160,147,146,158
MA15,80/11/05,180,204,227,245,251,240,216,188,164,153,153,168,191,217,241,258,264,252,227,195,165,144,137,147
MA15,80/11/06,168,196,225,248,261,260,241,215,187,164,157,165,183,210,238,260,271,263,241,205,167,138,124,128
MA15,80/11/07,149,177,209,240,261,267,258,236,206,180,162,162,175,200,233,264,278,279,258,225,186,153,128,122
MA15,80/11/08,135,163,198,234,263,278,276,258,230,200,173,158,158,176,206,239,260,266,246,213,172,135,106,093
MA15,80/11/09,094,112,144,186,225,253,261,250,224,197,171,156,153,166,191,223,248,263,256,233,194,153,117,093
MA15,80/11/10,087,101,132,168,204,232,249,254,240,214,183,159,148,157,183,212,238,252,253,237,211,175,134,100
MA15,80/11/11,083,088,110,143,178,211,232,245,244,228,203,177,159,155,170,197,225,242,247,238,216,188,154,120
MA15,80/11/12,094,086,098,126,161,193,220,238,248,242,223,200,181,172,181,202,224,242,253,253,240,220,190,159
MA15,80/11/13,132,116,118,135,163,193,223,252,266,271,259,243,223,211,208,216,228,235,237,240,236,226,205,174
MA15,80/11/14,141,117,107,115,134,159,183,204,222,234,237,229,214,201,194,194,203,217,226,233,234,228,214,195
MA15,80/11/15,170,146,130,126,134,149,166,185,204,221,233,234,226,214,204,199,197,199,201,203,207,210,208,199
MA15,80/11/16,182,160,141,130,125,126,134,147,165,187,205,216,221,215,207,197,189,184,179,180,184,190,199,203
MA15,80/11/17,200,191,178,163,146,135,132,138,151,170,189,207,222,231,230,220,204,186,170,162,159,166,180,195
MA15,80/11/18,207,210,205,191,174,154,139,134,139,152,171,193,217,236,245,240,224,201,174,152,139,139,154,176
MA15,80/11/19,199,217,224,222,207,184,159,140,130,135,149,172,198,222,243,250,241,218,182,145,118,108,118,142
MA15,80/11/20,173,206,232,244,243,223,196,168,145,134,136,154,183,216,246,260,257,233,199,158,121,096,092,105
MA15,80/11/21,137,178,217,247,260,256,233,205,176,154,144,152,172,205,238,266,273,261,228,183,134,096,074,075
MA15,80/11/22,096,135,180,228,263,272,260,234,203,177,160,155,167,192,226,256,276,276,255,214,165,116,083,071
MA15,80/11/23,084,119,161,207,243,268,277,266,240,210,182,168,170,187,215,245,269,280,272,243,198,149,106,080
MA15,80/11/24,074,089,124,166,212,251,274,274,255,227,201,184,174,181,198,224,252,272,275,257,221,180,138,103
MA15,80/11/25,081,083,108,145,190,234,266,284,283,265,240,216,203,200,211,230,255,278,287,280,256,221,187,144
MA15,80/11/26,110,097,108,137,171,207,237,258,268,260,241,218,198,186,187,195,214,231,242,244,232,210,179,146
MA15,80/11/27,117,097,090,101,127,157,191,220,239,244,236,218,199,187,186,195,208,222,233,239,238,230,211,186
MA15,80/11/28,160,134,121,121,136,158,9999,9999,9999,9999,9999,9999,226,212,205,201,206,213,222,229,234,231,222,206
MA15,80/11/29,189,168,152,139,136,144,162,185,206,224,234,236,229,222,212,205,202,203,208,211,212,213,214,211
MA15,80/11/30,206,194,179,165,156,156,164,182,201,217,232,240,240,234,226,218,210,205,200,197,199,204,214,219
MA15,80/12/01,220,213,203,192,183,174,168,174,186,203,220,231,236,236,230,221,209,195,181,170,166,173,185,196
MA15,80/12/02,204,206,204,198,188,178,166,160,162,175,194,214,227,236,235,226,214,200,184,166,155,156,170,190
MA15,80/12/03,210,222,229,229,223,211,196,184,176,182,196,216,233,246,252,252,241,222,198,173,154,149,160,182
MA15,80/12/04,208,231,247,257,263,252,231,210,196,193,203,220,240,257,269,268,257,234,205,175,151,136,135,146
MA15,80/12/05,166,193,220,240,248,241,220,198,178,166,169,183,205,227,246,258,259,241,211,173,138,116,111,126
MA15,80/12/06,152,180,207,232,251,260,253,232,201,177,169,180,199,221,239,257,266,259,236,199,157,121,105,108
MA15,80/12/07,128,157,190,222,251,266,267,248,221,194,175,173,186,208,234,255,270,270,251,217,176,134,103,094
MA15,80/12/08,109,136,172,209,243,266,274,268,245,217,194,181,184,202,227,254,273,278,264,233,192,147,115,097
MA15,80/12/09,095,111,142,180,222,253,268,269,253,231,205,188,181,189,210,239,264,278,273,250,212,173,137,110
MA15,80/12/10,097,104,130,167,204,238,259,268,261,242,217,193,180,179,194,219,244,261,264,249,220,183,145,109
MA15,80/12/11,089,083,098,128,164,199,227,245,248,237,217,193,174,167,175,195,221,241,254,250,228,199,167,137
MA15,80/12/12,113,097,098,117,147,184,219,245,257,252,238,221,206,196,192,201,219,240,259,267,258,237,206,173
MA15,80/12/13,149,130,120,126,147,176,205,234,254,265,258,240,214,192,181,183,195,212,225,232,233,224,211,188
MA15,80/12/14,161,133,112,108,120,144,171,200,222,238,244,240,226,209,195,184,182,188,200,213,223,228,226,216
MA15,80/12/15,197,172,147,131,128,140,159,181,202,221,234,241,233,216,194,174,162,157,159,166,176,188,197,202
MA15,80/12/16,196,181,161,144,133,130,139,154,173,194,212,227,236,228,214,196,175,160,150,148,156,168,185,200
MA15,80/12/17,207,206,195,181,168,156,150,151,161,179,200,221,235,238,230,216,197,174,151,135,127,138,162,188
MA15,80/12/18,209,220,222,216,208,196,181,168,164,171,192,217,236,248,252,247,235,210,175,143,119,118,135,165
MA15,80/12/19,195,218,234,243,243,231,211,189,171,165,175,198,225,243,252,253,244,222,188,146,106,087,092,118
MA15,80/12/20,155,189,218,241,255,253,238,214,192,177,177,192,216,239,256,268,263,243,207,158,113,085,077,090
MA15,80/12/21,114,147,184,221,246,257,250,228,200,180,169,172,187,212,240,260,270,258,232,194,148,105,072,063
MA15,80/12/22,077,114,160,203,239,259,264,253,232,206,182,171,177,197,225,252,267,268,250,217,174,131,089,065
MA15,80/12/23,062,086,126,170,211,243,261,263,249,225,198,181,176,188,213,244,268,277,268,246,212,176,138,106
MA15,80/12/24,084,087,115,161,210,250,275,287,284,271,247,224,204,203,222,251,281,298,302,282,248,211,173,136
MA15,80/12/25,106,092,100,134,173,216,250,267,268,253,232,211,196,186,193,212,239,264,278,276,258,231,201,170
MA15,80/12/26,140,120,117,135,169,208,243,271,283,281,265,246,229,216,212,218,241,264,282,281,267,245,225,202
MA15,80/12/27,175,149,132,131,151,183,216,244,261,267,262,246,228,211,202,200,211,225,241,251,252,244,229,210
MA15,80/12/28,188,166,147,141,151,173,201,225,242,255,257,249,234,214,197,190,192,204,217,227,231,230,226,218
MA15,80/12/29,202,182,162,148,148,163,186,210,228,242,246,245,236,219,200,186,181,184,189,196,200,204,208,209
MA15,80/12/30,202,189,175,164,156,160,169,187,205,222,234,240,233,218,201,188,178,172,167,167,171,178,189,198
MA15,80/12/31,202,199,190,181,174,170,169,174,186,202,220,232,235,223,209,197,185,172,161,150,145,153,167,185
