MA15,15/01/01,221,232,236,232,224,214,207,204,205,212,222,235,246,252,250,242,226,200,169,138,117,114,129,156
MA15,15/01/02,183,204,219,230,235,231,220,205,194,191,199,213,230,244,252,253,245,224,192,156,124,107,110,128
MA15,15/01/03,155,185,211,232,244,246,236,218,198,184,182,193,212,232,247,254,250,233,204,166,127,98,88,97
MA15,15/01/04,122,155,191,222,241,248,242,227,209,191,181,182,194,216,241,260,266,255,228,189,148,113,91,87
MA15,15/01/05,101,131,171,210,240,253,250,235,214,192,175,167,171,187,216,246,265,264,243,206,164,125,96,81
MA15,15/01/06,85,108,146,191,232,258,265,258,242,223,205,192,191,205,232,264,288,294,279,247,205,162,126,103
MA15,15/01/07,95,104,131,172,214,246,262,260,245,221,196,177,168,172,192,222,252,270,268,247,211,172,137,110
MA15,15/01/08,93,91,107,142,188,230,256,263,251,229,205,183,167,160,170,196,230,256,263,250,222,190,159,130
MA15,15/01/09,105,92,100,129,171,213,243,254,249,233,211,188,168,157,160,179,208,236,251,249,230,204,176,149
MA15,15/01/10,124,108,106,124,157,196,230,250,253,242,223,199,176,160,155,167,190,217,235,240,232,216,194,171
MA15,15/01/11,146,126,116,124,147,180,215,239,249,245,231,211,191,172,162,166,184,207,226,235,232,224,209,189
MA15,15/01/12,163,139,125,128,145,168,192,212,225,230,227,214,192,166,147,143,152,168,182,191,194,196,195,188
MA15,15/01/13,173,154,139,135,141,157,177,197,214,223,224,216,200,179,160,149,148,154,162,168,174,180,184,185
MA15,15/01/14,179,169,158,152,152,157,168,184,202,216,221,218,208,192,177,164,153,146,144,148,156,167,180,190
MA15,15/01/15,192,189,185,182,179,177,176,182,196,214,227,231,224,212,200,189,175,160,147,140,139,145,159,180
MA15,15/01/16,199,210,212,209,202,196,190,189,193,202,215,228,234,232,222,207,192,176,157,137,124,127,144,170
MA15,15/01/17,195,216,230,239,240,235,224,210,201,201,211,224,237,242,239,228,211,188,161,131,105,93,99,120
MA15,15/01/18,149,178,205,224,233,229,217,199,184,175,178,193,213,231,242,243,232,209,178,141,107,85,81,95
MA15,15/01/19,123,159,198,230,249,253,244,225,202,183,174,180,199,225,248,261,260,243,212,171,127,90,69,70
MA15,15/01/20,92,128,169,210,242,258,256,238,210,182,161,156,167,192,224,251,264,258,232,191,145,101,67,51
MA15,15/01/21,57,85,128,176,216,241,249,240,219,190,161,140,137,154,187,227,256,264,249,216,174,132,95,68
MA15,15/01/22,57,69,102,150,200,240,261,261,244,217,188,162,146,148,171,210,251,278,281,262,228,187,147,112
MA15,15/01/23,89,86,106,145,193,236,264,274,268,247,215,181,154,142,150,178,216,249,265,261,237,201,161,123
MA15,15/01/24,93,79,84,110,149,192,230,253,256,240,211,178,149,130,127,142,173,210,239,251,243,220,189,156
MA15,15/01/25,126,104,97,110,137,170,203,231,245,241,219,190,160,136,123,124,140,167,198,221,230,222,200,174
MA15,15/01/26,148,128,118,121,136,162,192,219,238,243,233,211,184,158,139,131,137,154,176,196,210,216,214,201
MA15,15/01/27,182,163,151,148,156,171,191,213,232,245,246,235,213,189,167,152,145,146,155,169,185,198,205,204
MA15,15/01/28,195,184,176,173,174,178,186,197,212,225,232,230,218,200,180,162,147,137,133,134,143,158,175,189
MA15,15/01/29,195,192,186,181,179,181,184,189,196,205,214,222,222,213,198,179,160,143,130,122,122,130,146,165
MA15,15/01/30,183,196,201,200,195,190,186,186,188,193,201,210,219,223,219,209,194,174,151,130,118,118,131,154
MA15,15/01/31,178,200,216,225,225,218,209,199,193,190,191,198,209,219,226,223,210,187,158,129,105,94,97,114
MA15,15/02/01,140,170,196,215,223,219,207,191,178,170,169,174,187,205,222,232,228,210,180,143,109,87,80,90
MA15,15/02/02,113,144,177,207,226,229,218,197,177,163,157,161,174,193,216,236,243,233,206,167,127,96,80,81
MA15,15/02/03,98,126,162,198,227,240,234,214,188,167,154,151,160,179,205,231,249,250,230,195,154,115,88,78
MA15,15/02/04,86,111,147,187,222,243,245,231,206,179,156,144,147,165,193,224,247,257,248,220,181,139,104,83
MA15,15/02/05,83,102,135,175,213,242,253,245,222,192,164,144,140,151,175,207,237,256,258,239,204,164,126,98
MA15,15/02/06,86,94,121,162,203,236,253,251,233,205,175,149,134,137,156,187,219,244,252,240,213,177,140,109
MA15,15/02/07,91,89,106,139,179,216,241,248,236,210,178,148,130,127,140,165,197,227,245,247,229,199,164,134
MA15,15/02/08,113,106,115,140,176,214,245,260,256,236,206,176,153,142,145,161,190,222,248,259,252,230,202,173
MA15,15/02/09,146,129,125,139,165,195,222,242,247,237,214,186,159,141,134,144,167,195,220,234,237,227,208,183
MA15,15/02/10,159,142,138,146,165,191,217,237,248,245,227,199,172,151,140,141,151,170,192,211,222,221,209,190
MA15,15/02/11,171,155,146,146,157,175,198,221,237,240,228,205,179,157,144,139,142,153,167,184,198,208,209,201
MA15,15/02/12,187,173,164,162,167,178,194,213,229,239,236,222,202,182,166,156,150,151,156,166,180,193,203,206
MA15,15/02/13,203,196,190,187,185,185,191,202,216,226,230,225,216,203,187,169,152,138,129,129,137,152,168,183
MA15,15/02/14,194,201,202,199,194,189,186,188,195,204,211,214,213,208,198,184,167,148,131,120,117,124,140,162
MA15,15/02/15,183,201,212,215,211,202,192,184,182,186,195,206,215,219,216,206,187,160,129,101,82,82,103,131
MA15,15/02/16,157,180,201,220,230,225,208,186,170,165,173,189,207,222,231,231,221,199,169,135,105,88,88,104
MA15,15/02/17,133,167,203,232,248,247,230,204,179,162,159,168,187,213,237,252,252,235,203,162,122,91,77,83
MA15,15/02/18,107,144,186,226,255,265,255,232,203,175,157,153,168,196,229,257,270,263,236,197,154,114,86,75
MA15,15/02/19,85,115,159,209,251,273,272,251,219,185,156,138,139,161,198,239,270,282,269,235,189,142,103,78
MA15,15/02/20,74,92,129,175,221,255,269,260,232,193,153,124,113,124,156,199,241,268,272,252,215,170,126,91
MA15,15/02/21,75,80,106,146,192,231,256,259,239,203,161,125,103,100,117,152,196,237,260,257,232,194,154,120
MA15,15/02/22,96,88,99,129,171,212,243,256,247,219,181,142,111,96,102,127,164,204,238,253,247,222,189,159
MA15,15/02/23,137,126,127,144,175,214,250,270,266,241,205,172,145,125,117,124,146,180,212,231,233,223,205,183
MA15,15/02/24,159,139,130,138,161,192,222,243,250,241,217,187,157,131,116,114,126,149,176,201,219,223,214,195
MA15,15/02/25,174,159,152,154,166,184,204,223,236,237,226,204,177,151,130,118,118,130,149,168,184,195,199,195
MA15,15/02/26,185,173,164,162,168,179,193,207,218,223,221,211,194,173,152,136,126,126,134,146,161,174,188,200
MA15,15/02/27,205,201,195,191,191,195,200,206,213,219,223,220,211,196,179,162,146,132,121,116,121,133,148,162
MA15,15/02/28,174,182,183,181,178,175,175,176,177,178,180,186,193,195,190,176,156,137,121,112,108,112,124,142
MA15,15/03/01,162,181,195,201,199,191,182,175,172,173,178,187,199,210,215,212,201,183,162,141,126,121,128,145
MA15,15/03/02,170,197,218,228,227,217,204,192,180,171,167,172,186,205,221,227,220,200,172,142,116,100,97,110
MA15,15/03/03,134,165,195,216,223,218,205,189,171,155,144,146,162,187,212,228,230,218,195,164,133,106,93,98
MA15,15/03/04,121,156,193,224,241,243,234,216,193,170,154,151,164,189,218,242,255,254,235,202,163,127,103,97
MA15,15/03/05,110,138,173,207,232,242,235,213,182,151,129,121,130,154,185,216,238,246,236,208,168,128,98,84
MA15,15/03/06,90,112,146,185,219,239,240,220,188,154,127,112,113,129,159,195,228,248,247,224,187,147,113,91
MA15,15/03/07,86,99,130,170,209,236,243,231,203,168,135,112,103,113,138,174,210,238,249,239,209,171,134,106
MA15,15/03/08,92,98,123,161,200,231,245,240,217,184,148,118,100,99,118,151,190,224,243,242,222,191,157,127
MA15,15/03/09,108,105,119,149,187,222,244,249,234,204,168,135,112,105,116,143,179,216,244,255,247,224,194,167
MA15,15/03/10,147,140,147,168,197,229,254,267,260,235,199,163,137,125,128,142,163,190,218,238,243,229,202,170
MA15,15/03/11,145,132,135,152,176,202,224,237,240,228,203,170,140,120,114,122,142,170,196,216,223,217,202,183
MA15,15/03/12,165,153,148,152,165,188,213,233,241,231,207,179,155,136,124,120,126,143,166,188,204,208,201,189
MA15,15/03/13,177,167,161,158,160,170,187,207,221,222,208,187,165,146,130,120,117,125,141,161,179,189,194,194
MA15,15/03/14,193,189,182,172,165,167,178,194,208,212,206,194,179,163,147,131,119,114,118,126,137,150,163,175
MA15,15/03/15,184,187,186,180,173,169,168,172,179,185,189,191,188,180,168,152,135,121,114,113,117,126,143,164
MA15,15/03/16,185,201,208,206,198,187,176,169,168,172,180,190,197,201,198,187,169,146,123,106,99,104,118,140
MA15,15/03/17,168,195,214,223,220,208,189,171,159,154,159,174,194,213,225,224,210,186,157,128,106,95,100,120
MA15,15/03/18,153,189,222,242,246,234,212,186,161,144,140,151,174,203,229,241,236,216,187,153,118,92,84,95
MA15,15/03/19,123,162,202,237,257,257,241,212,179,149,131,131,153,191,231,260,269,257,231,196,158,122,97,91
MA15,15/03/20,107,141,185,229,260,269,254,222,184,147,119,107,115,145,188,232,264,274,261,229,188,145,111,95
MA15,15/03/21,99,124,163,207,246,269,268,244,204,160,122,98,96,116,155,201,244,272,277,258,222,180,141,114
MA15,15/03/22,106,119,150,192,233,262,272,260,229,188,145,111,93,98,127,172,221,260,278,274,251,218,183,153
MA15,15/03/23,133,130,146,179,218,252,273,272,249,211,168,129,101,93,107,140,182,221,246,254,245,225,199,170
MA15,15/03/24,146,134,141,165,197,228,251,258,248,222,185,146,113,93,92,111,143,180,211,230,233,222,203,180
MA15,15/03/25,159,145,144,155,177,204,228,240,235,216,187,155,126,102,89,91,110,139,171,197,210,208,196,180
MA15,15/03/26,165,154,149,151,161,178,198,215,220,211,192,168,144,123,107,99,103,121,147,173,191,199,198,191
MA15,15/03/27,182,174,168,167,172,182,195,208,217,217,207,190,173,157,141,128,121,125,138,157,176,190,197,199
MA15,15/03/28,196,193,190,187,184,184,188,197,206,209,206,198,188,178,167,154,140,131,131,141,156,172,185,193
MA15,15/03/29,199,203,203,200,194,187,184,185,190,195,200,202,203,201,193,181,165,149,139,138,144,156,171,184
MA15,15/03/30,196,206,214,215,207,194,181,174,175,179,183,188,194,200,203,199,184,164,144,130,123,127,138,155
MA15,15/03/31,176,196,210,216,211,197,180,165,155,152,156,168,185,202,215,217,209,192,169,145,128,121,126,140
MA15,15/04/01,164,191,216,230,228,214,194,174,157,146,143,151,171,196,218,229,228,214,191,160,127,104,100,116
MA15,15/04/02,145,176,203,219,223,215,197,173,146,123,112,117,137,168,198,221,231,225,205,176,144,119,107,111
MA15,15/04/03,132,164,200,230,245,242,223,196,167,142,125,122,137,168,205,237,256,258,244,219,187,154,126,115
MA15,15/04/04,125,154,192,226,246,246,229,199,163,130,103,90,94,117,153,191,221,234,228,204,172,137,110,96
MA15,15/04/05,101,124,160,198,228,241,234,210,176,140,108,87,86,107,142,184,220,242,246,232,205,172,141,119
MA15,15/04/06,112,125,155,194,228,248,247,228,196,158,122,96,86,96,124,163,202,234,249,245,223,192,161,135
MA15,15/04/07,120,123,145,177,211,235,244,234,208,170,130,98,80,82,100,131,168,204,231,239,228,203,173,146
MA15,15/04/08,129,125,137,162,192,220,236,234,215,182,144,110,86,76,84,107,141,178,210,228,230,216,192,166
MA15,15/04/09,144,134,139,156,182,207,225,230,220,196,163,131,104,88,86,100,126,157,187,208,218,215,201,180
MA15,15/04/10,161,150,148,157,174,195,212,222,220,206,183,155,128,106,93,95,111,136,163,185,200,206,204,197
MA15,15/04/11,185,172,162,159,166,181,199,212,217,212,196,174,150,129,113,105,106,117,135,157,177,191,197,196
MA15,15/04/12,188,180,172,167,164,166,172,182,193,197,191,178,160,142,127,114,107,105,113,127,144,162,178,187
MA15,15/04/13,191,191,188,181,170,160,157,163,175,184,186,183,175,165,153,139,125,112,107,110,122,139,159,178
MA15,15/04/14,195,207,213,210,199,184,171,163,164,172,184,194,201,202,197,185,168,148,132,122,120,129,150,177
MA15,15/04/15,204,224,234,234,225,209,190,171,158,155,165,185,209,228,235,231,218,199,175,149,125,112,118,144
MA15,15/04/16,181,214,234,239,230,211,187,161,137,120,119,135,165,199,224,234,226,206,180,152,126,109,107,121
MA15,15/04/17,150,187,222,244,248,232,204,170,137,112,102,112,141,180,218,245,254,245,220,184,145,114,100,107
MA15,15/04/18,130,164,200,231,246,243,220,184,143,106,83,81,102,141,188,233,261,266,250,220,185,152,128,119
MA15,15/04/19,127,153,190,227,254,260,246,212,169,124,89,71,76,104,145,192,232,256,257,238,208,174,146,129
MA15,15/04/20,127,143,174,213,247,267,264,240,200,155,113,84,76,91,124,168,216,256,279,278,256,223,191,168
MA15,15/04/21,157,163,184,213,243,265,271,258,226,183,138,100,78,76,94,129,172,212,241,250,240,215,187,162
MA15,15/04/22,146,143,155,177,204,229,245,243,225,191,150,111,84,74,82,106,140,178,212,234,239,228,206,184
MA15,15/04/23,167,158,161,175,195,217,235,241,232,208,175,139,109,90,86,97,120,151,183,209,223,223,211,192
MA15,15/04/24,173,162,160,168,183,200,215,224,224,213,192,165,139,118,106,107,122,146,173,196,214,224,225,215
MA15,15/04/25,198,183,175,174,181,192,203,211,214,210,199,182,163,142,125,114,113,124,142,164,183,196,204,203
MA15,15/04/26,196,187,179,175,174,176,182,189,195,198,195,187,175,162,147,135,126,126,136,151,167,182,193,201
MA15,15/04/27,203,201,195,187,178,173,171,175,181,187,189,188,187,183,176,164,150,139,135,141,153,168,183,195
MA15,15/04/28,203,207,206,200,189,177,166,160,161,166,174,182,190,193,191,182,168,153,141,136,138,149,166,183
MA15,15/04/29,199,210,215,212,200,184,167,153,147,148,157,169,183,196,203,202,193,178,160,143,133,136,151,173
MA15,15/04/30,195,212,221,223,214,198,176,155,139,131,135,149,171,193,210,218,214,199,179,158,142,135,141,158
MA15,15/05/01,183,208,227,234,228,212,188,163,141,125,120,129,152,182,210,228,233,223,204,180,156,139,134,143
MA15,15/05/02,165,194,221,237,238,224,199,168,138,114,101,105,126,158,193,221,235,232,217,193,166,143,129,130
MA15,15/05/03,147,177,210,234,242,233,210,178,145,114,94,89,103,134,174,212,238,247,238,217,188,161,141,135
MA15,15/05/04,144,169,201,233,252,252,233,201,165,132,106,93,100,124,162,205,240,261,264,248,222,193,168,155
MA15,15/05/05,155,170,196,225,246,253,242,218,183,144,107,82,77,95,128,168,207,238,252,248,227,198,169,149
MA15,15/05/06,142,150,172,201,230,249,251,234,200,158,118,88,76,85,109,143,182,218,244,252,242,218,191,167
MA15,15/05/07,152,151,164,189,217,240,250,241,215,177,136,102,81,75,87,115,151,190,223,242,244,230,206,182
MA15,15/05/08,163,154,158,174,198,223,240,241,225,195,157,120,92,79,82,100,129,163,195,221,233,230,216,197
MA15,15/05/09,177,163,158,165,182,205,224,233,229,210,181,149,121,100,90,94,113,141,174,203,224,232,229,216
MA15,15/05/10,197,181,172,171,178,191,207,222,230,224,205,177,150,127,112,105,109,123,144,169,192,209,217,214
MA15,15/05/11,203,188,173,163,161,166,176,189,199,204,200,186,167,147,129,117,112,114,126,146,170,193,211,221
MA15,15/05/12,222,215,203,189,177,170,171,178,191,202,208,208,202,192,179,162,146,135,134,144,163,189,220,254
MA15,15/05/13,277,278,255,221,194,184,184,183,176,174,182,201,220,228,219,198,172,152,141,140,146,158,177,199
MA15,15/05/14,219,233,235,224,203,178,155,139,132,137,152,174,199,217,224,218,202,182,162,147,140,143,158,182
MA15,15/05/15,208,230,242,239,222,195,164,137,119,113,122,143,174,206,230,240,235,217,194,170,153,146,153,172
MA15,15/05/16,198,226,250,262,256,233,198,159,127,108,105,121,150,187,223,248,257,248,227,200,175,159,154,164
MA15,15/05/17,185,215,244,264,266,249,216,174,133,102,87,91,115,153,195,234,259,265,251,225,194,169,156,155
MA15,15/05/18,168,192,221,248,262,257,233,196,151,110,81,71,85,118,162,205,240,259,260,245,220,192,170,159
MA15,15/05/19,164,184,214,244,265,272,260,233,193,149,109,83,79,101,141,188,229,257,269,265,247,220,192,172
MA15,15/05/20,166,175,199,229,255,269,266,246,213,173,131,98,81,88,115,157,201,240,266,273,263,240,214,193
MA15,15/05/21,182,182,194,214,236,252,262,258,238,201,156,115,89,84,101,132,169,206,237,254,255,241,220,197
MA15,15/05/22,178,171,177,195,218,237,248,248,235,209,177,142,114,99,99,116,147,184,216,239,248,244,230,211
MA15,15/05/23,192,179,175,182,198,218,234,240,234,216,190,162,137,118,108,111,129,157,190,218,235,240,234,221
MA15,15/05/24,204,189,180,180,189,205,220,231,232,223,206,185,163,144,130,124,130,148,174,201,221,232,234,227
MA15,15/05/25,214,199,187,180,180,186,197,209,217,217,209,197,182,166,149,136,132,140,158,181,203,219,227,228
MA15,15/05/26,222,211,199,188,181,180,183,191,200,207,210,208,202,193,181,168,158,155,161,176,195,214,228,235
MA15,15/05/27,234,228,218,205,192,181,176,176,182,190,198,204,207,207,202,192,179,167,162,165,178,194,211,223
MA15,15/05/28,228,227,221,211,196,179,164,156,156,164,176,188,200,209,213,209,198,183,170,162,164,175,194,213
MA15,15/05/29,227,233,232,224,210,191,170,151,139,140,152,171,191,208,219,222,216,204,187,171,162,166,181,201
MA15,15/05/30,220,234,241,239,228,208,184,159,140,131,137,156,182,209,230,242,243,234,217,198,181,174,180,196
MA15,15/05/31,217,237,250,253,244,224,198,168,140,120,114,125,152,185,217,238,247,241,224,202,180,164,160,168
MA15,15/06/01,187,212,234,246,243,226,197,164,130,103,87,91,114,150,188,221,241,246,238,219,194,171,156,156
MA15,15/06/02,171,198,227,248,254,242,217,184,147,113,89,81,94,127,170,212,244,258,255,241,219,196,177,166
MA15,15/06/03,169,188,218,248,266,265,246,214,177,139,108,90,90,111,147,191,232,260,270,264,246,222,198,179
MA15,15/06/04,172,179,202,232,256,264,255,230,194,154,115,86,75,84,113,155,199,236,257,260,246,221,195,173
MA15,15/06/05,159,159,174,202,232,254,258,242,212,172,131,96,74,73,90,123,163,204,236,253,254,239,214,190
MA15,15/06/06,173,168,175,194,217,238,252,254,239,206,166,127,97,84,86,105,135,172,209,234,245,240,223,200
MA15,15/06/07,177,161,157,166,186,209,229,238,231,211,180,147,116,95,88,95,116,148,181,211,231,239,233,217
MA15,15/06/08,197,178,164,161,170,188,209,224,229,220,201,176,150,126,109,104,113,135,164,194,218,234,239,234
MA15,15/06/09,220,202,184,173,171,180,197,216,231,234,225,209,192,175,159,143,136,141,161,187,213,233,244,245
MA15,15/06/10,237,222,203,183,167,160,165,178,194,206,211,209,203,193,178,161,145,138,145,163,185,206,222,231
MA15,15/06/11,233,227,214,195,172,152,141,144,158,176,192,203,207,206,201,190,174,160,152,154,168,188,210,227
MA15,15/06/12,237,238,229,212,190,165,143,131,131,144,164,187,207,220,223,215,202,186,173,165,167,176,193,214
MA15,15/06/13,232,243,242,230,207,178,149,125,111,111,125,151,180,207,224,230,225,210,193,177,167,166,176,196
MA15,15/06/14,218,236,245,243,227,200,167,133,106,93,97,117,149,184,214,234,240,233,216,196,178,167,167,179
MA15,15/06/15,199,222,242,252,245,223,189,151,116,91,80,88,114,152,193,228,248,251,239,219,198,180,169,170
MA15,15/06/16,184,208,236,256,260,247,219,182,143,107,84,77,92,125,168,211,244,259,257,240,218,196,179,172
MA15,15/06/17,176,194,222,249,265,264,245,212,171,130,96,77,78,100,138,182,223,250,260,252,231,205,184,171
MA15,15/06/18,169,179,200,228,251,261,253,229,193,152,113,84,73,85,115,155,197,231,250,254,242,219,194,174
MA15,15/06/19,163,167,184,210,237,254,257,245,218,182,143,108,87,86,105,138,175,210,236,249,247,232,209,185
MA15,15/06/20,167,162,172,194,219,241,253,250,234,205,170,135,107,93,99,124,160,198,229,247,251,241,222,199
MA15,15/06/21,178,165,166,179,201,224,239,242,233,213,184,153,125,105,100,112,139,173,205,229,241,239,225,203
MA15,15/06/22,180,164,158,164,178,197,215,227,227,216,196,171,146,125,114,115,132,159,190,218,235,239,232,216
MA15,15/06/23,196,178,166,162,167,179,195,210,218,217,206,187,167,148,135,130,136,152,175,200,222,234,234,224
MA15,15/06/24,205,187,174,166,161,164,174,188,201,207,205,196,182,168,156,146,144,151,166,186,208,226,235,232
MA15,15/06/25,220,202,186,172,162,156,158,167,180,191,199,200,196,189,180,171,163,159,164,177,195,215,231,236
MA15,15/06/26,231,219,204,190,175,162,153,153,161,175,189,201,208,208,204,196,187,179,175,179,190,206,224,238
MA15,15/06/27,242,238,225,209,191,173,158,149,148,157,173,192,208,221,227,224,216,203,190,185,189,201,218,232
MA15,15/06/28,242,245,241,230,211,186,162,142,132,133,145,164,187,208,225,232,228,215,198,183,175,177,188,205
MA15,15/06/29,223,237,242,236,220,195,167,140,119,111,117,135,162,192,220,240,248,244,229,210,193,184,186,199
MA15,15/06/30,218,238,252,256,247,226,196,163,133,113,106,115,140,174,211,241,259,261,249,228,206,188,181,187
MA15,15/07/01,205,228,250,264,264,248,220,185,148,116,96,95,115,156,207,252,277,280,266,246,227,209,193,184
MA15,15/07/02,187,205,232,257,269,264,241,206,165,123,90,74,82,111,151,194,231,257,268,261,239,210,182,165
MA15,15/07/03,164,180,209,241,264,271,258,228,188,146,110,84,72,82,114,161,210,248,269,270,253,225,196,174
MA15,15/07/04,163,166,185,215,245,266,269,252,219,176,133,97,76,77,99,136,178,217,248,264,262,241,210,180
MA15,15/07/05,159,154,165,190,221,249,265,263,240,203,160,121,95,84,92,115,150,190,228,254,262,251,227,198
MA15,15/07/06,172,156,154,168,193,222,246,258,252,228,193,155,122,102,98,110,135,168,204,236,255,257,241,215
MA15,15/07/07,187,164,151,152,167,192,219,239,246,236,213,184,155,131,116,115,129,155,186,217,240,251,247,229
MA15,15/07/08,204,177,155,145,147,162,184,207,224,228,219,201,179,158,141,130,132,146,170,197,221,237,242,233
MA15,15/07/09,215,192,170,152,142,141,151,169,189,206,213,209,197,182,168,157,152,154,166,184,206,224,236,238
MA15,15/07/10,231,215,195,173,151,137,136,146,163,181,195,204,208,207,201,190,179,173,176,186,201,216,229,237
MA15,15/07/11,239,233,219,198,172,148,132,129,137,154,174,192,207,216,220,218,211,201,192,188,192,204,219,233
MA15,15/07/12,241,242,236,222,201,175,149,129,121,126,144,168,194,216,231,237,235,226,215,204,198,200,211,226
MA15,15/07/13,240,250,254,248,232,208,178,149,128,119,126,147,176,207,235,253,260,256,243,226,210,202,204,215
MA15,15/07/14,231,247,259,264,258,239,209,173,139,116,9999,9999,9999,190,225,253,270,273,263,246,226,209,201,205
MA15,15/07/15,217,236,256,271,273,258,229,193,156,124,105,104,123,158,198,235,260,270,264,248,228,209,195,190
MA15,15/07/16,196,214,238,262,278,278,260,227,188,150,121,109,118,144,180,219,254,278,286,279,258,232,208,194
MA15,15/07/17,193,206,227,251,271,282,276,254,217,176,140,118,118,138,171,208,242,269,285,286,270,243,215,193
MA15,15/07/18,182,186,204,231,258,277,280,264,233,195,157,126,111,116,139,175,215,249,272,277,266,242,214,190
MA15,15/07/19,175,172,185,210,239,262,273,268,246,212,173,138,115,110,125,156,194,230,257,269,266,248,222,194
MA15,15/07/20,173,163,167,186,212,238,257,262,250,223,189,155,129,118,122,141,173,208,240,260,265,254,232,206
MA15,15/07/21,181,166,164,174,194,217,237,248,248,235,210,180,153,137,136,150,173,202,231,255,266,263,247,223
MA15,15/07/22,197,178,169,172,182,197,215,232,242,239,224,200,175,157,149,154,168,189,213,235,253,260,254,234
MA15,15/07/23,207,181,167,166,173,185,197,208,219,226,225,213,196,178,164,159,166,181,201,222,240,249,250,238
MA15,15/07/24,217,192,172,161,160,165,174,186,200,211,217,213,203,190,180,174,174,179,190,206,223,238,246,244
MA15,15/07/25,230,210,190,175,165,160,161,168,180,193,206,213,216,215,210,203,196,193,196,205,218,232,242,244
MA15,15/07/26,239,226,209,193,177,163,155,153,158,170,185,200,211,218,220,216,210,202,197,196,202,214,227,237
MA15,15/07/27,239,233,223,208,191,172,153,141,138,147,164,185,206,224,235,237,233,224,213,204,202,207,220,233
MA15,15/07/28,243,246,242,232,215,191,164,139,124,123,135,156,182,209,232,246,251,244,229,211,196,191,197,213
MA15,15/07/29,231,245,252,249,235,211,182,150,124,108,108,123,152,186,219,243,256,255,242,222,200,184,179,188
MA15,15/07/30,207,230,249,258,253,234,203,166,129,101,89,96,120,156,196,231,255,265,258,238,212,188,174,174
MA15,15/07/31,188,211,237,258,267,259,235,199,156,117,90,84,98,129,169,211,247,270,275,262,235,206,182,171
MA15,15/08/01,173,189,216,246,270,279,267,234,190,145,107,85,85,106,141,185,228,263,280,274,251,220,190,169
MA15,15/08/02,161,168,190,222,254,277,279,261,225,181,138,105,89,95,120,158,202,243,270,278,265,237,203,174
MA15,15/08/03,155,153,166,191,225,258,278,277,253,215,172,134,109,103,117,147,187,229,263,280,278,260,234,206
MA15,15/08/04,179,158,151,163,193,232,265,278,269,241,205,170,143,129,129,144,174,212,249,274,281,271,249,222
MA15,15/08/05,194,169,153,152,170,202,236,260,267,257,235,206,179,158,150,156,177,206,237,261,275,277,265,243
MA15,15/08/06,215,186,165,156,162,180,205,230,249,256,248,230,209,192,180,177,181,196,217,240,259,269,265,247
MA15,15/08/07,222,195,172,156,150,153,167,188,212,230,238,234,222,209,200,196,198,204,213,227,243,257,260,252
MA15,15/08/08,235,213,193,174,158,149,150,161,180,199,214,223,227,225,220,214,208,207,211,219,230,242,251,254
MA15,15/08/09,249,235,217,198,180,165,156,156,163,176,192,209,223,233,236,234,228,222,218,217,219,227,237,246
MA15,15/08/10,249,247,238,223,202,180,159,146,146,156,173,193,214,232,246,254,253,245,232,220,214,216,223,234
MA15,15/08/11,243,250,252,247,232,207,179,153,137,134,143,162,187,213,236,250,255,250,238,221,207,201,206,219
MA15,15/08/12,234,248,259,263,258,242,219,192,165,142,132,140,166,201,234,259,271,269,257,239,219,202,194,198
MA15,15/08/13,214,236,257,271,273,260,236,205,175,149,132,131,147,178,217,255,281,291,284,265,239,216,200,196
MA15,15/08/14,204,224,250,275,290,289,270,238,202,168,141,128,132,156,196,240,274,288,282,263,239,216,196,183
MA15,15/08/15,184,200,229,261,283,289,277,253,220,185,153,132,127,144,179,223,262,286,293,283,262,235,210,190
MA15,15/08/16,181,188,211,244,275,294,293,274,244,208,173,145,131,135,158,196,238,272,289,286,268,240,210,185
MA15,15/08/17,171,172,189,218,252,278,289,281,258,225,190,159,140,138,157,194,236,271,290,293,284,265,240,212
MA15,15/08/18,187,175,182,208,242,273,290,290,274,247,216,187,164,151,154,175,210,248,278,289,279,255,226,198
MA15,15/08/19,177,165,165,179,204,234,259,269,264,244,215,186,162,150,152,167,194,227,256,272,273,257,231,202
MA15,15/08/20,177,161,158,166,185,210,235,254,259,249,227,200,178,166,164,173,191,214,239,260,269,263,243,214
MA15,15/08/21,186,167,159,162,173,191,212,232,245,247,236,218,200,185,179,183,195,212,232,251,264,266,255,234
MA15,15/08/22,208,187,175,171,174,184,199,217,234,244,245,236,222,209,202,200,204,213,227,243,256,262,257,242
MA15,15/08/23,221,200,183,172,167,168,176,189,203,216,223,226,223,219,213,207,203,203,210,221,233,243,246,242
MA15,15/08/24,230,213,196,182,171,164,162,166,175,189,205,220,231,236,235,231,225,220,217,218,226,237,248,254
MA15,15/08/25,252,243,229,214,198,181,167,160,161,172,190,210,229,245,253,254,249,240,230,222,218,221,231,242
MA15,15/08/26,251,253,249,238,221,199,176,156,145,146,158,182,210,237,258,269,268,258,242,224,211,206,212,225
MA15,15/08/27,242,256,262,259,245,223,194,164,141,128,131,149,180,214,246,268,275,269,253,231,208,191,186,195
MA15,15/08/28,216,240,259,266,259,241,212,178,146,121,110,117,142,179,219,253,275,279,267,243,213,186,170,170
MA15,15/08/29,187,217,249,274,282,272,245,208,168,131,106,99,114,147,190,234,268,285,281,260,227,193,166,152
MA15,15/08/30,159,185,222,258,281,284,268,237,196,154,119,100,102,125,164,212,254,281,287,272,241,204,169,145
MA15,15/08/31,137,151,184,227,265,285,283,260,225,183,143,114,102,111,141,184,228,263,279,274,250,216,179,146
MA15,15/09/01,126,126,148,186,229,264,281,276,252,218,179,143,119,115,133,168,211,251,277,282,268,240,206,170
MA15,15/09/02,141,128,137,165,205,245,274,285,277,254,222,189,162,151,156,176,206,241,270,285,282,261,229,193
MA15,15/09/03,160,136,129,140,168,205,238,260,264,252,229,202,178,164,162,174,197,226,252,270,275,267,246,217
MA15,15/09/04,184,158,144,143,156,181,212,240,257,259,248,229,210,195,188,190,202,221,242,260,269,267,253,229
MA15,15/09/05,201,174,153,141,142,155,174,197,218,232,233,225,213,202,196,196,202,213,227,241,251,255,250,236
MA15,15/09/06,217,196,177,162,153,152,161,177,197,215,226,231,230,226,222,220,219,220,225,234,244,253,257,252
MA15,15/09/07,239,225,212,198,183,171,165,167,179,195,210,222,230,236,237,236,231,226,222,221,222,225,231,236
MA15,15/09/08,238,234,224,208,189,172,158,150,151,160,174,194,213,229,238,241,241,234,224,213,207,209,218,230
MA15,15/09/09,241,248,247,240,227,209,188,170,160,162,175,195,220,246,269,284,287,275,254,232,218,213,216,224
MA15,15/09/10,235,248,260,266,261,243,214,183,159,147,150,167,193,222,249,267,273,266,250,230,211,197,192,200
MA15,15/09/11,217,239,260,272,273,260,237,207,177,152,140,147,173,208,241,264,274,272,260,239,214,193,181,181
MA15,15/09/12,194,217,244,267,277,270,248,216,181,152,134,132,148,178,215,251,273,278,266,242,213,189,173,168
MA15,15/09/13,174,194,223,255,278,282,265,235,200,168,146,135,139,159,193,234,267,280,272,247,216,187,164,152
MA15,15/09/14,151,164,192,228,258,273,266,241,206,170,139,122,121,138,169,207,242,265,268,252,220,183,152,134
MA15,15/09/15,132,144,169,202,233,256,264,253,228,194,160,136,127,135,158,193,230,259,271,262,234,199,166,143
MA15,15/09/16,134,138,155,182,214,245,263,264,246,217,184,155,138,136,151,181,216,246,263,263,245,216,184,155
MA15,15/09/17,134,127,136,161,194,227,249,256,249,229,202,175,154,146,154,177,208,239,259,265,255,232,204,174
MA15,15/09/18,148,133,134,151,180,212,238,253,256,246,226,200,178,166,166,180,203,230,253,265,262,244,216,186
MA15,15/09/19,161,145,140,148,166,191,218,241,253,249,232,211,194,184,183,190,205,223,242,256,260,250,228,199
MA15,15/09/20,173,153,143,143,152,169,190,212,230,239,235,221,206,195,191,193,201,213,227,239,247,247,235,213
MA15,15/09/21,187,165,151,147,151,160,172,188,206,222,231,231,225,216,208,202,203,210,218,226,232,234,232,224
MA15,15/09/22,210,191,172,156,148,148,154,163,176,192,207,219,226,226,220,213,208,206,205,206,209,215,221,222
MA15,15/09/23,216,205,191,176,162,152,146,147,153,165,183,202,220,231,235,232,225,216,207,199,197,202,211,221
MA15,15/09/24,228,228,221,208,190,171,152,139,135,141,157,180,207,230,245,249,245,233,217,200,188,186,194,209
MA15,15/09/25,226,240,246,240,224,200,174,151,134,127,134,154,186,221,250,266,267,255,235,208,183,168,168,183
MA15,15/09/26,207,233,253,261,254,234,204,170,142,124,121,135,164,203,241,269,281,275,253,222,189,164,152,158
MA15,15/09/27,180,213,248,273,280,268,240,204,167,134,116,118,138,174,216,253,277,281,264,232,193,157,133,127
MA15,15/09/28,142,174,216,255,278,281,263,231,193,155,126,114,122,150,191,235,270,286,278,250,210,168,133,112
MA15,15/09/29,112,134,174,221,261,281,277,253,217,177,142,119,115,131,165,207,248,274,276,255,217,173,132,102
MA15,15/09/30,90,100,130,172,217,252,269,264,239,202,165,135,122,129,153,189,228,259,273,267,243,207,165,127
MA15,15/10/01,99,93,110,145,188,230,260,271,265,243,212,180,158,153,167,195,228,259,280,288,279,253,215,173
MA15,15/10/02,141,128,138,167,206,246,275,284,271,250,232,217,201,184,175,182,206,239,264,270,258,232,199,164
MA15,15/10/03,132,108,101,111,135,165,196,221,236,237,224,204,183,171,172,183,200,217,231,240,243,234,214,185
MA15,15/10/04,154,128,114,114,124,141,163,186,207,218,217,205,191,181,178,181,190,202,213,222,226,223,213,195
MA15,15/10/05,176,155,137,124,122,129,143,160,177,194,206,210,208,202,197,196,198,203,207,210,214,217,218,214
MA15,15/10/06,204,189,173,158,147,141,143,153,167,183,200,214,224,229,227,222,214,208,203,201,202,206,210,214
MA15,15/10/07,214,211,204,192,176,160,150,148,156,169,186,204,221,233,239,238,230,220,208,199,194,197,206,218
MA15,15/10/08,228,233,235,232,223,206,184,166,160,169,189,213,233,249,260,265,261,249,229,207,191,188,197,214
MA15,15/10/09,230,243,251,254,247,229,204,178,159,154,166,188,215,239,258,267,267,256,235,209,186,172,174,188
MA15,15/10/10,210,232,248,257,257,243,219,189,163,147,146,160,186,215,242,259,266,258,238,209,180,161,155,164
MA15,15/10/11,184,212,240,262,272,266,245,214,183,159,147,153,176,209,244,271,284,281,261,229,194,164,147,146
MA15,15/10/12,161,187,219,248,265,266,250,221,188,160,143,141,154,181,216,249,271,272,252,219,182,151,132,125
MA15,15/10/13,133,155,188,225,254,265,256,231,199,169,147,139,145,166,199,233,260,269,257,227,189,152,123,109
MA15,15/10/14,113,134,166,204,237,258,261,247,220,188,159,140,137,153,183,218,248,264,262,243,210,172,136,111
MA15,15/10/15,103,113,140,179,218,249,264,259,237,205,174,151,139,144,165,197,231,256,264,251,222,183,145,116
MA15,15/10/16,102,104,124,157,195,229,252,258,246,222,194,168,150,144,154,180,213,242,256,250,228,195,159,128
MA15,15/10/17,106,99,109,135,170,205,234,250,251,239,217,191,169,159,164,182,209,234,249,250,236,210,177,144
MA15,15/10/18,118,105,107,123,151,183,213,236,246,243,228,207,187,175,174,184,202,221,237,244,241,226,202,172
MA15,15/10/19,144,122,114,120,140,165,191,214,229,235,231,220,205,191,183,185,195,210,223,232,234,227,213,191
MA15,15/10/20,166,144,129,126,134,151,170,190,209,224,232,230,221,210,201,196,198,204,212,218,222,222,216,204
MA15,15/10/21,186,167,150,138,134,136,144,158,176,195,211,220,222,218,210,202,196,192,191,194,200,206,210,209
MA15,15/10/22,203,191,178,164,152,143,138,143,156,176,197,215,228,233,233,226,214,199,186,177,178,187,200,210
MA15,15/10/23,214,211,203,192,176,156,139,130,135,150,172,195,214,231,242,244,234,213,188,166,158,163,180,200
MA15,15/10/24,217,228,233,229,215,192,165,143,133,138,156,181,210,238,260,271,266,244,211,177,154,148,158,180
MA15,15/10/25,204,224,235,236,226,207,181,152,124,111,119,143,175,207,234,251,254,239,208,167,130,108,107,126
MA15,15/10/26,159,195,226,247,254,246,222,187,150,123,116,129,157,193,228,256,269,264,238,196,150,112,94,101
MA15,15/10/27,128,167,209,247,271,275,259,228,192,161,143,141,156,185,224,262,289,294,274,233,182,135,103,94
MA15,15/10/28,109,143,187,233,271,293,292,270,234,196,167,154,158,179,211,246,274,286,275,244,201,153,111,84
MA15,15/10/29,80,101,141,190,234,265,277,270,248,217,186,162,153,163,191,228,260,278,278,258,224,184,141,105
MA15,15/10/30,85,89,117,161,210,250,275,279,266,242,214,189,173,170,183,209,240,266,276,266,240,203,163,125
MA15,15/10/31,95,82,91,121,163,205,236,252,252,239,220,198,180,170,173,189,214,239,254,253,237,210,177,143
MA15,15/11/01,113,94,90,105,134,170,204,229,241,239,226,208,191,181,179,187,203,222,238,244,238,221,197,170
MA15,15/11/02,144,122,109,110,125,151,180,206,225,233,232,222,209,199,195,196,202,213,226,235,237,229,214,196
MA15,15/11/03,177,157,140,129,130,141,162,186,207,220,224,220,212,203,195,191,189,192,197,203,208,207,202,192
MA15,15/11/04,179,165,151,138,131,131,141,156,173,190,203,210,210,204,197,191,185,182,181,182,184,188,193,196
MA15,15/11/05,195,187,174,160,147,139,139,146,158,174,190,203,212,215,212,206,197,187,176,167,166,172,182,193
MA15,15/11/06,199,199,195,186,174,160,148,144,149,162,179,196,210,218,221,218,208,194,175,158,149,152,163,178
MA15,15/11/07,192,201,205,203,193,176,158,144,140,146,160,179,199,215,224,223,212,194,172,150,133,127,135,153
MA15,15/11/08,176,196,210,217,214,200,181,160,145,142,151,170,193,215,232,239,235,219,192,163,140,129,132,149
MA15,15/11/09,175,204,231,248,252,243,224,200,178,164,164,177,199,225,247,260,260,245,217,182,150,129,124,133
MA15,15/11/10,154,183,214,238,251,248,231,204,176,155,148,155,174,200,227,247,254,244,218,181,143,114,101,106
MA15,15/11/11,126,156,189,220,244,253,247,226,198,170,151,149,164,191,222,247,260,258,239,206,165,127,100,90
MA15,15/11/12,101,129,166,204,237,256,258,242,214,184,158,145,148,167,196,225,247,254,243,213,172,130,98,82
MA15,15/11/13,85,105,137,176,214,244,258,253,231,201,172,153,149,162,187,217,241,255,251,228,193,153,117,91
MA15,15/11/14,82,92,119,159,200,234,255,259,246,223,196,173,161,165,183,211,240,260,262,245,214,176,139,112
MA15,15/11/15,98,101,118,148,184,221,251,266,264,247,224,201,184,178,187,207,231,251,260,252,230,198,163,130
MA15,15/11/16,106,95,102,123,155,189,219,238,245,239,223,202,183,171,172,184,205,226,240,243,231,208,177,146
MA15,15/11/17,120,105,104,115,135,162,192,221,241,246,238,220,202,188,183,186,195,209,223,233,233,222,200,173
MA15,15/11/18,145,122,112,116,131,152,174,196,216,230,235,229,214,197,185,181,186,195,205,214,221,223,217,204
MA15,15/11/19,182,158,136,124,124,134,152,174,196,215,227,231,227,216,203,192,184,181,184,191,200,209,213,211
MA15,15/11/20,202,188,171,156,147,146,152,164,180,199,217,231,237,235,226,213,198,185,175,171,174,185,200,212
MA15,15/11/21,216,211,199,184,169,157,149,148,156,172,193,215,232,238,233,221,203,183,163,149,144,150,166,188
MA15,15/11/22,206,216,215,205,190,174,159,149,146,154,170,192,215,233,241,239,224,198,165,137,121,121,136,160
MA15,15/11/23,186,210,226,233,226,208,185,163,150,149,158,178,203,228,246,252,243,219,184,146,117,103,109,132
MA15,15/11/24,163,199,231,253,260,250,229,203,182,169,170,182,204,232,258,273,271,250,213,168,126,97,88,99
MA15,15/11/25,130,172,213,246,264,265,249,223,197,176,165,166,182,207,236,259,270,264,238,196,149,108,84,82
MA15,15/11/26,101,135,178,223,261,283,280,258,227,201,186,183,191,209,237,267,290,296,281,245,197,150,115,99
MA15,15/11/27,106,134,177,224,265,291,301,294,273,242,212,191,187,200,223,247,267,277,272,248,210,163,117,84
MA15,15/11/28,74,88,120,161,203,239,261,266,255,232,206,184,173,175,193,220,249,267,267,250,220,183,143,107
MA15,15/11/29,83,79,96,130,172,211,240,254,251,236,213,190,173,169,178,198,222,242,252,246,227,198,163,129
MA15,15/11/30,101,87,91,113,147,185,219,242,250,243,226,205,187,177,179,191,211,230,244,247,238,218,191,162
MA15,15/12/01,135,116,108,116,137,166,199,226,243,244,232,213,194,182,179,182,192,205,218,227,227,217,198,174
MA15,15/12/02,149,127,114,113,125,146,172,197,217,227,227,217,202,187,177,175,180,190,200,209,214,215,210,199
MA15,15/12/03,184,169,154,143,143,157,180,204,225,240,247,246,237,224,213,206,203,203,205,210,219,226,229,223
MA15,15/12/04,213,201,190,181,175,174,180,194,211,227,239,243,239,230,218,207,197,188,182,180,183,189,196,200
MA15,15/12/05,201,197,189,178,167,160,160,167,181,197,212,223,229,228,220,208,194,180,169,162,160,164,174,187
MA15,15/12/06,198,204,202,194,182,168,158,155,160,172,187,202,214,221,220,210,194,174,155,141,134,136,146,163
MA15,15/12/07,181,197,206,208,203,192,176,163,157,162,176,197,216,227,230,225,213,194,169,143,123,116,125,144
MA15,15/12/08,169,193,211,223,224,214,197,179,165,161,166,182,202,220,234,238,230,208,178,146,119,104,104,119
MA15,15/12/09,144,173,203,226,237,232,216,194,175,163,162,172,191,213,234,246,244,226,196,161,128,103,92,99
MA15,15/12/10,122,156,193,224,244,249,239,216,191,171,164,169,185,208,232,251,259,249,223,187,149,118,100,101
MA15,15/12/11,120,151,190,229,262,281,283,272,254,237,227,225,230,245,268,292,306,300,270,224,177,140,116,103
MA15,15/12/12,103,118,148,188,229,257,264,252,228,201,180,168,168,181,205,234,258,268,258,228,186,143,109,90
MA15,15/12/13,89,105,134,173,214,250,273,276,260,234,207,187,180,185,203,228,256,276,278,258,222,179,140,111
MA15,15/12/14,98,100,119,151,190,229,259,273,268,248,221,195,179,175,186,208,234,257,268,261,237,201,164,131
MA15,15/12/15,108,99,107,132,167,207,243,265,271,261,241,218,198,184,183,198,224,251,269,271,255,229,199,169
MA15,15/12/16,141,122,117,128,155,191,228,257,272,272,259,239,218,201,195,200,214,234,251,260,258,244,222,195
MA15,15/12/17,166,142,129,130,144,168,197,225,247,258,256,242,221,201,187,182,186,197,211,225,233,231,219,198
MA15,15/12/18,174,150,134,128,132,144,163,187,213,234,243,239,225,208,191,180,173,173,180,193,206,217,219,210
MA15,15/12/19,194,175,158,146,143,149,161,178,197,215,230,235,229,217,201,184,166,153,149,154,166,181,195,203
MA15,15/12/20,204,198,187,172,158,149,151,162,179,199,216,229,235,234,224,207,185,163,147,142,146,160,178,197
MA15,15/12/21,213,221,219,209,195,181,174,174,180,192,208,226,241,248,245,233,213,187,159,137,126,132,150,175
MA15,15/12/22,198,216,226,229,224,210,192,178,172,177,189,207,225,240,246,241,224,196,162,130,107,100,111,134
MA15,15/12/23,163,193,219,236,239,230,213,194,180,175,181,195,215,235,250,257,251,229,194,153,118,97,96,113
MA15,15/12/24,142,178,215,246,264,265,252,230,207,191,188,196,215,238,261,277,279,264,233,192,147,111,93,98
MA15,15/12/25,122,159,201,241,270,284,279,260,235,212,198,196,206,223,246,268,282,280,259,221,173,126,93,82
MA15,15/12/26,94,123,163,206,244,269,277,268,245,217,195,184,187,203,227,253,274,284,274,245,202,155,115,90
MA15,15/12/27,86,102,135,177,219,254,271,267,247,220,195,179,172,176,192,218,245,264,264,243,206,164,124,93
MA15,15/12/28,76,78,100,138,182,221,247,255,248,230,206,184,169,167,181,207,235,257,264,256,231,197,160,126
MA15,15/12/29,100,91,101,129,167,203,232,249,252,240,219,194,174,163,167,185,210,234,247,247,232,207,176,145
MA15,15/12/30,117,98,96,112,144,181,215,239,248,243,226,205,185,170,165,173,191,215,234,242,237,222,201,176
MA15,15/12/31,150,126,113,118,142,176,209,235,249,252,244,227,207,187,175,175,187,206,222,231,231,224,212,196
