MA15,81/01/01,198,202,200,196,191,186,182,178,178,188,203,221,233,233,224,212,199,183,166,147,136,136,153,175
MA15,81/01/02,196,210,220,222,219,213,204,195,190,196,208,229,245,251,253,252,250,235,204,169,139,123,135,161
MA15,81/01/03,190,209,222,230,236,236,227,210,193,180,185,204,229,247,254,249,237,216,192,161,127,105,101,118
MA15,81/01/04,149,181,210,233,242,240,226,210,192,176,169,178,196,216,235,246,242,222,190,154,119,091,080,086
MA15,81/01/05,110,143,179,213,237,245,239,222,200,182,171,172,186,208,234,254,265,251,222,181,139,103,081,078
MA15,81/01/06,095,126,162,201,234,254,257,242,218,195,176,170,176,195,221,248,267,268,244,204,160,121,090,076
MA15,81/01/07,078,098,134,177,218,246,255,246,227,206,186,174,168,177,200,230,255,265,252,219,176,134,099,076
MA15,81/01/08,065,071,098,140,188,228,250,251,236,213,191,173,161,159,174,204,240,265,267,240,200,159,124,095
MA15,81/01/09,075,069,082,117,162,207,238,256,250,230,205,185,168,160,167,189,222,252,268,260,229,192,155,125
MA15,81/01/10,100,086,090,113,149,190,227,253,260,252,232,209,189,174,173,187,211,242,264,265,248,220,192,162
MA15,81/01/11,134,111,100,108,135,172,209,239,256,254,238,217,192,173,158,158,171,195,223,242,245,231,209,180
MA15,81/01/12,153,127,111,112,127,155,186,217,241,252,247,232,209,187,168,162,165,180,194,208,214,218,220,209
MA15,81/01/13,186,156,133,120,128,148,172,196,216,233,240,238,221,197,173,156,146,151,163,176,190,202,212,211
MA15,81/01/14,202,184,163,148,142,149,163,183,202,218,232,239,231,214,193,171,154,143,142,146,156,170,187,199
MA15,81/01/15,205,199,189,176,165,158,158,167,183,201,216,227,229,224,211,194,170,149,129,119,122,139,162,185
MA15,81/01/16,200,207,209,204,198,188,179,174,179,190,205,222,235,238,233,219,198,172,143,118,104,105,123,148
MA15,81/01/17,173,194,210,221,220,209,194,181,174,176,187,201,215,228,236,234,220,193,156,118,090,079,088,112
MA15,81/01/18,143,175,203,224,235,232,217,200,192,174,175,188,206,224,238,246,242,224,192,151,108,082,075,089
MA15,81/01/19,115,150,185,221,247,256,246,225,200,182,174,180,196,217,236,254,261,254,224,181,133,091,067,069
MA15,81/01/20,087,122,161,201,234,258,261,246,219,192,175,172,182,201,224,250,267,269,250,213,166,121,085,068
MA15,81/01/21,071,097,136,179,220,251,262,256,233,204,180,167,168,182,206,235,261,276,270,243,200,154,111,076
MA15,81/01/22,063,074,108,151,193,230,251,256,242,217,188,164,151,155,176,208,240,261,264,247,213,173,134,099
MA15,81/01/23,075,068,087,124,170,210,237,249,245,225,198,171,152,147,161,188,220,245,258,252,230,199,164,128
MA15,81/01/24,100,084,090,121,163,205,236,252,256,244,224,201,176,160,158,178,210,241,260,262,250,228,202,172
MA15,81/01/25,142,115,109,125,159,196,227,245,253,245,228,203,178,158,151,158,179,206,227,235,230,216,198,178
MA15,81/01/26,157,132,115,116,137,169,203,229,242,242,228,211,190,171,158,154,166,183,202,214,215,209,199,186
MA15,81/01/27,171,148,128,121,132,155,187,213,226,229,222,210,197,178,159,147,147,160,176,191,198,200,199,195
MA15,81/01/28,184,170,155,145,144,153,171,191,208,219,221,212,197,180,164,153,147,146,152,162,170,178,186,190
MA15,81/01/29,186,178,171,163,160,163,174,189,203,214,221,221,214,202,187,173,162,155,152,152,157,164,175,184
MA15,81/01/30,189,192,190,187,183,178,175,180,188,200,208,212,210,204,196,184,170,154,140,128,124,131,148,167
MA15,81/01/31,184,192,196,199,196,191,185,180,182,190,200,211,218,218,212,201,187,170,152,132,116,113,127,148
MA15,81/02/01,171,192,207,215,217,212,203,193,185,184,192,205,218,228,229,224,212,196,175,146,120,105,112,133
MA15,81/02/02,160,188,211,229,239,237,224,206,191,179,176,184,201,219,232,235,225,206,182,147,114,087,080,091
MA15,81/02/03,119,154,190,219,237,242,234,217,196,178,166,168,185,210,236,250,253,240,213,176,134,098,082,084
MA15,81/02/04,104,136,173,208,239,254,250,235,211,187,167,156,161,179,209,237,255,252,225,187,141,102,073,061
MA15,81/02/05,065,090,128,171,210,240,251,240,212,180,153,139,140,157,186,219,245,258,247,214,171,124,085,062
MA15,81/02/06,058,070,101,143,189,229,250,248,227,194,164,142,132,143,167,201,235,260,266,245,207,159,117,082
MA15,81/02/07,068,067,089,127,173,217,247,258,247,219,185,155,135,131,147,181,219,253,267,261,231,193,152,114
MA15,81/02/08,086,076,087,119,159,202,237,258,258,239,208,173,145,128,132,154,188,223,250,259,246,219,183,145
MA15,81/02/09,113,094,093,112,144,182,217,243,254,243,219,188,159,137,128,136,161,194,225,245,248,232,207,175
MA15,81/02/10,145,121,110,119,140,171,201,230,247,250,233,207,179,151,133,130,144,169,198,223,238,238,222,199
MA15,81/02/11,175,155,140,138,148,167,190,215,235,244,238,219,193,168,143,127,120,128,143,161,181,196,206,204
MA15,81/02/12,190,172,157,151,155,166,181,197,215,226,232,223,206,184,162,142,129,123,131,144,158,173,188,198
MA15,81/02/13,202,196,186,179,176,176,184,195,206,215,223,224,220,208,191,171,154,138,130,126,134,147,166,184
MA15,81/02/14,200,209,211,208,205,201,196,194,197,205,216,224,226,222,214,201,182,159,134,113,103,110,127,152
MA15,81/02/15,173,195,210,219,220,214,200,190,184,186,193,204,215,223,226,220,204,180,152,125,101,092,101,124
MA15,81/02/16,154,187,214,233,240,236,223,206,193,185,183,192,209,228,242,247,238,218,188,151,117,092,087,100
MA15,81/02/17,128,164,198,229,249,253,240,218,193,173,164,168,184,207,231,250,254,242,216,178,136,098,076,074
MA15,81/02/18,096,132,170,209,236,249,245,226,200,175,156,149,160,181,212,238,253,253,234,201,160,119,087,075
MA15,81/02/19,084,114,152,198,233,256,261,246,220,193,169,157,159,173,198,227,256,265,256,221,183,140,105,081
MA15,81/02/20,074,089,119,163,207,242,256,248,220,187,158,140,134,145,168,198,232,256,266,250,216,171,132,100
MA15,81/02/21,090,096,122,159,198,233,255,260,243,210,173,144,130,132,152,179,212,240,254,251,224,186,144,110
MA15,81/02/22,088,085,102,134,171,208,236,249,240,211,174,141,122,120,129,151,183,216,237,245,230,202,169,134
MA15,81/02/23,108,098,106,130,163,198,228,245,244,224,194,160,133,120,122,141,170,197,218,230,226,212,189,163
MA15,81/02/24,139,122,118,129,156,190,226,247,248,232,208,182,157,138,126,130,151,183,214,234,238,238,212,192
MA15,81/02/25,172,154,144,146,164,192,222,243,252,243,223,197,173,154,142,136,144,163,186,204,217,218,208,196
MA15,81/02/26,182,171,164,160,167,184,206,228,244,245,232,211,188,171,157,148,147,155,166,184,197,204,207,204
MA15,81/02/27,194,181,171,168,172,181,193,206,217,226,226,214,195,174,155,142,130,134,139,146,154,168,181,190
MA15,81/02/28,192,187,181,177,177,179,182,191,198,206,209,204,194,183,172,158,148,139,134,134,141,151,164,176
MA15,81/03/01,185,193,195,193,191,186,181,184,189,196,202,204,200,196,188,178,163,145,129,116,113,123,137,153
MA15,81/03/02,171,186,199,205,202,193,183,175,170,173,180,189,197,202,203,196,183,163,140,115,101,096,110,131
MA15,81/03/03,156,180,203,219,225,216,202,185,171,163,162,173,189,206,218,220,208,189,161,131,103,086,086,103
MA15,81/03/04,134,166,198,225,239,238,226,203,179,161,154,162,183,209,231,244,242,226,199,162,123,094,080,088
MA15,81/03/05,111,149,186,221,243,251,240,220,190,162,141,138,154,184,218,242,254,246,220,182,139,100,073,067
MA15,81/03/06,081,112,154,199,234,252,248,229,197,162,135,122,130,160,202,238,264,267,248,213,169,122,080,055
MA15,81/03/07,056,082,125,172,211,236,245,234,206,169,130,103,094,112,150,196,236,260,261,241,206,166,122,083
MA15,81/03/08,062,069,102,149,196,230,247,243,219,184,142,106,084,085,111,151,195,231,251,244,217,178,133,095
MA15,81/03/09,070,065,083,119,163,204,234,246,234,205,162,122,091,082,096,125,166,210,242,255,246,218,181,146
MA15,81/03/10,119,103,107,129,162,200,230,246,244,222,185,146,110,087,083,097,127,165,203,229,233,216,192,163
MA15,81/03/11,139,121,114,122,146,177,208,229,235,221,191,158,124,098,084,083,101,131,165,194,212,214,201,180
MA15,81/03/12,157,140,134,136,147,166,188,210,224,223,207,180,152,123,104,093,096,111,135,161,182,197,198,191
MA15,81/03/13,178,165,156,154,156,165,179,196,211,217,209,192,168,146,126,110,098,098,110,127,145,164,176,183
MA15,81/03/14,183,180,177,173,170,170,174,184,197,206,207,201,191,180,165,149,130,118,112,120,134,153,171,187
MA15,81/03/15,199,211,218,224,226,226,230,231,224,220,219,229,239,244,236,213,179,148,133,131,140,144,148,156
MA15,81/03/16,175,200,219,228,218,202,188,184,183,182,183,186,194,207,217,212,195,166,139,115,102,101,113,131
MA15,81/03/17,155,183,207,226,230,221,205,185,172,166,166,174,188,205,222,230,220,200,172,138,113,098,097,114
MA15,81/03/18,138,169,201,224,236,231,215,192,171,152,143,149,168,194,218,235,238,225,200,167,131,103,090,095
MA15,81/03/19,120,153,188,220,240,244,230,207,178,154,136,132,148,177,211,237,253,249,230,199,161,124,099,091
MA15,81/03/20,106,138,177,214,240,249,237,212,183,151,129,122,130,154,190,220,244,252,245,219,179,139,106,088
MA15,81/03/21,091,117,153,195,226,244,245,228,196,162,128,108,107,127,159,197,230,253,254,234,201,161,129,106
MA15,81/03/22,098,111,142,181,221,245,256,242,214,179,144,121,109,120,148,185,221,251,264,256,231,195,157,128
MA15,81/03/23,113,116,140,175,214,246,260,255,227,195,155,122,102,098,112,143,179,215,239,248,233,202,168,135
MA15,81/03/24,113,109,121,151,184,216,236,243,227,197,158,121,097,091,105,132,165,197,225,237,233,213,184,157
MA15,81/03/25,135,123,130,150,178,212,237,248,241,216,182,151,127,115,115,130,158,195,227,248,253,242,220,197
MA15,81/03/26,177,168,169,184,204,227,248,262,265,249,220,186,155,139,136,149,169,193,214,230,237,234,220,200
MA15,81/03/27,185,174,167,170,179,197,217,237,241,229,205,174,147,129,118,118,125,140,161,181,197,207,207,195
MA15,81/03/28,181,169,163,165,173,183,195,206,217,215,204,184,160,141,127,121,122,127,141,158,174,188,196,198
MA15,81/03/29,194,186,182,180,180,182,188,195,203,209,206,196,183,167,152,139,133,130,135,143,153,165,178,188
MA15,81/03/30,195,197,196,192,188,185,183,182,186,189,190,193,190,182,168,153,140,127,119,116,122,132,147,165
MA15,81/03/31,181,194,202,202,198,186,175,167,164,166,173,180,188,190,185,172,156,137,120,104,100,105,120,140
MA15,81/04/01,165,188,207,216,213,200,181,165,153,149,155,168,184,199,208,205,194,173,147,124,107,102,111,134
MA15,81/04/02,162,195,226,247,253,243,222,197,176,163,162,177,196,224,247,261,259,243,211,169,127,095,094,109
MA15,81/04/03,137,173,209,240,257,257,236,206,172,144,129,134,158,191,227,250,260,250,227,192,155,120,098,097
MA15,81/04/04,119,157,202,239,261,266,249,222,186,150,121,110,124,160,206,245,271,272,255,223,185,147,117,099
MA15,81/04/05,104,131,174,222,257,270,261,235,197,156,118,091,093,116,162,213,255,276,274,252,216,176,140,116
MA15,81/04/06,108,123,161,206,247,271,278,260,228,185,140,106,088,102,140,189,237,273,288,279,253,217,180,151
MA15,81/04/07,130,132,152,190,232,263,277,268,239,197,156,114,084,073,092,133,184,226,254,261,247,222,193,164
MA15,81/04/08,141,130,139,166,202,233,249,250,235,205,164,123,086,066,067,095,136,180,217,236,240,228,206,182
MA15,81/04/09,160,146,144,162,189,218,236,243,234,217,190,157,122,092,078,090,120,159,191,214,226,232,227,215
MA15,81/04/10,197,180,173,179,197,221,242,253,252,238,217,189,163,140,121,112,120,145,176,203,221,230,231,224
MA15,81/04/11,216,206,199,195,197,207,221,233,240,234,220,203,184,163,144,130,123,128,144,164,185,202,212,216
MA15,81/04/12,213,210,205,201,196,195,199,208,216,218,212,201,190,179,166,151,136,125,126,138,155,174,190,202
MA15,81/04/13,209,213,215,214,210,200,194,195,200,204,207,205,201,197,192,182,167,146,130,124,130,144,163,180
MA15,81/04/14,198,210,219,221,212,197,183,173,170,175,181,188,198,205,210,203,189,167,143,126,119,126,142,160
MA15,81/04/15,180,197,211,220,215,202,183,166,154,149,151,162,178,199,215,220,210,192,167,145,127,118,125,143
MA15,81/04/16,168,199,224,238,238,225,205,183,163,148,143,155,179,206,232,245,245,233,209,181,155,136,131,143
MA15,81/04/17,166,194,223,244,252,244,225,197,165,140,126,130,151,182,216,242,253,245,222,193,164,139,122,123
MA15,81/04/18,141,172,207,234,247,242,223,193,161,130,108,102,116,146,180,212,235,244,234,209,174,139,116,107
MA15,81/04/19,120,149,182,214,234,242,229,202,167,129,101,087,096,124,160,197,226,245,246,229,201,169,141,127
MA15,81/04/20,133,160,199,239,278,302,303,271,218,176,149,136,146,162,186,214,247,277,293,278,243,200,169,152
MA15,81/04/21,151,163,185,212,238,258,264,247,214,172,134,107,094,101,128,162,200,232,252,255,239,210,179,155
MA15,81/04/22,140,142,160,190,218,240,251,243,218,182,142,108,090,092,110,142,180,215,241,253,245,223,198,173
MA15,81/04/23,154,147,158,180,206,231,246,244,228,197,162,127,100,089,097,123,156,192,220,237,239,230,211,190
MA15,81/04/24,170,157,158,174,197,221,238,243,232,209,180,149,122,103,102,119,147,177,207,228,241,243,231,213
MA15,81/04/25,196,183,181,192,209,225,240,251,251,237,210,180,153,133,122,126,139,158,180,200,220,233,231,219
MA15,81/04/26,200,185,179,181,186,197,207,219,224,219,205,179,154,136,123,120,123,136,155,175,195,209,216,215
MA15,81/04/27,208,198,191,187,187,191,197,207,215,217,208,196,179,162,148,136,132,133,142,156,174,190,205,213
MA15,81/04/28,213,211,207,198,192,185,182,182,186,192,196,195,188,176,163,148,135,126,123,127,138,153,172,188
MA15,81/04/29,203,209,210,206,194,182,169,164,164,171,181,189,193,192,186,176,161,143,127,119,123,137,159,181
MA15,81/04/30,204,220,232,232,220,203,183,168,160,164,176,189,207,224,231,225,208,182,156,137,127,127,142,163
MA15,81/05/01,192,218,238,243,237,218,191,163,140,129,134,153,181,208,227,233,224,202,176,148,125,112,114,131
MA15,81/05/02,162,197,226,244,245,228,200,167,133,110,100,114,146,187,221,243,247,234,210,182,150,123,112,123
MA15,81/05/03,147,186,223,249,262,253,225,191,151,112,094,094,121,163,211,247,267,267,253,223,191,157,135,129
MA15,81/05/04,140,172,210,241,258,257,243,215,173,126,086,068,079,116,165,214,251,268,265,244,213,181,152,133
MA15,81/05/05,132,151,182,224,253,266,254,223,183,136,093,063,057,078,116,168,217,253,267,259,235,204,174,151
MA15,81/05/06,140,148,173,204,238,260,261,242,205,160,114,077,055,057,083,124,176,218,247,255,247,226,198,175
MA15,81/05/07,158,154,165,191,221,246,256,249,227,191,150,107,076,062,072,105,147,189,224,244,250,244,226,207
MA15,81/05/08,190,177,177,190,214,239,255,257,243,215,181,144,112,089,080,093,122,158,194,220,234,234,225,211
MA15,81/05/09,195,182,176,179,192,212,234,243,239,222,197,170,144,123,107,101,111,138,172,201,220,230,229,223
MA15,81/05/10,213,204,195,189,192,202,217,227,230,223,208,191,171,150,129,119,116,127,147,171,192,208,220,224
MA15,81/05/11,222,213,204,196,193,193,198,205,209,212,209,201,190,177,162,143,129,127,137,152,172,191,210,222
MA15,81/05/12,227,227,220,210,200,194,195,201,209,216,220,223,223,218,207,195,181,167,160,159,168,184,204,221
MA15,81/05/13,234,236,230,220,210,199,189,179,172,176,188,202,213,218,217,205,190,175,160,151,152,163,181,202
MA15,81/05/14,220,231,234,230,217,200,182,165,155,154,164,180,197,214,223,223,212,197,176,158,149,151,165,186
MA15,81/05/15,209,227,240,240,229,210,185,162,144,137,141,156,180,206,226,234,230,216,194,172,153,144,148,167
MA15,81/05/16,192,220,239,244,236,216,191,162,138,118,112,123,149,181,210,229,234,227,208,185,161,142,135,146
MA15,81/05/17,163,193,216,234,240,229,204,171,137,108,096,100,121,152,184,213,235,240,230,207,180,159,148,150
MA15,81/05/18,166,188,214,238,254,255,234,201,163,128,105,103,117,146,183,218,244,259,256,238,214,184,162,154
MA15,81/05/19,160,178,204,228,249,252,236,205,165,126,097,082,090,117,154,192,223,245,250,240,215,185,162,150
MA15,81/05/20,150,166,190,218,238,244,236,209,173,134,096,073,072,090,124,162,197,228,242,241,224,198,174,154
MA15,81/05/21,146,154,179,205,230,242,241,221,189,151,114,086,072,080,106,143,182,216,236,243,235,216,191,168
MA15,81/05/22,155,153,167,192,217,237,242,231,206,169,133,102,079,078,095,126,162,196,223,239,241,228,210,188
MA15,81/05/23,169,162,164,183,207,228,240,240,223,194,158,125,099,088,092,110,137,171,204,227,237,236,223,205
MA15,81/05/24,186,172,170,178,196,216,230,237,228,203,174,145,118,100,094,104,122,150,180,205,226,236,234,225
MA15,81/05/25,210,194,186,188,198,211,227,237,238,228,207,183,157,135,121,118,127,144,169,193,213,226,230,226
MA15,81/05/26,215,203,192,183,182,186,197,210,219,219,208,191,173,155,139,127,123,129,146,169,191,210,222,228
MA15,81/05/27,223,214,203,186,175,171,176,183,193,199,199,196,188,174,159,142,129,122,129,142,162,181,200,216
MA15,81/05/28,221,222,215,202,189,175,166,167,175,184,198,206,209,207,198,185,166,152,144,148,158,176,200,220
MA15,81/05/29,238,248,247,238,225,202,182,167,164,177,196,215,232,240,241,231,216,195,175,161,158,165,178,203
MA15,81/05/30,227,246,255,248,228,201,171,144,126,124,137,160,186,210,225,230,222,203,180,158,141,140,153,178
MA15,81/05/31,205,230,244,248,238,215,182,147,115,098,104,126,161,200,231,249,252,243,220,194,171,154,154,168
MA15,81/06/01,195,227,251,265,262,242,211,170,133,100,085,096,130,174,218,250,268,267,254,231,202,176,162,164
MA15,81/06/02,185,214,242,262,269,257,233,194,150,104,076,066,087,130,179,223,254,269,267,250,225,195,174,163
MA15,81/06/03,172,194,224,251,266,266,251,220,175,126,085,060,063,094,140,187,227,257,272,267,251,223,194,174
MA15,81/06/04,166,183,208,236,257,265,257,236,203,160,112,075,059,068,102,146,193,232,258,268,261,240,216,193
MA15,81/06/05,180,180,195,219,242,260,264,254,230,195,151,109,078,071,089,123,163,202,235,256,263,251,231,206
MA15,81/06/06,188,178,184,203,223,242,254,253,241,215,180,140,103,082,082,105,138,174,209,233,248,245,234,218
MA15,81/06/07,198,184,179,185,202,219,233,240,235,222,198,168,136,110,096,100,123,152,182,208,227,238,237,227
MA15,81/06/08,208,190,178,178,186,201,214,223,226,219,208,189,168,144,124,114,121,140,163,188,212,228,236,232
MA15,81/06/09,219,205,191,182,183,188,194,204,210,214,213,203,188,172,153,140,134,143,156,174,192,210,225,234
MA15,81/06/10,230,217,199,187,178,174,178,183,190,196,202,203,199,191,180,164,150,146,151,164,182,201,217,228
MA15,81/06/11,231,228,215,200,188,176,168,166,171,182,193,201,206,205,202,192,181,170,162,163,171,189,209,226
MA15,81/06/12,235,236,228,215,202,185,170,159,157,162,176,194,208,218,225,222,213,199,184,177,176,185,201,220
MA15,81/06/13,237,246,247,236,217,194,174,158,147,141,150,164,186,206,221,228,223,208,189,176,169,170,182,200
MA15,81/06/14,219,236,246,243,228,205,177,155,136,128,128,141,165,196,222,235,237,225,208,191,176,168,172,187
MA15,81/06/15,206,227,243,247,237,218,190,161,132,112,106,117,141,174,205,229,240,239,228,209,190,173,166,174
MA15,81/06/16,191,216,237,249,248,232,204,173,141,114,098,099,120,152,189,220,242,251,244,228,207,185,170,170
MA15,81/06/17,183,204,230,248,253,244,224,191,157,122,099,091,108,137,174,211,238,257,260,251,229,204,185,175
MA15,81/06/18,180,200,225,248,262,261,247,218,184,146,114,093,093,116,153,192,227,252,265,262,246,218,194,178
MA15,81/06/19,176,190,211,232,251,258,254,235,200,161,125,099,091,104,131,166,203,235,258,264,256,235,213,193
MA15,81/06/20,182,182,197,220,245,261,262,250,225,191,155,123,105,104,121,146,183,216,244,262,262,248,227,203
MA15,81/06/21,191,183,190,205,227,248,259,257,240,208,172,137,112,102,110,131,158,191,223,247,258,252,238,217
MA15,81/06/22,199,184,182,195,215,236,253,258,252,232,200,166,140,122,116,128,150,179,212,237,256,260,253,238
MA15,81/06/23,217,202,193,198,209,229,247,261,268,263,249,225,196,167,139,126,137,168,201,229,246,252,249,240
MA15,81/06/24,225,207,190,178,176,190,205,223,232,231,220,202,178,157,138,129,130,143,163,187,211,232,244,243
MA15,81/06/25,232,214,196,182,175,177,185,197,212,222,227,222,210,193,175,160,154,156,168,185,205,227,244,257
MA15,81/06/26,255,242,225,206,187,174,169,174,188,206,220,225,222,213,203,189,176,166,162,170,186,207,229,244
MA15,81/06/27,250,247,234,216,196,174,156,150,156,174,197,218,232,241,241,230,211,192,180,180,190,202,217,230
MA15,81/06/28,243,252,252,237,210,179,149,129,124,132,151,173,198,220,236,237,228,212,195,182,176,179,192,210
MA15,81/06/29,232,249,254,249,230,202,166,134,113,107,121,144,178,212,242,258,259,246,227,206,192,182,187,196
MA15,81/06/30,215,234,252,258,249,222,184,145,108,084,079,094,126,167,206,236,254,255,242,220,197,180,175,182
MA15,81/07/01,199,219,241,255,258,243,214,173,128,088,067,069,093,131,173,213,245,262,262,248,225,199,181,175
MA15,81/07/02,184,206,230,252,265,260,240,207,165,122,083,064,068,096,139,180,220,250,263,256,237,213,192,178
MA15,81/07/03,178,188,210,238,260,268,259,230,192,149,104,071,057,073,106,147,188,225,250,256,245,223,199,178
MA15,81/07/04,166,169,186,214,239,255,257,244,216,177,135,096,072,067,086,120,161,200,232,250,251,236,211,189
MA15,81/07/05,172,163,172,192,217,238,250,249,232,204,164,130,098,080,085,108,143,184,218,242,250,245,228,205
MA15,81/07/06,184,171,170,183,203,226,243,251,246,227,200,168,138,115,107,117,141,174,206,234,250,253,243,224
MA15,81/07/07,203,186,180,182,195,213,230,240,244,238,223,201,173,147,131,126,141,168,194,220,241,251,249,233
MA15,81/07/08,214,194,176,170,172,182,196,212,221,223,217,202,183,164,150,140,141,154,175,202,224,241,243,239
MA15,81/07/09,222,203,187,173,166,167,174,187,201,212,216,211,201,191,180,170,164,168,176,193,214,233,244,244
MA15,81/07/10,235,218,202,186,174,164,164,171,182,193,204,209,210,204,200,190,181,176,177,184,198,216,232,239
MA15,81/07/11,237,224,210,195,180,165,156,150,154,166,180,194,204,208,206,202,193,184,178,176,180,193,210,222
MA15,81/07/12,228,226,216,201,184,166,148,133,130,134,150,168,185,201,212,213,208,198,188,179,177,183,198,215
MA15,81/07/13,227,230,226,216,198,177,155,133,117,115,126,147,170,192,212,223,225,217,203,187,178,176,184,200
MA15,81/07/14,214,226,231,228,217,198,171,141,119,107,109,127,151,182,208,232,242,240,226,208,190,182,180,193
MA15,81/07/15,209,226,238,244,238,219,189,158,129,104,095,104,128,163,196,224,243,249,242,222,200,181,173,177
MA15,81/07/16,192,211,230,243,246,232,207,174,136,103,084,082,101,135,171,204,232,249,250,235,212,186,168,165
MA15,81/07/17,174,192,215,236,249,245,225,193,155,115,085,073,079,106,143,184,220,246,256,248,227,201,179,165
MA15,81/07/18,165,179,203,232,250,256,244,218,181,142,104,080,072,089,122,163,203,234,252,253,237,214,189,168
MA15,81/07/19,158,162,184,212,240,257,258,239,206,168,126,093,076,079,104,142,182,217,244,256,252,232,205,177
MA15,81/07/20,159,153,166,192,222,246,256,250,227,192,153,115,089,082,096,122,160,199,230,248,251,240,220,191
MA15,81/07/21,166,150,152,172,199,225,245,253,240,217,182,145,114,094,094,111,140,175,208,234,248,248,234,208
MA15,81/07/22,182,160,150,156,174,199,224,242,245,232,206,174,144,121,108,113,134,168,195,222,238,245,242,227
MA15,81/07/23,201,172,150,144,157,177,199,218,229,232,220,200,174,149,133,128,139,160,184,207,229,245,248,237
MA15,81/07/24,216,189,164,149,145,152,168,187,208,220,220,210,194,177,160,151,150,156,171,191,214,232,244,242
MA15,81/07/25,227,204,180,159,147,141,147,159,176,194,209,213,211,202,189,179,171,170,178,190,202,220,234,240
MA15,81/07/26,238,222,202,180,157,140,129,131,142,162,181,200,211,215,213,204,197,190,186,184,192,207,222,235
MA15,81/07/27,240,237,222,203,180,152,130,115,116,129,149,174,198,218,228,228,221,209,197,188,186,193,204,219
MA15,81/07/28,230,236,236,225,205,175,140,112,093,093,109,133,162,190,215,234,238,229,216,198,184,178,184,199
MA15,81/07/29,218,233,241,240,228,201,169,133,097,080,081,100,130,167,200,227,243,248,238,220,197,183,176,184
MA15,81/07/30,201,220,239,248,246,230,200,162,121,085,070,076,100,139,176,215,242,258,254,238,211,189,180,181
MA15,81/07/31,190,208,226,245,258,256,238,203,159,113,086,074,084,114,152,192,228,255,261,252,228,202,180,168
MA15,81/08/01,170,185,206,231,251,261,254,228,189,144,100,074,071,087,123,166,206,240,259,258,240,209,182,162
MA15,81/08/02,152,160,184,213,242,258,259,242,212,176,132,095,074,078,102,143,187,225,249,257,245,222,193,168
MA15,81/08/03,152,151,163,190,222,248,259,254,234,202,164,126,099,090,100,133,178,218,248,262,260,242,218,192
MA15,81/08/04,170,157,161,183,212,240,260,263,257,236,206,174,147,132,133,152,178,214,246,267,278,271,249,224
MA15,81/08/05,200,184,180,188,204,229,250,268,276,265,244,216,189,170,162,166,180,202,230,253,270,270,252,228
MA15,81/08/06,203,183,170,169,177,192,210,233,245,244,230,210,187,170,156,158,168,189,214,237,250,254,247,230
MA15,81/08/07,206,184,170,163,165,172,186,202,217,227,225,215,200,185,174,168,174,184,200,219,235,245,245,234
MA15,81/08/08,214,194,176,164,160,162,169,182,196,212,218,217,210,200,190,184,184,189,199,212,227,239,243,240
MA15,81/08/09,230,214,196,180,168,162,163,170,180,192,202,211,218,221,217,211,206,202,204,210,219,226,236,240
MA15,81/08/10,238,229,215,198,183,170,160,158,161,171,185,200,215,226,230,229,224,216,208,202,204,211,220,232
MA15,81/08/11,237,237,228,216,200,182,164,152,145,151,164,184,205,226,242,248,248,242,233,220,210,208,216,230
MA15,81/08/12,242,250,252,246,228,208,188,169,154,147,150,166,186,215,238,255,262,259,248,232,214,202,203,214
MA15,81/08/13,229,242,252,252,243,223,194,166,141,125,123,131,152,178,212,240,260,261,247,226,205,191,184,189
MA15,81/08/14,201,218,238,252,254,240,210,179,145,120,108,107,123,152,188,222,252,266,262,245,219,197,183,175
MA15,81/08/15,182,200,227,249,265,260,240,203,165,129,102,091,102,129,165,207,242,265,272,259,233,205,182,166
MA15,81/08/16,166,183,210,239,259,267,257,232,193,150,114,094,093,112,146,189,230,262,277,274,253,224,196,175
MA15,81/08/17,164,171,194,226,257,276,276,256,224,180,144,113,099,105,129,167,209,249,271,278,264,238,205,175
MA15,81/08/18,153,150,166,200,238,266,280,270,246,212,176,142,120,114,126,157,199,242,276,291,287,266,236,204
MA15,81/08/19,176,159,161,182,218,256,282,289,275,247,211,178,150,134,131,149,181,221,260,281,282,266,240,211
MA15,81/08/20,182,159,147,154,180,217,249,267,268,252,227,200,174,154,142,147,171,203,237,262,272,269,250,224
MA15,81/08/21,192,164,146,143,158,186,218,247,263,262,247,227,206,188,173,164,174,196,226,252,266,267,257,237
MA15,81/08/22,211,186,163,148,150,166,191,216,237,250,252,244,232,220,208,200,197,206,225,250,270,282,281,272
MA15,81/08/23,256,237,222,207,198,196,207,228,251,271,280,279,273,263,251,235,221,216,225,238,250,258,262,258
MA15,81/08/24,249,232,212,192,172,154,146,149,162,183,199,213,223,230,230,226,220,214,210,210,214,224,231,236
MA15,81/08/25,238,235,223,210,190,165,145,133,137,148,164,183,201,217,230,235,234,226,214,204,198,202,214,226
MA15,81/08/26,237,242,242,236,225,205,175,149,130,124,137,162,193,222,249,266,276,273,259,238,220,211,215,230
MA15,81/08/27,247,260,268,269,260,241,215,184,155,133,129,142,169,207,240,266,280,280,268,247,225,204,196,197
MA15,81/08/28,212,234,258,270,270,252,220,187,152,122,102,100,119,153,192,230,254,266,256,234,208,184,172,168
MA15,81/08/29,178,200,227,251,263,260,240,210,176,141,110,094,101,130,173,216,253,270,268,250,226,200,180,167
MA15,81/08/30,167,184,214,246,270,278,267,240,203,167,134,113,109,126,160,202,242,272,282,268,239,212,189,170
MA15,81/08/31,162,170,190,222,254,276,279,260,227,190,155,129,114,118,141,179,222,260,277,270,248,216,186,164
MA15,81/09/01,152,151,167,192,226,256,272,267,244,210,171,140,122,122,137,166,204,242,268,270,252,223,192,165
MA15,81/09/02,148,144,154,177,207,240,262,268,253,228,196,166,144,138,144,167,199,232,261,272,263,238,208,180
MA15,81/09/03,160,148,148,161,184,214,242,259,257,240,214,186,166,158,161,176,200,226,253,270,270,256,232,204
MA15,81/09/04,179,162,160,171,190,213,240,260,270,265,251,233,218,204,198,200,212,231,252,273,280,268,245,216
MA15,81/09/05,190,170,160,160,168,182,201,220,233,235,227,212,195,181,176,179,190,204,222,236,245,242,228,206
MA15,81/09/06,184,166,152,148,150,158,172,186,202,210,215,213,206,197,190,190,195,204,216,229,238,240,239,229
MA15,81/09/07,214,196,180,166,158,160,167,176,190,202,212,217,218,218,214,210,209,212,217,223,230,233,233,230
MA15,81/09/08,222,208,194,182,168,158,153,159,170,180,192,203,215,222,228,228,226,220,217,217,218,222,230,231
MA15,81/09/09,229,221,215,207,194,180,164,154,155,167,183,201,220,233,243,250,251,247,237,226,218,218,223,233
MA15,81/09/10,238,238,234,224,210,191,173,155,143,142,148,164,190,216,237,249,251,244,228,212,198,192,194,207
MA15,81/09/11,220,231,238,237,224,205,180,154,132,120,121,135,160,192,221,244,256,250,235,216,194,182,180,188
MA15,81/09/12,202,220,238,248,245,229,201,168,137,118,110,118,138,172,208,240,262,266,251,227,200,180,170,170
MA15,81/09/13,184,207,236,258,268,260,234,197,161,130,108,104,116,148,192,233,262,276,269,246,214,186,164,153
MA15,81/09/14,157,180,215,244,264,267,250,218,180,143,113,096,101,126,165,209,248,270,269,249,216,180,148,127
MA15,81/09/15,125,144,179,216,251,268,264,240,205,165,127,100,094,111,143,184,227,257,269,260,231,195,160,130
MA15,81/09/16,114,119,145,184,225,256,268,257,229,194,156,124,104,107,129,165,207,242,264,259,240,207,170,133
MA15,81/09/17,108,103,121,154,193,232,257,263,247,218,191,149,127,121,133,160,196,231,255,263,250,224,190,154
MA15,81/09/18,123,103,106,128,160,198,229,247,250,235,210,183,158,144,144,159,187,216,241,255,254,237,210,178
MA15,81/09/19,145,118,109,118,140,170,202,230,247,245,231,213,190,173,165,169,185,206,228,243,247,238,219,197
MA15,81/09/20,167,138,117,110,120,141,166,192,211,223,224,216,204,192,184,183,190,204,218,231,241,238,228,210
MA15,81/09/21,185,164,144,129,122,127,142,161,182,202,212,216,212,208,203,200,198,202,208,215,222,227,226,214
MA15,81/09/22,200,184,168,151,137,126,128,140,156,174,192,206,214,222,224,224,220,214,210,210,212,218,222,222
MA15,81/09/23,218,210,200,186,168,149,133,126,132,148,169,187,206,222,230,237,234,227,215,201,194,196,204,212
MA15,81/09/24,219,221,218,210,196,173,148,128,118,124,139,161,187,212,230,240,243,238,224,203,184,177,183,198
MA15,81/09/25,215,228,236,236,228,207,180,150,128,116,122,142,169,200,230,248,256,247,230,210,190,177,174,183
MA15,81/09/26,203,228,250,258,252,237,214,180,148,124,116,127,155,190,224,253,268,260,242,213,189,168,158,162
MA15,81/09/27,180,203,235,260,272,261,237,205,168,138,120,120,140,172,211,247,270,274,256,227,193,167,149,147
MA15,81/09/28,158,182,214,247,267,273,262,232,194,160,134,123,130,156,193,231,263,276,268,240,203,170,143,130
MA15,81/09/29,133,149,178,215,250,268,265,246,212,173,142,122,122,138,171,211,247,274,274,256,223,186,153,131
MA15,81/09/30,123,134,163,201,237,260,270,263,237,202,170,143,135,145,176,209,245,268,274,260,232,197,163,136
MA15,81/10/01,121,123,145,180,216,246,263,265,252,226,197,169,150,151,168,199,230,259,273,271,253,223,187,157
MA15,81/10/02,136,131,145,171,198,227,254,268,270,257,229,201,178,171,182,203,229,254,271,277,268,249,218,186
MA15,81/10/03,157,140,141,159,188,218,245,263,266,258,239,218,194,176,173,186,207,234,251,262,257,239,210,181
MA15,81/10/04,154,139,132,142,161,185,209,230,243,244,236,222,206,194,190,199,214,231,248,260,260,250,230,202
MA15,81/10/05,177,157,147,150,163,184,206,228,246,256,258,250,238,229,223,223,228,235,245,256,265,263,244,221
MA15,81/10/06,195,176,164,161,162,167,175,191,209,226,234,230,224,220,218,220,222,226,230,235,240,244,242,234
MA15,81/10/07,217,200,184,172,169,168,172,180,192,207,222,233,239,240,238,236,234,232,229,226,225,228,232,231
MA15,81/10/08,225,216,204,190,179,168,163,162,168,180,197,216,230,241,247,250,244,236,223,213,210,216,223,229
MA15,81/10/09,230,232,234,232,224,209,188,170,163,173,195,222,247,262,270,270,268,262,242,216,195,187,198,214
MA15,81/10/10,230,236,236,230,217,198,175,153,135,127,137,157,186,216,237,250,252,240,218,190,165,152,152,170
MA15,81/10/11,191,212,229,236,229,209,181,149,121,103,105,125,152,186,220,244,255,248,227,196,163,140,132,143
MA15,81/10/12,166,194,224,244,250,238,213,179,143,114,100,107,129,164,204,238,258,262,244,209,168,133,113,114
MA15,81/10/13,136,169,207,238,258,260,244,212,175,139,112,103,118,150,194,233,264,277,269,240,199,157,122,105
MA15,81/10/14,117,149,195,239,270,289,289,271,233,191,152,126,127,148,184,226,261,283,285,261,219,172,127,100
MA15,81/10/15,092,109,146,193,237,271,284,276,251,213,172,143,130,140,171,208,245,270,278,267,240,200,151,111
MA15,81/10/16,087,088,117,162,205,245,272,281,268,244,210,176,156,155,170,200,234,262,279,278,257,221,178,136
MA15,81/10/17,103,090,100,130,170,210,244,262,267,254,230,202,178,166,171,191,220,247,263,263,247,224,192,157
MA15,81/10/18,124,098,091,103,131,170,205,230,245,247,236,218,201,186,184,193,210,230,245,251,245,232,211,185
MA15,81/10/19,156,125,107,106,120,147,178,205,227,240,242,235,220,210,203,202,211,223,235,240,239,232,220,202
MA15,81/10/20,181,156,136,125,122,130,150,173,197,216,230,234,230,222,216,210,212,213,214,216,220,221,221,217
MA15,81/10/21,201,182,167,152,141,137,139,150,167,187,210,222,227,228,228,224,221,215,207,202,204,210,215,220
MA15,81/10/22,216,210,200,187,170,157,147,147,156,174,194,214,230,243,249,249,246,237,226,216,209,214,229,242
MA15,81/10/23,248,251,248,240,231,216,194,166,153,169,194,219,236,250,259,268,268,256,236,209,186,178,188,205
MA15,81/10/24,222,234,239,238,228,210,186,160,140,134,147,170,198,224,248,262,263,249,222,193,168,156,158,172
MA15,81/10/25,192,215,235,250,249,230,204,175,149,140,144,160,183,210,235,256,265,256,230,197,161,135,127,136
MA15,81/10/26,156,184,212,233,244,240,219,187,155,128,119,127,152,185,216,243,256,251,229,192,155,125,107,111
MA15,81/10/27,132,163,194,226,245,253,240,213,178,147,126,126,142,174,206,235,253,254,238,206,168,130,106,100
MA15,81/10/28,116,144,178,212,242,258,258,238,206,173,148,137,144,167,198,229,258,268,258,228,190,150,121,108
MA15,81/10/29,114,136,168,206,242,267,277,267,240,209,177,159,158,174,199,226,253,268,267,250,215,173,134,112
MA15,81/10/30,106,126,155,190,222,251,267,267,250,222,191,165,153,163,186,213,240,258,260,245,214,177,141,111
MA15,81/10/31,095,101,126,158,196,227,247,257,251,232,205,179,165,167,185,210,237,257,264,256,235,204,170,139
MA15,81/11/01,119,112,122,147,180,212,239,254,255,242,223,201,181,178,185,202,222,243,255,255,240,212,179,146
MA15,81/11/02,122,108,108,127,153,182,209,231,243,243,230,211,197,189,190,202,218,237,254,264,258,240,210,182
MA15,81/11/03,158,142,136,143,160,183,210,233,249,258,251,240,223,212,210,213,220,227,235,242,240,229,214,188
MA15,81/11/04,164,144,130,129,140,156,175,195,211,225,230,227,220,210,204,201,203,210,216,222,225,219,211,197
MA15,81/11/05,182,165,150,140,140,146,159,174,190,207,219,224,224,221,216,211,206,201,196,198,203,210,211,204
MA15,81/11/06,194,182,170,158,149,142,141,148,162,179,195,211,221,226,226,220,210,199,188,183,183,189,196,203
MA15,81/11/07,207,205,198,187,174,160,150,148,152,166,185,207,226,242,247,245,235,221,202,185,176,178,190,208
MA15,81/11/08,226,234,234,222,203,181,162,146,142,153,169,190,214,237,253,258,250,227,195,168,149,145,156,174
MA15,81/11/09,197,217,232,238,229,207,179,155,138,134,148,171,197,226,251,265,263,244,210,172,141,123,128,149
MA15,81/11/10,176,208,232,249,253,241,215,181,149,131,133,155,182,213,241,263,270,257,228,185,142,108,098,116
MA15,81/11/11,146,183,222,253,271,272,256,226,192,162,144,148,169,202,243,273,285,275,245,201,156,112,087,082
MA15,81/11/12,104,141,184,228,260,274,264,237,202,170,146,139,151,175,213,248,273,279,261,223,172,122,084,067
MA15,81/11/13,074,105,149,196,240,270,281,270,243,210,179,161,160,178,210,243,272,285,278,250,207,160,112,078
MA15,81/11/14,064,080,113,160,207,247,272,275,258,232,202,181,173,176,196,222,249,270,275,260,228,186,140,097
MA15,81/11/15,072,070,090,126,169,209,244,266,267,251,227,203,186,180,194,218,246,268,276,268,246,214,179,142
MA15,81/11/16,112,092,096,120,151,186,216,244,261,259,244,224,206,193,194,208,224,242,255,252,240,219,192,161
MA15,81/11/17,130,102,088,092,111,140,172,200,222,233,232,220,205,192,186,190,202,214,224,228,226,220,203,184
MA15,81/11/18,158,131,110,102,110,130,152,178,197,214,221,220,214,206,198,195,196,200,202,206,208,210,207,198
MA15,81/11/19,180,160,140,126,122,128,140,154,170,187,207,220,222,217,207,199,194,191,190,190,189,190,194,199
MA15,81/11/20,198,190,177,160,145,140,140,148,161,179,197,216,228,230,227,220,208,198,189,182,180,181,189,202
MA15,81/11/21,212,215,208,192,177,161,150,148,152,166,183,199,214,225,228,223,212,195,175,155,143,147,162,178
MA15,81/11/22,194,206,208,204,194,182,166,150,142,147,165,190,215,230,237,233,221,200,174,152,131,126,137,155
MA15,81/11/23,177,197,214,222,222,212,190,168,152,150,160,179,202,227,246,256,251,231,200,168,142,126,130,149
MA15,81/11/24,173,200,225,243,246,235,214,190,172,160,160,170,193,218,240,253,249,228,196,161,128,106,101,113
MA15,81/11/25,138,167,199,226,240,240,225,201,176,156,147,155,176,200,226,245,245,228,204,170,130,100,084,088
MA15,81/11/26,110,138,172,204,232,246,239,215,186,161,149,149,162,186,212,237,251,248,230,198,156,119,095,087
MA15,81/11/27,103,132,169,204,235,255,261,247,226,200,175,164,169,189,216,241,258,263,249,218,176,132,104,090
MA15,81/11/28,095,116,148,184,221,250,264,259,239,213,185,167,163,175,195,221,241,252,244,221,186,144,110,085
MA15,81/11/29,076,085,114,149,187,220,240,245,236,215,190,172,162,166,183,205,227,246,248,232,201,162,126,097
MA15,81/11/30,082,083,100,129,166,200,227,242,241,226,205,182,170,168,181,197,217,234,242,239,219,187,150,118
MA15,81/12/01,097,091,103,127,153,186,216,238,249,242,226,205,189,184,190,202,221,240,253,253,242,221,188,160
MA15,81/12/02,137,122,121,134,157,187,211,231,246,248,235,217,200,190,188,196,202,210,216,221,219,206,186,160
MA15,81/12/03,133,115,106,113,130,153,173,194,213,226,228,220,203,189,181,182,192,202,210,212,212,207,197,183
MA15,81/12/04,163,141,126,122,128,142,160,188,197,215,229,232,223,210,198,193,192,194,195,198,203,207,210,202
MA15,81/12/05,190,172,152,143,141,146,154,165,184,204,223,240,244,236,223,208,194,185,181,182,186,193,200,203
MA15,81/12/06,203,196,183,170,158,150,146,152,168,186,206,226,237,237,231,221,204,186,168,157,156,168,186,202
MA15,81/12/07,212,215,212,204,189,172,157,150,156,176,200,218,235,244,246,240,226,202,174,147,134,141,160,184
MA15,81/12/08,206,221,228,228,217,198,176,158,151,157,173,196,218,238,248,247,233,206,171,133,106,102,118,148
MA15,81/12/09,182,208,229,242,242,230,210,184,163,152,162,183,210,234,254,261,257,237,197,152,108,084,087,108
MA15,81/12/10,144,182,213,239,250,243,224,200,174,156,148,160,176,200,227,249,256,240,203,156,108,070,053,062
MA15,81/12/11,092,135,179,216,246,259,252,231,204,179,159,162,175,200,226,250,264,262,240,200,150,104,068,058
MA15,81/12/12,073,106,146,195,237,264,274,263,240,211,188,176,179,198,222,248,272,280,268,236,190,140,095,069
MA15,81/12/13,063,082,116,155,198,234,257,266,252,225,200,181,174,181,198,222,247,262,262,242,205,160,115,080
MA15,81/12/14,056,056,078,116,160,204,237,258,257,240,217,197,183,179,191,209,231,251,261,252,231,199,160,118
MA15,81/12/15,088,069,074,100,140,178,211,236,247,246,231,210,189,175,176,189,210,230,243,243,230,210,183,150
MA15,81/12/16,116,091,083,091,117,148,181,207,229,236,226,208,189,173,169,175,187,201,213,220,218,208,192,168
MA15,81/12/17,141,111,094,091,106,131,157,181,201,214,220,215,200,183,169,165,172,182,193,198,201,197,191,181
MA15,81/12/18,165,143,122,112,111,125,144,168,190,205,215,218,210,196,184,172,165,167,174,180,183,187,190,192
MA15,81/12/19,187,176,160,145,137,138,149,167,185,203,217,226,224,218,209,200,190,180,172,170,176,188,202,214
MA15,81/12/20,210,204,200,196,193,189,186,189,198,211,223,226,228,224,220,212,196,175,156,142,143,152,166,179
MA15,81/12/21,191,197,197,192,184,174,162,157,158,172,190,207,219,220,217,210,196,176,154,133,121,120,136,157
MA15,81/12/22,178,193,200,202,198,188,176,164,158,162,175,197,216,227,230,226,217,198,172,144,118,106,117,140
MA15,81/12/23,171,194,211,220,224,222,211,195,178,169,173,194,219,237,248,249,240,222,192,158,126,104,103,120
MA15,81/12/24,149,180,206,229,240,238,223,203,183,167,162,174,193,216,234,240,234,215,187,153,118,090,076,082
MA15,81/12/25,108,143,180,210,229,233,224,208,189,173,163,163,172,195,221,243,250,236,206,170,134,100,080,078
MA15,81/12/26,092,123,161,198,227,244,242,227,206,186,171,164,170,188,215,242,260,256,230,193,150,114,091,080
MA15,81/12/27,083,104,138,180,219,242,250,241,224,203,184,170,165,179,202,232,256,261,245,212,174,136,106,084
MA15,81/12/28,078,086,118,155,198,232,250,248,232,211,190,172,164,170,186,214,240,256,250,227,191,155,120,090
MA15,81/12/29,075,078,097,135,175,213,237,247,242,225,204,186,172,170,183,209,239,259,262,249,222,190,158,130
MA15,81/12/30,106,094,098,121,156,195,226,244,245,232,214,195,179,168,168,186,211,232,245,241,224,192,160,132
MA15,81/12/31,105,088,087,102,137,174,206,228,242,240,226,208,188,172,166,176,198,220,235,240,232,212,188,162
