MA15,76/01/01,102,132,167,204,236,256,254,239,214,188,174,172,184,206,230,254,268,262,237,200,154,113,087,077
MA15,76/01/02,091,117,154,192,227,255,267,262,240,212,186,169,172,192,220,247,264,266,249,217,174,132,095,072
MA15,76/01/03,066,084,117,159,197,230,247,249,235,211,182,159,148,154,180,212,241,257,252,229,194,158,120,088
MA15,76/01/04,071,076,104,145,188,225,246,256,251,232,209,182,161,155,169,201,236,262,269,252,224,189,154,121
MA15,76/01/05,098,093,108,140,179,218,247,264,264,254,229,206,186,177,183,205,235,260,274,273,252,226,196,163
MA15,76/01/06,135,118,122,145,176,209,237,256,264,257,239,212,183,160,154,168,194,221,237,242,234,216,193,164
MA15,76/01/07,138,117,109,120,148,183,214,238,249,246,232,212,188,163,148,148,168,192,212,223,223,213,197,180
MA15,76/01/08,158,137,124,130,149,174,203,229,242,248,242,230,212,190,171,162,166,182,200,216,224,225,216,202
MA15,76/01/09,186,170,158,154,160,177,200,223,242,249,246,232,214,195,177,165,160,164,171,178,185,193,201,201
MA15,76/01/10,193,178,165,159,160,171,187,203,217,230,238,235,221,200,180,168,162,158,156,155,157,170,188,199
MA15,76/01/11,199,188,176,171,174,180,186,192,201,214,229,241,237,222,204,188,177,167,157,149,148,157,178,200
MA15,76/01/12,212,212,202,192,189,189,192,194,198,203,211,221,226,222,208,191,172,156,140,125,113,118,136,160
MA15,76/01/13,184,198,204,206,204,202,196,190,188,190,200,214,224,230,229,218,202,180,156,130,110,102,115,140
MA15,76/01/14,168,190,206,216,222,219,211,199,188,184,189,203,220,236,246,249,238,217,183,144,106,088,088,110
MA15,76/01/15,137,167,192,213,230,232,223,205,186,173,170,177,194,212,230,240,239,223,190,147,106,073,063,064
MA15,76/01/16,101,141,180,209,229,243,238,220,196,172,160,162,177,202,226,243,252,245,222,184,135,091,066,060
MA15,76/01/17,082,118,158,197,232,256,256,241,216,188,171,164,172,191,220,251,276,281,266,226,180,136,101,084
MA15,76/01/18,086,112,148,192,235,264,276,270,247,217,190,173,166,178,202,234,265,283,277,246,204,160,120,090
MA15,76/01/19,074,084,114,158,207,248,271,273,258,232,201,174,158,158,180,212,250,277,287,271,239,196,154,117
MA15,76/01/20,092,083,095,132,179,228,260,271,264,240,210,179,154,141,147,172,206,240,262,264,246,218,182,146
MA15,76/01/21,113,096,098,122,162,205,244,266,269,252,219,184,148,128,128,148,176,206,230,244,244,229,204,172
MA15,76/01/22,140,114,101,112,141,182,220,250,262,256,237,208,182,161,148,148,164,187,212,231,240,236,216,194
MA15,76/01/23,170,147,126,120,136,166,202,232,249,252,239,220,194,170,145,134,134,144,162,182,199,212,214,206
MA15,76/01/24,187,168,151,145,148,160,183,210,229,242,241,226,203,177,155,138,128,127,136,148,162,176,190,197
MA15,76/01/25,196,186,176,170,168,172,181,194,211,226,233,231,218,200,180,162,146,135,129,130,139,155,173,188
MA15,76/01/26,197,202,202,200,196,190,186,190,200,212,221,224,222,214,203,188,170,148,128,113,111,118,137,158
MA15,76/01/27,181,197,210,218,217,212,202,194,192,195,206,217,226,229,224,210,192,168,138,112,096,094,106,127
MA15,76/01/28,152,177,198,214,225,224,212,192,176,172,180,192,210,222,228,226,214,195,169,136,103,084,084,105
MA15,76/01/29,134,166,192,217,234,239,230,214,193,175,168,180,200,222,240,250,248,236,210,172,135,106,089,092
MA15,76/01/30,118,152,188,222,248,258,252,236,215,188,170,166,178,202,228,252,258,248,224,188,148,113,086,077
MA15,76/01/31,092,122,162,201,236,256,258,244,216,190,168,156,162,183,212,242,264,267,253,220,177,137,104,084
MA15,76/02/01,088,109,143,184,222,248,261,253,229,199,171,152,149,164,191,224,256,274,270,242,205,164,127,100
MA15,76/02/02,092,105,134,173,214,248,266,264,245,216,186,161,148,152,175,210,246,272,278,260,226,190,154,124
MA15,76/02/03,105,105,122,156,201,238,260,266,251,226,195,165,142,138,150,182,222,251,266,261,237,207,174,142
MA15,76/02/04,116,106,116,145,183,219,248,259,254,232,202,170,146,133,136,158,188,223,246,253,243,216,186,158
MA15,76/02/05,134,119,121,142,174,207,238,258,262,247,221,190,162,140,133,143,167,195,228,247,249,233,206,179
MA15,76/02/06,158,144,141,148,168,197,228,254,264,257,233,203,174,152,139,142,155,178,200,217,224,219,205,188
MA15,76/02/07,168,152,144,148,166,188,216,238,247,244,229,209,184,160,142,135,142,157,174,190,201,206,204,193
MA15,76/02/08,180,166,158,158,168,182,200,220,235,240,234,218,196,176,160,151,146,148,162,176,190,200,204,203
MA15,76/02/09,196,188,182,177,181,187,198,212,222,227,227,220,209,195,180,162,145,138,140,148,158,170,180,187
MA15,76/02/10,192,196,194,190,188,186,192,201,212,220,223,223,217,207,196,185,172,158,146,140,142,154,170,186
MA15,76/02/11,198,208,212,213,209,203,198,197,199,203,208,213,217,217,212,197,178,156,134,114,104,106,124,149
MA15,76/02/12,172,194,210,216,216,210,199,185,176,174,177,188,202,211,214,208,195,175,152,121,094,081,087,109
MA15,76/02/13,140,174,200,216,222,219,206,194,180,172,168,173,190,214,232,242,234,212,182,146,112,088,079,090
MA15,76/02/14,121,156,196,228,244,246,230,208,187,168,156,159,177,202,230,248,255,242,215,176,133,094,072,070
MA15,76/02/15,094,133,176,216,245,257,252,230,204,177,153,144,154,183,219,254,274,275,250,214,175,131,100,080
MA15,76/02/16,086,113,158,207,246,270,271,250,222,188,158,136,131,148,183,225,258,276,272,246,204,158,114,080
MA15,76/02/17,071,089,126,171,218,252,266,259,232,191,154,124,110,117,145,183,224,254,266,254,224,184,138,098
MA15,76/02/18,074,074,101,146,194,234,260,264,248,216,176,139,114,109,124,158,204,246,271,278,261,232,194,153
MA15,76/02/19,117,098,108,146,189,232,260,270,258,232,194,153,118,098,101,124,158,194,226,243,243,226,196,163
MA15,76/02/20,130,108,103,122,154,190,224,245,246,230,201,168,133,105,090,099,121,154,186,208,218,216,200,179
MA15,76/02/21,157,139,127,130,149,176,206,232,243,236,214,183,153,128,112,103,109,129,155,179,197,206,204,194
MA15,76/02/22,180,168,158,154,160,176,198,222,236,239,227,205,180,160,139,124,119,125,141,159,176,190,198,202
MA15,76/02/23,202,200,195,189,187,192,205,220,231,238,236,224,210,193,174,158,145,137,137,142,152,162,172,182
MA15,76/02/24,191,202,204,199,192,188,188,198,208,214,218,219,212,206,194,180,160,141,128,121,122,130,144,160
MA15,76/02/25,178,193,206,212,210,203,195,189,189,192,198,206,211,214,210,201,184,163,141,122,112,114,126,143
MA15,76/02/26,162,185,204,219,221,212,196,180,169,168,172,182,195,204,211,210,202,180,155,124,101,090,092,110
MA15,76/02/27,134,162,188,210,221,218,202,181,161,148,146,155,174,195,213,222,221,204,180,146,116,091,082,090
MA15,76/02/28,116,148,183,212,230,233,221,200,176,155,143,146,166,193,226,245,253,246,221,190,160,133,116,115
MA15,76/02/29,128,159,200,236,258,266,256,232,206,178,158,147,156,182,217,250,263,259,232,200,166,136,109,094
MA15,76/03/01,099,123,161,205,237,249,245,221,191,159,132,116,118,141,175,214,244,257,248,221,184,145,113,092
MA15,76/03/02,092,110,143,183,220,243,250,236,207,173,138,115,109,122,153,194,230,254,259,244,208,170,135,109
MA15,76/03/03,101,112,141,176,216,246,259,254,226,188,153,124,113,118,140,176,212,245,259,254,229,193,158,125
MA15,76/03/04,110,111,128,159,194,226,246,251,232,197,159,124,102,097,113,142,180,215,237,244,228,199,164,136
MA15,76/03/05,117,112,125,148,178,208,231,241,232,206,168,131,103,091,098,123,154,185,214,227,224,205,180,150
MA15,76/03/06,128,118,122,143,171,199,222,234,232,215,184,152,120,103,100,114,141,170,199,219,225,216,198,177
MA15,76/03/07,155,143,142,156,177,200,221,238,240,231,208,179,153,129,120,125,142,162,187,206,218,221,210,195
MA15,76/03/08,179,163,159,161,175,191,209,223,231,226,209,187,162,141,126,119,120,132,152,172,189,198,200,195
MA15,76/03/09,185,174,170,170,179,191,203,216,225,226,221,207,192,172,154,140,134,137,147,162,177,189,197,200
MA15,76/03/10,200,198,195,192,191,193,197,207,215,217,217,212,201,186,172,156,141,131,125,130,142,157,172,184
MA15,76/03/11,193,200,207,209,205,198,194,192,198,206,212,215,216,212,203,190,173,154,140,130,132,142,161,182
MA15,76/03/12,201,216,224,230,226,220,209,199,194,195,206,218,228,237,236,227,210,187,163,139,125,121,133,155
MA15,76/03/13,177,197,213,225,229,224,207,189,168,157,158,171,196,219,234,237,225,203,172,137,105,088,087,110
MA15,76/03/14,143,181,215,238,242,232,211,189,165,144,136,145,168,197,230,245,246,232,205,168,130,097,084,092
MA15,76/03/15,122,160,200,234,251,251,235,207,173,140,120,118,140,179,217,249,264,261,240,205,164,121,088,077
MA15,76/03/16,091,130,177,222,249,255,240,211,173,135,105,091,098,128,171,215,247,261,255,228,189,144,104,078
MA15,76/03/17,078,105,149,198,235,255,253,234,199,154,112,083,072,092,133,181,224,253,264,249,220,181,141,107
MA15,76/03/18,091,103,140,185,227,259,269,255,223,185,142,101,080,086,120,161,209,247,268,272,255,222,187,154
MA15,76/03/19,129,124,142,177,217,253,273,271,245,207,165,125,095,084,099,128,167,207,240,259,256,235,209,180
MA15,76/03/20,155,138,142,162,189,221,245,260,251,224,188,152,118,097,092,107,136,171,204,230,239,233,218,196
MA15,76/03/21,175,162,157,164,181,206,230,245,247,234,204,171,140,117,101,101,117,143,171,197,212,218,211,199
MA15,76/03/22,186,172,163,163,174,188,207,221,226,220,203,183,158,137,116,105,110,124,143,162,178,190,198,200
MA15,76/03/23,197,188,179,173,173,184,196,207,216,218,212,204,191,175,158,142,134,133,138,143,150,160,174,191
MA15,76/03/24,206,208,199,187,179,177,182,187,192,196,196,195,192,183,173,158,140,124,120,124,134,145,156,167
MA15,76/03/25,180,193,202,203,196,184,174,170,171,178,184,191,195,198,195,186,172,154,134,122,117,123,138,156
MA15,76/03/26,173,191,206,214,210,196,180,164,158,157,162,172,186,199,210,213,204,191,160,140,124,124,133,153
MA15,76/03/27,178,200,224,240,241,230,213,195,174,160,160,174,196,220,236,244,238,221,199,167,137,114,107,128
MA15,76/03/28,155,184,208,226,236,229,210,183,153,131,124,134,158,190,219,236,239,229,209,183,153,129,115,120
MA15,76/03/29,143,174,209,237,250,243,220,193,164,134,119,117,135,165,201,230,247,246,227,201,171,142,123,121
MA15,76/03/30,134,164,201,239,263,268,252,229,195,162,137,130,144,175,215,254,278,281,269,233,197,165,142,133
MA15,76/03/31,140,161,189,221,252,262,254,227,192,155,121,100,103,126,165,205,227,256,253,232,202,167,138,119
MA15,76/04/01,120,134,162,195,224,241,241,224,192,154,116,088,082,096,131,167,206,235,248,243,218,185,156,132
MA15,76/04/02,121,130,155,186,218,242,250,239,214,179,137,105,090,094,122,159,200,235,257,258,240,212,181,155
MA15,76/04/03,138,135,152,180,210,234,247,241,220,190,152,126,092,088,100,132,168,200,223,237,234,216,190,163
MA15,76/04/04,144,138,149,176,202,223,237,239,229,203,172,136,106,093,097,119,149,182,212,232,236,228,208,185
MA15,76/04/05,164,155,157,170,189,209,227,235,231,212,185,154,127,109,100,107,130,160,189,212,225,223,212,195
MA15,76/04/06,181,170,166,171,184,200,220,232,238,226,206,180,160,144,132,128,136,154,177,206,228,241,246,238
MA15,76/04/07,228,216,201,184,175,192,219,243,251,230,210,189,176,161,146,126,110,112,128,152,176,187,193,195
MA15,76/04/08,191,187,181,174,170,175,184,195,202,203,199,190,181,172,157,141,129,122,126,138,156,175,192,202
MA15,76/04/09,206,205,203,196,188,180,175,176,181,189,194,197,197,191,181,167,150,133,123,125,133,148,170,189
MA15,76/04/10,206,213,216,209,200,186,172,162,159,164,175,186,199,205,204,195,179,155,133,114,107,117,141,166
MA15,76/04/11,190,210,221,221,211,194,171,152,140,141,149,166,190,213,226,227,215,193,165,138,117,111,124,149
MA15,76/04/12,182,214,238,246,237,217,191,164,139,122,122,142,175,210,238,252,248,231,204,175,142,120,112,128
MA15,76/04/13,162,201,236,255,256,236,208,175,141,116,101,106,134,174,216,249,264,254,235,203,169,136,117,116
MA15,76/04/14,141,181,226,260,273,264,237,205,172,139,113,103,120,156,203,250,280,290,278,251,217,180,144,129
MA15,76/04/15,130,159,205,247,273,277,261,224,180,135,099,078,080,107,149,197,240,269,276,262,234,202,168,142
MA15,76/04/16,134,152,186,228,261,277,267,245,211,166,124,091,077,089,125,173,217,254,276,279,265,235,203,175
MA15,76/04/17,156,159,183,215,249,272,278,263,235,197,151,126,086,083,103,140,182,226,252,267,261,240,214,188
MA15,76/04/18,167,162,170,194,220,247,262,258,240,206,168,130,100,082,086,109,140,177,212,232,243,236,224,206
MA15,76/04/19,186,172,169,183,203,229,246,251,241,221,193,161,131,106,096,102,127,156,186,210,225,231,227,217
MA15,76/04/20,202,186,179,181,191,207,223,234,234,223,206,182,157,133,118,112,124,143,166,188,206,219,225,224
MA15,76/04/21,218,209,200,193,193,202,213,223,232,231,221,206,187,171,158,147,141,145,157,175,193,204,217,222
MA15,76/04/22,221,216,210,202,194,184,182,190,202,213,210,199,188,179,170,160,149,139,136,146,160,177,192,204
MA15,76/04/23,211,214,216,209,200,188,175,173,180,192,203,208,209,207,204,198,188,174,162,158,167,178,197,211
MA15,76/04/24,226,240,252,252,238,219,198,182,178,184,192,201,213,224,229,224,208,186,164,154,150,158,171,191
MA15,76/04/25,207,221,234,235,228,210,182,159,144,140,153,171,192,210,222,225,221,210,193,174,159,151,162,180
MA15,76/04/26,205,228,243,250,244,229,205,178,153,139,140,156,182,212,237,250,250,239,221,198,177,161,154,167
MA15,76/04/27,187,216,240,253,252,237,212,181,152,127,116,124,151,186,218,242,250,246,232,212,186,164,150,155
MA15,76/04/28,174,204,234,255,262,250,222,190,157,127,108,106,124,158,197,232,252,254,243,223,197,175,157,153
MA15,76/04/29,165,192,224,254,267,264,245,215,179,146,118,105,116,148,188,228,254,267,263,248,221,195,172,157
MA15,76/04/30,160,180,213,239,257,258,244,218,185,147,111,088,090,112,150,193,229,253,259,250,229,203,180,174
MA15,76/05/01,160,172,198,227,255,270,265,243,211,177,140,118,113,128,155,191,226,262,282,282,266,235,203,180
MA15,76/05/02,169,177,197,220,241,256,264,252,226,187,144,109,091,096,119,155,190,222,246,257,252,234,208,194
MA15,76/05/03,168,165,180,200,223,242,252,249,233,203,163,130,106,095,106,133,164,199,227,247,254,244,225,203
MA15,76/05/04,184,177,184,199,219,238,252,257,246,227,195,161,135,116,114,131,156,187,217,243,255,253,244,228
MA15,76/05/05,209,198,194,202,218,234,251,257,253,240,215,189,166,144,131,132,148,171,200,228,244,252,249,238
MA15,76/05/06,224,209,200,198,207,219,230,240,243,240,225,207,186,162,146,137,140,154,174,198,218,232,238,232
MA15,76/05/07,221,208,198,192,188,188,195,205,215,221,216,205,189,173,158,143,134,134,143,163,185,206,219,224
MA15,76/05/08,222,212,199,188,180,174,173,175,184,196,204,206,202,194,181,164,149,138,135,141,153,173,191,205
MA15,76/05/09,218,222,218,203,185,167,155,151,158,168,180,191,202,209,209,196,178,156,140,131,134,150,175,200
MA15,76/05/10,223,232,228,214,195,178,156,137,127,127,146,168,196,216,224,222,208,187,175,147,136,138,156,183
MA15,76/05/11,211,232,241,237,219,193,163,135,112,103,111,136,170,206,233,245,241,224,201,175,155,141,145,168
MA15,76/05/12,198,230,253,258,246,223,189,154,124,102,098,111,142,183,224,253,267,260,241,214,186,166,158,166
MA15,76/05/13,192,223,253,272,276,256,222,182,143,109,089,089,112,155,203,246,274,282,266,238,206,178,161,157
MA15,76/05/14,166,190,221,252,268,263,237,195,149,105,076,062,071,100,141,190,235,265,269,257,232,200,175,157
MA15,76/05/15,156,170,199,231,258,267,253,221,179,133,096,070,066,082,114,160,204,242,264,268,251,227,199,177
MA15,76/05/16,165,168,185,216,249,269,269,248,212,171,127,093,073,075,098,132,173,213,246,263,260,243,222,200
MA15,76/05/17,184,177,183,205,236,264,273,264,239,207,170,130,105,095,102,127,159,196,225,246,257,247,233,213
MA15,76/05/18,195,180,176,188,206,229,248,254,243,219,185,157,128,110,104,115,140,173,205,233,249,257,247,231
MA15,76/05/19,213,196,186,186,196,210,225,239,238,231,208,179,152,131,118,119,130,155,180,205,227,237,240,231
MA15,76/05/20,218,200,185,178,178,184,198,212,221,219,208,189,169,150,138,127,126,130,160,183,203,219,226,226
MA15,76/05/21,220,207,193,182,177,176,183,196,208,215,216,209,199,186,172,160,152,155,165,180,196,214,229,239
MA15,76/05/22,239,230,219,200,190,182,178,181,189,197,205,209,207,200,190,180,168,160,160,169,182,197,212,224
MA15,76/05/23,230,229,220,210,194,176,162,155,160,170,184,197,204,209,207,200,190,180,171,167,171,184,198,215
MA15,76/05/24,227,234,232,219,202,182,162,146,137,142,155,172,193,210,218,217,206,195,184,175,171,174,186,203
MA15,76/05/25,222,238,244,236,223,203,180,157,139,132,139,158,188,214,232,239,237,226,212,197,188,182,188,204
MA15,76/05/26,224,243,255,258,245,221,195,166,140,126,126,142,174,206,233,249,255,247,233,213,195,184,181,192
MA15,76/05/27,211,232,252,260,253,235,206,174,141,116,105,113,138,174,211,241,256,255,242,223,201,185,176,179
MA15,76/05/28,195,218,243,258,262,249,226,192,156,122,102,103,124,161,203,236,260,270,265,249,228,208,189,184
MA15,76/05/29,194,213,239,261,272,267,244,214,175,139,110,099,110,142,183,224,255,272,276,267,248,224,203,190
MA15,76/05/30,189,207,230,256,272,276,262,235,199,157,117,093,092,113,151,194,229,255,268,263,250,226,202,186
MA15,76/05/31,180,187,207,235,258,271,270,249,216,178,139,105,090,100,132,172,213,245,264,271,264,246,220,197
MA15,76/06/01,181,180,200,224,247,264,269,260,236,205,166,129,104,099,118,151,191,227,256,270,269,256,234,210
MA15,76/06/02,190,181,186,202,224,246,257,258,242,215,180,145,118,103,106,128,162,200,234,255,265,262,246,224
MA15,76/06/03,203,186,180,192,208,230,246,254,250,234,210,182,150,126,114,120,141,174,206,233,252,257,250,232
MA15,76/06/04,213,193,180,176,184,202,220,236,242,236,218,195,173,152,136,128,138,160,191,220,244,257,258,248
MA15,76/06/05,232,213,195,184,180,186,198,213,225,229,224,213,198,182,163,148,140,149,172,198,224,243,255,256
MA15,76/06/06,252,237,220,204,189,182,185,196,213,225,234,238,232,223,210,192,175,167,173,186,206,227,241,249
MA15,76/06/07,250,239,222,200,180,161,152,155,164,176,192,206,215,220,216,204,189,170,162,166,180,201,224,240
MA15,76/06/08,248,248,236,219,197,172,150,137,136,152,172,197,218,235,243,240,228,212,194,185,186,199,216,236
MA15,76/06/09,250,262,262,256,233,204,175,154,142,142,158,180,209,237,263,276,276,261,241,220,203,199,213,230
MA15,76/06/10,250,269,280,279,260,230,196,161,134,121,124,143,176,212,240,264,274,273,259,236,212,196,190,204
MA15,76/06/11,229,256,276,284,278,259,229,193,152,113,103,108,137,179,225,260,284,290,280,261,234,210,194,194
MA15,76/06/12,206,231,257,278,283,268,238,198,156,116,083,075,088,120,165,210,248,267,272,262,241,214,192,178
MA15,76/06/13,180,200,229,259,279,276,260,227,188,148,108,084,081,105,144,187,229,263,281,282,266,241,214,193
MA15,76/06/14,183,193,216,244,268,280,276,259,226,186,142,104,088,097,126,166,207,241,264,276,273,256,231,206
MA15,76/06/15,185,181,197,214,252,274,279,268,243,209,172,137,109,103,113,143,181,218,247,265,270,260,237,203
MA15,76/06/16,172,159,175,202,226,240,249,253,243,224,194,154,119,103,107,130,164,195,224,246,258,257,241,218
MA15,76/06/17,191,173,167,176,194,216,236,244,243,229,204,175,148,128,120,129,151,180,210,234,245,250,242,227
MA15,76/06/18,206,184,169,164,176,192,213,230,236,230,212,191,172,153,140,140,150,171,198,223,239,248,246,238
MA15,76/06/19,220,200,181,169,166,175,191,207,220,224,216,204,190,175,161,153,152,166,185,205,223,236,243,239
MA15,76/06/20,227,211,192,175,165,161,169,181,193,205,211,211,205,195,183,173,170,173,181,196,212,225,235,241
MA15,76/06/21,235,223,206,188,173,163,160,167,177,192,203,210,215,214,211,204,197,191,192,199,212,228,239,247
MA15,76/06/22,250,241,231,215,197,181,169,165,173,187,203,220,235,243,245,243,239,229,223,223,224,230,239,250
MA15,76/06/23,263,267,259,245,223,200,181,162,151,151,161,181,202,223,237,242,236,225,215,205,199,202,210,224
MA15,76/06/24,239,250,253,247,233,211,184,158,139,133,140,160,187,212,236,252,257,253,243,225,212,201,203,218
MA15,76/06/25,235,252,263,263,251,231,204,172,143,123,117,131,157,196,228,248,257,258,250,236,219,205,196,202
MA15,76/06/26,219,240,259,269,265,247,221,187,154,126,106,109,132,169,207,237,261,268,259,243,223,202,188,186
MA15,76/06/27,199,218,241,259,267,256,234,201,162,124,096,087,103,135,175,214,245,262,266,253,230,204,185,175
MA15,76/06/28,179,196,222,247,260,261,248,222,183,142,106,082,084,109,149,191,226,255,267,263,244,218,194,176
MA15,76/06/29,171,182,205,232,254,263,259,239,208,169,128,095,082,095,128,168,210,245,268,273,263,241,212,187
MA15,76/06/30,170,171,186,209,231,249,260,252,230,192,150,110,084,081,102,133,174,212,245,264,263,244,215,186
MA15,76/07/01,164,156,165,185,211,235,250,254,240,216,180,143,110,095,099,123,157,196,232,258,267,258,236,208
MA15,76/07/02,181,164,161,175,198,218,239,251,250,237,213,180,145,119,113,125,153,187,222,247,264,267,255,232
MA15,76/07/03,204,179,163,164,177,198,222,238,247,242,227,202,176,152,133,128,137,163,194,226,251,261,259,240
MA15,76/07/04,215,186,168,160,160,173,191,210,227,236,235,221,201,184,166,155,154,164,186,213,237,253,259,252
MA15,76/07/05,233,208,185,166,155,156,168,184,201,215,227,231,230,218,201,185,174,175,185,203,224,242,254,256
MA15,76/07/06,247,229,205,182,161,147,145,154,170,186,204,218,228,231,225,213,202,192,190,199,212,228,246,257
MA15,76/07/07,257,243,224,203,183,159,140,135,140,154,175,196,215,230,241,243,234,219,205,197,202,215,233,247
MA15,76/07/08,257,257,247,230,207,183,155,131,121,126,145,158,194,222,242,253,255,246,232,215,202,201,212,231
MA15,76/07/09,247,257,259,250,234,207,177,143,115,101,106,128,159,195,227,249,263,261,248,227,207,196,196,209
MA15,76/07/10,226,245,261,267,257,236,202,165,128,101,091,100,127,163,200,233,257,269,265,247,222,199,189,191
MA15,76/07/11,210,232,256,271,275,263,238,203,163,133,110,101,119,147,181,219,251,275,284,275,249,222,197,186
MA15,76/07/12,191,212,241,268,282,282,262,233,194,153,119,101,099,119,153,194,232,261,276,272,251,222,195,177
MA15,76/07/13,173,184,206,235,263,279,276,251,214,173,134,104,092,105,134,171,210,243,268,272,260,238,208,181
MA15,76/07/14,164,164,181,212,244,267,276,266,238,204,164,128,109,110,130,162,196,232,261,274,271,253,235,196
MA15,76/07/15,174,164,172,192,233,250,267,268,253,223,186,150,124,115,126,151,182,216,246,264,270,260,236,207
MA15,76/07/16,178,159,158,174,200,228,250,258,253,236,206,174,146,130,128,141,168,200,228,250,257,254,238,215
MA15,76/07/17,189,168,156,160,178,200,227,244,248,239,220,198,174,156,150,154,173,200,227,246,258,258,249,228
MA15,76/07/18,202,176,159,152,159,176,198,220,232,234,222,202,186,170,158,155,164,184,209,229,242,248,244,231
MA15,76/07/19,210,188,170,154,148,158,174,194,210,217,216,206,193,183,176,175,175,180,190,210,229,242,244,235
MA15,76/07/20,216,194,176,163,154,150,153,164,179,190,198,200,197,190,186,180,178,181,188,198,212,224,233,233
MA15,76/07/21,224,210,192,176,161,149,143,146,155,170,185,197,202,205,204,203,202,201,199,202,208,216,227,233
MA15,76/07/22,233,224,211,195,176,156,140,132,134,144,163,182,200,213,219,220,218,212,206,200,200,204,212,222
MA15,76/07/23,230,233,228,214,195,172,149,128,117,120,135,158,182,202,220,228,229,223,212,200,190,188,198,210
MA15,76/07/24,226,236,240,234,218,194,168,140,119,110,117,139,170,199,228,245,250,246,235,220,206,195,193,198
MA15,76/07/25,212,230,247,254,244,221,188,155,125,108,100,114,141,176,212,240,256,258,246,229,210,194,184,185
MA15,76/07/26,196,215,240,259,265,250,218,179,141,112,099,101,120,149,186,224,252,264,258,240,214,180,172,168
MA15,76/07/27,177,198,224,250,262,258,237,204,163,122,091,079,090,124,167,209,242,263,265,252,228,199,176,162
MA15,76/07/28,162,180,208,238,261,268,260,234,194,151,111,086,081,104,141,184,227,258,272,268,248,219,190,168
MA15,76/07/29,156,162,183,215,246,268,278,264,236,192,150,118,102,107,132,167,208,246,273,283,270,242,208,178
MA15,76/07/30,160,155,168,192,224,252,272,273,256,224,183,144,117,108,120,150,188,229,260,278,275,254,221,187
MA15,76/07/31,160,144,146,166,196,225,250,262,261,242,211,178,146,126,127,146,180,214,245,268,276,266,241,208
MA15,76/08/01,176,152,142,149,170,196,222,242,252,246,227,203,176,153,142,149,170,200,230,255,270,268,252,224
MA15,76/08/02,194,165,146,139,148,167,191,215,234,240,236,222,202,186,174,168,175,194,218,243,262,267,258,239
MA15,76/08/03,214,189,166,148,138,146,165,188,209,220,225,225,217,209,200,190,185,194,213,234,257,269,268,252
MA15,76/08/04,217,200,177,162,152,144,144,150,167,187,204,214,219,219,214,209,201,198,200,208,222,237,248,251
MA15,76/08/05,242,227,208,189,167,150,136,132,143,160,179,186,214,228,234,232,226,214,206,203,210,222,236,242
MA15,76/08/06,246,241,233,220,200,175,149,132,127,136,151,171,192,214,234,247,246,238,224,210,203,203,214,227
MA15,76/08/07,238,248,248,238,220,199,171,144,123,114,119,137,164,194,222,246,255,251,235,216,197,186,190,204
MA15,76/08/08,222,238,248,249,241,223,193,159,124,101,096,108,136,168,204,233,252,258,246,226,202,183,172,178
MA15,76/08/09,197,222,247,261,260,246,220,188,152,118,096,097,120,156,194,229,254,267,266,250,224,197,178,172
MA15,76/08/10,184,210,240,266,279,276,255,226,188,152,119,104,110,138,177,216,248,267,270,256,232,203,175,160
MA15,76/08/11,159,178,212,246,270,278,267,240,205,165,129,104,099,119,154,196,232,258,271,262,240,210,176,154
MA15,76/08/12,141,152,180,218,252,272,273,252,222,186,151,122,108,116,144,183,222,253,268,268,251,224,194,166
MA15,76/08/13,146,144,164,200,234,260,272,266,244,214,180,150,130,125,146,180,219,250,266,272,261,239,210,180
MA15,76/08/14,154,140,150,176,210,240,260,266,256,233,202,171,146,134,143,170,202,236,257,266,262,244,220,192
MA15,76/08/15,162,141,139,153,184,214,237,248,248,236,212,186,163,148,147,162,186,214,236,252,257,248,228,200
MA15,76/08/16,170,147,137,144,164,190,212,228,238,236,220,202,181,166,162,174,192,214,232,248,256,254,240,219
MA15,76/08/17,190,164,147,142,153,170,190,206,218,224,220,207,192,177,170,174,187,201,216,231,240,243,238,224
MA15,76/08/18,202,177,158,149,148,156,169,183,198,209,216,214,205,198,192,188,194,204,213,224,233,238,240,235
MA15,76/08/19,219,202,185,170,162,156,158,165,176,192,206,216,219,216,208,207,206,208,209,210,218,226,236,236
MA15,76/08/20,228,215,198,182,169,155,146,146,158,175,191,206,220,224,228,228,225,221,218,212,213,218,229,235
MA15,76/08/21,240,234,226,214,197,174,157,147,144,154,166,186,206,226,238,244,240,230,218,207,200,199,207,220
MA15,76/08/22,230,238,241,231,216,194,168,144,133,128,137,160,186,216,239,252,254,242,226,207,195,190,196,207
MA15,76/08/23,222,238,252,256,246,223,192,160,134,122,123,139,166,200,235,262,274,269,248,225,202,189,185,194
MA15,76/08/24,210,234,258,275,277,260,227,189,153,132,123,128,150,180,222,258,279,284,265,239,206,177,163,162
MA15,76/08/25,178,204,232,257,264,272,246,206,161,122,098,093,110,142,182,222,255,272,269,249,215,183,154,143
MA15,76/08/26,149,173,209,243,266,282,274,249,210,163,122,099,097,120,157,203,236,260,274,269,243,206,167,138
MA15,76/08/27,126,140,171,212,250,274,280,264,235,193,151,117,102,113,144,188,233,271,287,283,257,220,181,151
MA15,76/08/28,134,136,160,197,239,275,295,297,278,247,211,173,150,144,160,195,239,277,299,302,284,258,220,180
MA15,76/08/29,145,127,131,157,197,241,268,282,279,258,225,193,165,149,152,175,207,241,271,288,278,257,222,185
MA15,76/08/30,150,129,123,139,164,197,229,254,268,263,243,215,192,173,170,178,199,226,252,273,281,269,243,211
MA15,76/08/31,175,149,134,135,149,172,200,237,249,257,248,234,213,198,189,189,201,217,237,259,269,269,255,231
MA15,76/09/01,199,171,152,144,150,163,177,194,212,231,243,241,233,223,213,206,206,217,228,242,253,258,254,240
MA15,76/09/02,222,198,179,164,154,150,151,160,176,196,211,223,226,223,218,216,213,210,212,216,224,236,245,243
MA15,76/09/03,232,216,200,182,166,153,149,147,154,165,180,200,207,230,234,230,226,218,215,211,212,220,232,242
MA15,76/09/04,246,240,232,217,200,181,160,146,139,146,159,178,203,225,240,247,245,237,223,209,199,200,209,225
MA15,76/09/05,236,244,248,240,228,206,179,150,133,130,140,158,181,208,231,252,259,252,235,211,190,182,190,200
MA15,76/09/06,219,237,252,258,254,236,206,174,145,130,129,141,167,197,226,252,268,266,251,225,198,181,171,176
MA15,76/09/07,193,218,243,259,264,251,223,189,156,128,116,123,144,178,212,245,266,274,260,242,202,176,160,156
MA15,76/09/08,170,197,230,258,262,270,253,224,190,156,130,121,136,155,203,243,273,282,272,253,225,195,175,150
MA15,76/09/09,162,174,210,250,278,287,274,251,223,188,160,141,141,159,192,234,265,286,286,275,234,198,168,143
MA15,76/09/10,134,146,176,218,257,277,275,253,222,189,158,138,134,148,178,216,254,276,284,267,237,206,174,146
MA15,76/09/11,130,136,158,195,236,265,276,264,240,209,180,154,143,148,170,200,236,266,280,272,247,214,179,150
MA15,76/09/12,130,128,145,173,208,241,262,264,249,221,190,161,147,147,164,192,224,251,268,269,254,226,191,156
MA15,76/09/13,130,118,129,153,186,218,242,255,254,237,224,187,166,159,170,194,220,245,264,273,267,249,219,185
MA15,76/09/14,154,141,142,162,190,220,248,264,272,260,239,216,201,193,194,208,228,247,265,275,274,262,238,206
MA15,76/09/15,176,154,145,153,170,191,212,231,243,247,236,218,202,190,189,197,211,227,242,246,249,254,238,215
MA15,76/09/16,190,169,158,156,164,176,191,209,227,238,240,231,220,211,205,205,210,220,232,244,251,253,246,231
MA15,76/09/17,214,198,184,170,166,170,181,196,211,228,238,240,236,231,228,224,224,225,227,230,238,245,246,240
MA15,76/09/18,228,216,202,191,182,175,171,175,183,200,216,229,234,237,237,235,230,221,212,209,214,221,227,230
MA15,76/09/19,228,220,214,204,192,177,160,153,156,169,189,210,228,240,247,246,239,228,213,200,194,198,208,223
MA15,76/09/20,235,241,240,230,213,193,171,155,144,149,163,187,214,241,257,263,261,247,228,207,189,182,192,207
MA15,76/09/21,231,249,260,262,248,224,194,167,144,138,144,160,189,222,252,269,272,257,235,207,185,172,171,184
MA15,76/09/22,204,227,252,272,280,266,234,196,159,133,124,139,166,201,240,270,288,283,260,228,194,170,157,160
MA15,76/09/23,183,214,248,278,296,294,270,230,188,152,128,126,146,183,222,260,283,286,272,238,198,159,132,124
MA15,76/09/24,135,167,210,249,279,288,277,249,212,173,140,121,126,153,197,242,278,294,286,260,220,182,145,122
MA15,76/09/25,113,130,170,220,264,292,298,285,257,218,173,137,124,138,177,224,264,288,291,274,243,204,164,125
MA15,76/09/26,103,104,135,181,230,270,292,292,277,248,209,172,142,138,157,196,236,270,282,276,252,220,183,144
MA15,76/09/27,108,094,102,136,182,223,254,266,264,248,224,195,171,157,160,182,216,249,274,277,262,232,193,159
MA15,76/09/28,132,118,117,130,157,191,224,252,264,259,243,220,201,188,186,196,218,247,272,283,279,258,229,195
MA15,76/09/29,165,146,136,140,152,174,202,230,250,258,252,236,220,207,204,207,218,233,250,263,268,261,244,218
MA15,76/09/30,190,167,151,145,145,156,172,194,215,232,241,239,230,222,218,214,215,222,230,240,248,250,242,226
MA15,76/10/01,204,185,170,160,154,154,157,166,182,200,215,226,230,226,222,220,218,216,217,218,219,226,233,230
MA15,76/10/02,218,200,185,174,164,156,152,154,162,178,195,210,222,230,232,230,222,214,203,197,199,206,218,225
MA15,76/10/03,228,222,213,202,186,172,157,151,153,165,181,198,216,234,244,247,242,226,208,193,185,189,201,214
MA15,76/10/04,228,237,240,236,226,206,182,164,155,157,166,184,207,234,256,266,264,250,229,208,191,183,188,199
MA15,76/10/05,220,241,253,258,251,230,201,173,149,135,143,161,185,212,233,249,251,241,218,185,156,137,135,153
MA15,76/10/06,180,209,233,246,248,235,213,183,155,137,131,145,170,200,229,251,261,260,241,209,175,147,134,143
MA15,76/10/07,165,195,227,254,268,268,253,223,189,159,142,143,163,193,225,255,270,271,256,225,187,152,128,122
MA15,76/10/08,138,166,204,239,261,265,256,231,200,169,145,134,146,175,209,242,263,270,255,228,192,156,127,113
MA15,76/10/09,118,144,183,224,254,268,265,246,216,188,163,151,153,169,196,230,261,280,280,259,217,173,142,122
MA15,76/10/10,123,140,168,202,244,272,280,271,246,215,187,167,162,175,200,230,259,278,279,262,231,191,155,125
MA15,76/10/11,112,117,143,182,223,251,262,258,240,212,183,163,153,155,170,196,225,250,262,253,231,195,160,129
MA15,76/10/12,109,108,126,159,195,231,255,264,260,239,213,187,171,170,177,197,222,246,260,259,242,212,179,147
MA15,76/10/13,123,110,119,140,173,205,233,248,254,240,218,195,179,170,176,191,210,230,248,253,242,222,192,162
MA15,76/10/14,136,121,119,134,156,184,214,236,247,242,226,209,193,183,183,190,192,220,236,245,244,233,212,186
MA15,76/10/15,161,140,131,133,150,172,196,217,234,240,238,227,214,200,193,194,203,214,226,233,235,228,219,201
MA15,76/10/16,180,160,144,139,145,160,174,192,212,225,232,229,219,208,200,196,197,200,202,208,216,220,219,212
MA15,76/10/17,198,183,168,158,152,152,160,172,189,206,219,230,234,233,227,219,211,205,201,202,206,210,218,220
MA15,76/10/18,217,210,199,183,168,156,150,156,167,183,203,220,230,234,236,230,220,210,196,183,178,186,197,210
MA15,76/10/19,220,222,217,207,190,171,153,142,144,157,179,205,225,240,251,246,233,214,194,176,166,166,174,193
MA15,76/10/20,217,233,242,240,226,201,178,154,142,144,162,188,217,243,263,267,260,238,213,184,164,156,164,184
MA15,76/10/21,216,245,272,283,279,258,226,192,160,145,148,167,199,236,265,277,273,252,220,183,145,125,120,135
MA15,76/10/22,166,206,242,267,275,264,237,202,165,138,127,138,160,199,237,263,274,260,228,182,140,107,092,098
MA15,76/10/23,123,160,200,241,270,278,265,234,198,161,138,131,148,181,221,259,279,278,253,213,167,125,098,089
MA15,76/10/24,103,137,182,227,267,294,295,277,244,208,181,161,157,176,210,250,282,297,286,255,212,165,127,105
MA15,76/10/25,102,120,155,202,244,278,293,290,262,233,202,175,158,161,180,207,245,276,280,263,228,185,143,108
MA15,76/10/26,091,091,109,146,186,230,263,277,274,253,228,201,192,176,184,209,243,273,287,284,263,232,193,153
MA15,76/10/27,120,099,100,123,158,200,239,267,278,270,254,230,205,188,185,198,223,250,268,270,254,228,197,169
MA15,76/10/28,144,122,112,119,140,168,201,229,248,254,252,241,229,212,203,208,224,247,265,273,268,252,232,212
MA15,76/10/29,190,169,150,143,160,166,188,213,236,247,252,246,239,233,228,225,226,229,231,234,237,234,226,211
MA15,76/10/30,190,168,151,142,141,148,158,172,187,203,216,221,218,210,201,194,190,190,196,201,208,213,214,210
MA15,76/10/31,204,192,178,167,159,152,154,163,179,200,218,235,243,246,242,232,219,203,188,179,182,192,203,212
MA15,76/11/01,210,200,189,181,171,157,148,151,155,169,186,203,220,229,229,221,209,191,173,163,158,166,178,192
MA15,76/11/02,204,212,210,204,192,176,162,152,149,157,171,190,207,221,230,227,217,199,177,155,144,143,154,172
MA15,76/11/03,194,211,220,221,212,195,178,166,152,152,163,182,205,225,239,245,237,217,191,164,142,131,138,158
MA15,76/11/04,183,210,232,244,242,231,211,189,170,165,170,189,207,228,247,262,261,245,215,181,147,129,128,150
MA15,76/11/05,177,205,232,255,262,254,235,210,183,168,162,169,188,212,234,250,253,239,210,172,136,108,100,112
MA15,76/11/06,135,167,200,230,248,252,240,218,191,170,158,160,174,199,227,251,266,262,238,203,162,130,110,102
MA15,76/11/07,118,146,185,224,253,266,260,240,215,190,175,165,170,186,213,242,263,266,247,216,174,138,109,098
MA15,76/11/08,103,129,167,209,244,266,270,256,231,207,187,175,175,189,211,245,268,279,267,235,195,155,121,102
MA15,76/11/09,096,108,136,175,213,244,258,255,236,213,186,168,161,169,182,209,236,255,254,234,201,163,126,100
MA15,76/11/10,084,088,109,145,185,221,250,259,250,226,200,180,169,170,184,206,230,252,263,256,234,201,164,131
MA15,76/11/11,114,110,123,148,183,216,247,266,269,255,230,202,182,177,186,203,226,246,258,258,237,208,178,150
MA15,76/11/12,124,109,107,122,147,179,210,232,239,234,220,202,186,174,172,179,194,213,232,240,236,216,188,161
MA15,76/11/13,136,118,109,115,130,154,180,206,224,233,226,213,195,182,177,178,186,196,208,218,220,216,206,187
MA15,76/11/14,165,144,130,126,138,156,180,206,229,245,254,249,237,222,213,206,213,221,228,234,238,242,239,228
MA15,76/11/15,211,186,165,152,144,144,152,168,190,212,227,230,220,206,193,186,179,171,168,170,176,185,192,195
MA15,76/11/16,190,178,162,148,134,128,130,139,154,176,197,213,220,215,204,191,178,168,155,146,148,160,178,194
MA15,76/11/17,202,202,193,179,165,150,140,137,147,164,184,203,221,230,226,214,195,174,154,138,133,138,156,178
MA15,76/11/18,204,225,233,227,214,195,179,167,164,175,190,216,240,256,263,256,238,213,182,153,132,126,137,157
MA15,76/11/19,185,214,236,245,239,217,190,166,148,143,155,176,201,231,252,255,244,216,180,140,112,096,099,121
MA15,76/11/20,153,195,232,260,270,260,236,208,180,159,154,164,191,224,258,274,272,255,220,177,136,104,090,100
MA15,76/11/21,125,166,208,248,272,279,264,238,204,172,153,153,172,202,238,263,275,261,231,190,144,102,076,070
MA15,76/11/22,085,119,164,210,248,270,274,259,234,204,176,159,161,184,217,253,278,284,262,223,177,133,098,080
MA15,76/11/23,080,096,132,180,229,266,280,275,254,233,210,194,185,186,205,234,270,290,284,255,208,160,120,091
MA15,76/11/24,076,081,101,137,182,224,252,260,252,228,202,182,168,168,182,206,235,261,268,254,224,184,143,109
MA15,76/11/25,086,076,088,116,154,192,226,248,254,244,226,203,187,175,178,196,222,246,263,263,243,215,179,149
MA15,76/11/26,122,102,100,114,143,176,210,238,252,251,238,219,201,192,188,198,215,232,246,254,252,236,210,180
MA15,76/11/27,155,132,121,126,141,166,191,217,238,250,248,232,215,199,191,189,200,212,224,235,238,236,226,209
MA15,76/11/28,190,167,146,138,145,166,188,208,224,238,244,240,229,215,203,195,192,198,205,213,221,226,224,217
MA15,76/11/29,203,188,175,167,165,169,180,196,215,230,240,241,230,215,202,192,185,180,177,177,183,195,206,210
MA15,76/11/30,203,188,175,166,163,162,164,171,184,200,217,229,232,224,212,199,186,173,163,154,156,166,180,196
MA15,76/12/01,203,203,196,186,178,170,165,166,172,186,200,212,223,226,220,209,183,175,155,141,136,142,159,176
MA15,76/12/02,192,203,208,208,200,186,174,166,168,176,190,205,217,228,231,226,213,191,162,139,124,125,140,160
MA15,76/12/03,182,201,214,222,220,209,193,179,178,171,179,196,212,227,236,237,227,206,176,145,118,106,112,133
MA15,76/12/04,158,186,209,227,233,228,210,191,175,170,172,187,204,222,238,248,245,224,192,153,119,100,100,116
MA15,76/12/05,124,175,205,229,243,245,232,214,196,181,177,181,194,214,237,254,256,244,213,176,138,108,094,099
MA15,76/12/06,120,150,184,216,238,247,239,222,200,182,170,169,177,196,221,246,258,252,226,188,145,110,088,084
MA15,76/12/07,096,125,162,200,232,250,253,239,217,194,177,170,174,190,212,241,264,270,253,220,177,137,108,094
MA15,76/12/08,098,116,150,192,232,262,270,264,245,222,201,188,188,198,218,242,268,283,278,254,214,174,142,123
MA15,76/12/09,118,124,143,175,221,260,284,284,260,232,206,188,181,183,195,214,240,261,266,252,216,174,137,107
MA15,76/12/10,092,093,110,143,182,222,250,262,257,240,214,192,179,178,187,210,232,252,262,256,233,199,159,122
MA15,76/12/11,097,089,098,123,153,184,216,238,245,236,214,188,166,157,162,178,199,220,232,233,222,199,170,140
MA15,76/12/12,116,090,087,102,130,161,192,217,231,232,211,196,174,158,152,160,176,192,205,214,214,202,184,162
MA15,76/12/13,135,109,095,098,116,146,176,202,221,230,227,216,199,182,169,164,170,184,199,210,215,215,208,196
MA15,76/12/14,180,160,138,126,131,150,174,198,218,231,236,232,217,196,176,163,160,166,175,185,193,200,206,204
MA15,76/12/15,197,182,164,149,142,146,160,180,202,222,236,239,231,214,197,180,166,156,152,154,162,174,186,198
MA15,76/12/16,202,199,189,172,159,150,151,162,178,198,215,228,234,230,215,193,175,158,146,144,150,162,182,199
MA15,76/12/17,212,220,223,220,210,197,182,177,183,197,212,226,236,239,234,219,193,163,134,113,104,111,130,155
MA15,76/12/18,181,205,224,232,226,208,186,172,168,174,194,215,235,249,255,252,235,206,174,142,116,108,120,150
MA15,76/12/19,181,210,232,248,258,255,236,208,181,169,178,200,224,244,254,255,244,222,186,142,101,074,072,091
MA15,76/12/20,123,160,198,232,255,261,247,223,198,178,171,180,200,225,252,267,268,250,214,170,123,084,065,064
MA15,76/12/21,087,122,163,204,236,253,256,241,214,187,165,160,170,197,228,254,264,259,234,197,156,104,070,055
MA15,76/12/22,064,090,130,174,214,246,259,255,232,206,177,160,159,175,206,240,266,272,260,226,186,144,105,077
MA15,76/12/23,070,086,121,168,212,244,263,268,258,237,204,172,151,150,170,202,232,248,249,229,199,167,134,100
MA15,76/12/24,072,067,088,126,167,207,234,248,250,239,217,192,164,150,157,184,217,245,256,248,224,195,166,132
MA15,76/12/25,100,084,088,114,151,189,221,242,250,248,234,208,184,163,158,174,200,230,250,254,242,222,200,172
MA15,76/12/26,142,122,118,132,157,187,215,238,255,262,255,233,206,182,174,185,208,225,232,234,235,232,224,204
MA15,76/12/27,174,146,128,132,152,178,202,222,236,244,245,236,216,188,169,162,169,184,198,208,214,214,211,198
MA15,76/12/28,180,158,143,141,150,167,186,205,222,234,239,233,215,192,172,159,157,163,172,180,186,192,196,196
MA15,76/12/29,189,177,164,154,152,158,172,190,206,218,224,222,213,201,186,172,158,151,148,152,160,174,187,191
MA15,76/12/30,188,182,176,172,170,168,170,180,194,211,224,230,226,214,206,199,187,170,152,142,149,166,185,196
MA15,76/12/31,200,200,202,202,199,190,180,178,188,202,215,222,224,220,216,208,196,174,148,126,122,134,154,172
