MA15,69/01/01,162,182,204,227,244,252,243,226,209,200,203,216,230,243,252,254,250,234,205,171,134,111,105,120
MA15,69/01/02,146,178,210,236,252,259,251,238,221,209,202,205,214,229,244,256,260,247,221,183,143,106,087,090
MA15,69/01/03,111,140,178,213,242,257,257,246,230,212,198,190,197,212,234,255,266,258,233,195,148,110,086,077
MA15,69/01/04,086,109,144,183,219,246,255,248,231,212,195,184,185,198,220,248,268,271,254,220,179,140,107,087
MA15,69/01/05,083,097,126,167,210,243,258,259,244,224,203,190,183,190,210,240,267,278,264,235,191,151,115,091
MA15,69/01/06,078,082,107,141,180,217,244,253,246,227,205,185,171,171,187,216,244,261,260,242,210,176,140,108
MA15,69/01/07,083,078,092,131,174,214,242,256,255,241,222,199,179,170,174,193,222,248,259,252,231,198,163,130
MA15,69/01/08,100,080,082,103,140,178,211,236,245,239,222,199,176,158,153,167,193,221,241,244,233,209,181,153
MA15,69/01/09,125,100,087,093,118,153,189,219,235,234,218,195,174,157,149,151,163,186,208,221,221,210,192,171
MA15,69/01/10,149,124,106,101,116,145,180,210,228,232,225,209,190,170,153,145,149,163,182,199,209,212,206,193
MA15,69/01/11,174,153,134,125,130,147,171,198,221,234,237,228,211,189,168,153,150,158,171,185,195,202,206,209
MA15,69/01/12,205,193,176,160,151,157,175,199,220,233,236,230,219,199,179,162,148,141,141,150,162,176,189,199
MA15,69/01/13,203,199,190,175,164,160,161,178,197,214,223,225,220,210,196,176,154,134,122,119,127,140,158,176
MA15,69/01/14,193,205,212,212,207,198,191,191,201,215,228,238,241,234,223,208,189,168,145,123,109,111,131,161
MA15,69/01/15,190,214,230,240,240,233,220,209,201,202,211,223,234,241,239,228,210,183,150,114,087,072,085,115
MA15,69/01/16,149,180,207,230,244,249,241,225,205,192,192,206,224,240,248,244,234,213,183,141,099,071,064,079
MA15,69/01/17,107,143,181,216,243,259,259,244,222,201,189,192,206,227,245,258,260,248,220,177,129,085,060,056
MA15,69/01/18,074,104,142,182,223,256,271,265,241,211,187,178,186,206,230,252,265,263,245,207,160,111,069,049
MA15,69/01/19,048,073,110,153,195,233,257,263,250,221,191,171,164,177,200,228,255,268,263,238,197,147,100,064
MA15,69/01/20,045,052,079,119,161,202,235,255,254,231,197,166,147,148,168,200,233,257,265,251,225,184,141,098
MA15,69/01/21,069,057,072,106,148,190,227,249,253,240,215,184,157,143,145,167,201,237,259,258,238,206,169,135
MA15,69/01/22,105,085,082,101,135,176,214,243,254,245,224,196,167,145,139,150,179,211,239,250,246,226,198,168
MA15,69/01/23,137,112,102,112,139,179,212,241,255,253,237,212,185,166,155,155,169,193,218,235,240,232,214,189
MA15,69/01/24,164,140,125,124,138,163,189,214,231,238,230,210,182,152,129,121,126,144,167,186,197,199,193,181
MA15,69/01/25,166,150,137,131,137,158,182,207,224,229,223,209,189,166,143,156,121,128,144,162,174,185,192,190
MA15,69/01/26,186,174,164,156,158,170,186,204,219,226,225,217,203,186,170,153,140,134,135,144,157,172,184,191
MA15,69/01/27,194,194,193,190,184,194,202,213,224,231,236,233,225,210,194,178,162,149,138,132,133,142,156,171
MA15,69/01/28,183,191,194,197,200,201,202,202,203,205,210,215,215,209,200,186,171,155,138,123,115,119,133,149
MA15,69/01/29,166,180,195,206,214,213,208,197,189,189,198,207,212,211,205,195,184,169,148,125,103,093,101,120
MA15,69/01/30,146,170,194,209,220,221,215,205,194,190,189,195,205,214,219,216,207,192,170,139,109,085,079,093
MA15,69/01/31,120,152,181,203,220,227,225,216,200,182,172,174,182,206,223,232,231,220,198,168,132,099,085,090
MA15,69/02/01,111,145,180,214,240,253,254,245,226,203,186,180,188,205,225,242,249,240,219,183,141,105,078,067
MA15,69/02/02,079,105,137,175,208,235,244,239,216,189,165,154,159,176,201,226,243,247,233,205,162,120,085,062
MA15,69/02/03,060,081,114,153,188,217,232,229,213,182,155,138,134,148,172,202,227,243,240,217,179,137,096,067
MA15,69/02/04,055,067,098,140,183,218,243,248,232,203,169,145,133,139,162,192,224,248,258,245,217,176,132,095
MA15,69/02/05,079,082,108,145,189,226,257,274,270,249,216,178,157,147,157,187,216,235,246,249,232,204,158,119
MA15,69/02/06,087,071,078,109,151,191,223,243,242,225,194,159,132,117,120,142,173,209,235,245,236,209,173,137
MA15,69/02/07,108,089,088,106,139,177,213,240,250,236,207,171,140,118,112,123,148,178,211,232,237,224,198,167
MA15,69/02/08,138,116,108,118,143,174,208,235,248,244,223,187,155,127,113,115,132,158,183,205,215,216,204,185
MA15,69/02/09,163,141,126,126,139,163,192,219,236,235,218,191,161,133,110,101,104,118,141,162,183,194,194,187
MA15,69/02/10,175,162,152,148,150,160,180,204,225,235,227,206,179,154,135,111,114,111,118,130,145,161,175,184
MA15,69/02/11,184,178,172,168,168,173,181,193,205,216,219,210,193,171,150,133,119,109,105,106,114,132,150,169
MA15,69/02/12,183,192,197,202,202,199,195,195,201,211,217,216,209,196,183,164,146,126,108,094,089,095,110,130
MA15,69/02/13,155,178,197,213,219,215,205,193,187,189,196,204,209,211,208,200,185,162,131,104,080,073,080,102
MA15,69/02/14,129,159,189,218,237,241,232,213,196,186,187,200,223,243,254,250,232,200,161,126,094,071,062,072
MA15,69/02/15,094,130,167,205,232,243,237,220,197,176,161,159,170,192,217,235,241,226,197,157,110,071,048,047
MA15,69/02/16,063,096,137,180,216,241,247,235,206,175,151,139,144,166,195,225,247,251,235,197,147,099,061,048
MA15,69/02/17,055,081,120,163,204,237,253,248,221,184,150,128,127,147,180,219,250,262,255,227,183,133,089,060
MA15,69/02/18,052,070,103,145,188,226,251,254,231,198,157,125,111,122,152,192,230,260,272,261,227,181,138,099
MA15,69/02/19,082,084,105,143,182,220,255,265,255,221,182,140,115,110,129,162,198,238,260,263,244,210,171,134
MA15,69/02/20,106,096,105,136,175,213,244,259,257,233,195,156,122,105,109,134,166,206,238,253,246,220,184,153
MA15,69/02/21,128,118,121,140,165,199,236,259,263,241,208,169,136,115,111,121,147,180,211,234,240,228,204,175
MA15,69/02/22,150,137,137,151,173,200,227,246,251,240,215,183,151,126,113,114,128,153,179,201,212,212,199,181
MA15,69/02/23,164,148,142,150,162,181,200,221,231,230,215,186,154,128,114,109,118,133,152,170,185,196,198,189
MA15,69/02/24,177,163,158,163,175,193,209,223,229,229,219,201,178,157,138,123,121,127,140,155,170,182,188,189
MA15,69/02/25,187,183,181,183,187,193,198,205,213,215,214,204,187,170,154,139,130,124,122,125,130,142,155,168
MA15,69/02/26,176,179,180,182,184,187,191,192,194,195,195,193,189,181,171,157,144,131,120,115,114,123,135,150
MA15,69/02/27,166,179,189,197,199,199,196,194,192,190,189,190,192,193,191,184,170,153,134,116,107,109,121,141
MA15,69/02/28,164,186,205,219,226,225,217,205,195,191,191,197,207,213,216,213,204,186,158,125,100,084,085,106
MA15,69/03/01,135,165,191,211,221,222,212,195,179,167,160,164,176,195,212,221,217,201,173,140,107,083,075,084
MA15,69/03/02,109,139,174,205,226,231,220,203,181,162,150,149,162,187,213,231,235,222,199,165,130,096,075,072
MA15,69/03/03,091,126,165,203,228,240,235,217,190,162,141,128,139,163,196,227,243,242,219,185,145,105,077,062
MA15,69/03/04,070,100,142,185,220,241,241,224,192,160,131,115,116,139,176,215,246,261,253,225,185,146,110,089
MA15,69/03/05,086,104,140,187,229,258,265,246,210,170,134,111,105,117,146,180,221,252,262,248,212,166,124,092
MA15,69/03/06,078,086,115,155,199,237,256,256,242,194,152,119,100,105,128,165,208,245,269,266,240,201,159,125
MA15,69/03/07,105,100,118,151,192,231,260,266,246,209,165,125,100,093,110,137,176,214,245,260,254,227,187,151
MA15,69/03/08,124,111,121,148,181,217,242,256,249,223,185,141,104,087,090,110,143,180,215,237,245,234,210,180
MA15,69/03/09,153,135,136,154,180,210,237,256,258,240,206,169,132,106,100,107,129,160,191,217,235,239,229,208
MA15,69/03/10,184,165,161,168,185,209,230,248,252,243,220,188,154,124,105,101,111,130,152,174,190,199,198,188
MA15,69/03/11,181,176,172,169,172,181,198,221,236,239,222,194,162,138,121,111,107,110,119,135,154,173,188,198
MA15,69/03/12,199,197,193,193,196,202,209,217,222,228,225,213,197,178,161,150,141,134,130,141,155,171,188,206
MA15,69/03/13,218,229,232,235,234,232,228,226,225,225,225,221,215,203,192,178,159,140,123,111,109,115,128,148
MA15,69/03/14,173,198,219,231,234,228,217,207,201,198,199,205,212,220,220,211,194,173,147,125,109,102,109,129
MA15,69/03/15,154,184,213,238,246,243,226,204,184,171,170,179,194,213,227,229,220,200,172,138,106,085,081,097
MA15,69/03/16,121,153,187,220,241,247,233,208,180,157,145,149,168,197,223,243,249,237,210,173,134,102,086,087
MA15,69/03/17,109,142,182,220,249,260,250,226,191,162,139,134,148,174,215,242,256,256,230,196,154,113,085,072
MA15,69/03/18,084,111,151,195,228,245,244,225,192,155,122,103,106,135,178,223,254,267,257,226,185,143,108,088
MA15,69/03/19,090,112,148,191,228,253,258,241,208,164,125,098,095,115,153,196,240,270,275,260,225,180,144,117
MA15,69/03/20,109,112,148,185,223,254,266,257,226,185,142,107,088,099,127,169,214,250,268,265,244,215,177,151
MA15,69/03/21,134,139,165,203,247,279,297,292,266,229,186,144,113,107,125,160,204,240,271,284,272,245,210,179
MA15,69/03/22,148,141,150,176,215,251,269,268,247,220,181,142,115,099,102,125,160,197,227,242,245,232,208,184
MA15,69/03/23,161,150,157,175,203,230,251,259,253,229,193,157,124,106,102,115,140,166,193,212,224,222,209,190
MA15,69/03/24,172,160,160,172,191,210,228,238,237,224,198,165,135,115,105,106,120,140,167,188,205,211,206,193
MA15,69/03/25,180,172,172,179,190,204,216,226,230,225,206,182,157,136,124,119,124,135,151,169,186,198,205,202
MA15,69/03/26,195,188,186,192,200,210,216,222,225,224,214,198,180,163,149,139,133,133,140,151,163,176,186,193
MA15,69/03/27,198,202,205,208,207,206,206,210,215,219,213,204,191,181,173,166,156,146,137,135,143,157,174,188
MA15,69/03/28,198,206,211,216,216,212,205,196,192,193,197,199,198,192,184,174,163,150,136,123,117,122,136,156
MA15,69/03/29,177,195,208,215,216,211,200,191,181,175,177,185,194,203,207,206,195,179,156,134,119,116,126,148
MA15,69/03/30,176,201,225,238,242,236,222,205,190,180,178,186,203,220,233,236,230,210,184,156,132,115,111,125
MA15,69/03/31,150,182,212,234,246,241,222,198,171,153,145,151,170,196,220,238,243,230,204,170,133,106,096,105
MA15,69/04/01,133,167,205,233,249,250,230,202,170,145,126,127,145,176,212,241,259,258,239,205,164,129,105,102
MA15,69/04/02,121,155,197,233,259,262,241,204,168,133,108,098,110,138,178,217,253,266,256,225,177,134,104,093
MA15,69/04/03,103,129,168,207,241,255,249,222,179,137,098,079,084,111,152,195,236,260,267,251,215,175,136,111
MA15,69/04/04,108,128,164,205,245,266,268,248,211,166,129,104,093,113,151,200,246,281,302,294,274,250,230,215
MA15,69/04/05,201,191,188,207,253,296,324,308,261,195,133,099,084,091,107,132,162,201,238,264,264,244,203,168
MA15,69/04/06,144,142,160,190,224,251,267,265,243,205,160,118,088,080,092,119,157,196,231,257,264,251,229,202
MA15,69/04/07,180,171,178,198,225,248,264,267,250,222,183,146,113,093,086,100,128,161,196,221,237,241,232,217
MA15,69/04/08,202,191,189,195,212,230,249,257,253,235,207,176,150,128,116,118,131,151,174,196,217,234,244,247
MA15,69/04/09,240,227,213,211,222,239,255,265,261,247,226,208,192,178,163,147,133,132,145,158,176,196,216,226
MA15,69/04/10,225,221,218,219,220,222,221,222,225,224,222,213,199,183,164,149,138,135,138,142,150,162,179,197
MA15,69/04/11,212,222,227,226,220,213,206,201,202,205,208,209,207,203,193,181,163,144,130,124,125,136,152,171
MA15,69/04/12,192,211,228,238,232,217,199,183,176,180,189,200,213,222,226,222,209,187,163,139,125,126,139,158
MA15,69/04/13,185,210,235,250,251,240,215,187,165,159,167,184,205,224,235,237,228,210,183,152,128,115,120,140
MA15,69/04/14,168,197,226,244,250,239,217,190,160,141,137,149,177,210,237,253,254,241,217,185,154,129,120,129
MA15,69/04/15,153,188,225,250,263,257,234,202,167,138,124,129,153,189,230,258,270,264,245,217,186,156,138,135
MA15,69/04/16,148,176,214,245,265,263,240,205,164,128,105,097,112,143,186,225,256,266,253,225,190,158,136,132
MA15,69/04/17,141,166,200,231,256,264,252,222,176,134,099,084,088,116,159,203,242,265,267,250,221,189,160,145
MA15,69/04/18,145,162,192,226,255,266,260,235,196,154,114,087,084,101,139,181,224,256,271,267,243,213,184,165
MA15,69/04/19,159,168,189,215,245,264,266,248,210,169,126,095,079,084,107,137,178,214,243,250,237,214,184,162
MA15,69/04/20,151,153,170,196,222,240,246,236,210,175,133,096,074,071,086,116,150,187,217,236,236,220,197,174
MA15,69/04/21,160,160,172,190,210,229,238,239,224,195,158,122,100,088,095,113,142,175,206,229,239,233,219,200
MA15,69/04/22,185,179,186,198,214,231,243,246,237,215,181,149,120,103,100,109,123,146,173,196,215,220,214,199
MA15,69/04/23,182,171,172,181,194,207,216,221,217,205,185,160,135,114,101,098,108,126,149,171,188,199,202,197
MA15,69/04/24,189,181,180,183,189,197,204,210,213,209,198,180,161,144,132,127,127,132,143,160,179,194,207,212
MA15,69/04/25,210,204,201,200,201,202,205,209,212,214,211,203,192,179,167,157,149,145,148,157,171,189,204,214
MA15,69/04/26,217,217,215,211,203,196,190,187,189,191,192,193,192,188,180,168,152,138,130,129,135,150,169,186
MA15,69/04/27,202,212,218,216,210,198,185,174,172,176,182,191,201,208,210,204,189,170,151,138,135,145,163,184
MA15,69/04/28,205,224,235,236,227,210,189,172,159,156,162,175,195,214,226,227,215,194,168,145,130,126,139,162
MA15,69/04/29,190,217,234,240,233,215,191,165,143,130,132,149,178,210,234,246,243,225,200,172,147,134,137,158
MA15,69/04/30,187,220,246,262,260,244,217,186,156,131,120,128,157,198,234,260,269,259,237,206,173,147,136,145
MA15,69/05/01,169,206,241,264,268,251,220,180,140,109,091,094,117,155,199,237,262,269,257,228,194,162,142,139
MA15,69/05/02,154,184,220,250,265,260,236,198,153,112,081,073,086,119,164,209,246,268,271,253,221,186,158,144
MA15,69/05/03,150,172,206,240,260,263,246,212,169,121,080,058,061,087,127,172,214,248,266,265,248,216,184,162
MA15,69/05/04,155,168,196,229,255,266,259,234,197,151,105,070,055,066,095,136,179,218,249,266,265,247,218,192
MA15,69/05/05,174,176,194,222,249,268,270,256,227,187,144,104,075,068,086,119,159,197,231,256,268,265,249,230
MA15,69/05/06,210,200,205,224,251,275,282,273,250,221,185,152,119,093,083,096,122,155,193,221,238,241,234,224
MA15,69/05/07,211,200,196,199,210,228,244,254,249,230,200,165,133,107,093,094,108,130,157,182,206,227,238,238
MA15,69/05/08,230,218,209,205,210,221,234,243,247,240,223,204,183,164,145,132,130,137,153,177,198,216,228,234
MA15,69/05/09,235,231,225,216,209,206,208,214,222,225,221,210,195,179,161,143,130,124,128,139,157,177,197,215
MA15,69/05/10,223,227,223,215,204,191,182,181,187,196,204,209,209,202,192,178,162,148,140,140,150,167,186,206
MA15,69/05/11,222,232,237,232,220,203,185,174,173,183,199,217,231,237,231,218,200,182,168,156,152,159,177,200
MA15,69/05/12,223,241,247,241,226,207,184,164,146,143,155,176,202,223,233,232,221,203,182,164,152,148,160,180
MA15,69/05/13,203,226,232,247,239,219,189,156,129,116,123,146,178,205,229,241,239,227,208,187,166,156,161,177
MA15,69/05/14,201,225,246,259,259,243,213,178,144,120,115,130,161,196,228,252,262,259,243,220,192,172,163,171
MA15,69/05/15,192,218,241,257,258,244,218,183,144,109,089,095,121,160,195,228,250,258,253,235,210,184,168,168
MA15,69/05/16,184,208,237,257,264,258,235,202,163,124,098,089,105,139,179,215,246,264,269,260,237,210,190,180
MA15,69/05/17,186,208,239,266,279,277,259,233,200,163,131,111,112,142,185,226,255,264,268,265,260,245,225,202
MA15,69/05/18,193,202,226,251,270,272,263,237,208,169,130,099,087,101,133,176,219,249,268,273,267,250,231,216
MA15,69/05/19,208,215,236,260,285,298,295,277,242,204,167,138,118,113,130,158,196,232,262,274,273,253,232,212
MA15,69/05/20,199,198,208,227,246,258,264,256,238,207,175,138,114,103,110,136,168,204,232,251,257,252,239,222
MA15,69/05/21,208,197,195,207,226,244,255,256,243,220,189,159,132,113,108,120,146,177,205,230,242,246,240,227
MA15,69/05/22,210,198,196,204,217,233,244,249,247,231,209,185,164,148,136,138,153,175,201,228,246,255,257,252
MA15,69/05/23,240,228,218,215,218,226,237,246,250,242,229,210,190,173,159,150,150,161,181,204,226,241,247,245
MA15,69/05/24,237,226,215,208,203,204,210,218,227,229,223,212,199,186,172,159,148,146,156,175,198,219,235,241
MA15,69/05/25,241,234,225,218,212,208,208,209,216,226,231,231,224,214,202,192,183,175,172,180,197,219,242,257
MA15,69/05/26,264,259,249,238,226,213,203,197,200,211,221,233,241,240,232,220,205,187,173,164,169,185,208,230
MA15,69/05/27,245,253,251,239,221,197,176,163,160,170,183,202,221,235,244,242,226,206,186,175,171,183,200,224
MA15,69/05/28,246,261,268,262,244,219,191,164,150,150,163,187,213,237,257,262,257,239,215,192,176,173,182,205
MA15,69/05/29,233,253,264,260,243,217,185,153,127,112,113,133,166,199,229,251,258,252,235,210,189,174,174,190
MA15,69/05/30,215,242,263,270,263,238,203,166,130,103,091,099,130,172,213,246,270,275,265,245,222,200,186,190
MA15,69/05/31,206,236,267,284,283,262,228,189,149,113,086,078,093,131,178,225,259,277,278,265,238,212,190,180
MA15,69/06/01,184,203,232,260,275,267,241,203,158,114,078,058,060,085,126,176,218,254,272,272,258,233,209,191
MA15,69/06/02,186,195,217,245,266,276,264,234,192,145,101,072,057,065,096,138,183,229,261,275,275,258,236,217
MA15,69/06/03,203,202,213,234,257,274,280,268,239,200,155,114,079,072,085,115,152,191,228,256,268,263,248,232
MA15,69/06/04,216,205,204,216,237,262,276,276,256,223,181,143,112,093,089,100,124,159,194,226,246,254,249,234
MA15,69/06/05,217,200,191,194,207,226,243,255,251,234,207,172,142,116,099,101,115,138,167,199,226,246,252,244
MA15,69/06/06,230,213,201,195,198,210,226,245,253,255,241,220,196,169,149,143,145,162,182,205,226,244,258,263
MA15,69/06/07,256,241,224,205,194,191,197,210,223,232,232,224,210,193,173,154,142,141,150,167,203,215,230,237
MA15,69/06/08,236,227,214,200,184,9999,9999,9999,9999,9999,9999,9999,9999,9999,9999,9999,9999,9999,9999,9999,9999,9999,9999,9999
MA15,69/06/09,9999,9999,9999,9999,9999,9999,9999,9999,9999,9999,9999,9999,9999,9999,9999,9999,9999,9999,9999,9999,9999,9999,9999,9999
MA15,69/06/10,9999,9999,9999,9999,9999,9999,9999,9999,9999,9999,9999,9999,9999,9999,9999,9999,9999,9999,9999,9999,9999,9999,9999,9999
MA15,69/06/11,9999,9999,9999,9999,9999,9999,9999,9999,9999,9999,9999,9999,9999,9999,9999,9999,9999,9999,9999,9999,9999,9999,9999,9999
MA15,69/06/12,9999,9999,9999,9999,9999,9999,9999,9999,9999,9999,9999,9999,9999,9999,9999,9999,9999,9999,9999,9999,9999,9999,9999,9999
MA15,69/06/13,9999,9999,9999,9999,9999,9999,9999,9999,9999,9999,9999,9999,9999,9999,9999,9999,9999,9999,9999,9999,9999,9999,9999,9999
MA15,69/06/14,9999,9999,9999,9999,9999,9999,9999,9999,9999,9999,9999,9999,9999,9999,9999,9999,9999,9999,9999,9999,9999,9999,9999,9999
MA15,69/06/15,9999,9999,9999,9999,9999,9999,9999,9999,9999,9999,9999,9999,9999,9999,9999,9999,9999,9999,9999,9999,9999,9999,9999,9999
MA15,69/06/16,9999,9999,9999,9999,9999,9999,9999,9999,9999,9999,9999,9999,9999,9999,9999,9999,9999,9999,9999,9999,9999,9999,9999,9999
MA15,69/06/17,9999,9999,9999,9999,9999,9999,9999,9999,9999,9999,9999,9999,9999,9999,9999,9999,9999,9999,9999,9999,9999,9999,9999,9999
MA15,69/06/18,9999,9999,9999,9999,9999,9999,9999,9999,9999,9999,9999,9999,9999,9999,9999,9999,9999,9999,9999,9999,9999,9999,9999,9999
MA15,69/06/19,9999,9999,9999,9999,9999,9999,9999,9999,9999,9999,9999,9999,9999,9999,9999,9999,9999,9999,9999,9999,9999,9999,9999,9999
MA15,69/06/20,9999,9999,9999,9999,9999,9999,9999,9999,9999,9999,9999,169,143,123,113,117,135,164,195,224,243,249,241,223
MA15,69/06/21,204,190,179,178,188,201,216,229,232,228,211,187,162,140,125,121,129,150,177,206,230,242,245,233
MA15,69/06/22,216,199,185,177,178,189,206,220,230,231,221,206,190,173,158,146,143,153,174,199,223,242,249,245
MA15,69/06/23,231,213,198,185,176,175,181,193,206,218,222,220,211,199,185,172,162,162,173,193,215,236,249,252
MA15,69/06/24,246,230,210,192,175,164,160,166,178,193,207,217,221,216,207,194,180,171,169,180,194,216,235,246
MA15,69/06/25,246,237,220,199,178,156,142,136,143,159,180,201,216,226,228,222,208,196,187,188,197,213,235,255
MA15,69/06/26,268,273,272,262,242,220,199,183,176,176,189,219,248,268,276,276,272,260,245,228,215,212,223,240
MA15,69/06/27,256,264,262,247,223,193,162,134,114,107,117,140,169,204,233,253,260,252,234,215,201,195,198,213
MA15,69/06/28,231,246,255,250,232,202,168,131,103,081,079,097,125,164,206,241,264,269,259,241,220,205,199,205
MA15,69/06/29,223,242,259,268,263,244,210,171,130,098,082,084,107,143,187,229,263,284,286,272,253,231,215,208
MA15,69/06/30,215,233,254,276,285,275,251,214,172,127,089,066,074,103,146,193,245,278,297,294,271,244,224,211
MA15,69/07/01,208,216,233,256,276,285,276,249,207,160,112,076,068,083,116,157,200,241,274,286,285,266,243,223
MA15,69/07/02,208,207,222,245,271,290,295,283,253,214,169,124,097,084,101,131,169,210,246,272,280,272,249,222
MA15,69/07/03,200,188,192,210,234,258,275,277,260,230,189,147,109,092,094,115,146,182,218,246,265,266,250,225
MA15,69/07/04,199,182,175,183,200,224,246,262,262,244,212,175,144,120,111,117,135,166,197,229,252,262,257,242
MA15,69/07/05,220,202,192,190,197,212,232,254,268,267,252,226,199,173,161,159,169,187,206,224,241,256,263,257
MA15,69/07/06,237,211,184,168,164,174,193,214,230,237,233,218,200,182,167,157,155,164,181,205,228,245,252,248
MA15,69/07/07,231,210,189,173,160,153,160,175,193,211,224,224,215,202,190,180,176,176,185,200,220,240,249,250
MA15,69/07/08,241,223,204,183,165,152,146,151,165,181,197,207,214,214,210,200,194,189,190,199,212,226,238,246
MA15,69/07/09,244,234,219,197,177,160,144,134,137,149,168,188,204,215,221,221,216,210,204,203,208,217,229,238
MA15,69/07/10,243,241,233,216,196,173,149,132,124,129,142,162,183,205,220,230,229,223,214,206,202,206,213,222
MA15,69/07/11,230,234,233,228,214,191,163,136,118,113,121,144,169,195,220,237,246,246,238,225,213,205,205,214
MA15,69/07/12,225,237,246,246,237,218,192,163,135,117,113,124,148,180,211,236,252,256,250,238,221,209,201,204
MA15,69/07/13,216,232,248,258,258,243,218,186,155,126,108,109,127,156,190,223,247,262,262,250,232,214,201,197
MA15,69/07/14,205,220,240,257,265,259,240,211,174,137,109,096,105,133,169,206,237,258,265,257,239,217,199,189
MA15,69/07/15,190,202,220,243,258,262,250,223,190,151,117,094,090,108,141,184,221,249,264,262,246,224,201,187
MA15,69/07/16,179,187,206,230,253,264,259,240,210,170,133,102,088,098,123,163,201,237,259,265,257,237,210,188
MA15,69/07/17,176,176,192,216,241,260,267,256,231,198,159,125,102,099,117,149,187,225,252,266,263,246,222,197
MA15,69/07/18,179,171,179,198,224,249,262,264,249,220,184,150,121,109,113,133,167,206,239,261,268,255,233,203
MA15,69/07/19,180,166,169,183,203,229,247,258,255,234,204,168,138,120,115,129,156,189,221,249,263,260,238,207
MA15,69/07/20,181,164,157,165,181,202,224,240,248,241,220,192,161,139,130,134,152,180,212,242,261,265,251,225
MA15,69/07/21,199,174,159,155,164,180,201,222,235,238,227,209,186,164,150,145,153,173,198,225,246,260,256,238
MA15,69/07/22,211,182,161,149,147,157,172,192,209,220,223,218,206,190,174,164,163,176,194,217,238,253,255,245
MA15,69/07/23,224,199,175,157,146,140,147,161,180,198,210,216,215,207,199,190,183,182,191,206,225,242,251,247
MA15,69/07/24,234,214,191,168,151,138,131,138,150,167,185,204,217,224,224,220,212,206,204,208,218,232,244,250
MA15,69/07/25,245,233,215,193,169,145,128,120,123,136,154,177,201,221,237,242,239,229,217,210,211,218,230,240
MA15,69/07/26,245,242,233,216,195,166,140,115,102,104,117,144,173,203,230,250,258,255,244,226,214,209,214,226
MA15,69/07/27,239,250,252,247,230,201,167,133,107,092,093,108,135,166,206,240,264,272,262,244,225,211,204,208
MA15,69/07/28,220,236,252,261,258,238,205,163,125,093,078,080,103,134,175,219,255,279,285,271,245,217,201,197
MA15,69/07/29,208,228,250,269,276,272,251,213,169,123,088,070,081,110,148,194,234,268,284,282,261,231,203,185
MA15,69/07/30,185,200,226,256,279,287,275,246,207,161,116,086,078,093,130,176,218,258,285,293,283,255,222,195
MA15,69/07/31,181,185,208,237,270,292,297,283,250,211,165,129,104,100,125,161,201,243,272,288,285,265,230,198
MA15,69/08/01,172,161,171,201,240,269,291,288,270,236,192,155,118,104,116,144,182,222,252,280,287,274,249,214
MA15,69/08/02,175,151,148,170,204,240,264,276,274,253,219,183,149,127,123,144,170,206,242,263,273,265,243,212
MA15,69/08/03,171,151,136,143,165,195,227,251,260,250,228,197,168,146,138,147,171,200,231,256,265,263,249,224
MA15,69/08/04,191,163,141,135,145,168,195,223,237,240,229,211,191,173,165,167,178,200,225,249,262,263,252,233
MA15,69/08/05,207,182,162,150,151,162,190,220,242,246,244,228,210,197,191,195,202,209,219,232,244,254,254,240
MA15,69/08/06,229,192,169,152,142,138,141,151,165,184,198,206,206,201,196,196,199,204,210,218,228,237,244,239
MA15,69/08/07,225,206,187,170,155,143,136,136,146,160,176,190,202,207,211,212,213,214,215,217,221,228,237,240
MA15,69/08/08,235,226,212,198,183,166,149,136,135,145,160,179,198,213,224,231,234,232,225,218,214,216,221,228
MA15,69/08/09,233,234,227,217,201,182,158,137,122,118,128,148,171,196,218,232,240,240,233,221,210,205,208,217
MA15,69/08/10,228,236,239,234,223,205,180,153,128,111,109,124,151,182,212,235,248,250,241,226,210,199,195,202
MA15,69/08/11,214,228,241,248,245,229,202,170,135,110,099,104,124,157,193,223,246,255,250,233,212,196,184,183
MA15,69/08/12,193,211,235,250,256,246,220,187,150,117,092,085,100,132,173,212,241,256,257,240,217,196,179,172
MA15,69/08/13,177,194,218,245,262,264,244,211,172,136,104,091,093,118,158,200,239,262,269,256,232,206,184,171
MA15,69/08/14,168,182,206,235,261,272,263,240,204,163,127,102,094,112,149,190,233,264,277,269,248,218,191,171
MA15,69/08/15,162,169,191,221,252,271,275,260,231,192,152,119,101,106,135,173,213,250,270,272,257,229,198,170
MA15,69/08/16,152,150,166,198,230,257,271,267,243,211,171,135,110,104,122,159,199,236,262,270,259,233,198,169
MA15,69/08/17,144,133,140,167,199,230,254,260,249,221,186,152,125,112,120,146,180,221,251,267,260,238,209,175
MA15,69/08/18,148,131,129,145,172,204,232,247,248,229,205,178,154,137,133,147,176,210,240,259,261,245,219,185
MA15,69/08/19,156,135,125,129,152,176,202,226,238,237,221,200,178,162,156,162,181,206,231,251,259,255,236,207
MA15,69/08/20,177,149,131,125,134,153,179,203,219,227,225,214,201,190,185,186,196,210,226,241,251,252,243,221
MA15,69/08/21,194,166,143,130,128,135,151,170,188,204,213,218,217,212,208,205,205,212,222,235,246,250,249,238
MA15,69/08/22,218,195,171,152,140,135,137,146,159,174,191,206,218,225,230,231,228,224,223,227,236,243,248,246
MA15,69/08/23,236,220,202,184,167,151,139,136,150,170,198,230,254,277,292,296,291,275,259,252,253,257,262,261
MA15,69/08/24,256,249,241,229,210,186,157,135,123,124,141,160,187,218,245,265,273,271,255,236,221,213,217,227
MA15,69/08/25,241,251,255,252,238,212,175,141,115,102,103,117,143,178,216,249,269,275,263,239,214,197,192,200
MA15,69/08/26,215,234,251,264,263,248,216,170,129,098,086,094,117,151,187,227,260,279,280,259,230,199,177,172
MA15,69/08/27,184,208,238,266,280,276,250,208,162,119,089,078,091,124,165,210,249,274,280,263,231,197,167,152
MA15,69/08/28,156,175,206,242,271,284,275,245,200,151,110,087,088,111,149,188,228,262,279,273,245,205,167,136
MA15,69/08/29,128,141,173,212,248,271,278,263,228,185,141,107,092,101,132,172,212,247,267,269,250,213,174,136
MA15,69/08/30,116,118,143,180,217,251,266,266,247,213,172,135,114,112,132,166,204,238,261,270,258,227,187,148
MA15,69/08/31,121,108,121,152,189,224,250,260,255,234,201,167,142,132,144,174,207,239,261,268,261,237,205,168
MA15,69/09/01,134,112,109,127,162,199,228,247,249,237,217,190,166,153,156,174,202,230,251,262,260,245,219,187
MA15,69/09/02,153,124,110,116,138,170,197,217,228,228,216,201,184,171,167,176,194,215,230,240,241,232,217,196
MA15,69/09/03,172,142,119,112,126,149,175,195,206,211,212,208,200,191,186,190,201,216,231,242,246,242,229,210
MA15,69/09/04,189,168,151,141,138,144,155,171,185,198,205,207,204,201,200,205,212,218,224,230,234,235,231,221
MA15,69/09/05,205,188,172,160,151,146,145,149,158,172,185,196,202,208,212,216,219,223,224,222,222,224,226,223
MA15,69/09/06,217,208,196,183,171,158,147,139,142,152,166,183,197,209,220,228,232,231,225,218,213,212,218,224
MA15,69/09/07,223,220,215,206,195,178,157,139,131,135,150,170,192,212,230,243,250,248,236,220,206,200,205,213
MA15,69/09/08,221,224,225,222,215,201,178,148,124,113,119,138,166,192,215,233,243,243,232,212,194,181,179,189
MA15,69/09/09,203,219,231,237,234,218,192,162,135,114,108,118,141,172,203,232,250,253,242,222,201,184,173,175
MA15,69/09/10,187,206,229,249,259,252,228,193,158,130,110,106,125,155,190,224,249,259,254,233,205,181,163,159
MA15,69/09/11,169,191,220,250,265,266,250,219,182,145,121,111,120,148,185,224,256,272,269,247,214,182,158,148
MA15,69/09/12,154,174,204,236,262,276,269,240,201,161,124,105,108,132,167,208,244,267,273,254,220,181,149,131
MA15,69/09/13,130,148,179,213,248,271,275,259,228,188,150,123,112,123,155,195,236,266,276,261,230,192,155,131
MA15,69/09/14,120,126,149,184,220,253,269,266,241,209,171,137,120,121,144,182,222,255,270,262,237,201,163,131
MA15,69/09/15,112,109,125,158,195,232,257,267,256,231,199,170,149,142,155,185,220,259,281,285,264,234,195,160
MA15,69/09/16,134,122,128,149,182,220,252,271,273,254,227,197,176,168,171,186,213,242,265,275,264,237,200,159
MA15,69/09/17,124,106,107,124,150,178,205,229,242,242,229,207,185,173,177,190,211,234,251,264,259,240,212,179
MA15,69/09/18,151,129,116,116,129,150,172,197,221,234,234,223,209,199,196,203,214,229,242,252,253,244,228,203
MA15,69/09/19,177,150,132,125,129,139,153,169,186,204,217,224,223,220,219,220,225,232,238,243,245,244,237,221
MA15,69/09/20,201,181,163,149,139,132,134,140,151,169,184,200,213,223,227,227,225,223,222,222,224,225,224,221
MA15,69/09/21,213,201,187,167,148,133,122,118,125,138,153,174,197,216,230,236,236,229,219,211,204,205,212,220
MA15,69/09/22,225,226,219,205,186,164,140,120,110,108,121,145,174,205,229,243,246,236,221,204,187,180,183,196
MA15,69/09/23,213,229,238,235,222,198,170,138,113,099,100,120,151,189,222,247,259,256,240,218,190,169,161,172
MA15,69/09/24,195,223,248,260,258,240,209,170,131,101,088,094,116,155,197,233,257,263,248,219,182,152,134,135
MA15,69/09/25,157,188,221,246,261,261,243,210,170,130,101,097,116,151,192,231,264,281,279,256,213,170,134,121
MA15,69/09/26,134,165,207,245,274,285,279,252,214,174,135,116,118,146,185,227,263,279,276,248,206,159,121,101
MA15,69/09/27,097,114,149,194,236,261,267,250,216,175,138,116,116,134,167,204,240,264,273,259,226,183,138,104
MA15,69/09/28,089,100,133,176,218,252,272,270,249,218,180,151,137,144,167,202,241,266,273,262,231,193,152,116
MA15,69/09/29,094,092,113,148,190,226,254,262,254,228,199,170,156,152,167,194,226,255,270,264,241,208,170,135
MA15,69/09/30,107,098,105,128,164,200,231,251,255,244,220,197,177,172,181,200,227,249,265,267,257,233,202,168
MA15,69/10/01,135,116,112,127,150,180,211,235,250,250,237,219,202,194,199,213,232,251,265,268,260,243,220,191
MA15,69/10/02,161,138,127,130,145,167,186,206,220,226,224,217,208,201,200,205,217,231,243,248,242,231,214,193
MA15,69/10/03,170,148,132,128,132,143,157,175,191,204,211,210,204,198,194,197,204,214,221,227,226,220,211,198
MA15,69/10/04,180,163,149,144,140,140,145,155,170,185,200,208,214,215,214,212,212,215,217,217,215,215,213,207
MA15,69/10/05,201,191,179,167,153,142,137,139,147,159,173,189,203,211,216,217,215,215,212,209,206,203,201,202
MA15,69/10/06,205,207,206,196,180,160,143,134,135,146,161,179,200,217,230,235,235,228,216,202,189,181,182,190
MA15,69/10/07,203,215,222,219,203,180,154,134,123,124,140,162,187,210,229,242,246,239,219,196,173,161,164,179
MA15,69/10/08,200,218,232,234,225,209,183,155,134,123,125,142,171,200,230,250,257,249,229,205,180,162,161,173
MA15,69/10/09,196,221,246,260,262,249,220,190,159,136,130,140,167,202,238,263,272,262,236,205,173,152,142,148
MA15,69/10/10,167,195,225,250,261,256,230,196,160,132,119,123,142,171,210,243,262,260,235,198,157,126,113,116
MA15,69/10/11,134,163,198,231,256,263,248,220,180,145,121,115,130,157,195,231,257,262,250,219,177,136,105,090
MA15,69/10/12,098,123,162,198,224,254,259,246,214,179,144,122,124,146,183,223,253,268,263,237,198,155,113,089
MA15,69/10/13,085,104,141,186,229,261,278,270,243,207,170,146,143,157,188,221,255,278,279,262,223,176,130,097
MA15,69/10/14,083,092,119,154,197,233,261,273,263,236,202,172,157,158,172,212,246,269,274,259,230,191,149,113
MA15,69/10/15,088,078,091,121,162,200,232,250,251,240,218,195,176,169,178,198,225,248,260,256,234,204,165,129
MA15,69/10/16,101,084,084,102,132,167,202,226,238,239,228,213,200,193,196,206,223,242,257,261,247,227,195,167
MA15,69/10/17,139,119,110,112,126,146,172,198,220,231,231,213,212,206,206,211,220,231,241,246,242,230,207,183
MA15,69/10/18,158,134,117,110,112,125,143,163,183,200,211,218,217,213,211,210,212,218,223,227,228,224,217,206
MA15,69/10/19,189,169,150,133,125,125,129,137,148,164,181,198,209,215,215,213,210,205,200,198,198,201,203,202
MA15,69/10/20,198,189,175,160,144,130,120,116,121,135,154,176,196,213,223,225,219,207,195,183,176,178,188,199
MA15,69/10/21,209,214,209,198,182,162,142,127,117,119,137,160,187,212,231,241,237,222,200,176,157,150,160,179
MA15,69/10/22,202,219,226,224,213,196,171,146,125,118,127,148,179,209,233,251,253,240,216,182,154,140,143,162
MA15,69/10/23,190,215,238,249,249,233,206,175,145,129,127,142,170,202,234,253,259,246,215,180,146,121,111,122
MA15,69/10/24,148,184,220,248,260,254,233,203,170,147,133,137,159,191,227,255,270,266,244,206,163,122,099,099
MA15,69/10/25,125,163,203,239,265,273,263,237,203,172,152,149,164,192,225,254,275,280,263,231,186,141,107,094
MA15,69/10/26,104,135,179,223,261,281,281,262,232,203,181,169,174,196,227,258,278,283,266,234,193,152,117,097
MA15,69/10/27,099,119,156,200,244,272,282,273,252,228,202,186,184,195,218,249,274,284,281,253,216,174,130,102
MA15,69/10/28,091,097,122,157,200,235,262,268,257,235,214,194,183,186,202,226,252,273,274,258,224,187,148,117
MA15,69/10/29,097,091,105,135,173,210,238,252,251,238,220,201,190,187,196,212,232,250,257,249,226,197,161,129
MA15,69/10/30,106,096,102,118,145,174,203,225,237,231,216,199,187,184,192,207,223,239,248,245,230,207,179,153
MA15,69/10/31,128,112,105,111,129,154,183,206,222,225,219,208,198,193,197,205,216,227,236,238,230,218,197,174
MA15,69/11/01,150,131,118,117,126,144,165,185,200,211,216,213,209,204,202,203,209,218,227,230,228,220,209,195
MA15,69/11/02,176,157,141,132,133,140,153,168,185,200,214,219,217,215,212,210,211,212,214,215,214,213,209,202
MA15,69/11/03,194,182,171,161,153,148,149,158,172,190,204,214,218,218,217,216,215,211,204,198,196,198,203,205
MA15,69/11/04,204,199,190,178,167,156,150,149,156,168,187,206,223,233,235,230,222,213,203,193,187,186,193,203
MA15,69/11/05,214,219,218,210,196,179,161,150,146,156,174,194,217,232,241,238,230,216,198,179,160,150,155,173
MA15,69/11/06,199,217,227,230,218,201,179,160,147,147,160,183,209,237,256,259,249,228,200,172,152,140,142,159
MA15,69/11/07,182,208,230,239,236,222,199,173,151,140,146,163,191,219,244,254,250,230,202,170,143,123,118,130
MA15,69/11/08,157,192,224,248,258,251,234,208,182,161,152,161,185,219,249,269,268,250,217,181,145,117,104,109
MA15,69/11/09,132,167,206,243,265,269,254,224,194,171,158,160,176,203,235,262,275,264,236,197,153,118,093,092
MA15,69/11/10,108,142,183,226,261,282,282,263,236,205,184,180,194,216,247,282,300,301,280,243,194,147,111,093
MA15,69/11/11,091,110,148,195,239,272,284,275,251,221,195,182,180,194,216,247,272,283,272,239,197,148,107,082
MA15,69/11/12,077,091,121,162,201,241,269,278,269,246,219,198,189,198,216,241,264,280,278,261,227,183,137,097
MA15,69/11/13,075,076,096,129,165,202,234,255,261,248,226,203,189,186,200,219,241,257,261,252,230,198,161,122
MA15,69/11/14,089,075,077,097,126,161,193,222,238,243,232,215,200,191,196,208,223,239,249,250,240,219,189,155
MA15,69/11/15,123,098,090,097,113,136,163,193,220,235,239,229,216,207,203,206,216,227,236,244,243,235,217,192
MA15,69/11/16,164,140,123,117,122,133,151,172,200,223,240,245,239,230,222,217,215,217,221,226,230,234,231,220
MA15,69/11/17,201,180,159,146,140,141,149,163,179,201,222,237,240,233,224,216,210,205,203,201,203,210,220,226
MA15,69/11/18,227,218,203,183,165,155,154,161,173,191,210,228,243,248,246,233,218,200,186,178,178,186,196,207
MA15,69/11/19,215,218,215,203,187,167,150,143,145,160,179,200,217,230,235,231,216,194,167,147,137,143,160,182
MA15,69/11/20,202,216,224,223,212,194,173,155,149,155,173,196,217,234,246,248,238,216,186,153,131,122,134,157
MA15,69/11/21,186,213,234,245,241,226,204,182,164,158,166,183,204,227,243,249,242,221,188,148,113,092,093,115
MA15,69/11/22,148,182,210,230,240,237,221,195,177,160,161,174,193,215,237,250,250,235,206,167,129,097,085,098
MA15,69/11/23,126,165,202,234,254,259,252,232,207,185,171,172,189,214,239,255,258,248,224,186,144,102,078,073
MA15,69/11/24,095,132,173,210,239,256,258,247,229,205,189,183,189,210,237,259,273,271,250,214,175,131,096,079
MA15,69/11/25,086,111,148,188,224,251,261,257,240,218,196,183,182,196,214,234,249,252,243,218,181,138,098,071
MA15,69/11/26,067,082,112,154,192,226,247,255,246,225,203,184,176,185,204,229,251,262,257,234,201,160,121,088
MA15,69/11/27,071,073,095,130,169,205,234,248,247,230,207,187,176,180,196,216,236,249,253,241,218,186,150,115
MA15,69/11/28,089,082,094,124,159,193,218,238,246,241,225,203,182,169,172,188,207,225,232,227,209,184,155,124
MA15,69/11/29,097,081,078,091,117,152,183,210,226,229,219,202,184,175,177,189,204,219,228,229,222,207,184,158
MA15,69/11/30,132,110,098,104,123,151,181,207,228,238,234,223,208,196,193,199,211,222,227,229,229,225,214,197
MA15,69/12/01,175,153,137,130,137,153,176,200,221,234,239,233,221,206,194,190,192,199,205,207,208,208,204,193
MA15,69/12/02,177,158,142,133,129,135,150,170,192,212,225,227,223,213,202,194,193,196,201,203,205,207,212,217
MA15,69/12/03,218,211,197,185,176,177,182,191,204,219,231,240,242,235,221,206,191,179,172,171,174,181,190,198
MA15,69/12/04,203,203,196,186,173,162,157,160,173,190,206,218,230,229,221,206,188,166,146,131,125,133,150,170
MA15,69/12/05,187,196,196,188,177,162,147,138,139,154,173,197,212,219,215,203,187,166,140,117,102,103,120,145
MA15,69/12/06,172,194,206,211,207,193,175,158,149,152,167,190,212,227,234,227,210,185,154,122,097,087,097,120
MA15,69/12/07,150,180,208,229,235,228,212,190,174,168,174,196,222,245,257,257,245,224,195,164,132,111,105,118
MA15,69/12/08,145,183,219,252,270,274,260,236,211,193,188,197,218,243,265,279,276,257,223,179,137,102,081,082
MA15,69/12/09,106,136,173,208,240,259,263,249,224,198,177,175,190,215,241,262,269,258,227,188,142,099,069,057
MA15,69/12/10,066,095,136,182,224,257,271,270,253,228,203,186,187,204,232,260,277,277,258,222,182,135,094,064
MA15,69/12/11,057,072,104,146,187,223,251,263,258,238,211,188,176,181,203,232,257,269,262,238,202,156,114,077
MA15,69/12/12,056,054,072,105,145,189,226,255,263,255,236,212,197,196,210,234,257,274,278,272,255,227,188,143
MA15,69/12/13,106,088,094,119,150,185,217,243,260,266,257,237,211,193,189,199,223,246,259,260,250,228,198,164
MA15,69/12/14,128,099,086,093,117,151,183,211,234,248,249,240,221,200,185,184,200,222,241,250,247,236,219,197
MA15,69/12/15,167,139,116,107,116,139,168,195,219,240,248,247,235,218,202,190,191,202,216,227,231,230,224,211
MA15,69/12/16,193,169,144,127,120,130,151,176,198,219,232,237,232,218,200,182,168,163,167,177,188,198,206,208
MA15,69/12/17,202,189,171,153,143,144,152,167,184,201,217,229,231,223,206,187,168,155,149,150,158,170,186,200
MA15,69/12/18,206,204,196,184,173,168,167,172,185,200,216,230,234,232,221,206,188,165,144,130,130,142,161,182
MA15,69/12/19,197,206,208,204,199,192,184,179,178,183,196,214,228,234,230,216,196,172,145,123,109,109,126,149
MA15,69/12/20,177,198,213,220,219,212,199,186,181,183,193,208,226,238,240,234,219,196,165,134,106,096,105,127
MA15,69/12/21,155,182,205,224,234,234,225,208,193,185,188,201,219,235,244,245,237,217,188,152,116,091,088,103
MA15,69/12/22,131,164,193,221,244,252,246,231,211,198,195,203,217,233,247,258,263,252,221,181,134,098,083,091
MA15,69/12/23,113,143,176,207,235,250,251,238,216,195,183,184,195,211,230,247,253,246,219,185,143,104,075,068
MA15,69/12/24,083,112,148,185,216,242,253,251,234,209,189,180,187,205,227,248,260,259,244,213,173,130,097,076
MA15,69/12/25,074,094,125,165,200,232,249,252,240,218,197,181,179,189,207,230,251,262,257,237,201,159,120,091
MA15,69/12/26,080,089,111,145,185,223,252,264,261,244,222,202,194,198,209,222,243,261,274,261,226,182,137,103
MA15,69/12/27,087,084,098,119,151,188,226,248,252,239,211,188,171,171,183,202,224,244,253,251,234,205,172,135
MA15,69/12/28,106,090,095,116,149,185,215,237,246,241,224,202,182,168,170,185,206,228,241,242,231,208,180,151
MA15,69/12/29,121,101,097,110,135,170,204,231,244,245,234,216,197,177,170,177,195,216,232,237,231,218,201,180
MA15,69/12/30,153,128,110,110,128,159,192,218,233,238,234,221,202,181,166,162,172,190,206,216,218,214,204,191
MA15,69/12/31,173,151,132,125,133,153,179,205,224,236,239,231,213,193,172,162,165,177,188,197,200,204,206,204
