GS11,82/01/01,241,228,225,232,248,271,295,315,329,333,327,315,299,287,281,282,291,302,313,320,321,312,296,276
GS11,82/01/02,254,238,230,230,239,255,276,296,313,323,324,316,304,290,279,273,273,277,285,294,300,300,293,280
GS11,82/01/03,264,249,237,231,232,241,255,273,290,303,309,307,299,287,275,263,256,254,257,266,277,285,289,287
GS11,82/01/04,279,268,257,248,244,246,255,269,286,303,315,321,319,311,298,284,270,260,256,259,268,280,292,301
GS11,82/01/05,306,306,303,296,288,284,285,290,300,312,325,334,337,333,322,305,285,265,250,242,244,254,269,285
GS11,82/01/06,299,309,312,308,299,289,283,281,286,296,310,323,333,337,333,319,298,273,249,231,224,229,243,264
GS11,82/01/07,288,310,324,329,326,318,307,299,295,297,305,317,330,341,344,337,318,289,256,227,208,201,208,226
GS11,82/01/08,252,282,307,324,331,328,318,305,294,289,292,302,317,332,343,347,339,317,284,248,218,199,193,203
GS11,82/01/09,226,258,291,319,338,345,341,329,313,300,294,297,308,324,343,355,357,343,316,280,242,212,193,189
GS11,82/01/10,200,224,257,290,318,335,341,336,323,307,294,287,290,304,324,342,354,353,337,307,269,231,201,184
GS11,82/01/11,184,201,230,264,297,323,338,339,329,313,296,284,281,290,308,331,350,359,353,333,301,263,227,201
GS11,82/01/12,189,194,214,244,279,312,334,344,342,330,312,296,286,288,300,319,339,354,357,347,325,294,258,226
GS11,82/01/13,205,201,212,235,266,297,323,338,341,333,318,300,286,281,287,302,320,337,347,347,335,314,285,254
GS11,82/01/14,230,218,221,235,259,287,313,332,341,339,327,310,293,282,281,288,303,319,332,339,336,324,304,278
GS11,82/01/15,254,238,233,239,255,277,301,321,334,338,332,318,301,287,280,281,289,300,311,320,324,320,309,292
GS11,82/01/16,272,256,245,245,254,272,292,312,326,333,332,323,309,295,284,279,280,286,294,303,311,314,311,303
GS11,82/01/17,291,279,268,263,265,274,288,304,318,328,330,325,315,302,289,277,270,268,270,275,282,289,293,293
GS11,82/01/18,290,284,276,270,268,272,280,292,305,317,324,323,318,311,300,289,279,271,268,269,276,284,293,300
GS11,82/01/19,304,305,303,299,294,292,294,299,307,315,322,325,324,319,309,296,282,268,257,251,251,257,266,277
GS11,82/01/20,288,296,301,301,297,292,288,288,291,298,305,311,314,314,310,301,287,271,254,241,235,237,245,257
GS11,82/01/21,272,288,300,307,307,303,298,292,289,291,296,304,311,318,320,316,304,286,265,245,231,225,229,240
GS11,82/01/22,257,277,296,310,316,314,307,298,290,287,290,297,306,315,320,319,310,293,270,246,225,213,211,220
GS11,82/01/23,238,262,287,307,320,324,320,310,299,291,288,291,300,313,323,329,326,311,287,259,232,211,201,204
GS11,82/01/24,219,242,269,294,312,321,320,311,297,284,277,277,285,299,315,328,332,324,305,278,248,223,207,205
GS11,82/01/25,215,238,268,297,322,337,341,334,321,305,292,287,291,304,320,336,345,343,327,301,268,237,213,202
GS11,82/01/26,205,222,248,278,306,327,337,335,322,305,287,276,276,286,303,322,338,343,335,314,285,253,226,208
GS11,82/01/27,206,217,241,270,300,325,341,345,337,322,304,289,282,287,302,322,341,353,353,340,317,287,257,233
GS11,82/01/28,221,223,239,264,293,321,340,349,345,333,316,298,285,282,291,308,328,344,352,347,331,307,279,253
GS11,82/01/29,235,229,235,253,278,305,327,341,342,334,318,299,283,274,277,290,307,323,334,337,328,311,287,262
GS11,82/01/30,240,227,226,236,255,279,303,320,327,324,312,295,277,265,261,266,278,293,307,315,316,308,293,273
GS11,82/01/31,254,241,235,239,252,271,292,310,321,324,318,305,288,273,263,261,268,279,293,305,313,313,307,295
GS11,82/02/01,280,268,261,259,266,280,297,313,325,330,328,318,303,287,273,264,261,265,273,284,294,302,304,301
GS11,82/02/02,294,287,280,275,275,280,290,301,312,319,321,316,306,293,278,263,253,247,247,252,262,273,283,289
GS11,82/02/03,292,291,288,283,280,280,284,290,298,306,313,316,314,305,292,277,260,246,236,233,237,248,262,277
GS11,82/02/04,290,300,305,306,303,299,296,296,299,305,312,318,321,319,311,298,280,260,241,228,223,228,240,257
GS11,82/02/05,277,295,309,317,318,315,308,301,297,297,303,311,320,325,325,317,300,278,252,228,213,208,214,231
GS11,82/02/06,255,282,305,321,329,329,322,312,302,296,297,304,316,329,340,342,334,315,287,256,230,212,206,213
GS11,82/02/07,233,261,291,316,332,339,335,323,308,296,289,291,301,315,330,340,342,331,307,274,240,212,195,193
GS11,82/02/08,205,231,263,296,321,335,337,327,311,294,281,277,282,297,317,336,348,347,331,303,267,231,203,189
GS11,82/02/09,191,209,238,273,304,327,338,335,321,302,283,270,268,277,295,317,337,347,344,326,297,263,229,206
GS11,82/02/10,197,204,226,257,290,317,332,334,324,306,285,268,260,262,276,297,320,337,344,336,315,283,249,220
GS11,82/02/11,203,202,215,240,270,301,322,331,326,311,290,269,254,250,257,273,295,317,330,331,319,296,267,237
GS11,82/02/12,215,207,213,231,257,286,311,324,325,314,296,274,255,245,246,257,277,298,315,324,322,308,286,261
GS11,82/02/13,239,226,225,236,256,281,306,323,328,322,307,286,266,251,245,249,262,279,297,310,315,310,297,279
GS11,82/02/14,260,246,240,244,258,278,299,317,327,327,317,300,279,261,250,248,254,266,281,294,303,305,299,288
GS11,82/02/15,276,264,257,255,262,275,291,307,317,320,314,301,284,267,253,245,244,249,258,269,278,285,287,285
GS11,82/02/16,280,274,268,265,266,273,283,295,304,309,308,301,290,276,262,252,245,243,245,250,258,267,274,279
GS11,82/02/17,281,281,280,278,277,279,285,293,300,305,307,306,301,291,280,269,260,253,250,250,254,261,271,281
GS11,82/02/18,289,294,296,296,293,291,290,292,295,299,302,304,303,299,290,279,265,251,239,232,229,233,242,254
GS11,82/02/19,268,280,290,294,295,293,289,285,283,285,289,294,298,299,297,290,278,263,247,234,226,225,232,244
GS11,82/02/20,261,280,296,307,312,311,306,299,293,292,296,303,313,320,323,319,309,293,272,251,234,226,227,238
GS11,82/02/21,256,279,300,317,326,327,321,310,299,292,290,296,306,319,329,333,329,314,292,267,243,227,221,228
GS11,82/02/22,245,269,295,317,331,335,330,317,301,287,280,283,293,308,323,333,334,324,302,274,245,221,207,207
GS11,82/02/23,220,243,271,299,320,330,328,315,297,279,267,264,271,287,308,325,334,331,314,288,256,227,207,200
GS11,82/02/24,208,229,257,287,313,329,332,323,306,285,267,258,261,276,299,322,340,345,337,315,285,253,226,211
GS11,82/02/25,211,225,252,283,313,335,343,337,320,297,274,258,254,264,285,310,332,344,342,328,302,269,238,216
GS11,82/02/26,207,214,233,261,291,317,331,332,319,296,271,250,240,243,258,281,306,326,334,329,311,283,253,227
GS11,82/02/27,212,210,223,246,274,300,319,326,318,300,274,250,232,227,236,255,279,303,319,324,315,295,270,245
GS11,82/02/28,226,218,224,240,263,289,310,322,321,307,284,259,237,225,224,236,256,280,301,314,316,308,291,271
GS11,82/03/01,251,240,239,249,269,292,313,329,335,329,314,292,268,249,241,243,255,273,293,311,323,325,319,307
GS11,82/03/02,292,280,275,277,286,301,317,332,341,341,331,314,292,270,253,245,247,256,270,287,302,312,314,311
GS11,82/03/03,304,295,288,285,287,295,306,317,325,327,323,312,296,276,257,242,233,232,236,246,260,273,285,291
GS11,82/03/04,294,293,291,288,286,288,293,298,304,309,310,308,300,287,271,254,239,228,223,225,233,246,262,276
GS11,82/03/05,289,298,303,304,302,300,299,300,303,307,312,316,317,314,305,290,272,253,237,228,227,234,248,266
GS11,82/03/06,286,304,316,321,321,317,310,303,300,300,305,313,321,325,324,315,299,276,254,235,224,222,231,249
GS11,82/03/07,273,297,317,329,331,325,315,302,290,284,285,293,306,319,327,328,318,297,270,242,220,208,208,220
GS11,82/03/08,242,269,296,316,326,326,317,302,286,273,269,274,287,305,322,332,332,320,297,268,240,219,208,212
GS11,82/03/09,229,256,285,311,328,333,327,311,292,274,263,262,272,290,311,330,340,337,319,291,259,230,211,205
GS11,82/03/10,215,237,265,295,318,331,329,316,295,272,254,246,251,267,290,314,332,339,332,311,282,250,225,211
GS11,82/03/11,211,226,251,280,307,324,329,319,298,273,251,237,235,246,266,290,313,328,331,319,296,266,237,218
GS11,82/03/12,211,218,238,264,291,313,324,320,303,278,252,234,226,230,245,269,295,317,328,327,313,290,265,243
GS11,82/03/13,232,234,248,271,296,319,332,333,321,299,274,252,239,236,245,264,287,309,325,330,323,306,284,263
GS11,82/03/14,248,243,248,262,282,302,316,320,313,296,274,251,233,224,227,239,258,278,295,306,307,300,285,269
GS11,82/03/15,255,248,249,259,275,292,307,315,313,301,283,263,244,231,227,233,247,264,282,296,304,304,298,288
GS11,82/03/16,279,273,271,274,284,298,310,318,318,310,295,277,258,244,236,235,242,255,269,282,292,296,295,290
GS11,82/03/17,283,277,274,274,279,287,296,303,305,301,291,278,263,248,238,233,234,240,249,260,271,280,286,288
GS11,82/03/18,288,286,283,282,284,289,295,300,303,302,296,287,275,262,251,243,237,235,237,244,252,261,269,275
GS11,82/03/19,280,282,283,283,282,282,284,286,287,288,287,284,279,270,261,250,241,234,230,230,235,243,255,267
GS11,82/03/20,279,287,293,295,293,290,287,285,285,286,287,289,289,287,281,273,262,250,239,232,231,235,245,261
GS11,82/03/21,278,295,307,313,313,309,303,298,294,294,296,302,309,314,315,309,298,281,264,248,239,237,243,256
GS11,82/03/22,275,294,311,321,322,317,306,293,282,277,279,287,298,309,317,319,311,295,274,253,236,227,228,241
GS11,82/03/23,261,285,308,324,331,328,317,301,285,274,271,277,291,308,324,334,332,320,298,272,249,233,227,234
GS11,82/03/24,253,279,306,329,342,343,332,313,291,272,261,263,276,296,318,335,342,336,318,291,262,238,224,223
GS11,82/03/25,236,259,287,314,333,338,330,310,285,260,242,238,248,268,294,319,336,339,327,304,274,245,222,213
GS11,82/03/26,218,238,265,294,318,330,327,310,283,254,230,219,223,240,267,298,323,335,332,315,288,257,231,215
GS11,82/03/27,213,226,250,280,306,324,327,314,289,259,231,212,207,218,242,273,303,324,332,326,307,280,253,232
GS11,82/03/28,224,230,248,273,300,321,330,324,304,274,242,217,203,204,220,246,277,304,322,326,317,297,272,250
GS11,82/03/29,237,237,248,267,291,311,324,324,309,284,253,224,202,193,199,217,244,273,297,310,312,303,286,268
GS11,82/03/30,254,248,252,265,283,302,317,322,315,298,272,244,220,204,200,209,227,251,275,294,305,306,299,288
GS11,82/03/31,276,269,269,275,288,303,317,325,325,315,297,275,252,234,224,222,229,244,262,280,293,300,301,297
GS11,82/04/01,290,284,280,280,285,293,303,310,313,310,300,285,266,246,229,218,215,218,228,242,257,270,279,285
GS11,82/04/02,287,286,284,283,284,287,292,297,300,300,297,290,280,266,251,237,227,221,222,227,238,253,268,281
GS11,82/04/03,292,299,303,302,300,298,296,295,296,298,299,300,299,294,284,270,255,240,229,224,225,232,246,263
GS11,82/04/04,281,295,303,306,303,296,289,283,278,277,281,288,296,301,301,293,278,258,238,222,214,215,225,242
GS11,82/04/05,263,283,298,305,304,295,282,267,256,251,254,264,278,292,302,303,294,275,251,228,210,202,206,220
GS11,82/04/06,244,269,290,304,307,299,284,265,248,237,236,245,261,280,297,307,308,296,274,248,224,209,205,215
GS11,82/04/07,236,262,288,308,318,315,301,280,257,240,233,238,255,279,305,326,337,334,317,292,265,243,231,234
GS11,82/04/08,249,274,302,326,341,342,329,306,279,255,241,238,249,270,296,321,338,343,334,313,286,260,240,234
GS11,82/04/09,243,264,291,317,336,343,335,315,288,259,238,229,235,254,281,309,333,348,349,336,314,288,267,255
GS11,82/04/10,256,270,291,315,334,343,339,322,295,264,237,220,216,227,249,277,304,324,332,327,310,286,263,246
GS11,82/04/11,241,249,267,290,311,325,328,317,293,264,235,214,204,209,225,250,277,301,316,318,309,292,272,254
GS11,82/04/12,246,248,261,280,300,316,323,317,299,272,244,220,206,203,214,234,259,284,304,314,313,302,287,272
GS11,82/04/13,261,258,264,278,295,311,321,320,308,287,262,237,218,208,211,224,244,267,288,302,308,304,294,282
GS11,82/04/14,271,266,268,277,290,304,314,317,310,295,274,252,232,219,215,220,234,252,271,288,298,302,298,292
GS11,82/04/15,284,278,277,282,291,302,311,317,315,307,293,275,258,244,237,237,247,262,278,292,303,309,311,309
GS11,82/04/16,305,299,295,294,296,300,306,310,311,306,297,284,270,256,245,239,239,244,253,265,278,289,297,302
GS11,82/04/17,304,304,301,298,296,296,298,302,304,304,302,296,288,277,266,256,248,245,246,253,263,275,287,297
GS11,82/04/18,306,310,310,306,301,296,293,292,292,293,295,297,296,291,283,272,261,251,245,243,247,256,269,284
GS11,82/04/19,298,309,314,313,306,296,286,279,275,276,282,289,294,297,295,287,274,258,244,234,231,236,247,264
GS11,82/04/20,283,299,309,312,306,295,281,268,259,257,262,274,287,297,303,302,292,276,257,240,231,230,238,255
GS11,82/04/21,276,298,315,323,320,308,289,270,255,247,249,261,278,297,311,318,314,300,279,257,240,231,233,247
GS11,82/04/22,270,296,319,334,337,327,307,282,259,244,240,250,269,293,316,332,336,328,309,283,259,241,234,240
GS11,82/04/23,259,285,312,332,341,334,315,286,256,231,219,222,239,266,296,322,337,338,325,301,274,250,235,233
GS11,82/04/24,246,270,297,322,336,337,322,295,261,229,208,201,211,235,268,300,325,338,336,320,296,270,250,240
GS11,82/04/25,245,262,286,312,331,339,330,307,274,238,209,192,191,207,236,271,304,327,336,332,315,292,268,253
GS11,82/04/26,249,259,278,301,323,336,335,319,290,254,220,194,183,188,208,239,273,303,322,329,324,309,289,272
GS11,82/04/27,263,265,277,295,315,330,335,327,306,276,243,212,192,186,194,216,245,276,301,317,322,317,305,291
GS11,82/04/28,280,277,282,294,310,325,334,334,322,301,273,243,218,203,201,211,231,255,281,302,315,319,315,305
GS11,82/04/29,296,289,289,294,303,315,324,328,323,310,289,264,239,219,208,207,216,231,252,272,289,300,304,303
GS11,82/04/30,298,292,288,287,290,296,302,308,309,305,294,279,261,241,226,218,217,223,235,252,269,285,295,301
GS11,82/05/01,304,303,299,295,292,292,295,299,303,304,302,295,284,270,255,241,231,228,230,238,251,268,284,297
GS11,82/05/02,306,309,308,303,296,291,288,288,290,293,298,303,304,300,291,278,263,251,245,244,252,265,282,300
GS11,82/05/03,315,324,326,321,311,299,288,280,278,281,289,299,308,312,311,303,289,273,258,250,249,257,272,292
GS11,82/05/04,312,326,334,332,323,307,290,276,266,264,271,283,299,311,318,317,307,291,271,254,244,243,251,267
GS11,82/05/05,288,307,320,324,318,302,282,261,245,238,241,254,273,294,311,321,320,308,288,267,249,241,243,255
GS11,82/05/06,274,295,314,324,323,310,288,263,240,225,222,231,249,272,296,313,321,317,302,282,263,249,245,252
GS11,82/05/07,269,292,314,329,334,326,307,281,253,231,220,222,237,261,287,310,325,328,319,301,281,262,251,252
GS11,82/05/08,264,284,305,322,330,326,309,283,253,226,209,205,215,236,264,292,315,327,327,315,296,277,261,256
GS11,82/05/09,263,279,300,319,332,332,320,297,266,236,214,203,206,222,247,277,304,322,329,324,310,291,274,264
GS11,82/05/10,264,275,293,313,328,334,328,309,282,251,224,207,203,213,234,263,291,314,327,328,320,304,287,273
GS11,82/05/11,268,273,286,303,319,328,326,313,290,262,234,212,201,203,217,239,266,291,308,317,316,307,294,281
GS11,82/05/12,273,273,282,295,309,321,324,317,300,276,249,225,210,205,212,229,253,277,298,311,315,311,302,290
GS11,82/05/13,281,277,281,290,302,314,320,318,307,289,266,243,226,216,217,228,246,268,288,305,315,317,313,306
GS11,82/05/14,298,292,291,296,305,315,322,324,317,304,285,265,247,233,225,226,235,251,268,285,298,306,308,306
GS11,82/05/15,301,296,292,292,295,300,306,310,309,303,292,277,260,245,235,231,234,242,256,272,287,299,307,310
GS11,82/05/16,310,306,301,296,293,294,297,302,304,304,300,292,280,267,255,246,241,242,248,259,273,288,300,309
GS11,82/05/17,313,313,308,301,294,289,287,288,291,295,298,298,294,287,276,265,256,250,249,254,264,279,294,308
GS11,82/05/18,318,323,321,314,304,293,285,281,281,286,294,300,304,304,298,288,276,264,256,253,257,268,284,301
GS11,82/05/19,316,325,326,320,307,290,275,264,259,262,271,284,297,306,308,303,291,275,261,251,249,255,270,289
GS11,82/05/20,308,324,331,329,316,298,278,260,249,248,257,275,296,316,329,333,328,313,294,277,266,265,274,291
GS11,82/05/21,313,334,348,351,343,323,297,270,249,238,241,257,282,309,332,344,346,336,317,296,278,267,268,279
GS11,82/05/22,299,323,342,351,347,329,301,268,237,217,211,221,245,277,309,335,348,348,334,313,291,275,268,272
GS11,82/05/23,288,312,336,353,358,349,325,291,253,222,204,203,219,248,284,318,343,353,349,333,311,290,276,272
GS11,82/05/24,280,296,318,337,347,345,328,297,258,221,192,179,183,203,235,270,303,327,336,332,318,298,280,268
GS11,82/05/25,268,278,295,314,330,336,329,307,274,236,202,179,171,179,202,235,270,301,322,329,324,311,295,281
GS11,82/05/26,274,277,289,306,323,336,339,328,304,270,234,203,185,181,191,214,245,279,307,325,331,326,314,300
GS11,82/05/27,290,286,290,302,316,330,339,338,324,299,268,237,212,198,197,208,231,259,288,312,327,332,328,318
GS11,82/05/28,307,299,297,302,312,324,335,340,336,323,300,274,247,228,218,219,230,250,273,297,317,329,332,327
GS11,82/05/29,318,309,302,299,302,308,316,323,327,324,314,297,277,256,239,230,230,238,254,275,296,313,323,325
GS11,82/05/30,321,313,303,294,288,288,293,300,307,311,310,304,293,277,261,247,238,237,244,257,274,292,307,317
GS11,82/05/31,319,316,308,296,286,279,276,278,284,291,298,302,302,297,286,274,262,254,252,257,269,286,304,319
GS11,82/06/01,328,331,327,318,305,293,283,279,280,286,296,308,317,322,320,314,303,291,282,278,282,292,307,323
GS11,82/06/02,337,345,345,336,321,302,285,272,265,267,275,290,306,320,328,328,320,307,292,281,277,282,292,308
GS11,82/06/03,325,339,345,343,331,311,289,270,258,254,259,273,291,310,326,335,333,321,305,288,276,273,279,292
GS11,82/06/04,309,324,334,334,325,307,283,258,237,225,225,236,255,279,301,318,326,323,311,294,279,270,270,279
GS11,82/06/05,294,311,325,332,328,313,289,262,235,217,210,216,233,258,284,307,321,324,317,303,286,272,266,269
GS11,82/06/06,281,298,314,325,326,316,297,269,239,215,202,202,214,237,265,292,313,325,324,315,300,284,273,270
GS11,82/06/07,277,292,309,324,331,327,312,286,257,229,209,201,207,225,250,279,304,321,328,324,312,297,283,276
GS11,82/06/08,278,288,304,319,330,332,321,299,270,240,215,201,199,210,231,259,287,310,324,326,319,306,292,280
GS11,82/06/09,277,283,295,311,324,331,327,312,287,258,231,211,203,206,222,246,274,300,319,328,327,318,306,293
GS11,82/06/10,284,284,291,304,319,330,333,326,307,281,253,230,215,210,218,237,263,291,315,330,334,331,321,307
GS11,82/06/11,296,291,293,302,316,329,336,333,320,299,274,250,231,221,222,233,253,276,298,316,327,330,325,315
GS11,82/06/12,304,295,293,297,306,317,326,329,323,310,290,267,247,232,226,230,243,262,283,303,318,326,326,319
GS11,82/06/13,309,300,294,293,297,305,314,320,320,313,300,284,266,250,240,237,242,255,272,291,309,321,326,325
GS11,82/06/14,318,309,300,295,294,298,306,314,320,321,318,309,296,281,268,259,257,262,273,289,306,321,331,334
GS11,82/06/15,332,325,314,302,294,291,293,299,306,313,315,314,307,295,281,268,259,256,260,271,286,303,317,325
GS11,82/06/16,327,321,310,296,282,272,267,267,273,281,290,297,300,297,289,277,266,258,254,258,268,283,299,313
GS11,82/06/17,322,324,318,304,286,269,256,249,249,257,270,285,297,305,305,299,289,277,268,264,269,280,295,311
GS11,82/06/18,324,332,331,319,301,278,257,241,235,239,252,271,292,309,320,322,316,303,289,278,273,277,289,306
GS11,82/06/19,324,338,344,337,320,295,266,240,223,218,226,246,273,300,322,334,335,327,312,296,284,280,285,297
GS11,82/06/20,315,332,344,345,333,309,278,246,219,204,203,217,243,275,306,330,343,344,335,319,303,291,288,295
GS11,82/06/21,311,330,347,356,353,336,307,270,235,208,194,197,216,246,282,316,342,354,354,342,325,308,298,297
GS11,82/06/22,306,323,342,359,366,360,340,308,270,235,210,199,205,226,258,295,328,352,362,361,349,331,314,303
GS11,82/06/23,303,314,332,350,364,367,356,333,299,261,227,204,197,206,230,263,299,330,351,359,356,343,327,314
GS11,82/06/24,307,311,323,339,357,370,372,360,334,300,265,235,218,216,228,252,283,316,343,358,361,354,340,324
GS11,82/06/25,313,309,313,325,341,355,363,361,347,323,292,260,234,220,221,235,259,288,316,338,348,348,341,328
GS11,82/06/26,314,304,302,307,318,332,344,349,346,333,312,286,261,242,234,238,253,276,302,326,344,353,352,343
GS11,82/06/27,331,319,312,312,317,327,337,346,350,347,337,321,302,283,271,267,272,285,304,324,341,353,356,351
GS11,82/06/28,341,328,315,306,303,306,313,321,328,332,331,325,314,301,287,278,275,280,291,306,322,337,346,349
GS11,82/06/29,345,335,320,306,296,291,292,298,306,314,321,325,324,317,307,295,287,284,287,296,309,324,336,343
GS11,82/06/30,343,336,324,307,291,279,272,271,275,284,296,307,315,317,313,305,296,288,285,288,296,309,322,333
GS11,82/07/01,339,338,330,316,298,280,266,258,256,261,272,288,304,316,322,320,313,304,296,293,295,302,312,322
GS11,82/07/02,330,334,332,322,305,284,264,250,242,243,252,267,286,304,317,323,321,313,303,294,290,292,298,308
GS11,82/07/03,319,327,329,324,312,294,273,253,238,232,234,247,266,288,308,322,328,325,317,305,296,292,294,302
GS11,82/07/04,315,328,336,336,326,308,284,258,237,224,221,231,250,274,298,319,331,333,326,314,301,292,289,292
GS11,82/07/05,301,313,323,327,324,312,291,265,240,221,213,216,230,252,279,303,320,328,326,317,304,292,285,284
GS11,82/07/06,291,303,315,325,327,321,303,279,251,226,209,204,213,231,257,283,306,321,327,325,315,302,290,284
GS11,82/07/07,287,297,310,323,330,328,316,295,268,241,218,207,208,223,248,277,304,324,335,335,327,314,300,290
GS11,82/07/08,287,293,305,319,330,334,327,310,284,256,231,214,209,216,234,260,288,313,330,337,333,322,306,291
GS11,82/07/09,283,285,294,309,323,332,333,322,302,274,246,223,210,208,220,241,269,297,319,331,332,324,310,294
GS11,82/07/10,282,279,284,296,311,323,329,325,311,289,262,238,220,213,217,233,256,282,306,323,330,327,316,301
GS11,82/07/11,287,279,278,285,297,310,320,323,316,300,278,256,236,223,220,228,245,268,292,311,322,324,318,306
GS11,82/07/12,293,282,277,279,288,301,315,323,323,314,298,278,258,243,235,238,249,266,287,305,320,327,325,316
GS11,82/07/13,303,289,279,275,277,286,297,307,313,312,304,290,276,261,251,247,250,260,277,296,314,328,333,329
GS11,82/07/14,318,304,290,278,273,274,280,291,301,307,309,305,296,285,273,265,262,265,275,289,307,323,332,333
GS11,82/07/15,326,314,298,281,268,262,263,269,280,292,303,309,309,305,296,286,278,274,277,285,298,313,325,333
GS11,82/07/16,332,324,308,288,268,253,244,243,251,265,281,297,309,313,311,303,294,285,281,283,291,304,319,331
GS11,82/07/17,337,335,324,306,283,260,242,232,231,241,258,279,301,317,326,326,320,310,300,294,293,298,307,319
GS11,82/07/18,330,335,332,319,298,272,246,225,213,213,225,245,271,296,316,328,331,327,317,305,296,293,298,308
GS11,82/07/19,320,332,337,332,317,293,264,234,211,199,200,215,240,269,297,320,334,338,333,322,311,303,302,308
GS11,82/07/20,319,333,344,349,343,326,297,262,229,205,194,198,217,246,280,311,333,345,346,338,325,312,302,299
GS11,82/07/21,306,321,337,349,355,348,328,297,261,228,204,194,201,222,254,290,322,342,352,350,339,324,309,299
GS11,82/07/22,298,307,323,340,353,357,348,325,292,256,225,204,198,207,231,264,298,326,343,347,339,325,308,295
GS11,82/07/23,289,292,303,319,335,346,348,337,314,281,248,220,204,204,218,244,276,306,328,339,338,328,312,296
GS11,82/07/24,285,283,290,303,320,335,343,341,326,303,274,246,225,216,219,236,261,290,316,333,339,334,320,302
GS11,82/07/25,286,278,279,287,301,317,330,336,332,317,295,270,248,235,231,239,257,281,304,323,333,334,325,310
GS11,82/07/26,294,281,275,276,285,299,314,324,328,323,310,293,274,258,249,249,259,275,295,314,327,332,329,318
GS11,82/07/27,303,288,276,270,271,279,290,302,310,313,309,300,288,275,266,262,266,276,290,306,319,326,326,319
GS11,82/07/28,307,292,278,268,264,266,274,283,292,298,301,301,297,290,283,278,277,282,291,302,314,323,327,324
GS11,82/07/29,315,302,288,275,266,261,261,266,273,281,288,294,297,297,295,292,289,288,291,298,307,315,320,321
GS11,82/07/30,319,311,301,287,273,261,253,251,254,262,273,284,293,301,305,305,302,298,296,297,302,309,316,320
GS11,82/07/31,321,318,310,298,282,266,253,244,241,246,256,270,286,300,309,314,313,309,303,300,300,304,309,315
GS11,82/08/01,322,324,320,310,296,279,261,247,239,238,246,260,277,294,309,321,329,331,329,323,317,314,317,327
GS11,82/08/02,344,365,391,406,388,356,323,290,261,239,229,236,253,274,294,309,317,317,311,302,293,288,288,294
GS11,82/08/03,303,313,319,319,312,295,272,247,225,211,207,215,232,255,279,300,313,318,315,305,293,284,280,283
GS11,82/08/04,291,304,315,322,321,310,290,265,238,215,202,203,215,238,265,292,312,323,323,315,302,288,277,275
GS11,82/08/05,282,295,311,323,329,325,309,284,255,228,210,203,210,230,257,286,311,327,331,326,313,297,282,275
GS11,82/08/06,277,289,306,323,335,339,330,310,282,252,226,211,210,223,247,277,305,326,337,337,327,309,291,278
GS11,82/08/07,275,281,297,315,332,342,341,327,302,271,241,219,211,216,234,261,290,315,331,336,329,312,293,277
GS11,82/08/08,268,270,281,299,318,333,338,332,314,287,257,232,218,217,229,252,281,308,327,337,334,321,302,282
GS11,82/08/09,268,263,269,283,303,323,336,337,325,302,276,251,233,226,231,247,271,297,320,334,336,326,308,286
GS11,82/08/10,268,257,256,265,282,301,317,325,323,310,290,268,249,238,237,247,264,286,307,323,330,327,313,294
GS11,82/08/11,275,259,252,253,263,279,297,310,315,313,302,286,270,258,252,254,264,279,297,313,325,327,320,305
GS11,82/08/12,286,268,254,247,249,258,272,287,299,304,303,296,287,277,269,266,270,280,294,308,321,328,326,316
GS11,82/08/13,300,283,265,252,245,246,253,266,280,292,300,302,300,295,290,286,285,287,294,303,314,322,326,323
GS11,82/08/14,314,300,283,264,249,239,238,243,254,267,282,293,301,305,306,304,300,297,296,300,306,314,321,324
GS11,82/08/15,322,314,300,282,262,244,232,226,228,238,255,274,292,306,314,317,315,309,302,299,300,305,313,320
GS11,82/08/16,326,328,323,309,289,265,243,226,218,220,234,255,279,303,322,334,336,331,322,311,305,304,308,318
GS11,82/08/17,330,340,343,337,321,295,266,239,220,211,215,231,257,286,314,334,344,343,333,318,304,295,294,301
GS11,82/08/18,316,333,345,350,344,324,294,259,228,206,199,206,227,258,291,320,339,345,339,323,304,288,279,281
GS11,82/08/19,293,313,333,348,352,342,319,285,249,218,198,194,206,233,267,300,327,342,343,330,309,288,272,267
GS11,82/08/20,275,292,315,337,351,353,340,313,278,242,213,198,201,220,252,288,320,340,346,338,320,297,276,263
GS11,82/08/21,263,275,297,323,346,358,356,339,310,275,243,220,212,221,244,277,311,336,349,347,333,310,286,266
GS11,82/08/22,258,262,278,302,326,345,353,348,329,300,268,241,225,225,240,265,296,324,343,348,338,317,292,268
GS11,82/08/23,253,249,258,276,299,322,337,341,332,312,286,261,242,235,241,260,285,313,334,345,342,327,303,278
GS11,82/08/24,259,248,249,261,280,301,320,331,332,322,304,282,264,255,257,268,286,308,328,341,343,335,317,294
GS11,82/08/25,273,257,250,254,265,281,299,314,322,321,313,299,285,274,270,275,287,304,321,336,343,341,328,310
GS11,82/08/26,289,271,259,255,260,271,285,298,307,312,312,307,300,292,287,286,291,300,313,326,334,336,331,319
GS11,82/08/27,303,286,270,260,257,260,268,279,290,299,306,309,310,308,305,302,303,308,316,325,333,338,337,331
GS11,82/08/28,321,308,293,279,268,262,263,267,275,285,295,303,310,315,316,314,312,310,310,313,318,323,326,326
GS11,82/08/29,324,317,306,291,277,264,256,253,256,263,275,288,302,313,321,323,320,316,311,308,309,312,317,323
GS11,82/08/30,326,325,320,309,294,277,261,250,245,247,258,275,296,315,330,338,338,332,321,311,305,304,307,314
GS11,82/08/31,323,330,331,324,310,290,269,249,236,231,238,253,275,300,322,336,341,336,324,310,300,294,296,305
GS11,82/09/01,317,330,338,338,328,310,286,261,241,9999,9999,9999,9999,9999,9999,9999,9999,9999,9999,9999,9999,9999,9999,9999
GS11,82/09/02,9999,9999,9999,9999,9999,9999,9999,9999,9999,9999,9999,9999,9999,9999,9999,9999,9999,9999,9999,9999,9999,9999,9999,9999
GS11,82/09/03,9999,9999,9999,9999,9999,9999,9999,9999,267,243,228,225,238,264,296,325,348,358,354,339,318,295,278,276
GS11,82/09/04,286,308,334,356,372,373,363,338,307,276,255,247,256,278,309,339,369,386,386,370,345,322,301,287
GS11,82/09/05,288,304,326,353,376,385,380,355,325,294,263,246,243,256,282,317,348,371,376,364,344,321,298,279
GS11,82/09/06,273,281,304,329,353,373,384,371,346,317,285,264,252,256,274,301,329,353,367,368,355,332,304,280
GS11,82/09/07,266,266,279,303,330,355,371,373,360,337,308,282,265,261,270,290,315,340,358,365,360,342,317,290
GS11,82/09/08,268,258,260,274,296,321,342,352,351,339,320,299,281,271,272,283,303,325,343,354,354,341,320,295
GS11,82/09/09,271,253,246,251,265,287,310,327,336,336,327,312,296,284,280,285,297,314,330,342,347,342,327,306
GS11,82/09/10,283,262,249,246,253,267,286,305,318,325,325,320,311,302,296,296,302,312,324,335,342,343,336,322
GS11,82/09/11,302,280,261,249,244,249,261,277,293,307,317,323,323,319,314,311,312,316,323,331,338,342,340,335
GS11,82/09/12,324,308,289,271,258,253,256,265,280,297,314,329,340,347,353,356,360,366,374,383,386,380,367,357
GS11,82/09/13,348,333,315,295,275,258,245,240,242,251,266,284,302,317,327,330,328,321,314,309,308,309,313,319
GS11,82/09/14,325,327,322,308,289,266,246,231,224,227,240,260,285,309,328,338,338,330,316,301,291,289,293,303
GS11,82/09/15,317,329,336,331,316,288,265,240,224,217,223,245,267,296,322,340,346,340,325,308,294,286,286,294
GS11,82/09/16,310,329,345,353,349,331,302,271,243,224,219,228,251,282,314,340,354,353,340,319,297,280,272,275
GS11,82/09/17,288,310,334,353,360,353,332,301,267,240,224,224,238,265,298,328,350,358,350,329,303,278,261,257
GS11,82/09/18,266,288,315,341,358,361,350,326,293,260,235,224,229,249,278,311,338,353,353,338,314,285,260,247
GS11,82/09/19,249,264,288,315,340,356,357,343,318,287,258,239,236,247,270,300,329,348,355,348,328,300,271,250
GS11,82/09/20,243,251,270,297,324,345,355,351,337,314,288,267,255,258,275,299,326,347,358,356,341,316,287,261
GS11,82/09/21,246,246,259,280,306,328,344,349,342,326,304,281,267,265,275,294,316,336,348,349,338,318,291,265
GS11,82/09/22,246,239,244,259,281,305,325,336,338,329,315,298,284,277,280,291,308,325,339,345,339,323,300,275
GS11,82/09/23,254,243,243,251,266,285,303,316,322,321,315,305,293,285,284,290,303,318,331,339,339,330,315,296
GS11,82/09/24,277,262,256,259,268,282,297,309,317,321,320,315,307,300,297,299,307,317,328,336,339,335,322,306
GS11,82/09/25,288,272,261,255,257,265,278,292,305,315,320,321,319,315,312,311,312,315,321,326,330,330,325,315
GS11,82/09/26,302,289,276,266,261,261,265,273,283,292,301,308,313,315,315,313,311,309,309,311,314,315,314,310
GS11,82/09/27,305,296,285,273,261,252,248,250,255,263,275,288,300,309,315,316,313,307,301,298,296,297,300,302
GS11,82/09/28,303,302,297,287,274,261,250,243,243,250,263,280,298,313,323,327,325,316,306,297,292,291,295,303
GS11,82/09/29,311,317,316,307,292,274,256,242,234,236,248,266,287,307,324,333,333,323,308,294,283,280,284,293
GS11,82/09/30,306,318,325,324,314,295,273,251,235,229,235,252,276,302,324,337,340,331,314,295,278,269,269,280
GS11,82/10/01,298,318,334,340,334,316,291,264,242,229,229,241,264,292,317,336,342,336,320,298,275,259,254,261
GS11,82/10/02,280,304,327,341,343,332,310,281,254,234,228,236,255,283,313,338,351,350,335,310,283,261,249,252
GS11,82/10/03,268,295,324,348,360,357,340,312,282,257,242,241,254,279,311,340,359,362,350,325,295,266,245,238
GS11,82/10/04,247,269,301,332,354,362,354,332,302,272,250,240,245,262,289,321,346,358,352,331,300,266,238,223
GS11,82/10/05,224,239,266,297,326,346,350,338,315,287,262,247,246,259,283,312,338,353,353,339,312,279,248,225
GS11,82/10/06,218,227,249,279,310,335,348,346,332,308,284,266,258,262,278,303,328,347,354,346,326,296,265,238
GS11,82/10/07,223,222,235,258,287,316,336,345,342,329,311,293,282,280,288,305,325,343,354,355,343,322,293,265
GS11,82/10/08,243,232,234,248,271,298,323,341,349,347,338,325,315,310,313,322,335,349,361,367,364,351,330,304
GS11,82/10/09,279,262,255,259,272,291,313,335,353,362,363,357,348,341,338,340,346,354,363,371,371,362,344,322
GS11,82/10/10,299,279,263,256,257,266,281,299,317,333,342,344,340,334,329,328,329,332,336,341,344,344,338,327
GS11,82/10/11,311,293,274,259,251,249,254,265,278,293,308,319,327,329,328,326,323,320,318,318,320,323,325,326
GS11,82/10/12,323,314,300,283,266,252,245,244,251,264,282,301,319,331,336,332,323,312,301,294,293,296,304,313
GS11,82/10/13,319,320,314,301,282,262,243,231,228,235,250,272,294,313,325,328,322,309,293,280,272,272,280,294
GS11,82/10/14,311,323,328,321,305,283,260,241,229,228,239,260,287,314,334,343,340,325,303,281,265,259,265,280
GS11,82/10/15,301,322,339,344,337,318,291,263,241,231,235,252,279,309,336,351,353,340,317,290,264,248,246,258
GS11,82/10/16,282,312,337,353,356,345,321,292,265,245,239,248,271,302,334,356,363,353,330,300,270,247,238,245
GS11,82/10/17,265,293,323,348,362,360,345,320,291,268,255,257,273,300,330,355,367,364,346,317,284,255,237,234
GS11,82/10/18,248,276,309,340,361,367,358,337,310,284,266,262,272,293,320,345,362,365,352,326,293,261,236,224
GS11,82/10/19,229,249,279,313,341,357,359,348,327,304,284,272,273,288,314,342,363,372,365,345,317,287,259,242
GS11,82/10/20,241,256,281,312,341,362,372,370,356,334,312,296,290,297,315,338,359,372,374,361,336,305,273,249
GS11,82/10/21,237,240,256,280,309,335,353,359,354,340,322,305,296,297,308,326,345,360,366,358,339,311,281,255
GS11,82/10/22,237,232,237,253,276,301,322,335,338,331,318,304,294,290,295,307,322,337,347,348,338,319,295,271
GS11,82/10/23,252,241,240,249,266,287,308,325,335,337,331,322,313,307,307,313,324,336,346,350,345,332,313,291
GS11,82/10/24,271,257,251,254,264,280,297,313,325,331,331,326,320,315,313,314,319,326,333,337,337,332,321,304
GS11,82/10/25,287,272,261,254,253,259,270,284,298,311,320,326,327,325,322,319,317,318,320,322,324,325,321,312
GS11,82/10/26,302,289,276,265,257,255,257,264,274,286,298,308,315,317,316,311,305,299,296,295,298,302,306,307
GS11,82/10/27,305,299,287,274,261,252,247,249,255,268,285,302,316,324,326,321,311,298,288,282,281,285,293,301
GS11,82/10/28,307,308,303,292,279,265,254,248,248,257,273,294,314,329,336,334,323,306,289,276,270,273,282,295
GS11,82/10/29,309,318,321,315,302,284,266,251,245,247,260,279,302,9999,9999,9999,9999,9999,9999,9999,9999,9999,9999,9999
GS11,82/10/30,9999,9999,9999,9999,9999,9999,9999,9999,9999,9999,247,264,289,314,334,343,338,322,298,272,250,239,241,257
GS11,82/10/31,282,308,329,340,338,324,304,279,259,247,247,261,285,312,337,352,353,339,314,284,254,234,228,238
GS11,82/11/01,261,292,321,342,352,347,331,310,287,268,258,261,277,301,329,350,360,355,335,304,270,239,221,218
GS11,82/11/02,231,257,290,320,342,352,347,330,308,284,267,261,268,287,311,336,352,354,340,313,278,242,215,202
GS11,82/11/03,207,228,260,294,324,343,349,341,324,302,282,269,268,279,300,324,343,352,346,325,293,257,224,202
GS11,82/11/04,195,205,230,264,299,326,342,343,334,318,300,284,277,280,294,315,335,349,351,340,316,283,248,219
GS11,82/11/05,202,201,216,242,274,306,330,344,346,339,325,309,297,293,299,313,329,343,350,345,329,304,273,244
GS11,82/11/06,220,208,209,222,246,274,301,321,332,332,326,317,307,302,302,308,319,330,338,340,333,317,294,268
GS11,82/11/07,244,226,217,219,232,253,277,300,316,324,326,324,318,312,308,309,313,320,328,334,334,329,316,298
GS11,82/11/08,278,259,243,235,235,243,259,278,297,312,320,323,321,318,314,311,309,309,310,314,318,318,315,307
GS11,82/11/09,295,280,263,249,240,239,245,258,275,294,309,319,324,324,321,315,309,304,301,302,305,311,317,320
GS11,82/11/10,318,310,296,281,268,260,257,261,271,286,303,318,328,333,331,325,316,307,300,296,297,304,314,324
GS11,82/11/11,331,333,328,316,302,287,277,272,276,287,304,322,337,347,351,347,337,323,308,296,290,291,298,309
GS11,82/11/12,322,332,336,331,317,300,282,269,262,265,277,295,314,330,339,339,329,311,289,270,257,254,261,275
GS11,82/11/13,295,314,329,333,327,313,294,276,264,261,268,283,304,323,336,340,333,315,290,265,246,236,238,251
GS11,82/11/14,272,296,318,332,335,328,312,293,277,268,269,280,298,319,336,344,342,327,303,275,250,232,225,231
GS11,82/11/15,250,275,301,323,335,336,327,310,292,277,269,274,288,309,329,344,347,337,316,287,257,233,219,219
GS11,82/11/16,232,256,286,313,334,343,340,328,310,291,278,274,282,299,319,337,346,343,326,299,267,238,218,211
GS11,82/11/17,219,239,266,295,319,335,340,335,320,302,286,278,280,293,312,331,343,344,332,310,281,250,225,211
GS11,82/11/18,210,222,244,272,300,322,334,335,326,311,295,283,280,288,304,322,335,341,335,319,294,266,238,218
GS11,82/11/19,210,214,231,257,285,310,326,332,329,320,307,295,288,290,300,315,330,340,341,331,311,286,260,237
GS11,82/11/20,222,219,227,245,270,295,315,327,329,324,313,301,293,292,298,310,325,335,339,334,319,298,273,250
GS11,82/11/21,231,222,224,236,255,277,298,313,320,320,314,304,296,292,294,301,312,322,328,327,320,305,284,262
GS11,82/11/22,242,230,227,234,247,265,283,299,311,317,318,314,308,302,299,301,307,314,321,325,325,318,304,287
GS11,82/11/23,270,256,247,245,251,262,276,290,304,314,318,318,315,311,306,303,302,304,308,312,315,314,309,300
GS11,82/11/24,288,275,263,256,255,258,266,279,293,307,319,325,326,323,316,308,300,294,292,293,295,299,300,298
GS11,82/11/25,293,285,275,264,256,252,254,260,271,285,300,311,317,318,313,304,293,282,275,271,273,278,285,290
GS11,82/11/26,293,290,284,274,263,254,249,250,257,269,285,301,313,320,320,312,298,282,268,258,256,261,273,287
GS11,82/11/27,299,306,304,296,283,269,258,252,254,263,279,297,315,327,331,324,308,286,263,245,236,238,250,269
GS11,82/11/28,290,307,317,315,305,290,273,260,254,257,270,290,313,331,340,337,321,297,269,243,226,222,231,251
GS11,82/11/29,277,302,321,328,325,313,295,277,265,261,269,288,311,334,349,353,343,320,289,256,230,216,218,236
GS11,82/11/30,265,300,331,353,361,357,343,326,309,296,293,302,320,343,364,375,368,346,312,273,236,208,196,200
GS11,82/12/01,221,252,288,319,340,347,341,326,306,289,278,278,290,312,336,354,359,349,325,288,248,212,189,183
GS11,82/12/02,195,221,257,294,325,343,347,340,324,305,288,281,286,304,327,349,361,360,342,311,272,232,200,181
GS11,82/12/03,180,197,227,264,301,330,346,347,337,319,300,286,282,290,307,328,346,355,349,330,299,261,224,196
GS11,82/12/04,182,185,204,234,269,302,327,339,338,325,308,292,284,284,295,313,333,349,353,343,321,290,254,221
GS11,82/12/05,198,190,195,213,241,274,303,323,332,330,319,304,292,286,290,300,315,329,339,341,333,315,290,262
GS11,82/12/06,236,217,211,218,235,258,283,306,321,328,326,317,306,298,294,296,304,314,323,328,327,318,302,281
GS11,82/12/07,257,236,223,219,224,239,260,283,304,318,323,320,311,301,293,288,289,294,301,308,314,314,308,297
GS11,82/12/08,281,263,246,235,231,236,249,268,287,303,312,315,311,303,293,284,277,274,274,278,284,291,294,294
GS11,82/12/09,289,279,266,254,245,241,246,257,273,290,305,315,317,314,306,295,283,273,268,268,272,280,289,297
GS11,82/12/10,303,303,297,287,275,266,264,267,277,291,307,320,330,333,330,319,304,286,271,261,258,263,274,288
GS11,82/12/11,301,310,314,310,302,292,283,279,282,292,306,322,337,346,348,342,328,308,287,270,260,259,267,282
GS11,82/12/12,300,318,330,335,332,324,314,304,298,299,307,320,336,349,356,355,344,324,299,275,257,248,249,261
GS11,82/12/13,281,303,324,337,341,336,325,311,299,293,295,305,320,336,348,350,342,322,296,267,242,226,222,230
GS11,82/12/14,248,274,301,322,334,337,330,317,302,290,286,290,303,320,337,346,345,332,309,278,247,224,212,214
GS11,82/12/15,229,253,282,310,330,340,338,328,313,299,289,287,294,310,327,341,345,337,318,290,259,231,212,207
GS11,82/12/16,216,236,264,293,318,334,340,335,322,307,293,286,289,300,317,334,343,343,329,305,274,244,220,208
GS11,82/12/17,210,225,250,280,308,331,343,345,338,324,310,299,297,304,319,335,348,353,346,327,300,269,240,220
GS11,82/12/18,212,220,238,263,291,315,331,337,333,322,308,296,289,291,302,317,331,340,338,324,301,272,243,219
GS11,82/12/19,206,206,219,241,267,294,314,325,327,320,307,293,283,281,288,301,316,328,332,324,307,283,256,232
GS11,82/12/20,215,209,215,230,253,277,300,317,324,322,312,299,288,282,283,290,301,313,320,319,311,295,273,250
GS11,82/12/21,231,218,214,221,237,259,282,302,314,318,314,304,293,285,281,283,291,301,309,313,311,303,288,270
GS11,82/12/22,250,235,228,229,239,256,277,298,314,323,324,318,310,300,293,290,293,300,308,315,319,317,308,295
GS11,82/12/23,280,266,255,251,255,265,281,299,315,326,329,326,319,308,298,290,285,284,286,290,295,296,294,288
GS11,82/12/24,278,268,259,252,251,255,265,279,295,309,318,321,318,311,301,290,279,273,270,272,278,286,292,294
GS11,82/12/25,293,288,280,271,264,261,263,271,282,296,308,316,319,316,307,293,278,264,255,252,256,266,278,289
GS11,82/12/26,297,299,297,291,284,277,274,276,284,297,310,323,332,334,329,317,300,282,265,254,252,260,274,291
GS11,82/12/27,308,320,325,324,317,307,297,290,290,297,309,323,336,345,345,335,315,290,264,242,230,230,241,261
GS11,82/12/28,284,307,324,332,329,319,306,293,285,283,290,302,318,332,340,338,324,299,268,237,213,202,205,221
GS11,82/12/29,247,277,305,325,334,332,323,309,296,288,289,298,313,330,345,350,343,322,291,256,224,202,194,202
GS11,82/12/30,224,256,290,319,339,346,343,332,317,304,297,298,308,325,344,357,359,347,322,286,247,213,191,185
GS11,82/12/31,197,224,259,294,324,344,350,344,330,313,299,293,298,312,331,349,360,358,341,310,271,231,199,180
