GS11,78/01/01,280,264,257,258,270,289,309,327,341,346,342,330,316,301,291,286,288,295,303,311,318,320,314,304
GS11,78/01/02,289,275,262,256,257,268,285,303,319,328,332,326,314,300,286,276,271,270,276,285,294,302,306,306
GS11,78/01/03,300,291,282,275,272,275,286,300,318,332,340,337,329,317,302,288,274,265,262,264,272,282,292,299
GS11,78/01/04,302,301,295,287,280,276,279,287,300,314,324,330,329,322,310,294,278,262,252,249,253,263,276,289
GS11,78/01/05,301,310,312,308,301,292,287,286,291,302,314,324,331,332,326,313,293,272,252,239,233,237,249,268
GS11,78/01/06,287,306,318,322,317,308,298,290,287,292,302,314,326,333,334,326,308,283,256,232,217,212,218,235
GS11,78/01/07,260,286,310,325,329,324,312,300,289,284,288,298,311,324,334,334,322,299,268,237,212,197,193,204
GS11,78/01/08,228,259,291,317,332,335,329,314,297,284,281,286,301,318,336,347,347,333,305,270,235,210,195,194
GS11,78/01/09,209,237,272,305,331,345,347,337,321,303,291,288,298,316,336,354,362,357,337,305,268,233,207,195
GS11,78/01/10,199,218,250,286,318,341,350,345,330,309,290,278,279,291,311,333,349,355,345,321,288,251,217,194
GS11,78/01/11,188,197,221,255,290,320,339,343,335,317,297,278,270,275,292,315,338,355,357,346,320,289,254,224
GS11,78/01/12,208,207,221,247,277,309,332,344,343,331,310,288,274,269,276,294,315,334,344,341,327,303,272,243
GS11,78/01/13,222,213,218,235,261,291,319,338,344,338,321,300,279,268,267,276,293,311,327,335,333,321,298,272
GS11,78/01/14,250,237,235,245,263,288,315,335,345,343,331,313,293,276,266,268,277,292,306,319,324,319,305,287
GS11,78/01/15,269,252,245,247,259,277,298,318,333,339,333,319,301,284,271,263,264,271,284,296,306,309,306,298
GS11,78/01/16,285,274,265,261,265,275,289,305,318,325,326,319,308,294,280,269,264,263,269,277,287,295,297,296
GS11,78/01/17,291,284,276,270,271,277,286,299,311,320,324,322,314,304,289,273,263,256,253,258,265,275,284,291
GS11,78/01/18,295,295,292,287,283,283,288,295,304,313,320,324,323,317,308,295,281,267,257,253,256,265,275,287
GS11,78/01/19,297,305,310,308,304,301,300,301,305,311,318,323,327,327,321,310,293,274,257,247,242,246,256,270
GS11,78/01/20,284,299,309,313,312,307,302,297,296,299,305,312,320,326,326,319,305,287,265,244,232,230,237,251
GS11,78/01/21,271,291,309,320,322,319,312,305,300,298,305,314,325,337,344,344,335,317,293,267,246,236,236,245
GS11,78/01/22,265,287,310,327,334,333,327,315,303,296,295,300,309,322,332,338,334,319,294,266,241,223,216,221
GS11,78/01/23,237,261,287,309,324,328,324,313,299,287,282,282,292,308,325,338,341,332,312,284,254,229,215,212
GS11,78/01/24,223,247,278,307,330,341,341,333,319,304,294,290,297,313,332,351,362,361,347,324,293,263,240,229
GS11,78/01/25,233,250,277,307,331,348,352,345,331,312,294,283,284,296,315,335,352,356,349,327,297,266,237,219
GS11,78/01/26,215,227,251,282,312,334,346,343,330,311,292,276,271,279,297,318,340,353,353,340,316,286,256,234
GS11,78/01/27,225,231,252,281,313,339,357,359,350,331,308,288,275,275,287,306,327,344,350,345,329,303,274,248
GS11,78/01/28,230,227,238,258,287,314,336,344,342,327,306,285,268,261,267,283,302,322,336,340,332,315,290,264
GS11,78/01/29,243,235,237,252,276,302,326,341,344,336,317,295,275,262,260,268,283,302,318,329,330,320,302,280
GS11,78/01/30,260,247,243,251,268,293,317,335,344,340,327,307,288,272,263,263,272,286,302,315,322,322,313,297
GS11,78/01/31,280,266,256,255,265,281,301,318,330,334,328,314,295,276,263,256,256,263,275,288,300,307,309,304
GS11,78/02/01,294,284,275,269,271,281,294,310,323,332,332,324,310,291,275,261,254,251,255,262,273,284,294,298
GS11,78/02/02,298,294,288,281,279,282,290,300,311,320,327,326,320,307,291,275,261,249,242,244,251,263,276,289
GS11,78/02/03,298,303,303,299,293,289,289,292,300,309,319,325,325,320,307,290,270,251,235,225,222,229,243,261
GS11,78/02/04,280,295,305,308,305,299,292,287,287,292,301,312,320,322,320,309,291,267,243,223,211,209,219,237
GS11,78/02/05,260,285,305,317,321,317,308,296,288,285,291,302,315,329,335,333,321,298,268,240,216,203,203,217
GS11,78/02/06,241,270,299,321,334,335,325,310,293,283,283,290,306,324,341,350,348,333,306,273,241,217,206,208
GS11,78/02/07,225,255,287,318,339,348,343,327,304,285,275,276,287,308,331,350,360,354,331,300,263,231,208,199
GS11,78/02/08,206,228,261,295,323,341,344,334,312,289,269,260,263,280,303,328,346,351,341,316,281,244,213,197
GS11,78/02/09,194,208,236,269,301,327,338,333,318,292,268,250,244,253,274,300,325,342,344,331,305,272,242,218
GS11,78/02/10,207,213,234,265,297,328,346,349,340,317,293,270,257,256,269,292,317,338,347,344,328,300,270,241
GS11,78/02/11,225,221,233,256,284,313,334,343,338,319,295,271,251,243,247,263,286,309,325,331,324,307,282,257
GS11,78/02/12,238,227,233,247,269,296,319,333,334,324,303,280,257,241,238,248,264,285,304,317,319,313,297,277
GS11,78/02/13,260,249,247,256,273,294,315,331,338,332,316,295,273,253,243,245,254,270,286,300,309,309,302,289
GS11,78/02/14,276,264,260,262,272,287,304,319,329,328,320,306,286,269,256,249,250,258,269,284,295,303,303,298
GS11,78/02/15,291,284,279,277,282,290,302,314,323,327,325,316,302,287,272,261,256,256,262,270,281,291,300,302
GS11,78/02/16,302,300,296,294,294,297,305,313,321,327,329,326,320,307,293,281,269,262,260,262,269,278,289,296
GS11,78/02/17,302,306,306,303,301,300,301,306,313,319,324,328,327,322,312,299,284,270,260,256,257,265,275,288
GS11,78/02/18,301,311,319,320,317,313,309,306,307,312,318,324,330,331,328,318,303,284,266,252,244,245,254,269
GS11,78/02/19,285,302,315,320,319,313,306,299,296,296,302,311,321,330,334,331,319,299,277,257,242,236,241,254
GS11,78/02/20,273,294,313,325,328,325,315,304,294,288,289,299,312,326,338,341,337,320,296,270,250,237,234,244
GS11,78/02/21,262,286,310,329,339,340,330,315,300,287,283,288,301,318,335,344,345,332,310,281,254,232,221,225
GS11,78/02/22,240,266,294,318,335,340,333,318,300,282,272,272,282,301,322,340,350,346,329,303,273,246,227,223
GS11,78/02/23,231,253,281,310,333,345,343,330,311,289,272,263,269,284,305,325,340,345,334,312,282,251,226,215
GS11,78/02/24,216,232,261,290,316,333,337,326,306,280,259,247,246,257,278,303,325,338,338,323,296,268,239,221
GS11,78/02/25,215,224,248,277,305,327,338,333,315,292,268,250,242,248,264,289,314,333,340,335,317,290,262,239
GS11,78/02/26,226,228,243,269,297,320,335,336,323,300,274,251,236,235,245,266,290,312,327,331,321,303,278,255
GS11,78/02/27,238,234,244,263,289,313,331,339,333,316,292,266,246,238,241,256,276,299,318,329,328,318,298,277
GS11,78/02/28,259,248,248,260,278,300,320,333,332,321,301,276,254,238,234,240,255,276,297,315,326,327,321,310
GS11,78/03/01,294,281,274,277,288,302,318,329,332,324,308,288,266,246,232,229,234,244,260,276,288,296,297,292
GS11,78/03/02,284,276,270,268,273,283,296,309,318,318,311,297,279,260,243,232,228,230,239,252,266,278,287,292
GS11,78/03/03,292,290,286,281,280,283,291,300,309,314,316,311,300,285,269,254,243,236,236,240,252,265,280,294
GS11,78/03/04,303,308,309,305,301,297,297,299,305,310,315,318,317,310,298,282,265,250,239,233,235,244,259,277
GS11,78/03/05,295,307,316,318,314,306,300,294,292,295,301,309,317,318,313,303,286,265,245,228,220,221,232,249
GS11,78/03/06,270,292,308,316,315,307,295,283,274,271,277,288,301,313,319,317,304,284,259,237,217,208,211,225
GS11,78/03/07,248,273,299,315,322,318,305,286,270,260,259,269,285,302,318,326,322,307,282,253,226,207,202,208
GS11,78/03/08,227,255,284,308,322,323,312,293,271,252,242,245,259,281,303,320,327,321,303,275,245,217,201,200
GS11,78/03/09,211,236,265,295,315,323,317,299,275,250,232,227,235,256,282,308,325,331,321,299,268,240,218,207
GS11,78/03/10,213,231,259,290,317,333,334,322,299,273,250,238,240,258,285,317,349,369,372,353,322,292,264,247
GS11,78/03/11,241,251,271,298,323,341,349,340,319,291,264,244,237,244,262,287,314,333,342,337,320,295,270,249
GS11,78/03/12,239,244,260,284,309,331,344,342,325,300,274,249,236,234,246,268,294,317,330,333,324,306,284,263
GS11,78/03/13,250,250,259,276,298,319,332,334,325,304,279,254,235,227,232,249,272,294,314,324,324,313,297,279
GS11,78/03/14,264,257,260,272,291,310,326,333,329,315,295,272,251,237,233,241,257,277,296,311,317,314,304,290
GS11,78/03/15,277,269,268,275,288,304,318,327,328,320,306,286,264,247,237,236,245,260,275,291,302,306,304,297
GS11,78/03/16,288,282,278,279,287,297,309,319,323,320,311,296,279,263,250,243,242,249,259,270,282,290,297,295
GS11,78/03/17,292,288,286,284,287,292,299,307,312,311,307,299,287,274,260,251,243,242,245,253,263,272,281,286
GS11,78/03/18,288,288,287,285,284,284,287,291,294,297,298,296,291,282,271,260,249,241,238,238,245,255,266,277
GS11,78/03/19,286,293,297,298,297,294,292,292,294,298,302,305,306,303,298,288,276,263,250,242,241,247,258,271
GS11,78/03/20,285,298,304,305,302,295,287,279,275,275,279,285,294,299,301,296,285,270,252,237,229,228,237,252
GS11,78/03/21,270,288,302,309,308,301,289,275,265,261,264,273,286,298,308,310,303,290,271,250,234,227,232,247
GS11,78/03/22,269,293,317,332,338,332,320,303,287,276,275,283,299,316,331,342,340,328,307,283,260,243,240,247
GS11,78/03/23,267,291,316,334,343,339,325,304,283,266,259,264,280,301,324,342,349,340,320,295,267,244,232,236
GS11,78/03/24,251,278,306,330,344,341,330,306,281,257,242,241,251,272,297,321,338,338,326,303,273,246,227,221
GS11,78/03/25,230,252,279,308,328,334,326,307,278,251,229,220,225,244,271,299,323,337,334,318,293,265,240,226
GS11,78/03/26,229,244,270,298,324,338,338,321,296,265,237,219,216,227,250,280,310,330,339,330,311,285,259,238
GS11,78/03/27,230,236,254,280,307,326,333,324,302,272,241,215,204,205,223,250,280,308,324,328,319,300,277,256
GS11,78/03/28,244,243,255,277,301,324,337,336,323,299,270,243,225,219,229,248,275,304,324,336,337,325,309,289
GS11,78/03/29,272,265,267,279,297,316,330,336,328,311,285,259,237,221,218,228,246,269,292,310,319,320,312,298
GS11,78/03/30,285,274,271,276,289,306,322,333,334,323,306,283,261,240,230,230,239,254,275,295,310,318,319,314
GS11,78/03/31,305,295,288,286,291,301,313,324,331,328,318,302,281,262,245,236,235,239,251,268,285,299,309,312
GS11,78/04/01,310,305,298,292,290,292,298,306,312,313,310,303,291,275,259,245,233,228,230,239,251,265,277,289
GS11,78/04/02,297,300,299,294,288,283,281,283,287,291,295,296,295,288,276,263,250,238,230,229,234,246,261,279
GS11,78/04/03,295,309,316,316,311,303,295,291,293,301,308,313,318,319,316,305,289,273,254,242,238,242,253,272
GS11,78/04/04,292,309,322,327,322,310,294,280,270,269,276,287,301,312,318,314,300,282,260,240,228,224,230,247
GS11,78/04/05,268,292,311,322,319,308,289,268,250,242,242,257,275,295,311,319,316,302,281,257,238,225,223,234
GS11,78/04/06,255,281,306,323,328,321,304,281,257,241,236,243,264,290,316,336,348,344,327,302,276,255,245,247
GS11,78/04/07,261,283,309,329,339,337,321,297,269,244,229,231,245,267,294,318,332,336,327,305,280,257,240,237
GS11,78/04/08,247,266,292,314,330,335,325,304,274,245,224,216,223,244,271,299,321,333,332,318,296,272,250,240
GS11,78/04/09,243,258,281,305,325,334,331,313,285,254,228,213,214,227,253,283,309,330,337,330,313,291,268,253
GS11,78/04/10,250,260,278,299,320,334,336,326,301,271,243,219,211,217,236,265,293,318,332,334,323,305,283,266
GS11,78/04/11,258,259,272,291,310,330,337,331,313,287,258,232,216,213,225,248,277,305,324,334,329,318,302,287
GS11,78/04/12,276,274,283,298,318,335,348,349,337,318,292,266,244,235,239,252,275,297,317,331,336,329,318,303
GS11,78/04/13,292,284,285,294,307,320,332,337,330,315,294,272,250,236,231,236,251,270,290,306,315,317,310,300
GS11,78/04/14,291,283,281,284,293,304,313,319,318,309,295,277,257,241,232,231,237,250,266,282,295,302,302,300
GS11,78/04/15,295,290,286,285,289,294,301,307,309,306,298,288,274,262,250,244,244,249,259,271,283,293,299,300
GS11,78/04/16,299,297,293,289,287,288,290,294,297,297,296,292,285,276,265,255,250,248,250,258,269,281,292,300
GS11,78/04/17,306,308,306,301,295,288,286,284,285,286,289,291,289,286,278,268,258,249,242,242,249,260,273,286
GS11,78/04/18,298,304,305,300,292,281,272,266,263,266,273,281,288,291,290,284,273,261,251,246,249,259,275,293
GS11,78/04/19,310,321,326,324,314,300,285,272,264,264,270,280,292,302,308,307,298,283,265,252,245,248,257,274
GS11,78/04/20,295,313,326,328,320,307,288,271,258,253,258,270,288,305,318,324,318,305,286,266,250,244,247,260
GS11,78/04/21,280,300,317,325,323,310,292,269,248,235,235,245,266,290,312,327,331,321,303,280,257,242,240,250
GS11,78/04/22,269,292,313,328,329,319,298,271,243,223,215,221,239,266,293,316,330,329,316,294,270,248,235,236
GS11,78/04/23,251,275,299,319,328,322,304,277,245,218,201,199,211,237,268,298,321,330,328,311,288,263,246,239
GS11,78/04/24,247,266,291,315,330,333,321,297,266,235,209,198,200,219,249,281,311,332,339,331,314,293,271,257
GS11,78/04/25,255,266,287,310,330,341,338,320,290,257,227,206,199,207,229,259,290,316,333,336,328,310,287,269
GS11,78/04/26,259,262,276,296,315,331,334,324,300,270,237,209,193,189,201,225,254,282,305,318,321,312,296,279
GS11,78/04/27,266,264,270,284,302,318,327,326,313,289,261,232,211,201,203,217,239,265,290,310,321,322,314,302
GS11,78/04/28,290,281,279,287,301,317,328,335,331,315,294,268,242,224,216,220,231,249,272,294,310,318,317,311
GS11,78/04/29,302,292,284,282,289,300,312,319,321,315,302,283,263,243,229,223,226,236,252,271,290,305,313,316
GS11,78/04/30,313,306,298,292,290,293,300,307,312,313,310,301,288,273,259,246,239,239,245,256,271,287,300,309
GS11,78/05/01,315,313,307,299,290,285,283,286,292,297,302,304,301,292,282,268,256,248,245,248,257,271,286,301
GS11,78/05/02,312,318,317,310,297,286,277,272,275,282,291,301,309,310,306,295,281,264,252,246,248,256,270,285
GS11,78/05/03,301,312,315,310,297,280,264,251,246,249,258,272,286,298,303,300,290,276,260,249,244,246,257,273
GS11,78/05/04,290,306,314,313,303,285,265,245,232,228,235,250,270,289,303,309,306,293,277,260,248,244,248,261
GS11,78/05/05,279,298,311,317,311,295,272,247,226,215,216,229,249,273,295,309,314,308,293,275,257,248,246,256
GS11,78/05/06,272,293,310,320,319,305,282,253,223,203,197,203,223,249,275,297,311,311,302,283,264,248,239,242
GS11,78/05/07,256,275,295,311,317,310,291,264,234,208,193,193,207,231,259,286,307,315,311,298,279,262,250,246
GS11,78/05/08,255,271,290,308,319,317,303,279,247,217,196,188,195,215,241,272,297,314,318,311,296,280,263,255
GS11,78/05/09,258,271,289,309,325,330,324,307,279,248,221,204,202,215,238,266,296,318,328,328,317,301,284,271
GS11,78/05/10,268,275,289,307,324,334,331,318,296,267,237,215,204,211,227,252,281,305,322,327,322,312,295,280
GS11,78/05/11,272,274,284,299,316,327,330,321,301,276,248,223,208,206,216,235,260,284,304,316,318,311,298,284
GS11,78/05/12,273,270,276,287,300,312,318,317,305,284,261,237,220,210,213,224,243,266,286,301,307,305,297,286
GS11,78/05/13,275,269,269,275,285,296,304,307,300,287,269,249,230,217,213,218,231,250,269,287,299,303,300,293
GS11,78/05/14,284,277,274,274,280,288,297,303,302,296,284,270,254,241,231,228,235,246,263,280,294,304,306,303
GS11,78/05/15,298,291,285,282,282,285,290,296,300,300,296,288,277,265,255,246,241,244,253,266,281,294,302,305
GS11,78/05/16,303,299,291,283,276,272,272,276,280,283,285,284,280,272,262,252,243,239,241,248,260,273,286,296
GS11,78/05/17,300,300,294,285,274,264,259,257,261,267,274,282,286,285,280,271,260,250,244,246,253,267,282,296
GS11,78/05/18,307,311,310,301,288,274,260,251,250,255,265,279,292,300,302,297,287,274,262,257,258,267,282,299
GS11,78/05/19,315,326,330,325,313,295,277,260,253,254,264,280,298,315,326,328,321,307,291,277,269,271,281,299
GS11,78/05/20,318,335,344,344,332,313,289,266,247,241,245,260,284,308,327,340,341,330,315,295,279,273,276,291
GS11,78/05/21,311,332,349,355,349,331,306,277,249,233,230,242,265,296,324,345,357,355,343,323,302,288,284,291
GS11,78/05/22,308,329,348,362,363,349,325,293,259,232,219,222,240,268,301,331,352,361,356,340,319,297,283,281
GS11,78/05/23,291,311,333,352,361,355,335,303,267,233,209,201,208,229,261,296,326,347,354,346,329,307,287,276
GS11,78/05/24,277,290,311,332,347,351,340,316,282,246,215,195,192,203,228,262,295,324,342,346,339,322,303,288
GS11,78/05/25,282,287,301,320,338,351,351,336,308,274,239,211,196,197,211,236,268,300,325,338,340,332,315,297
GS11,78/05/26,284,280,287,302,320,336,343,339,322,295,264,232,212,202,206,222,247,276,303,324,335,336,328,313
GS11,78/05/27,299,290,288,294,308,322,334,338,333,317,294,269,245,228,221,226,240,262,287,310,327,335,334,326
GS11,78/05/28,313,300,292,289,295,306,318,326,329,324,311,293,273,256,242,239,244,258,277,297,317,331,337,336
GS11,78/05/29,329,316,304,295,292,295,304,314,321,325,323,315,302,286,271,261,257,260,271,286,304,320,333,337
GS11,78/05/30,336,329,318,305,294,291,292,298,307,316,324,326,324,316,303,292,283,279,281,288,300,315,329,339
GS11,78/05/31,343,341,331,317,303,290,282,280,285,294,305,316,322,323,318,308,298,287,281,282,289,300,314,326
GS11,78/06/01,335,339,335,324,307,289,274,264,262,265,276,291,304,315,319,316,308,295,284,277,276,281,292,306
GS11,78/06/02,320,329,331,324,309,290,268,251,240,238,248,263,283,301,313,318,315,306,294,282,276,276,284,296
GS11,78/06/03,311,324,332,330,320,301,277,253,235,227,230,244,265,288,309,323,327,322,311,298,286,280,282,292
GS11,78/06/04,308,324,337,342,338,323,298,271,249,232,229,239,258,284,310,332,345,347,340,326,311,300,296,299
GS11,78/06/05,310,325,340,350,350,339,317,289,259,235,222,223,236,260,287,314,334,343,341,329,314,299,289,287
GS11,78/06/06,294,309,325,339,345,341,325,299,267,239,219,212,220,239,266,294,318,335,339,330,316,302,288,280
GS11,78/06/07,283,294,310,326,336,338,327,306,276,246,221,208,208,222,246,275,303,324,334,333,323,307,292,281
GS11,78/06/08,280,285,298,313,326,333,329,314,288,259,231,211,205,212,229,255,282,306,322,327,322,310,295,282
GS11,78/06/09,276,278,288,300,315,326,327,319,299,273,245,222,209,209,220,240,266,291,310,320,320,313,299,285
GS11,78/06/10,276,274,279,290,303,314,321,318,305,285,261,237,220,212,216,231,252,277,300,316,322,319,310,297
GS11,78/06/11,285,279,279,285,296,310,320,323,318,303,283,262,243,231,229,236,252,274,296,315,326,326,321,311
GS11,78/06/12,299,288,283,284,292,302,313,319,320,312,299,282,263,247,238,239,249,265,285,305,322,329,328,320
GS11,78/06/13,309,299,290,285,286,293,302,309,315,313,308,296,282,267,255,251,252,262,278,296,313,323,328,324
GS11,78/06/14,316,306,295,285,281,281,285,293,300,305,306,303,294,283,272,262,258,260,269,282,298,312,321,323
GS11,78/06/15,320,311,299,285,274,268,266,270,277,285,293,298,299,295,287,277,269,264,266,272,285,300,312,321
GS11,78/06/16,323,319,308,292,277,263,252,250,254,263,276,288,296,300,298,291,280,271,265,265,272,285,299,311
GS11,78/06/17,320,321,315,301,283,263,245,234,231,236,250,266,285,300,306,305,299,287,274,267,266,274,287,302
GS11,78/06/18,315,323,323,314,295,272,248,228,215,215,224,244,268,291,308,316,315,306,293,278,270,269,276,290
GS11,78/06/19,306,321,328,326,312,289,260,232,209,198,200,215,241,269,296,316,324,322,311,294,279,270,269,279
GS11,78/06/20,295,313,327,333,328,309,281,247,217,195,185,192,212,241,275,305,324,332,327,313,296,281,273,274
GS11,78/06/21,286,305,324,338,342,333,311,280,246,215,194,188,196,220,252,287,316,336,341,334,319,300,284,276
GS11,78/06/22,280,294,312,331,342,343,330,304,270,236,204,188,187,199,225,260,292,319,334,335,325,311,292,278
GS11,78/06/23,274,281,296,315,332,342,339,325,297,263,228,203,189,192,208,237,270,302,324,334,332,321,302,285
GS11,78/06/24,274,273,280,296,315,331,338,333,314,286,254,224,203,195,201,218,246,275,301,319,326,322,309,291
GS11,78/06/25,274,264,263,272,289,306,320,324,317,300,276,249,225,210,206,215,233,258,283,304,318,321,314,300
GS11,78/06/26,284,270,263,264,273,287,303,313,316,310,295,275,253,236,226,227,236,253,274,296,313,321,321,311
GS11,78/06/27,298,282,269,263,265,274,286,298,307,310,304,294,279,265,252,247,250,259,275,293,310,322,327,325
GS11,78/06/28,316,303,290,277,269,268,275,285,295,304,307,306,300,291,281,272,269,272,280,292,306,319,327,330
GS11,78/06/29,327,318,303,287,272,263,260,263,272,282,292,299,301,301,295,288,282,279,280,286,296,308,319,326
GS11,78/06/30,327,323,314,297,280,264,253,248,250,258,270,282,293,300,301,298,292,286,282,280,285,294,303,313
GS11,78/07/01,319,321,316,303,286,266,248,236,230,232,242,257,275,289,299,303,301,295,288,282,279,282,291,301
GS11,78/07/02,312,320,321,315,301,280,259,238,224,220,226,241,262,282,300,309,313,310,302,292,285,282,286,296
GS11,78/07/03,308,319,327,329,319,302,277,252,229,217,218,228,248,273,297,315,325,325,318,306,294,286,286,292
GS11,78/07/04,304,320,332,339,335,321,299,271,243,224,215,220,237,262,290,315,330,337,334,323,308,295,289,290
GS11,78/07/05,300,316,332,343,345,336,317,289,259,234,218,216,227,249,275,303,325,336,338,330,315,300,288,283
GS11,78/07/06,289,302,318,333,341,339,326,302,271,241,217,207,211,228,254,283,311,330,335,329,316,300,286,277
GS11,78/07/07,277,287,302,319,333,338,331,312,285,255,225,210,207,218,240,266,295,316,328,329,319,305,288,276
GS11,78/07/08,271,277,290,307,323,333,332,318,296,267,239,218,207,211,226,252,281,306,324,329,323,310,295,280
GS11,78/07/09,271,271,280,295,312,326,332,326,309,285,257,233,218,213,222,241,267,293,315,325,326,317,301,284
GS11,78/07/10,271,266,269,280,296,311,321,322,314,295,274,251,233,222,224,238,259,284,307,323,328,324,311,296
GS11,78/07/11,280,269,267,272,285,300,313,321,319,309,291,270,249,235,230,237,252,272,294,312,321,321,313,299
GS11,78/07/12,283,269,261,259,264,275,288,299,303,300,290,275,260,244,235,232,240,256,276,295,309,316,314,303
GS11,78/07/13,288,272,258,250,248,253,263,274,283,288,288,281,271,259,248,242,243,251,264,280,295,306,309,304
GS11,78/07/14,294,281,266,253,243,241,245,254,264,274,281,284,282,277,269,261,257,257,264,275,288,302,310,312
GS11,78/07/15,307,296,281,264,249,239,235,238,247,259,272,284,293,295,292,286,279,273,273,278,288,301,313,323
GS11,78/07/16,325,319,305,286,266,247,233,227,229,240,256,277,294,305,309,307,300,289,282,278,281,292,305,318
GS11,78/07/17,327,329,322,307,286,261,238,221,214,216,231,254,280,303,317,324,322,313,301,289,283,286,296,310
GS11,78/07/18,326,337,341,333,314,287,258,230,212,207,213,232,260,288,315,333,340,335,323,307,293,287,290,302
GS11,78/07/19,319,336,348,350,340,318,288,253,222,205,200,213,236,267,300,329,348,352,343,327,307,291,283,287
GS11,78/07/20,302,320,339,351,354,341,316,279,242,212,193,190,205,232,267,301,328,343,344,333,313,292,277,272
GS11,78/07/21,279,296,319,339,353,353,337,306,269,232,202,187,188,207,237,273,308,332,343,339,323,300,279,264
GS11,78/07/22,262,272,293,316,336,346,341,321,290,256,221,198,190,196,220,251,285,314,334,339,329,312,289,268
GS11,78/07/23,258,260,273,295,316,334,341,333,312,282,248,221,204,202,215,237,268,297,323,334,334,321,301,278
GS11,78/07/24,260,253,259,275,297,320,335,338,328,306,279,251,231,223,227,245,269,297,322,340,344,336,318,294
GS11,78/07/25,272,258,255,261,279,299,317,327,327,314,296,274,254,240,236,246,264,286,310,330,342,342,331,313
GS11,78/07/26,290,270,257,253,261,276,293,307,315,314,308,294,278,264,256,257,266,281,300,319,333,337,334,322
GS11,78/07/27,303,283,265,255,253,260,271,285,296,303,304,299,291,281,274,270,274,284,300,316,330,338,338,329
GS11,78/07/28,316,300,281,265,255,253,258,265,275,285,293,296,296,291,285,279,277,279,285,294,306,315,320,320
GS11,78/07/29,315,303,288,271,255,244,240,242,249,259,271,281,289,294,294,290,287,284,284,288,295,303,311,315
GS11,78/07/30,317,312,300,285,268,251,239,234,235,244,256,270,284,295,302,303,301,297,292,289,292,297,306,315
GS11,78/07/31,321,323,319,307,290,270,251,236,231,232,243,261,279,300,313,321,323,317,309,300,295,296,303,313
GS11,78/08/01,323,333,339,335,324,304,281,260,245,242,247,262,285,308,329,345,351,347,336,323,310,303,303,311
GS11,78/08/02,322,335,346,348,341,324,299,272,248,233,229,238,257,282,308,326,336,336,328,316,299,288,285,289
GS11,78/08/03,301,317,333,344,345,333,312,283,253,230,218,221,237,261,290,315,332,339,335,321,304,287,277,275
GS11,78/08/04,284,300,320,335,343,339,322,296,265,237,219,215,226,249,279,309,332,343,339,326,308,288,273,266
GS11,78/08/05,269,285,305,324,337,339,328,305,275,243,218,206,210,229,257,288,314,331,337,330,314,294,276,265
GS11,78/08/06,265,277,297,318,338,347,345,328,301,271,241,222,217,228,251,281,310,332,343,341,327,306,282,266
GS11,78/08/07,259,265,281,302,324,339,343,335,313,285,257,232,221,224,240,267,297,324,340,344,335,319,294,273
GS11,78/08/08,260,259,269,289,310,329,340,341,328,305,280,254,238,234,241,263,289,314,335,344,341,327,305,282
GS11,78/08/09,264,256,258,270,288,307,324,330,326,312,291,268,249,239,240,253,273,297,318,330,333,326,309,288
GS11,78/08/10,269,256,251,256,270,287,304,316,321,318,306,290,273,261,256,262,275,295,316,333,344,341,328,308
GS11,78/08/11,288,271,259,256,260,271,286,301,311,316,311,302,290,278,270,269,277,291,308,324,335,339,333,320
GS11,78/08/12,304,285,268,256,252,256,266,280,293,303,309,310,306,299,290,283,281,286,295,308,319,327,328,322
GS11,78/08/13,311,295,277,260,249,243,244,251,262,276,288,297,302,304,302,296,292,290,291,297,307,317,322,324
GS11,78/08/14,320,310,295,278,259,245,237,235,241,253,270,287,303,314,320,319,313,304,297,295,300,307,317,325
GS11,78/08/15,330,329,319,301,279,256,238,225,221,228,243,264,287,308,322,328,325,314,302,292,287,288,297,309
GS11,78/08/16,321,329,329,319,301,276,249,226,213,208,215,234,260,290,315,331,338,331,318,302,289,282,285,298
GS11,78/08/17,315,333,345,348,337,315,285,253,226,211,208,221,245,277,311,338,353,355,342,322,300,285,279,285
GS11,78/08/18,301,324,345,359,361,348,319,285,248,221,208,212,231,263,299,331,353,362,355,336,310,287,272,270
GS11,78/08/19,282,305,330,352,362,360,341,309,274,239,215,207,214,237,268,302,333,351,354,341,318,290,267,254
GS11,78/08/20,257,274,300,329,350,359,352,331,298,261,230,211,208,221,247,279,312,336,346,343,324,299,270,249
GS11,78/08/21,240,248,268,295,321,340,345,336,314,284,254,230,218,221,239,265,295,321,336,339,328,305,278,254
GS11,78/08/22,239,236,247,269,294,315,330,332,321,300,276,253,240,236,248,268,294,319,337,345,340,322,296,273
GS11,78/08/23,253,243,244,258,278,301,319,327,326,313,296,276,259,251,255,268,288,310,328,340,341,332,313,290
GS11,78/08/24,268,252,244,248,261,280,299,313,319,317,307,294,280,271,267,273,287,304,320,331,336,332,319,301
GS11,78/08/25,281,261,249,244,249,261,276,290,300,304,301,295,287,280,275,276,283,294,308,320,329,331,324,310
GS11,78/08/26,293,276,260,250,246,249,259,271,282,291,295,295,293,290,286,284,285,289,297,306,314,318,317,311
GS11,78/08/27,301,286,272,259,250,246,248,255,264,273,282,289,293,294,294,294,293,292,292,296,301,307,309,309
GS11,78/08/28,305,297,286,273,260,248,241,240,245,253,266,277,288,296,301,303,301,296,290,287,290,295,300,306
GS11,78/08/29,309,309,304,294,280,265,252,242,239,244,255,270,286,301,311,316,314,307,299,292,289,291,296,304
GS11,78/08/30,312,318,318,311,298,280,260,243,232,231,239,255,274,294,312,321,323,318,307,294,284,280,285,294
GS11,78/08/31,308,320,327,328,319,300,279,256,239,231,235,249,270,295,317,332,337,330,318,302,288,280,280,289
GS11,78/09/01,305,322,337,345,341,328,307,281,258,244,241,248,263,286,311,335,352,357,350,332,313,296,283,278
GS11,78/09/02,283,296,314,333,351,359,356,341,315,252,238,239,252,277,306,333,351,355,345,325,304,284,271,268
GS11,78/09/03,278,298,321,344,357,356,343,319,290,259,237,228,236,259,289,320,348,358,355,337,315,290,269,258
GS11,78/09/04,260,274,298,325,350,361,357,338,309,279,253,238,236,251,276,308,336,354,355,344,322,295,269,253
GS11,78/09/05,250,259,279,306,332,350,358,347,322,293,266,246,239,248,269,297,327,350,360,355,337,310,282,260
GS11,78/09/06,248,250,265,289,317,340,353,351,338,311,283,262,250,252,267,289,317,339,354,355,343,318,288,262
GS11,78/09/07,245,239,247,265,289,313,330,338,335,320,300,276,258,251,259,277,302,326,343,349,343,325,299,273
GS11,78/09/08,251,239,238,248,267,290,312,327,332,325,311,293,278,268,269,279,296,317,337,346,346,335,313,288
GS11,78/09/09,265,248,240,240,251,269,289,306,319,321,316,306,294,284,279,282,292,307,323,338,344,339,324,305
GS11,78/09/10,284,265,251,245,245,254,268,285,300,311,314,312,306,300,294,291,292,299,308,319,326,328,322,311
GS11,78/09/11,298,281,264,250,240,239,244,255,268,283,297,307,313,312,308,303,301,301,303,310,318,325,330,328
GS11,78/09/12,320,308,293,277,261,252,247,248,256,271,289,307,321,330,332,330,324,316,310,308,312,319,328,336
GS11,78/09/13,340,338,328,310,291,271,255,246,245,253,267,288,308,325,337,340,333,321,308,299,295,297,305,319
GS11,78/09/14,332,342,343,334,316,292,268,246,233,231,242,263,292,320,341,352,349,338,319,300,288,281,287,303
GS11,78/09/15,324,343,358,359,349,326,298,268,244,231,228,243,270,305,337,359,367,358,337,313,290,275,269,277
GS11,78/09/16,299,327,353,370,372,358,331,300,270,246,235,239,260,291,327,358,377,378,362,337,307,281,264,263
GS11,78/09/17,276,303,334,364,383,384,366,335,298,267,247,240,251,277,311,342,368,375,366,344,314,282,258,246
GS11,78/09/18,252,274,304,336,360,370,366,344,313,280,253,239,240,256,285,317,345,362,362,347,317,283,252,232
GS11,78/09/19,229,242,268,301,330,351,356,346,324,295,267,248,240,249,271,299,328,350,357,349,325,295,263,238
GS11,78/09/20,224,227,244,271,301,328,344,344,331,309,284,263,251,251,266,288,312,332,345,345,333,308,279,250
GS11,78/09/21,231,225,232,251,277,303,322,333,332,320,302,283,271,266,273,288,309,329,343,349,343,324,298,273
GS11,78/09/22,249,238,239,249,268,289,309,323,328,323,311,298,285,278,278,286,301,317,331,339,336,325,306,285
GS11,78/09/23,264,250,242,243,254,270,288,304,315,319,315,308,298,291,289,291,300,311,323,333,337,333,322,306
GS11,78/09/24,287,270,256,251,252,260,272,285,295,304,308,310,309,305,300,297,299,302,309,316,321,321,319,311
GS11,78/09/25,298,284,270,260,252,252,258,267,279,289,298,302,304,305,305,304,302,302,303,305,308,310,311,310
GS11,78/09/26,304,296,286,275,264,258,257,260,269,279,290,300,308,313,314,312,307,300,295,293,294,296,300,303
GS11,78/09/27,305,303,298,290,277,264,255,250,251,259,271,286,301,312,318,320,315,305,294,286,281,284,290,300
GS11,78/09/28,307,314,315,310,296,280,262,248,242,244,256,273,293,309,322,328,323,311,297,282,273,270,275,285
GS11,78/09/29,300,312,320,320,311,295,274,253,240,237,244,261,285,308,327,338,338,326,306,288,272,264,266,276
GS11,78/09/30,293,312,329,337,333,319,298,274,252,240,239,252,272,297,320,337,343,335,317,296,274,260,255,262
GS11,78/10/01,284,307,330,348,351,340,318,292,267,248,242,249,269,295,324,346,356,351,333,309,282,263,253,256
GS11,78/10/02,271,296,323,346,358,358,342,315,287,262,248,249,263,289,318,344,359,359,343,316,287,260,244,240
GS11,78/10/03,250,272,300,329,350,358,351,329,301,274,254,248,256,277,305,335,358,366,356,334,302,273,251,239
GS11,78/10/04,243,261,286,317,345,363,365,352,326,295,271,258,257,270,293,322,345,359,358,342,314,282,252,233
GS11,78/10/05,228,239,261,290,321,345,357,355,340,316,290,273,267,275,293,319,345,366,371,360,334,302,271,248
GS11,78/10/06,237,239,253,274,304,331,352,360,354,336,314,295,283,282,293,312,334,352,363,360,342,316,285,257
GS11,78/10/07,239,231,236,251,274,299,322,338,344,338,324,308,295,288,289,301,319,337,351,358,351,332,308,281
GS11,78/10/08,257,245,239,246,260,278,300,320,333,336,333,323,310,300,296,300,309,322,335,344,346,338,321,299
GS11,78/10/09,274,257,245,243,247,259,276,293,310,323,332,332,328,320,311,308,309,315,322,328,334,335,331,321
GS11,78/10/10,306,289,274,262,258,260,267,279,294,308,322,333,341,341,335,326,319,314,314,317,323,329,334,335
GS11,78/10/11,328,317,301,285,270,261,257,259,269,283,302,321,337,344,343,333,320,308,300,297,298,303,311,320
GS11,78/10/12,324,326,320,305,287,269,255,249,251,261,277,298,319,337,346,344,332,315,297,284,279,281,290,304
GS11,78/10/13,317,329,334,327,310,289,266,250,242,244,254,274,298,321,341,350,341,320,295,274,260,256,264,278
GS11,78/10/14,297,316,332,336,329,311,287,262,246,240,246,265,289,317,340,352,350,333,306,277,253,240,242,254
GS11,78/10/15,277,304,327,342,344,333,311,287,261,244,242,252,273,298,325,346,356,350,330,301,269,245,235,241
GS11,78/10/16,261,289,320,349,365,364,348,323,298,274,262,262,9999,9999,9999,9999,9999,9999,9999,9999,9999,9999,9999,9999
GS11,78/10/17,9999,9999,9999,9999,9999,9999,9999,9999,9999,9999,9999,9999,9999,9999,9999,9999,9999,9999,9999,9999,9999,9999,9999,9999
GS11,78/10/18,9999,9999,9999,9999,9999,9999,9999,9999,9999,9999,9999,9999,9999,9999,9999,9999,9999,9999,9999,9999,9999,9999,9999,9999
GS11,78/10/19,9999,9999,9999,9999,9999,9999,9999,9999,9999,9999,9999,9999,9999,9999,9999,302,320,336,344,340,327,305,279,255
GS11,78/10/20,239,232,239,257,281,306,327,339,340,333,320,306,294,289,293,304,320,334,343,342,334,314,290,267
GS11,78/10/21,246,234,232,241,257,278,297,311,318,316,309,299,289,284,283,289,299,308,317,321,318,308,293,274
GS11,78/10/22,255,240,232,233,243,258,274,290,302,307,306,301,295,289,284,285,289,295,302,307,310,307,298,285
GS11,78/10/23,270,257,245,238,240,248,260,274,287,295,300,301,300,296,293,290,290,291,294,297,299,299,296,290
GS11,78/10/24,281,273,262,253,248,249,255,264,275,287,297,304,309,309,306,301,295,291,289,289,292,296,298,299
GS11,78/10/25,297,292,284,273,264,257,255,257,265,277,289,301,309,314,314,9999,9999,9999,9999,9999,9999,9999,9999,9999
GS11,78/10/26,9999,9999,9999,9999,9999,9999,9999,9999,9999,9999,9999,9999,9999,9999,9999,9999,9999,9999,9999,9999,9999,9999,9999,9999
GS11,78/10/27,9999,9999,9999,9999,9999,9999,9999,9999,9999,9999,9999,9999,310,321,326,324,316,303,288,277,272,274,282,295
GS11,78/10/28,308,320,325,321,311,295,278,266,260,263,274,290,307,324,334,336,330,312,295,278,268,266,271,286
GS11,78/10/29,305,324,337,341,335,319,299,281,266,263,272,288,309,330,346,352,345,329,305,280,258,247,247,259
GS11,78/10/30,278,301,321,331,331,320,300,279,260,248,249,261,282,305,324,337,336,322,296,267,239,221,217,225
GS11,78/10/31,247,273,300,320,331,327,313,291,268,253,246,253,271,294,318,336,342,334,312,281,250,224,213,214
GS11,78/11/01,231,258,289,319,342,349,339,321,297,273,257,256,267,289,314,338,351,350,335,307,273,240,218,210
GS11,78/11/02,218,240,272,304,333,351,351,340,320,295,276,265,270,285,310,336,356,362,353,331,296,260,230,211
GS11,78/11/03,209,223,250,283,316,342,354,353,339,315,292,276,272,279,297,320,342,355,355,339,310,273,237,211
GS11,78/11/04,199,203,220,247,277,308,330,340,337,322,303,284,273,272,281,299,319,337,346,341,322,292,259,230
GS11,78/11/05,209,202,207,226,251,281,307,325,331,327,313,297,284,277,278,289,305,321,334,337,327,305,276,247
GS11,78/11/06,222,208,206,213,231,255,280,303,317,322,317,306,294,283,278,282,290,301,313,322,321,311,293,270
GS11,78/11/07,247,230,220,218,225,240,259,277,296,308,312,309,303,294,286,282,282,287,295,302,308,309,302,289
GS11,78/11/08,272,254,240,231,229,234,245,260,277,294,307,314,314,310,301,293,287,283,285,290,296,302,305,303
GS11,78/11/09,296,286,272,258,248,243,245,254,267,284,301,313,320,322,316,305,294,281,272,270,274,284,294,303
GS11,78/11/10,306,302,294,280,266,253,247,245,251,265,282,301,317,325,325,315,299,279,264,253,251,257,270,286
GS11,78/11/11,301,310,312,304,290,273,258,250,249,257,274,294,314,330,337,334,318,295,270,251,239,238,248,265
GS11,78/11/12,288,308,320,322,314,298,279,263,252,250,259,275,296,317,333,337,326,303,274,246,225,217,221,238
GS11,78/11/13,264,291,315,327,327,317,299,280,263,255,260,275,300,325,344,355,352,333,303,270,241,223,220,231
GS11,78/11/14,256,285,315,336,346,343,326,306,283,267,261,268,286,311,333,350,355,343,318,284,248,223,211,214
GS11,78/11/15,234,264,297,326,346,352,345,327,305,285,273,271,282,304,325,346,357,354,335,303,266,230,207,200
GS11,78/11/16,208,231,262,294,322,339,341,328,309,287,270,263,267,282,304,327,344,347,336,311,274,238,207,193
GS11,78/11/17,193,209,237,269,300,324,336,334,319,301,284,273,270,280,298,321,338,347,344,325,295,261,230,210
GS11,78/11/18,202,210,230,258,288,314,331,336,328,313,296,283,277,280,292,312,330,342,345,334,313,285,257,232
GS11,78/11/19,218,216,228,249,277,303,325,337,340,330,315,301,290,288,294,307,324,337,343,341,327,306,279,254
GS11,78/11/20,233,225,227,241,264,290,312,328,334,331,322,308,297,289,289,296,307,318,325,327,321,307,286,264
GS11,78/11/21,245,234,231,238,254,273,294,312,322,326,321,313,303,296,292,293,299,306,314,319,318,310,297,281
GS11,78/11/22,264,249,240,239,246,259,275,292,305,312,315,311,306,300,294,290,288,288,292,297,303,306,305,299
GS11,78/11/23,290,277,264,255,251,253,262,278,294,310,318,321,319,313,307,300,293,290,290,292,296,300,303,302
GS11,78/11/24,297,290,281,271,265,264,269,280,293,306,317,324,325,323,315,306,295,286,280,279,281,288,295,301
GS11,78/11/25,304,302,296,287,277,269,264,266,275,287,302,315,324,326,322,312,298,283,270,261,259,265,275,288
GS11,78/11/26,299,307,309,303,293,280,270,264,264,273,288,304,318,328,331,325,310,291,270,255,245,247,256,274
GS11,78/11/27,293,310,322,326,318,304,289,277,271,272,285,303,323,340,349,349,336,313,287,266,250,245,253,270
GS11,78/11/28,293,317,338,350,350,340,323,304,290,284,288,304,322,341,356,361,354,332,303,272,246,230,227,238
GS11,78/11/29,260,287,314,334,345,343,331,311,291,279,275,281,298,318,338,351,353,341,315,281,247,222,211,215
GS11,78/11/30,233,262,295,326,344,349,342,325,302,280,269,269,281,303,327,346,354,346,323,291,252,218,196,190
GS11,78/12/01,200,225,257,291,319,335,339,328,308,286,269,263,268,285,308,330,343,342,328,299,263,223,193,178
GS11,78/12/02,178,197,225,262,297,325,338,338,324,305,284,270,265,274,292,314,333,343,339,319,287,251,215,190
GS11,78/12/03,178,181,199,229,260,293,321,332,330,314,294,278,268,268,278,297,314,330,333,325,303,274,239,207
GS11,78/12/04,190,185,193,217,246,278,306,325,330,325,311,294,281,275,280,294,312,328,340,341,329,308,281,252
GS11,78/12/05,229,214,213,222,243,269,296,318,329,332,325,311,296,284,278,282,292,306,318,324,323,313,293,270
GS11,78/12/06,244,225,215,216,227,247,270,293,309,318,320,313,300,287,277,273,275,283,292,303,309,308,300,286
GS11,78/12/07,268,249,237,229,230,239,256,274,292,305,312,313,307,297,285,274,268,266,271,278,287,295,297,294
GS11,78/12/08,286,274,260,249,243,243,251,263,278,294,307,315,315,309,297,283,270,259,254,254,261,271,281,290
GS11,78/12/09,293,291,282,270,259,253,253,258,268,281,296,306,312,313,305,292,275,258,246,240,241,249,262,276
GS11,78/12/10,289,297,299,294,287,279,274,272,274,283,295,308,319,326,325,316,297,276,257,241,234,237,248,264
GS11,78/12/11,282,296,305,307,301,291,279,270,267,270,280,295,311,324,328,324,309,285,259,237,221,217,223,240
GS11,78/12/12,262,286,305,315,315,307,293,280,270,268,274,287,304,321,332,333,322,301,271,240,216,202,201,214
GS11,78/12/13,237,263,289,306,314,312,303,288,273,263,261,269,285,303,319,328,326,311,286,254,223,202,193,198
GS11,78/12/14,217,245,275,301,319,325,321,309,294,280,272,273,285,303,322,337,342,334,313,284,251,222,205,201
GS11,78/12/15,211,236,266,298,322,336,339,329,314,296,283,278,281,296,315,333,344,342,328,301,269,236,211,199
GS11,78/12/16,201,219,246,277,306,327,335,332,318,301,284,274,273,282,301,322,338,345,339,320,292,258,230,209
GS11,78/12/17,203,212,234,263,294,320,336,340,332,315,299,285,280,285,298,317,336,347,346,333,309,280,249,224
GS11,78/12/18,211,211,226,251,281,308,330,338,337,323,307,291,280,279,288,304,323,337,343,339,323,301,272,245
GS11,78/12/19,226,218,224,243,267,294,322,338,340,332,318,303,289,281,283,294,309,323,334,336,329,312,289,265
GS11,78/12/20,243,231,230,240,258,282,308,328,338,337,327,312,297,286,281,285,294,307,317,322,320,310,292,272
GS11,78/12/21,251,235,227,230,243,262,286,308,322,326,322,312,298,285,277,275,278,286,296,303,306,304,294,280
GS11,78/12/22,263,248,237,234,239,252,271,289,304,313,316,309,299,286,275,268,265,267,274,281,289,291,290,285
GS11,78/12/23,275,264,253,246,246,252,266,281,297,310,318,319,313,304,293,282,275,270,272,276,284,293,299,301
GS11,78/12/24,300,294,285,276,269,268,273,284,296,309,320,327,327,320,310,296,281,266,259,257,261,268,279,289
GS11,78/12/25,296,298,296,288,279,272,270,271,279,290,303,313,320,319,311,297,279,259,244,235,233,241,253,269
GS11,78/12/26,284,293,299,297,289,280,271,266,266,273,286,300,312,318,319,308,290,267,243,225,216,216,228,247
GS11,78/12/27,270,291,306,312,310,301,290,278,271,274,283,297,313,326,333,331,315,290,262,234,215,208,214,230
GS11,78/12/28,254,282,307,326,332,328,318,304,291,284,287,298,314,332,347,351,343,322,291,257,226,205,199,208
GS11,78/12/29,229,260,293,322,339,344,338,324,303,290,284,289,305,325,345,359,361,346,319,284,249,218,197,190
GS11,78/12/30,200,224,257,292,322,339,343,333,313,291,276,273,280,297,320,341,353,348,330,300,262,226,196,179
GS11,78/12/31,179,196,227,263,299,329,341,339,323,302,282,272,270,283,306,330,348,354,346,322,287,248,212,188
