GS11,98/01/01,204,213,235,264,295,323,341,347,340,326,309,292,285,288,301,320,338,349,352,341,320,290,259,232
GS11,98/01/02,216,216,228,252,281,310,333,345,344,334,316,297,284,279,285,301,319,335,343,340,326,304,275,247
GS11,98/01/03,225,215,220,234,258,285,311,330,337,335,324,305,288,278,276,283,297,313,326,332,329,317,297,271
GS11,98/01/04,250,235,230,238,253,277,301,323,337,343,338,323,307,292,284,282,289,301,312,322,327,324,313,295
GS11,98/01/05,276,259,250,247,254,269,288,307,322,332,332,325,314,298,285,277,276,278,286,296,305,309,307,301
GS11,98/01/06,290,278,267,261,260,266,280,296,312,325,330,328,320,307,293,279,268,263,262,268,277,286,294,296
GS11,98/01/07,297,291,284,277,274,275,280,290,302,314,323,327,326,317,304,288,271,257,250,247,253,264,276,288
GS11,98/01/08,297,301,302,297,292,287,285,288,295,306,316,324,330,330,323,311,293,275,257,247,250,260,272,290
GS11,98/01/09,306,319,326,327,323,315,308,304,304,309,317,324,331,337,336,328,310,287,262,241,228,229,237,252
GS11,98/01/10,274,295,311,320,321,316,307,298,292,292,297,308,319,330,336,333,321,300,272,245,224,212,214,227
GS11,98/01/11,249,275,301,320,330,330,324,312,300,291,291,298,310,325,338,345,341,326,299,270,241,221,214,221
GS11,98/01/12,240,267,297,322,340,348,343,332,316,304,298,301,311,326,344,355,357,347,323,293,259,231,213,210
GS11,98/01/13,221,243,272,301,326,339,340,331,316,299,288,284,289,303,321,336,346,343,328,302,271,238,214,203
GS11,98/01/14,206,223,249,281,309,328,337,332,320,302,288,279,280,290,306,325,339,344,336,317,289,256,229,211
GS11,98/01/15,207,219,242,269,301,327,342,345,338,325,309,296,293,299,313,334,351,365,368,354,334,309,278,255
GS11,98/01/16,245,247,262,287,312,338,356,362,358,345,326,309,298,297,305,319,337,348,352,347,332,311,283,259
GS11,98/01/17,242,236,243,260,285,310,332,342,342,332,317,299,284,277,279,290,306,321,332,333,327,314,294,273
GS11,98/01/18,256,246,250,261,283,308,329,345,349,346,334,318,305,295,294,299,309,321,331,337,336,328,313,296
GS11,98/01/19,277,265,260,264,277,295,315,330,339,340,334,320,305,291,285,283,287,295,301,307,310,308,302,290
GS11,98/01/20,276,265,259,260,268,282,299,313,323,327,326,317,304,291,280,274,274,279,285,292,298,301,301,295
GS11,98/01/21,288,280,272,271,274,281,294,307,317,324,324,319,310,298,285,274,268,265,266,267,273,279,284,287
GS11,98/01/22,287,284,280,275,275,278,285,293,302,311,317,317,312,303,292,279,269,259,254,254,258,267,276,286
GS11,98/01/23,293,297,299,296,293,290,294,296,304,313,321,329,328,322,313,301,285,271,259,252,254,260,272,286
GS11,98/01/24,300,312,320,320,318,314,311,310,310,315,322,330,334,333,328,317,300,280,260,245,235,236,245,261
GS11,98/01/25,279,297,311,318,318,313,306,298,293,294,299,309,319,326,328,323,308,287,261,239,223,217,221,236
GS11,98/01/26,259,284,306,321,326,323,314,302,291,285,288,296,310,322,332,334,324,305,279,248,224,207,203,212
GS11,98/01/27,233,260,288,312,325,329,322,308,291,278,272,278,291,309,327,337,335,322,296,263,230,204,191,192
GS11,98/01/28,208,235,269,300,324,335,333,321,302,283,271,270,279,297,320,340,350,345,326,294,258,224,199,190
GS11,98/01/29,197,220,252,287,319,339,344,335,316,294,276,266,268,281,303,328,346,350,337,311,276,240,209,189
GS11,98/01/30,187,200,226,261,294,321,335,332,318,297,274,255,249,257,279,304,329,345,344,330,303,269,234,207
GS11,98/01/31,193,197,215,244,278,309,331,338,330,312,289,267,252,250,261,282,307,327,336,334,317,290,258,229
GS11,98/02/01,209,202,210,229,257,288,313,327,326,313,293,269,249,238,240,253,274,299,316,322,318,301,278,252
GS11,98/02/02,231,218,218,229,250,276,301,319,325,321,307,287,264,247,239,242,257,275,294,307,312,307,294,277
GS11,98/02/03,258,245,239,242,255,274,297,314,325,326,319,305,284,264,250,244,248,259,273,288,300,306,304,296
GS11,98/02/04,286,276,268,266,270,280,295,311,321,327,325,316,302,284,268,257,251,252,259,268,280,290,296,298
GS11,98/02/05,295,292,285,281,281,285,295,305,317,324,327,325,316,303,287,272,259,250,248,252,261,273,285,295
GS11,98/02/06,301,305,304,301,298,297,300,305,312,319,325,328,326,319,308,293,276,258,246,240,241,250,264,279
GS11,98/02/07,293,304,310,310,308,305,301,299,300,306,313,321,327,327,322,313,297,277,257,243,238,240,252,270
GS11,98/02/08,291,310,325,333,335,331,326,318,313,315,322,331,343,352,356,352,340,319,293,268,249,241,243,257
GS11,98/02/09,276,299,319,332,337,333,325,312,300,293,294,302,313,327,337,340,333,315,289,260,235,219,216,224
GS11,98/02/10,244,271,297,319,333,336,331,320,307,296,294,298,310,325,341,350,349,337,313,283,252,227,213,215
GS11,98/02/11,230,255,284,310,328,335,332,318,300,282,272,271,279,296,315,333,342,339,323,298,269,239,217,209
GS11,98/02/12,217,239,268,297,321,334,336,325,308,288,273,268,272,287,311,332,347,351,341,319,289,257,230,215
GS11,98/02/13,215,230,256,285,311,329,337,330,316,295,275,261,259,269,289,312,334,347,346,332,308,278,248,228
GS11,98/02/14,221,230,253,281,310,333,346,345,333,315,294,278,270,273,289,311,333,349,352,345,327,300,274,250
GS11,98/02/15,237,240,256,280,310,334,351,356,347,328,306,285,271,267,276,293,316,335,346,343,332,312,288,263
GS11,98/02/16,247,242,249,267,293,318,336,345,340,324,301,279,262,253,255,268,285,305,321,328,325,313,294,274
GS11,98/02/17,256,248,249,260,280,302,324,336,337,326,308,286,267,252,248,254,267,283,300,312,316,310,297,280
GS11,98/02/18,263,251,247,252,265,284,302,317,322,317,305,287,267,250,240,239,246,258,272,285,293,295,291,281
GS11,98/02/19,270,260,255,255,262,276,292,307,316,317,310,296,280,264,251,243,244,249,258,270,281,289,293,292
GS11,98/02/20,287,282,277,273,274,280,290,302,312,317,316,310,300,285,271,261,253,252,255,265,277,292,305,314
GS11,98/02/21,316,316,313,309,304,303,304,308,313,319,323,323,319,310,298,284,270,260,254,253,257,267,279,291
GS11,98/02/22,301,307,310,308,302,297,294,293,295,301,308,313,314,312,303,290,275,258,243,234,230,236,248,265
GS11,98/02/23,284,300,310,313,311,304,296,289,285,286,293,304,313,317,316,308,292,271,248,229,217,215,223,240
GS11,98/02/24,264,288,308,320,324,318,308,294,282,9999,9999,9999,9999,9999,9999,9999,9999,9999,9999,251,225,213,215,228
GS11,98/02/25,251,280,308,328,339,337,328,311,295,283,281,290,306,327,345,355,353,339,313,282,251,228,219,224
GS11,98/02/26,244,275,308,337,355,359,350,332,310,288,275,276,290,311,335,353,362,356,334,303,267,234,213,206
GS11,98/02/27,217,243,275,309,336,350,348,333,308,282,261,252,259,278,305,332,352,357,347,323,289,253,225,210
GS11,98/02/28,211,228,257,291,323,344,351,342,321,291,265,247,244,257,282,313,340,357,358,346,319,285,253,230
GS11,98/03/01,223,233,256,289,322,349,363,359,342,316,287,263,251,254,270,297,326,349,362,361,346,321,290,265
GS11,98/03/02,249,249,262,285,314,341,359,362,352,329,299,270,250,242,248,268,293,319,336,344,339,322,298,274
GS11,98/03/03,254,246,252,268,291,315,334,344,341,327,303,276,253,236,233,243,261,283,305,320,325,320,308,291
GS11,98/03/04,274,265,263,271,286,305,322,334,338,330,314,293,270,251,240,240,249,264,282,298,309,313,310,302
GS11,98/03/05,291,284,279,280,290,303,316,328,332,330,322,307,290,273,258,250,251,258,272,287,302,313,320,320
GS11,98/03/06,317,313,309,308,311,317,326,333,340,342,340,333,321,306,290,277,267,264,266,272,282,291,301,308
GS11,98/03/07,313,315,315,315,314,315,317,321,325,328,330,330,326,317,305,291,276,263,255,252,256,263,274,286
GS11,98/03/08,297,306,311,312,311,307,304,302,302,304,307,312,315,314,309,299,284,268,254,245,242,246,258,274
GS11,98/03/09,292,307,318,323,323,318,311,303,300,299,304,312,321,330,332,329,318,300,280,263,251,248,254,267
GS11,98/03/10,285,305,321,330,331,324,313,302,291,286,288,296,308,321,331,333,325,311,287,263,244,233,232,242
GS11,98/03/11,260,283,304,320,327,324,314,299,283,273,270,276,291,307,323,335,336,326,305,280,256,238,232,238
GS11,98/03/12,255,280,307,330,343,348,340,325,306,289,281,283,295,312,333,350,358,355,338,313,285,260,246,245
GS11,98/03/13,255,277,302,326,343,350,345,329,307,286,270,265,274,290,312,335,350,355,345,325,298,272,250,242
GS11,98/03/14,246,264,288,313,334,346,344,329,307,283,263,252,254,268,292,318,337,348,345,330,307,280,257,243
GS11,98/03/15,243,256,278,306,331,350,353,346,327,301,275,254,249,256,275,299,322,339,343,335,315,291,266,249
GS11,98/03/16,242,249,267,291,316,334,341,334,317,293,267,247,236,239,254,277,304,326,336,335,324,304,282,261
GS11,98/03/17,249,250,262,283,305,326,338,337,324,302,278,255,241,237,246,265,287,309,326,330,324,309,289,270
GS11,98/03/18,255,251,257,273,294,315,328,332,322,304,281,259,241,231,233,245,264,285,303,313,315,308,294,278
GS11,98/03/19,265,258,259,269,286,305,319,327,323,312,293,273,253,240,234,240,252,270,288,302,310,311,305,296
GS11,98/03/20,286,278,276,282,290,304,316,325,326,319,307,292,275,261,251,249,252,261,272,285,296,301,303,299
GS11,98/03/21,294,288,285,284,287,294,301,309,314,313,307,296,283,268,256,248,245,247,253,263,274,285,293,299
GS11,98/03/22,301,299,296,292,292,293,296,301,306,307,308,303,294,282,270,257,249,242,239,242,251,260,272,283
GS11,98/03/23,292,298,299,297,294,288,286,284,286,289,291,294,294,288,279,267,254,241,232,227,229,239,253,270
GS11,98/03/24,286,299,306,307,302,294,286,279,276,279,284,292,300,303,301,293,279,261,243,231,225,227,239,257
GS11,98/03/25,278,300,315,321,319,311,297,284,274,271,275,286,301,312,319,318,307,288,265,242,225,218,223,237
GS11,98/03/26,260,286,308,321,325,317,301,282,262,252,252,261,278,297,313,321,318,304,279,251,227,211,208,217
GS11,98/03/27,237,266,294,315,328,326,312,291,266,247,240,244,262,283,308,329,337,332,314,288,259,235,222,222
GS11,98/03/28,236,260,289,315,333,337,326,303,275,248,231,227,238,260,289,317,337,343,334,312,282,252,230,220
GS11,98/03/29,225,243,270,298,322,334,331,313,284,252,225,211,213,229,256,289,317,334,338,327,305,276,251,234
GS11,98/03/30,231,241,263,288,313,331,335,324,300,270,240,218,209,215,236,265,297,322,337,338,325,303,278,259
GS11,98/03/31,248,251,263,284,309,327,338,334,317,291,260,233,215,211,221,243,271,300,321,331,330,317,300,280
GS11,98/04/01,265,262,269,282,300,318,330,332,322,303,275,248,226,213,213,225,245,270,294,312,318,316,307,295
GS11,98/04/02,284,279,282,291,306,322,335,342,337,322,300,276,250,232,224,227,240,257,279,298,310,315,311,303
GS11,98/04/03,293,284,281,283,291,302,312,319,319,312,299,281,262,242,229,223,225,234,247,263,278,288,292,292
GS11,98/04/04,289,284,280,278,281,285,292,297,299,298,293,283,270,254,240,229,225,225,231,241,254,266,275,282
GS11,98/04/05,286,286,283,281,278,278,280,283,286,287,288,287,281,273,261,249,238,231,227,230,237,249,262,275
GS11,98/04/06,285,290,292,289,284,278,274,273,273,276,279,284,286,285,281,271,258,245,236,231,233,241,255,270
GS11,98/04/07,286,299,306,306,301,292,283,275,272,274,279,289,301,308,310,305,292,276,259,246,241,243,252,269
GS11,98/04/08,288,305,316,320,315,304,289,276,266,262,267,278,292,306,315,318,309,294,275,256,242,237,243,256
GS11,98/04/09,278,300,317,327,326,317,299,280,264,254,255,265,283,302,319,329,329,317,298,275,256,245,242,253
GS11,98/04/10,273,296,316,331,334,326,309,287,264,248,242,249,266,287,310,327,334,328,312,289,265,248,240,244
GS11,98/04/11,259,282,306,325,335,331,316,292,267,245,232,233,245,266,291,313,328,331,321,301,276,253,237,235
GS11,98/04/12,245,265,289,310,324,325,314,293,265,239,222,216,224,242,268,296,317,328,325,309,288,265,246,237
GS11,98/04/13,243,259,282,306,323,331,324,306,280,250,227,215,217,231,254,283,308,327,331,324,307,284,263,248
GS11,98/04/14,246,257,277,299,319,331,330,317,293,263,237,217,211,218,238,266,294,317,330,328,318,298,276,259
GS11,98/04/15,251,257,272,292,313,328,333,326,308,284,256,230,216,215,228,251,277,302,319,325,321,308,289,271
GS11,98/04/16,262,260,269,285,304,320,329,327,312,288,261,236,218,213,219,235,259,284,304,315,317,310,295,280
GS11,98/04/17,269,265,269,281,297,314,326,328,319,299,276,252,231,220,220,230,248,272,294,310,320,319,311,300
GS11,98/04/18,287,279,277,281,293,305,318,323,318,305,288,267,246,230,223,225,235,252,271,288,303,311,311,305
GS11,98/04/19,299,291,287,287,292,301,311,318,319,313,302,286,268,251,238,231,233,240,253,268,284,295,302,304
GS11,98/04/20,302,298,292,286,284,285,290,295,300,301,298,290,277,262,247,235,228,227,232,241,255,270,283,293
GS11,98/04/21,299,299,296,289,281,275,273,275,280,286,290,292,288,280,269,255,242,231,226,228,237,252,269,287
GS11,98/04/22,301,309,308,303,292,280,270,264,265,271,280,291,297,299,294,282,266,249,235,227,228,238,254,274
GS11,98/04/23,295,310,318,317,306,290,273,259,252,254,264,280,297,309,315,311,297,278,257,239,230,231,243,264
GS11,98/04/24,290,314,331,337,332,316,293,270,253,248,256,272,295,318,333,340,333,316,294,268,249,240,243,258
GS11,98/04/25,283,310,334,348,349,335,311,282,255,238,236,247,270,300,327,347,353,345,324,298,272,253,246,253
GS11,98/04/26,272,298,324,344,351,343,321,288,253,225,211,213,231,261,295,326,345,349,339,315,287,263,248,246
GS11,98/04/27,259,284,311,336,351,351,335,305,269,233,208,199,208,232,267,304,334,351,352,338,315,290,268,256
GS11,98/04/28,260,277,301,329,349,356,347,325,291,253,220,200,195,209,235,270,305,331,344,342,327,306,283,267
GS11,98/04/29,261,269,288,310,333,349,350,337,311,277,242,214,199,200,217,244,278,309,330,337,334,322,303,285
GS11,98/04/30,274,272,281,297,315,331,339,335,318,292,261,231,209,199,204,221,246,275,301,318,324,320,307,294
GS11,98/05/01,281,275,277,286,300,313,324,327,319,303,281,254,230,213,207,214,230,253,277,298,311,316,312,304
GS11,98/05/02,296,288,286,288,294,304,313,319,319,311,297,278,258,240,228,226,232,246,265,284,301,312,315,314
GS11,98/05/03,309,303,297,295,298,303,308,314,315,312,305,294,278,264,250,243,240,244,253,266,280,292,298,302
GS11,98/05/04,301,298,292,287,285,285,286,290,293,295,295,292,285,276,264,253,245,242,244,252,265,278,290,299
GS11,98/05/05,303,304,300,294,286,280,277,277,278,282,287,290,290,286,278,268,256,247,242,243,250,262,274,287
GS11,98/05/06,298,303,302,297,288,277,268,262,262,264,272,280,288,294,293,288,278,265,255,250,251,259,272,287
GS11,98/05/07,301,311,315,311,301,288,273,261,254,253,260,272,285,296,302,301,294,281,268,257,251,254,263,279
GS11,98/05/08,295,310,319,320,312,299,281,263,251,245,250,262,279,297,311,316,314,304,289,274,263,259,263,275
GS11,98/05/09,291,307,319,323,318,304,283,262,242,232,232,243,261,284,304,318,321,314,300,283,266,256,255,263
GS11,98/05/10,280,300,317,327,327,315,295,270,246,229,222,229,246,270,295,315,327,326,315,298,278,261,253,255
GS11,98/05/11,269,288,308,322,326,319,301,275,247,225,211,209,222,245,273,300,318,325,321,307,288,268,255,253
GS11,98/05/12,262,280,302,322,333,333,320,295,265,236,214,207,212,231,259,289,314,329,332,323,306,287,271,262
GS11,98/05/13,265,278,296,315,329,333,324,304,275,243,218,204,204,216,239,268,296,317,328,326,313,295,276,263
GS11,98/05/14,260,269,283,302,318,327,327,312,287,255,226,207,198,206,222,248,276,302,320,324,318,305,288,274
GS11,98/05/15,266,269,278,294,311,323,326,316,296,269,240,216,202,201,212,231,256,283,304,317,318,311,297,283
GS11,98/05/16,272,269,273,285,299,313,321,319,307,285,258,232,212,202,204,216,237,261,286,305,315,315,307,294
GS11,98/05/17,282,275,274,279,290,305,317,321,315,301,279,255,233,218,212,215,229,248,270,290,305,312,311,306
GS11,98/05/18,295,285,277,277,281,290,301,308,309,303,291,274,255,238,226,224,228,239,255,275,292,305,311,312
GS11,98/05/19,307,300,290,285,283,287,293,302,307,308,306,297,283,267,252,241,236,237,246,261,277,295,308,316
GS11,98/05/20,317,313,303,291,282,277,276,279,286,294,298,300,295,284,271,256,245,239,240,246,258,275,292,306
GS11,98/05/21,314,316,309,297,283,270,260,258,262,270,281,292,299,300,293,281,266,251,243,241,246,260,278,297
GS11,98/05/22,313,321,320,310,292,271,253,242,239,245,259,277,292,303,305,299,286,270,254,244,242,249,263,282
GS11,98/05/23,302,318,325,321,306,282,257,235,222,220,230,251,275,297,313,318,313,299,281,262,250,249,256,272
GS11,98/05/24,294,314,328,332,322,301,273,244,220,208,210,226,253,283,310,328,334,329,315,296,278,269,268,278
GS11,98/05/25,298,321,341,353,352,337,310,277,244,220,210,217,237,266,298,325,342,348,339,323,302,285,276,277
GS11,98/05/26,288,306,326,341,347,341,319,290,255,223,201,196,208,232,265,299,326,342,347,338,321,301,285,277
GS11,98/05/27,280,294,313,332,345,348,336,312,277,240,210,194,193,206,233,265,297,323,337,336,325,308,289,276
GS11,98/05/28,271,280,293,311,327,336,335,319,292,257,224,200,189,193,211,239,272,303,325,336,332,321,305,289
GS11,98/05/29,280,280,289,305,322,335,340,334,316,290,261,233,213,207,216,235,263,293,318,335,340,336,323,309
GS11,98/05/30,298,293,297,306,319,332,339,338,328,308,284,258,237,223,223,234,253,278,302,320,330,332,326,315
GS11,98/05/31,304,297,294,298,306,316,324,328,324,312,295,275,255,239,231,234,246,264,285,305,320,327,325,318
GS11,98/06/01,308,298,292,290,293,301,309,316,317,314,305,292,276,260,249,245,248,258,274,291,306,317,322,319
GS11,98/06/02,313,305,296,290,287,289,293,9999,9999,9999,9999,9999,291,273,261,254,251,254,264,277,292,306,317,321
GS11,98/06/03,319,314,306,295,287,283,283,288,294,301,305,308,305,298,289,280,272,270,272,282,296,310,323,332
GS11,98/06/04,335,331,323,310,297,286,281,281,283,290,297,303,309,309,305,296,285,277,273,274,282,295,309,320
GS11,98/06/05,328,330,324,313,299,283,269,261,259,264,275,287,300,309,311,308,298,288,278,274,276,284,297,312
GS11,98/06/06,325,333,335,328,311,293,274,259,252,253,262,279,298,315,325,327,321,308,296,285,280,284,293,309
GS11,98/06/07,325,339,346,344,330,309,283,261,245,239,246,262,285,309,329,339,339,329,314,299,288,284,289,303
GS11,98/06/08,320,338,350,351,341,321,294,267,244,230,228,240,262,289,313,331,338,334,322,306,290,280,278,285
GS11,98/06/09,299,319,335,343,339,324,298,269,240,221,213,219,235,261,290,317,334,339,334,320,301,288,279,281
GS11,98/06/10,293,310,329,344,349,343,323,295,264,238,222,221,233,257,287,317,341,353,353,341,323,305,292,286
GS11,98/06/11,292,306,325,343,354,353,338,312,279,247,222,210,214,231,259,291,321,343,353,349,336,317,299,287
GS11,98/06/12,286,296,312,330,344,349,343,324,294,261,232,213,207,216,237,266,299,328,345,351,344,329,310,293
GS11,98/06/13,286,288,299,317,334,347,350,341,318,287,256,230,215,214,226,249,278,307,333,349,352,344,330,313
GS11,98/06/14,300,295,300,312,326,342,350,349,336,312,284,257,234,225,228,243,270,301,327,344,351,350,339,323
GS11,98/06/15,308,298,296,302,314,329,340,344,339,325,302,277,254,237,232,238,254,276,300,321,335,340,336,325
GS11,98/06/16,310,297,289,287,293,304,316,324,326,321,307,288,268,250,238,237,244,259,279,299,317,328,331,327
GS11,98/06/17,316,303,293,284,283,288,298,308,314,315,311,301,287,271,256,247,246,253,267,284,302,316,325,325
GS11,98/06/18,320,310,296,282,273,271,274,282,292,301,306,307,302,290,277,266,258,257,262,273,290,308,322,330
GS11,98/06/19,330,323,310,293,276,265,260,262,270,283,297,307,312,309,300,289,278,270,268,272,282,298,315,329
GS11,98/06/20,336,335,327,309,289,268,252,244,245,254,269,285,301,309,311,306,294,282,272,267,269,280,294,310
GS11,98/06/21,324,330,328,316,295,271,247,229,220,223,236,258,280,301,313,318,314,302,289,278,272,277,289,306
GS11,98/06/22,322,336,341,336,319,293,264,236,217,213,220,239,266,294,318,332,334,327,314,299,286,282,286,299
GS11,98/06/23,317,335,347,349,340,319,288,255,224,206,204,216,240,269,301,326,339,340,331,315,297,283,279,285
GS11,98/06/24,301,322,339,350,350,337,312,277,239,209,192,192,208,236,271,304,327,338,336,323,305,288,276,273
GS11,98/06/25,281,296,315,332,342,340,325,297,260,224,198,185,190,208,240,274,306,327,335,331,317,299,283,274
GS11,98/06/26,274,284,301,319,334,339,333,314,284,249,217,196,190,200,222,253,286,314,331,333,326,311,294,280
GS11,98/06/27,274,279,291,308,325,337,338,327,304,273,241,215,200,201,216,240,270,299,321,331,329,319,302,286
GS11,98/06/28,276,274,281,294,311,327,336,336,322,299,270,242,223,217,224,241,265,292,317,331,336,330,318,302
GS11,98/06/29,289,282,283,292,306,321,332,334,328,313,290,266,245,232,230,241,260,283,306,325,333,333,324,310
GS11,98/06/30,297,286,281,283,291,302,314,321,321,315,300,282,262,247,239,241,252,270,290,308,322,328,325,314
GS11,98/07/01,302,289,278,274,276,283,292,302,308,307,302,292,278,265,254,250,254,265,281,298,313,324,326,320
GS11,98/07/02,311,299,286,276,271,273,278,286,294,300,303,301,294,285,276,268,265,268,277,290,304,316,324,324
GS11,98/07/03,318,309,296,282,271,266,265,269,276,285,293,299,300,297,290,283,277,274,277,286,298,310,321,326
GS11,98/07/04,326,320,308,292,277,264,256,255,259,267,279,290,299,303,304,298,291,285,283,285,292,304,315,325
GS11,98/07/05,330,330,323,309,291,273,259,249,247,253,264,280,297,309,315,316,309,300,292,286,287,294,305,316
GS11,98/07/06,326,331,329,318,301,279,258,242,232,232,241,258,278,298,313,321,321,314,303,293,287,288,296,307
GS11,98/07/07,321,331,336,331,317,297,272,248,231,223,227,242,265,290,312,327,333,329,318,303,292,287,289,300
GS11,98/07/08,316,330,342,343,335,316,290,261,236,220,218,228,249,276,304,328,341,343,335,321,305,293,289,294
GS11,98/07/09,307,323,340,348,347,335,311,280,249,224,211,213,229,254,286,315,336,346,343,332,315,297,286,286
GS11,98/07/10,296,313,330,345,352,346,328,299,265,234,213,207,215,236,267,300,328,347,353,346,329,311,295,286
GS11,98/07/11,289,303,322,341,356,359,347,324,292,258,229,212,211,225,250,284,317,344,358,357,347,327,307,291
GS11,98/07/12,285,292,308,329,349,361,359,344,316,282,249,225,214,219,238,270,306,341,363,369,362,347,325,304
GS11,98/07/13,292,291,302,321,345,363,371,365,346,318,284,255,235,229,239,261,292,322,348,362,364,355,336,314
GS11,98/07/14,294,283,285,296,318,340,356,361,351,332,305,277,253,239,237,249,272,300,328,349,359,358,345,326
GS11,98/07/15,305,288,280,281,293,311,330,345,348,341,323,300,276,257,247,250,262,284,309,333,349,355,350,338
GS11,98/07/16,318,299,283,275,278,287,304,320,331,335,330,317,300,282,270,264,266,277,296,317,335,349,351,344
GS11,98/07/17,330,312,292,277,270,273,282,296,311,324,331,332,325,314,303,294,291,294,304,319,335,352,361,361
GS11,98/07/18,354,338,318,299,282,272,272,278,291,307,321,332,335,333,325,316,307,301,301,308,319,333,345,353
GS11,98/07/19,354,347,332,311,289,270,259,256,261,275,291,308,322,330,332,328,320,313,306,304,310,319,331,344
GS11,98/07/20,352,354,346,329,306,282,261,246,241,247,261,282,305,325,337,342,337,327,316,308,305,309,319,332
GS11,98/07/21,345,354,356,346,328,302,274,251,236,231,240,257,283,310,331,344,348,342,333,322,313,311,314,324
GS11,98/07/22,338,352,361,361,350,331,303,274,250,234,231,242,265,293,321,342,354,355,346,332,318,308,304,312
GS11,98/07/23,327,345,359,365,363,347,321,288,255,228,213,215,230,256,288,317,339,348,346,332,315,299,287,284
GS11,98/07/24,291,305,323,339,348,344,327,300,268,235,213,205,214,234,264,297,324,340,343,335,321,304,286,277
GS11,98/07/25,278,291,309,329,345,351,344,323,292,259,230,214,213,227,253,286,320,345,355,351,336,317,297,284
GS11,98/07/26,280,287,302,322,339,352,353,341,316,286,255,231,221,227,242,270,300,329,347,352,345,328,307,289
GS11,98/07/27,278,280,289,304,322,339,347,345,330,305,276,249,233,230,240,261,288,316,339,350,348,335,316,294
GS11,98/07/28,279,272,277,289,307,326,338,341,333,315,291,267,247,237,240,254,276,302,325,340,343,335,319,300
GS11,98/07/29,283,271,269,276,290,307,321,329,329,321,304,285,266,254,251,259,276,297,317,333,342,340,330,314
GS11,98/07/30,296,281,272,272,278,291,306,317,323,323,315,302,287,273,266,268,278,293,311,327,338,341,335,322
GS11,98/07/31,306,290,277,272,274,281,291,303,312,315,314,307,298,287,279,278,283,293,308,322,333,339,337,329
GS11,98/08/01,315,301,285,274,268,269,274,284,293,302,308,310,306,301,296,290,287,290,296,307,319,329,333,331
GS11,98/08/02,324,311,296,280,269,262,261,265,272,282,290,299,303,304,302,297,293,289,291,295,303,312,317,321
GS11,98/08/03,320,313,302,288,273,259,251,247,250,260,273,288,300,309,313,312,307,302,297,297,301,308,317,326
GS11,98/08/04,329,328,320,307,290,271,255,245,242,249,263,280,299,314,326,329,326,318,308,300,298,301,310,323
GS11,98/08/05,332,337,337,328,312,291,268,249,237,234,243,260,285,307,327,338,340,333,322,309,299,296,299,309
GS11,98/08/06,323,338,346,344,331,311,284,257,236,224,225,239,262,290,317,336,346,344,333,318,302,293,290,296
GS11,98/08/07,310,328,345,355,351,335,308,278,248,227,219,223,242,271,303,331,349,355,348,332,312,295,284,284
GS11,98/08/08,294,313,336,355,360,350,329,298,263,235,216,212,222,248,281,314,340,355,356,343,324,302,285,278
GS11,98/08/09,285,305,329,350,363,365,352,327,293,258,230,216,218,238,269,303,334,355,362,355,337,315,292,276
GS11,98/08/10,273,284,306,334,357,369,366,348,317,281,248,225,220,231,255,286,317,343,358,359,347,325,301,277
GS11,98/08/11,265,267,281,304,331,353,364,359,338,308,274,247,231,230,243,269,300,330,352,361,355,339,315,291
GS11,98/08/12,272,263,268,284,308,332,352,359,351,331,304,278,257,247,250,265,290,316,341,356,360,352,332,308
GS11,98/08/13,284,269,263,270,285,307,328,344,347,341,325,304,284,271,266,271,287,307,328,347,357,358,346,326
GS11,98/08/14,303,282,268,262,268,283,303,320,333,336,332,320,304,290,281,280,286,300,318,336,348,352,348,334
GS11,98/08/15,315,293,275,261,257,261,272,288,302,316,325,324,317,308,300,293,293,297,307,320,332,341,344,340
GS11,98/08/16,330,314,295,275,262,254,258,267,280,296,309,318,321,322,318,313,308,306,308,313,322,329,334,335
GS11,98/08/17,332,324,310,294,275,260,252,250,255,266,282,297,311,321,326,325,320,312,306,305,308,315,323,331
GS11,98/08/18,336,337,328,313,293,272,255,242,239,245,259,278,299,317,330,335,331,322,312,304,300,302,310,320
GS11,98/08/19,330,339,341,332,314,290,265,243,230,229,238,255,280,304,325,337,340,333,321,308,298,293,297,306
GS11,98/08/20,318,331,339,339,330,309,283,256,235,224,224,236,258,285,310,330,342,341,330,315,300,289,286,292
GS11,98/08/21,305,321,336,346,344,331,308,279,251,229,221,226,243,268,298,324,340,346,340,325,307,291,281,282
GS11,98/08/22,292,309,329,344,351,347,330,303,272,243,226,222,232,256,285,313,337,348,346,334,314,292,275,270
GS11,98/08/23,276,293,314,335,349,354,344,322,291,262,238,226,230,248,276,305,332,348,352,343,325,302,283,270
GS11,98/08/24,272,284,303,325,344,356,355,341,317,287,261,244,241,252,274,300,327,346,355,351,337,315,292,276
GS11,98/08/25,271,276,291,311,331,346,351,346,329,306,280,260,249,252,266,290,315,336,348,348,338,319,297,277
GS11,98/08/26,266,266,276,292,312,329,340,340,329,310,287,267,254,253,263,280,302,321,336,340,334,319,299,278
GS11,98/08/27,263,258,262,275,293,311,325,331,326,314,297,279,264,259,264,277,295,315,331,339,338,328,310,290
GS11,98/08/28,274,263,261,268,281,298,314,324,325,318,306,292,279,271,271,280,294,311,326,336,338,331,317,299
GS11,98/08/29,282,270,262,264,272,284,299,311,317,318,313,303,293,285,282,285,295,308,321,330,336,334,325,311
GS11,98/08/30,295,280,270,264,266,274,284,296,305,312,313,310,305,300,297,295,299,307,316,325,333,334,329,320
GS11,98/08/31,306,294,281,272,270,271,278,285,294,302,310,314,316,314,312,310,311,315,319,324,331,335,335,330
GS11,98/09/01,323,311,299,288,279,275,274,277,283,291,303,314,322,325,329,329,328,327,326,329,332,336,339,340
GS11,98/09/02,338,332,323,311,298,284,273,267,268,275,288,302,317,328,335,337,334,329,322,318,319,322,328,334
GS11,98/09/03,338,340,336,326,309,289,270,256,250,253,264,281,302,320,335,342,342,334,321,310,302,301,306,317
GS11,98/09/04,331,342,346,341,328,307,283,261,244,239,244,260,283,308,331,348,353,348,334,317,302,292,292,302
GS11,98/09/05,319,338,352,357,350,332,305,276,250,234,231,242,264,291,320,344,356,355,341,323,302,285,277,281
GS11,98/09/06,297,319,342,359,362,351,328,298,265,240,226,226,243,270,304,333,353,360,354,335,309,284,267,262
GS11,98/09/07,273,295,322,347,364,365,350,323,289,258,235,226,233,255,287,320,346,361,360,346,323,294,270,257
GS11,98/09/08,259,275,302,333,358,370,366,349,321,289,262,247,247,259,281,310,339,360,366,358,339,311,282,261
GS11,98/09/09,252,259,280,309,336,355,363,357,337,309,280,257,245,251,270,299,326,346,358,356,343,320,290,263
GS11,98/09/10,246,243,254,276,303,327,344,350,342,323,300,278,263,261,273,294,316,335,350,356,351,332,305,277
GS11,98/09/11,252,241,244,259,281,305,325,340,341,333,317,301,288,280,284,297,315,333,348,357,358,346,326,302
GS11,98/09/12,282,266,258,260,269,283,302,318,327,330,326,316,307,300,298,303,312,324,336,344,347,342,330,312
GS11,98/09/13,293,274,260,255,258,266,279,294,307,316,321,320,316,310,306,306,310,317,325,333,339,338,333,323
GS11,98/09/14,309,293,277,265,259,258,263,272,285,297,307,314,318,319,316,314,314,316,319,325,329,333,335,333
GS11,98/09/15,327,317,302,287,275,266,262,264,270,281,295,309,320,327,331,330,326,322,320,320,324,328,334,341
GS11,98/09/16,347,348,348,343,337,331,326,326,321,314,309,315,326,333,339,337,329,319,307,298,295,294,300,307
GS11,98/09/17,316,324,326,324,311,290,269,251,242,9999,9999,9999,290,311,325,334,332,324,312,298,287,279,282,289
GS11,98/09/18,301,315,326,330,324,307,283,259,239,231,235,249,273,299,323,338,341,334,319,304,291,282,279,286
GS11,98/09/19,301,321,335,344,340,326,303,276,252,236,233,243,262,288,315,334,343,339,323,303,282,266,259,264
GS11,98/09/20,278,299,321,339,345,338,319,293,264,241,229,232,247,274,303,329,345,347,334,313,289,267,254,254
GS11,98/09/21,265,286,310,333,348,349,338,316,287,260,244,240,251,272,299,327,347,355,350,331,306,281,261,254
GS11,98/09/22,259,277,300,325,345,352,348,330,303,275,250,238,240,256,282,310,336,352,352,337,313,284,260,244
GS11,98/09/23,240,251,271,295,318,334,338,327,305,279,254,237,233,243,261,288,311,326,330,322,303,277,249,231
GS11,98/09/24,224,230,247,271,296,318,328,327,315,295,274,257,251,257,272,295,317,334,339,334,319,295,269,247
GS11,98/09/25,235,236,249,270,295,316,331,336,330,316,297,280,268,265,273,290,310,328,339,341,330,310,286,263
GS11,98/09/26,246,238,243,256,275,296,314,324,326,318,306,291,278,272,275,285,301,317,330,335,331,317,296,274
GS11,98/09/27,253,241,238,246,264,285,304,319,325,324,316,305,292,284,282,287,299,313,327,334,333,324,309,290
GS11,98/09/28,271,256,248,248,256,269,284,299,309,315,315,311,304,296,291,293,298,308,318,326,328,325,316,303
GS11,98/09/29,287,271,258,251,251,257,267,281,294,304,309,312,312,310,306,304,303,304,308,315,321,322,319,313
GS11,98/09/30,304,292,280,269,262,259,262,270,279,292,304,314,322,325,323,318,313,310,308,312,318,323,325,325
GS11,98/10/01,321,315,304,291,278,268,262,262,269,284,300,318,330,339,343,339,332,321,312,308,309,313,319,326
GS11,98/10/02,331,333,329,318,302,285,270,262,260,268,282,300,320,338,347,349,342,327,311,297,289,290,297,309
GS11,98/10/03,323,336,341,333,317,295,272,251,238,237,247,267,293,318,337,346,343,329,308,288,273,267,272,286
GS11,98/10/04,307,329,345,348,338,317,290,261,239,228,231,247,273,305,332,350,352,339,315,289,266,250,248,259
GS11,98/10/05,280,307,332,347,348,336,311,282,254,233,226,233,254,287,323,351,363,355,333,302,271,247,234,237
GS11,98/10/06,254,284,317,347,364,363,345,315,281,253,238,239,252,277,309,340,361,365,351,323,286,252,229,221
GS11,98/10/07,230,255,290,326,356,368,363,343,313,281,257,247,250,268,298,331,358,374,370,349,314,275,244,225
GS11,98/10/08,224,241,271,306,341,366,378,372,350,321,293,276,271,279,298,323,347,364,368,358,334,299,264,234
GS11,98/10/09,221,224,241,270,305,336,358,363,354,334,310,288,277,278,291,311,335,357,369,365,349,321,286,254
GS11,98/10/10,231,223,229,248,274,305,331,347,349,339,323,304,290,283,288,301,320,340,351,352,343,324,297,268
GS11,98/10/11,240,223,219,226,244,268,293,312,322,323,317,307,295,286,285,292,304,318,330,337,335,325,308,287
GS11,98/10/12,263,244,233,232,240,254,273,290,304,313,315,312,304,296,292,294,299,308,315,322,324,322,314,303
GS11,98/10/13,285,268,251,240,237,241,252,266,282,296,308,313,313,309,304,303,303,303,307,311,315,317,316,313
GS11,98/10/14,306,297,284,269,258,252,253,260,272,287,302,314,323,325,322,316,309,303,299,298,301,306,313,317
GS11,98/10/15,317,314,306,294,279,266,257,256,260,272,287,304,317,325,327,324,316,305,294,286,283,287,294,303
GS11,98/10/16,312,318,317,308,294,277,261,251,248,254,265,282,300,316,326,327,321,307,290,277,270,270,279,292
GS11,98/10/17,308,321,329,327,316,300,282,265,256,258,268,287,307,326,340,348,343,329,308,290,276,272,277,292
GS11,98/10/18,312,334,351,359,355,340,319,298,281,273,276,288,307,327,342,350,347,334,313,287,265,252,249,256
GS11,98/10/19,274,297,320,335,339,331,312,288,266,250,246,255,273,296,319,337,343,334,314,288,261,240,232,236
GS11,98/10/20,251,275,301,324,337,337,326,305,281,260,250,253,269,290,315,335,345,341,324,298,269,245,231,230
GS11,98/10/21,243,265,292,317,336,344,338,322,299,275,259,255,264,285,310,332,347,348,339,316,288,259,238,232
GS11,98/10/22,239,259,286,316,338,352,351,339,319,298,281,271,275,291,313,337,355,361,354,334,306,276,253,239
GS11,98/10/23,239,253,275,303,330,348,354,348,333,313,294,283,281,291,310,332,352,360,357,343,317,288,262,243
GS11,98/10/24,236,242,260,287,316,339,352,352,341,326,307,292,287,293,306,327,348,361,364,353,332,304,276,253
GS11,98/10/25,239,239,252,272,298,323,341,348,346,334,319,303,293,293,302,317,335,349,355,351,336,314,288,262
GS11,98/10/26,245,238,242,257,278,302,322,334,338,332,321,307,296,289,291,299,313,325,336,339,332,315,292,269
GS11,98/10/27,249,236,233,239,253,274,293,310,321,324,320,313,305,300,299,303,312,322,332,336,334,325,310,291
GS11,98/10/28,273,257,248,246,253,267,284,302,315,323,327,326,323,319,314,312,313,316,322,326,327,325,319,309
GS11,98/10/29,297,283,272,264,262,266,274,286,301,314,325,331,332,329,322,315,311,308,309,311,314,316,317,315
GS11,98/10/30,309,299,287,274,264,258,259,266,278,293,308,319,326,329,327,320,311,301,295,293,297,304,313,320
GS11,98/10/31,323,320,313,299,285,273,264,262,268,279,296,313,329,341,345,340,329,311,295,284,280,286,300,314
GS11,98/11/01,327,334,334,327,312,293,275,263,259,265,281,301,323,342,351,350,338,317,294,275,263,262,272,290
GS11,98/11/02,313,333,346,347,337,318,296,276,263,261,271,290,315,339,357,364,357,337,309,280,257,247,252,268
GS11,98/11/03,296,324,346,359,354,340,316,291,269,258,260,275,298,325,348,361,360,343,314,281,252,232,228,239
GS11,98/11/04,263,295,327,353,366,365,350,325,300,279,270,275,292,319,348,371,381,373,349,312,272,238,218,217
GS11,98/11/05,234,266,303,338,362,371,364,344,317,290,273,269,281,304,332,356,372,371,356,323,280,239,209,196
GS11,98/11/06,201,224,257,295,328,350,356,348,330,306,285,273,275,289,313,340,362,371,366,345,310,270,235,211
GS11,98/11/07,202,213,238,274,313,343,360,362,352,335,316,302,296,302,320,342,366,382,382,369,341,307,271,243
GS11,98/11/08,226,224,235,258,288,318,343,356,356,347,331,315,305,303,309,323,340,356,367,364,350,326,297,269
GS11,98/11/09,246,233,232,241,261,286,314,337,347,347,340,327,315,307,307,312,321,332,341,345,342,330,311,288
GS11,98/11/10,265,248,238,238,247,262,281,302,319,329,331,327,317,308,302,300,305,312,321,329,334,331,322,305
GS11,98/11/11,287,268,255,249,251,261,277,296,314,327,334,334,331,326,318,313,312,313,318,324,330,332,331,324
GS11,98/11/12,312,298,283,271,263,262,269,282,299,316,328,333,334,329,323,315,307,301,298,299,304,310,314,315
GS11,98/11/13,312,306,297,287,277,269,268,273,284,299,315,328,336,337,334,325,315,303,295,291,293,299,309,317
GS11,98/11/14,323,325,321,311,300,288,280,278,282,292,307,321,333,340,339,332,320,303,287,275,270,273,282,294
GS11,98/11/15,306,315,318,315,306,294,281,272,270,275,287,304,321,334,340,337,327,310,290,273,263,260,267,282
GS11,98/11/16,300,318,331,335,332,320,306,292,281,280,292,9999,9999,9999,9999,9999,9999,9999,305,281,265,258,262,275
GS11,98/11/17,297,318,338,351,352,344,330,314,300,9999,9999,9999,325,344,360,368,363,347,322,295,271,256,251,259
GS11,98/11/18,275,298,321,340,349,348,339,323,307,295,293,301,317,336,354,365,365,351,327,299,271,249,239,244
GS11,98/11/19,258,283,309,334,351,356,350,336,319,302,295,298,308,327,346,361,366,358,339,311,280,255,238,234
GS11,98/11/20,244,265,292,320,342,353,352,342,325,309,297,293,300,315,333,350,359,358,345,320,291,263,240,231
GS11,98/11/21,235,250,274,301,326,343,349,345,332,314,299,289,291,301,319,338,352,357,350,329,301,271,244,229
GS11,98/11/22,224,232,251,278,304,325,339,342,336,323,309,298,294,301,315,332,347,353,350,335,311,285,258,237
GS11,98/11/23,227,229,242,265,290,313,332,340,339,331,319,307,299,301,310,324,338,346,346,337,319,296,269,246
GS11,98/11/24,231,225,232,246,267,291,313,327,332,330,322,311,301,297,300,310,321,331,336,333,324,309,288,265
GS11,98/11/25,247,236,234,241,256,276,297,313,325,328,326,319,308,300,296,299,307,317,325,327,323,312,295,276
GS11,98/11/26,257,241,233,234,243,259,277,295,308,317,320,318,311,303,296,292,293,297,303,308,310,308,300,289
GS11,98/11/27,274,260,249,244,245,252,264,282,299,313,322,326,323,317,307,299,294,293,295,301,307,312,313,312
GS11,98/11/28,304,294,284,275,269,267,273,283,297,312,323,332,334,331,324,312,300,289,284,284,289,298,306,312
GS11,98/11/29,313,310,301,290,279,270,268,271,280,294,308,323,331,334,331,320,305,287,273,266,267,276,289,302
GS11,98/11/30,313,318,316,308,295,283,273,270,274,284,299,316,329,337,338,329,313,291,268,253,246,250,263,282
GS11,98/12/01,302,318,326,326,320,307,292,281,277,281,292,308,327,342,349,346,332,306,279,252,236,233,241,259
GS11,98/12/02,285,309,328,338,337,328,312,296,284,279,284,299,317,336,349,353,342,320,290,259,234,220,218,230
GS11,98/12/03,253,283,312,333,342,340,329,312,296,285,284,291,306,326,342,353,350,335,309,274,241,215,201,205
GS11,98/12/04,222,252,285,313,334,343,340,328,311,296,286,286,296,313,332,347,352,344,324,292,255,222,199,191
GS11,98/12/05,200,222,254,287,315,333,340,335,323,306,294,286,291,305,323,343,356,357,345,319,286,251,221,203
GS11,98/12/06,200,212,237,267,296,319,332,335,328,315,300,287,283,289,302,321,337,346,343,329,303,271,238,212
GS11,98/12/07,198,199,215,240,268,295,316,328,329,322,312,299,291,291,300,314,330,343,346,339,322,298,270,244
GS11,98/12/08,226,220,227,244,266,292,315,331,336,333,324,310,299,294,295,302,313,323,330,331,322,307,287,263
GS11,98/12/09,244,229,227,234,248,268,292,308,318,320,314,306,295,287,285,287,294,303,311,316,315,307,293,276
GS11,98/12/10,259,243,233,232,239,254,274,290,304,314,313,308,299,291,285,281,282,285,290,295,298,297,293,285
GS11,98/12/11,273,261,252,246,248,256,271,287,302,315,321,322,316,309,300,291,284,280,279,282,286,290,292,290
GS11,98/12/12,284,277,267,260,256,256,264,276,289,302,311,315,313,307,300,289,279,271,267,266,271,278,284,290
GS11,98/12/13,293,292,288,281,275,271,271,276,285,297,309,318,322,320,315,304,291,278,266,261,262,268,278,288
GS11,98/12/14,298,303,305,300,292,283,277,276,280,291,303,315,324,328,327,318,304,286,271,257,252,253,262,276
GS11,98/12/15,290,304,311,312,307,300,290,282,279,284,294,307,319,329,331,326,312,294,273,254,243,240,247,263
GS11,98/12/16,281,301,314,321,321,316,304,293,285,284,292,304,319,332,339,339,326,306,283,257,240,230,233,246
GS11,98/12/17,266,289,309,323,328,325,316,302,290,285,286,295,309,326,338,343,335,317,291,263,238,222,215,223
GS11,98/12/18,241,264,290,311,323,327,320,307,294,284,280,284,297,313,328,338,337,326,304,276,249,228,215,218
GS11,98/12/19,232,255,284,309,328,339,339,329,316,303,294,294,303,319,337,352,356,349,330,302,272,246,228,222
GS11,98/12/20,231,250,278,307,330,346,351,343,330,314,300,292,296,309,327,344,354,352,339,314,285,254,230,217
GS11,98/12/21,218,232,254,282,309,330,342,342,334,321,306,296,296,303,318,333,346,350,343,325,299,270,241,223
GS11,98/12/22,216,223,239,264,292,316,334,341,338,329,315,301,295,299,310,326,342,352,352,341,321,295,266,244
GS11,98/12/23,230,228,238,256,281,306,327,339,342,337,324,309,299,297,302,315,329,341,346,344,333,313,289,265
GS11,98/12/24,248,240,242,252,271,295,317,332,341,340,330,317,305,297,296,301,313,325,334,336,331,317,298,277
GS11,98/12/25,259,246,242,246,259,277,298,316,330,335,332,324,312,302,297,297,302,311,320,326,328,325,315,300
GS11,98/12/26,283,269,260,259,264,277,294,312,326,336,339,333,324,312,301,293,288,290,294,301,309,312,311,305
GS11,98/12/27,294,283,272,264,262,266,277,291,306,319,326,328,322,314,300,288,277,271,270,275,284,294,300,303
GS11,98/12/28,301,295,286,278,270,268,271,280,292,307,320,326,327,321,309,293,276,260,250,247,254,265,278,291
GS11,98/12/29,300,304,303,297,288,280,277,278,286,299,313,325,333,334,328,314,293,271,252,241,238,247,262,281
GS11,98/12/30,300,315,322,323,317,307,297,291,290,298,311,326,338,347,346,337,316,290,261,238,223,221,231,251
GS11,98/12/31,274,300,318,329,331,323,313,301,293,293,301,313,329,342,350,347,334,310,279,247,224,212,213,229
