GS11,06/01/01,194,212,242,274,305,327,339,338,331,319,307,301,303,313,329,344,354,353,341,315,281,248,218,199
GS11,06/01/02,196,206,227,259,293,321,340,349,346,335,321,308,303,308,321,339,357,365,360,344,317,284,251,225
GS11,06/01/03,211,211,224,248,279,312,337,351,355,348,335,320,308,305,309,322,338,352,355,348,331,304,273,244
GS11,06/01/04,223,214,216,231,254,283,311,332,342,341,330,315,299,290,290,298,313,328,339,342,336,320,296,270
GS11,06/01/05,247,231,226,231,247,271,297,320,335,340,333,319,303,289,281,280,288,300,313,322,325,321,309,291
GS11,06/01/06,271,255,245,244,252,267,289,310,327,337,335,328,312,296,281,275,273,280,291,305,317,322,319,311
GS11,06/01/07,300,286,275,270,271,280,295,312,328,340,343,338,327,312,295,280,271,268,269,276,286,297,302,305
GS11,06/01/08,302,295,288,282,278,281,289,300,313,325,332,333,327,314,298,281,264,253,248,249,256,266,277,287
GS11,06/01/09,295,297,296,293,290,289,291,297,305,315,322,326,325,317,306,289,271,254,241,236,238,244,258,275
GS11,06/01/10,290,303,311,313,311,308,306,307,311,316,323,330,334,333,327,314,296,273,252,236,230,231,242,258
GS11,06/01/11,279,298,312,320,323,321,316,310,307,307,312,317,324,328,328,320,304,281,255,232,217,210,215,228
GS11,06/01/12,249,273,293,310,319,320,315,306,299,294,296,301,309,318,325,325,315,296,269,240,217,202,197,205
GS11,06/01/13,224,249,276,299,314,320,318,311,302,293,290,292,301,313,325,331,328,315,291,262,235,212,200,202
GS11,06/01/14,216,240,269,297,320,333,337,332,322,311,303,302,309,322,336,350,356,354,341,310,279,248,227,218
GS11,06/01/15,223,240,265,293,319,336,343,338,327,314,302,297,299,311,328,342,352,351,337,313,283,251,224,210
GS11,06/01/16,210,222,246,273,301,323,335,335,329,315,301,290,288,296,310,326,342,348,342,325,298,267,237,216
GS11,06/01/17,209,214,233,259,286,312,329,333,328,315,299,285,277,280,289,306,323,335,336,325,305,278,249,225
GS11,06/01/18,210,209,221,243,271,298,319,329,328,318,302,286,274,271,279,294,313,328,337,334,321,299,273,245
GS11,06/01/19,228,221,226,242,266,292,315,329,332,325,310,293,277,269,271,280,297,313,324,328,322,307,286,262
GS11,06/01/20,242,229,229,238,257,282,305,323,330,326,315,295,278,266,262,266,277,293,308,319,321,315,298,279
GS11,06/01/21,261,249,244,250,265,285,307,325,337,339,329,315,298,284,275,274,280,291,303,315,322,323,317,306
GS11,06/01/22,292,281,273,272,279,293,312,329,341,345,340,328,312,295,282,275,275,280,290,301,308,314,313,310
GS11,06/01/23,303,295,287,284,286,294,305,318,330,336,336,325,312,295,279,267,258,254,255,260,270,280,289,295
GS11,06/01/24,296,295,291,288,287,289,294,303,312,319,323,321,312,301,287,272,258,245,239,238,243,254,267,280
GS11,06/01/25,293,299,303,303,301,300,300,303,307,314,320,321,320,314,304,289,273,255,239,230,229,237,249,266
GS11,06/01/26,285,302,314,320,322,318,314,311,310,314,9999,9999,9999,9999,9999,9999,9999,277,255,235,224,223,232,249
GS11,06/01/27,272,298,319,334,341,341,336,329,322,320,322,328,336,345,348,343,328,306,276,248,227,216,215,228
GS11,06/01/28,250,278,308,332,347,351,347,337,324,315,312,316,324,336,347,349,341,321,292,258,225,200,188,192
GS11,06/01/29,211,240,275,306,330,343,344,334,318,303,293,292,300,314,331,345,349,339,315,280,243,210,187,180
GS11,06/01/30,189,215,250,285,317,338,346,340,326,307,289,280,283,297,317,339,353,354,341,314,278,241,208,188
GS11,06/01/31,184,198,226,260,297,326,342,343,332,313,292,274,268,276,295,319,340,354,352,335,307,270,234,207
GS11,06/02/01,194,196,214,244,281,313,339,348,342,325,303,282,270,271,285,309,335,358,369,366,348,318,280,246
GS11,06/02/02,224,217,225,245,273,305,330,343,343,330,308,284,263,252,255,271,295,319,338,346,340,324,297,269
GS11,06/02/03,245,233,234,248,272,299,326,344,349,341,323,299,276,257,251,256,270,291,311,324,329,323,308,288
GS11,06/02/04,268,253,249,255,271,292,314,331,339,337,323,302,278,256,242,239,248,262,278,294,306,308,303,293
GS11,06/02/05,281,271,266,269,279,293,310,325,332,333,325,309,288,266,248,237,236,241,250,264,278,287,291,290
GS11,06/02/06,286,281,278,278,282,292,302,314,322,326,323,314,299,281,265,250,241,238,241,248,258,270,281,289
GS11,06/02/07,294,297,300,302,304,312,319,326,333,338,340,337,330,319,305,290,277,266,258,257,261,269,278,289
GS11,06/02/08,298,307,312,315,316,317,318,320,322,326,328,330,329,325,316,303,287,268,253,244,239,242,251,265
GS11,06/02/09,282,298,309,317,319,319,316,311,307,306,309,313,316,317,315,307,293,274,252,233,221,218,223,236
GS11,06/02/10,256,278,298,313,320,320,315,307,301,298,300,305,312,320,326,324,315,297,273,249,229,217,216,225
GS11,06/02/11,243,267,292,311,322,327,323,314,303,294,292,296,307,320,332,339,336,321,297,269,242,221,212,215
GS11,06/02/12,230,254,282,306,324,331,329,318,303,289,282,283,292,306,323,335,339,330,310,280,247,219,202,199
GS11,06/02/13,210,232,261,290,312,326,327,318,302,286,274,269,275,289,308,327,338,338,324,300,269,238,214,203
GS11,06/02/14,205,224,251,281,307,324,330,323,307,288,270,259,260,272,292,314,332,338,332,315,287,255,228,209
GS11,06/02/15,206,219,243,272,299,321,329,326,311,291,270,257,253,261,279,300,322,336,337,326,302,272,243,222
GS11,06/02/16,213,219,238,264,291,317,331,332,321,300,279,259,249,251,264,285,310,329,339,336,319,294,267,243
GS11,06/02/17,229,229,242,263,291,317,334,338,329,309,286,264,249,244,250,267,289,309,323,325,316,297,273,251
GS11,06/02/18,233,228,234,252,275,300,319,326,319,303,280,258,239,229,231,243,262,283,302,312,310,300,282,264
GS11,06/02/19,248,240,244,255,273,295,314,325,324,312,292,269,249,234,230,236,250,267,285,299,303,300,290,276
GS11,06/02/20,263,256,254,261,274,291,309,321,324,317,303,283,264,247,237,237,243,256,272,286,297,300,299,296
GS11,06/02/21,287,280,278,281,290,302,316,327,332,328,318,301,284,264,251,242,242,247,255,267,279,286,293,294
GS11,06/02/22,294,293,293,293,297,304,314,321,327,327,321,311,297,281,267,253,245,242,243,248,256,266,278,287
GS11,06/02/23,295,300,305,307,307,310,313,316,319,320,319,314,306,295,280,265,250,237,229,226,228,237,249,265
GS11,06/02/24,281,295,304,310,311,310,308,306,305,306,308,311,310,306,297,284,266,246,227,213,206,207,217,235
GS11,06/02/25,258,280,298,311,315,312,306,298,292,289,291,297,304,310,311,304,289,268,242,219,200,190,193,209
GS11,06/02/26,234,264,293,314,326,328,321,311,299,291,290,299,313,328,340,346,339,319,288,254,225,204,197,202
GS11,06/02/27,221,250,282,309,329,334,328,313,292,274,265,267,279,299,320,335,340,328,305,271,235,204,183,179
GS11,06/02/28,192,218,252,287,315,329,329,314,291,266,249,245,253,273,300,326,342,345,331,303,268,233,205,191
GS11,06/03/01,195,214,244,280,311,334,341,333,313,287,264,250,251,264,290,321,348,364,365,349,321,290,258,234
GS11,06/03/02,226,236,260,292,322,347,358,351,332,302,271,248,238,244,264,294,325,347,357,350,330,301,270,244
GS11,06/03/03,230,233,250,276,305,331,347,348,333,306,274,244,226,222,234,257,286,314,332,338,328,309,283,258
GS11,06/03/04,242,239,248,267,292,317,333,338,328,306,278,247,224,210,211,227,250,276,298,311,312,304,289,271
GS11,06/03/05,256,250,254,269,288,310,326,333,329,313,289,261,236,218,210,216,231,251,272,289,298,299,293,284
GS11,06/03/06,273,267,267,275,289,306,320,328,328,319,302,281,258,239,224,221,226,237,253,269,282,290,292,290
GS11,06/03/07,287,284,285,288,296,306,316,324,326,321,311,296,279,260,244,236,233,236,244,256,268,278,286,291
GS11,06/03/08,294,295,296,298,302,307,313,319,320,320,314,306,295,281,267,253,244,237,234,236,242,250,260,270
GS11,06/03/09,280,288,293,297,298,299,300,300,300,299,296,295,292,285,275,264,252,240,230,224,225,230,241,256
GS11,06/03/10,271,287,298,305,308,307,305,303,300,300,303,306,310,312,310,303,292,277,259,246,238,239,247,262
GS11,06/03/11,280,298,313,323,326,325,319,310,302,298,298,304,312,320,325,325,315,300,281,261,246,238,241,252
GS11,06/03/12,271,293,313,328,336,335,328,317,304,295,295,299,311,323,335,341,338,325,304,280,259,244,240,248
GS11,06/03/13,266,288,311,330,341,342,334,320,304,290,284,288,300,316,334,348,354,348,330,303,276,252,237,237
GS11,06/03/14,249,271,297,321,337,342,336,321,301,282,270,269,278,295,316,334,345,343,328,304,276,249,230,224
GS11,06/03/15,231,250,276,301,320,328,323,309,288,267,250,244,250,265,287,310,326,334,327,309,284,258,235,224
GS11,06/03/16,227,242,267,293,316,329,328,315,293,268,248,237,237,251,271,298,322,338,339,328,308,286,265,254
GS11,06/03/17,250,262,281,308,330,344,346,335,313,284,258,239,232,237,254,277,303,322,329,324,310,288,266,250
GS11,06/03/18,243,249,265,286,309,327,334,329,309,284,259,238,228,228,243,266,292,317,331,334,328,313,295,278
GS11,06/03/19,270,273,285,305,327,346,357,355,341,319,293,269,253,248,254,269,290,313,329,337,337,325,311,296
GS11,06/03/20,286,284,290,303,319,334,344,344,333,315,291,267,249,238,240,251,269,289,308,322,328,326,319,307
GS11,06/03/21,297,293,295,305,317,330,340,342,335,322,303,281,261,246,240,243,253,267,283,298,309,313,312,309
GS11,06/03/22,304,300,300,304,310,319,327,331,329,321,307,288,269,252,241,238,239,247,258,272,286,297,305,310
GS11,06/03/23,312,312,313,316,321,326,333,338,337,335,328,315,302,285,271,261,254,252,253,260,269,281,294,306
GS11,06/03/24,315,322,326,327,326,325,323,322,322,320,317,312,304,295,282,268,256,245,237,236,240,250,264,281
GS11,06/03/25,298,312,321,323,322,317,311,306,302,301,301,304,305,303,295,284,268,251,234,222,217,220,233,252
GS11,06/03/26,274,298,314,323,323,316,306,296,287,285,287,295,307,314,317,311,297,277,253,232,217,211,218,235
GS11,06/03/27,259,288,311,326,331,325,311,293,278,268,270,280,297,314,327,332,326,309,283,255,232,217,215,226
GS11,06/03/28,249,279,308,330,339,337,323,302,280,263,258,266,285,309,332,350,355,346,325,298,270,248,237,239
GS11,06/03/29,257,283,313,337,353,352,340,317,288,263,247,246,259,282,309,333,350,350,339,315,286,258,238,232
GS11,06/03/30,239,260,287,314,335,342,336,315,286,256,235,225,232,253,283,316,342,356,352,339,313,285,261,248
GS11,06/03/31,249,262,284,310,331,344,342,326,298,265,236,216,213,224,249,280,311,333,341,338,323,300,278,263
GS11,06/04/01,259,267,285,307,329,344,346,336,312,281,248,223,210,212,229,257,288,316,334,341,336,323,306,292
GS11,06/04/02,286,290,302,320,339,353,361,355,338,312,282,256,238,233,242,262,289,316,340,354,355,349,336,325
GS11,06/04/03,316,315,321,334,349,361,368,366,353,332,305,278,255,241,239,248,263,283,303,319,328,329,324,316
GS11,06/04/04,310,308,311,319,330,339,347,349,342,328,309,288,267,250,242,243,252,267,284,301,314,321,324,324
GS11,06/04/05,322,321,323,327,333,341,347,350,348,341,330,317,301,286,273,265,265,269,276,289,299,309,318,321
GS11,06/04/06,325,326,326,326,327,329,331,331,328,323,317,310,300,286,275,264,255,254,254,259,270,280,291,300
GS11,06/04/07,308,314,317,317,317,315,314,313,312,311,309,307,303,296,288,276,265,256,251,250,254,262,274,287
GS11,06/04/08,300,311,317,319,316,313,307,302,300,301,304,309,313,314,312,304,291,277,264,255,252,255,264,279
GS11,06/04/09,295,309,318,321,318,311,300,291,284,283,287,294,302,309,311,308,297,283,266,250,242,240,247,261
GS11,06/04/10,279,299,312,318,318,308,295,282,270,265,267,275,288,301,313,316,311,298,279,260,244,238,240,251
GS11,06/04/11,270,290,307,318,320,312,299,281,265,254,253,261,276,294,311,324,326,318,301,281,263,251,248,257
GS11,06/04/12,275,298,321,339,346,341,328,308,286,266,9999,9999,9999,9999,9999,9999,9999,9999,9999,9999,9999,9999,9999,9999
GS11,06/04/13,9999,9999,9999,9999,9999,9999,9999,9999,9999,9999,9999,9999,9999,9999,9999,9999,9999,346,338,321,300,279,265,261
GS11,06/04/14,269,287,309,330,341,341,329,306,278,250,231,225,232,251,278,306,328,341,340,328,310,288,270,262
GS11,06/04/15,266,281,302,322,337,341,332,312,284,254,230,218,220,233,258,288,315,335,343,339,326,306,287,276
GS11,06/04/16,277,287,307,328,346,354,349,331,304,273,246,226,219,227,248,276,307,331,346,347,337,322,302,289
GS11,06/04/17,283,287,301,319,336,347,346,334,310,280,249,225,211,211,224,245,272,298,318,327,326,317,303,290
GS11,06/04/18,281,282,289,303,318,329,334,327,310,284,255,231,212,204,209,224,245,268,289,305,311,311,304,295
GS11,06/04/19,288,286,288,297,308,319,325,323,311,293,269,246,225,212,209,214,228,246,266,284,297,306,307,305
GS11,06/04/20,302,299,301,304,312,321,328,332,330,322,308,289,270,253,241,239,242,251,264,278,293,306,314,318
GS11,06/04/21,319,318,316,315,316,320,325,328,329,325,318,307,291,275,261,249,243,245,250,261,274,290,304,315
GS11,06/04/22,322,326,325,321,318,314,313,313,316,315,316,314,306,295,281,267,253,243,239,241,250,264,280,297
GS11,06/04/23,312,323,327,324,317,308,300,296,296,299,305,312,315,314,307,294,278,261,248,241,243,252,268,289
GS11,06/04/24,310,327,336,336,329,315,301,289,283,285,294,307,320,330,332,326,311,291,270,254,246,248,259,278
GS11,06/04/25,302,323,338,342,337,321,300,280,264,260,267,283,305,324,337,340,332,314,291,268,250,243,247,262
GS11,06/04/26,285,310,330,339,336,319,295,267,242,228,228,242,266,294,319,335,339,330,311,285,263,249,247,256
GS11,06/04/27,276,302,325,341,343,331,307,276,244,219,210,218,240,271,304,331,347,349,335,314,290,270,260,263
GS11,06/04/28,279,301,326,345,352,343,320,287,251,219,202,200,214,241,276,309,332,343,340,326,306,285,270,266
GS11,06/04/29,277,295,317,338,349,347,330,302,266,230,203,191,196,216,247,280,311,331,339,334,322,305,289,280
GS11,06/04/30,284,296,315,334,349,352,343,321,290,255,225,204,198,208,230,261,294,322,338,341,335,322,306,295
GS11,06/05/01,291,299,313,331,347,356,353,339,314,282,251,224,207,205,218,240,269,296,317,327,328,323,313,302
GS11,06/05/02,297,298,306,318,333,343,347,340,323,299,271,244,224,214,216,230,251,276,298,315,323,322,317,308
GS11,06/05/03,302,299,302,310,321,331,338,336,326,308,285,261,239,223,218,222,234,252,272,290,303,308,307,302
GS11,06/05/04,297,293,293,297,304,312,318,320,316,305,290,272,252,235,225,222,227,238,254,270,285,296,301,303
GS11,06/05/05,302,299,297,297,299,303,307,312,312,309,302,292,279,264,251,242,238,240,248,260,273,286,297,302
GS11,06/05/06,304,303,300,296,293,291,292,294,296,298,298,296,290,281,270,260,250,246,246,252,262,276,289,300
GS11,06/05/07,308,311,309,304,297,291,286,284,285,289,293,299,300,298,291,281,270,261,255,255,262,274,288,302
GS11,06/05/08,314,321,321,316,307,296,286,279,277,279,287,296,304,310,310,303,292,279,268,261,262,269,283,298
GS11,06/05/09,313,325,328,325,314,300,285,272,266,267,274,288,303,316,323,323,315,301,286,274,268,271,281,297
GS11,06/05/10,314,330,336,336,326,309,288,269,255,251,257,272,291,310,325,332,329,318,302,286,273,270,276,290
GS11,06/05/11,310,329,341,345,336,319,295,269,250,237,238,249,269,294,317,331,336,329,315,296,277,267,265,274
GS11,06/05/12,289,309,322,330,326,312,289,261,234,214,209,217,237,265,295,318,332,333,323,306,288,275,268,271
GS11,06/05/13,286,304,323,335,337,327,306,278,247,222,208,207,222,248,280,311,334,346,345,334,317,301,289,287
GS11,06/05/14,296,313,332,348,357,352,335,306,271,238,217,208,214,234,262,295,322,340,346,340,327,310,294,286
GS11,06/05/15,289,300,316,334,347,349,337,313,279,244,214,196,192,204,228,259,291,318,333,336,329,315,299,287
GS11,06/05/16,284,290,304,321,335,344,340,325,295,261,230,203,191,193,207,232,262,292,316,328,330,324,311,299
GS11,06/05/17,291,291,299,312,327,338,341,333,313,285,253,225,204,195,200,215,239,266,292,313,324,325,319,310
GS11,06/05/18,300,296,298,304,316,328,335,334,326,9999,9999,252,229,213,208,213,227,248,272,295,313,321,323,320
GS11,06/05/19,314,307,303,304,309,317,326,331,328,320,304,283,262,242,229,224,228,241,259,280,301,318,328,331
GS11,06/05/20,330,323,315,310,309,312,318,323,327,324,318,306,291,275,259,248,245,246,256,268,285,302,315,323
GS11,06/05/21,326,323,315,305,297,292,291,294,299,303,307,306,300,289,274,259,247,240,239,245,258,275,292,307
GS11,06/05/22,316,318,312,301,287,274,266,265,268,276,286,294,298,297,289,277,262,250,242,241,247,261,278,296
GS11,06/05/23,309,317,315,305,289,271,255,246,246,253,267,283,298,307,309,303,292,276,263,255,255,264,279,296
GS11,06/05/24,314,326,328,320,303,282,258,241,231,232,244,264,287,307,320,325,319,308,292,277,267,267,275,290
GS11,06/05/25,309,325,333,332,318,295,267,238,218,210,215,233,257,286,309,325,329,322,308,292,277,270,272,283
GS11,06/05/26,299,317,331,335,327,306,278,246,217,198,192,203,225,254,284,309,326,328,321,308,293,282,278,283
GS11,06/05/27,296,313,330,338,337,324,297,264,231,205,191,193,210,236,268,299,323,335,337,329,316,304,294,294
GS11,06/05/28,301,316,334,348,354,349,330,301,266,234,211,202,207,225,253,286,315,335,343,343,333,319,307,299
GS11,06/05/29,300,310,323,336,346,346,335,312,282,250,220,202,198,208,230,259,289,314,330,336,333,323,311,300
GS11,06/05/30,298,303,314,327,339,345,342,326,301,269,238,215,202,203,217,239,267,295,316,326,328,322,310,300
GS11,06/05/31,294,294,302,313,326,336,337,328,311,285,257,230,211,204,209,225,248,274,297,313,320,320,312,302
GS11,06/06/01,293,291,294,302,313,324,330,328,318,299,275,251,230,216,214,221,236,259,281,299,312,317,314,306
GS11,06/06/02,298,290,288,291,300,309,317,322,318,307,292,273,253,236,227,228,237,253,273,291,306,316,317,313
GS11,06/06/03,306,299,293,291,294,299,306,311,313,311,302,290,275,260,247,242,244,253,268,286,303,316,321,320
GS11,06/06/04,316,309,300,292,288,290,294,299,303,306,304,299,290,279,267,258,254,257,265,277,292,307,317,322
GS11,06/06/05,321,315,306,297,289,284,283,286,290,296,301,303,303,297,290,280,273,269,270,277,288,302,314,323
GS11,06/06/06,327,324,317,305,291,279,271,268,270,277,286,296,304,307,305,297,288,280,275,276,283,294,307,319
GS11,06/06/07,327,330,324,312,297,280,266,257,255,260,271,284,297,307,312,311,304,293,283,277,278,286,297,311
GS11,06/06/08,322,328,326,317,300,281,261,245,237,238,246,262,282,300,313,319,317,309,299,288,284,286,296,308
GS11,06/06/09,323,333,337,331,318,298,276,255,241,235,242,258,282,307,326,339,342,338,327,314,303,298,301,309
GS11,06/06/10,322,334,341,339,328,308,281,255,231,217,216,226,246,272,299,320,332,334,328,315,303,293,291,297
GS11,06/06/11,308,321,332,336,331,315,290,260,230,210,199,203,221,247,279,307,329,340,340,332,318,306,297,296
GS11,06/06/12,303,317,330,339,341,331,310,280,247,217,197,193,204,226,255,288,315,334,342,338,327,312,300,294
GS11,06/06/13,297,308,322,334,342,340,325,301,269,235,208,193,192,204,227,257,288,314,331,337,331,320,306,296
GS11,06/06/14,293,297,309,322,335,340,334,316,290,258,226,203,191,194,209,235,267,296,319,332,334,326,314,302
GS11,06/06/15,294,295,302,314,328,338,339,330,310,282,251,223,205,198,204,222,247,277,304,323,332,333,324,313
GS11,06/06/16,302,295,297,304,317,330,339,341,331,312,287,260,236,218,214,220,236,260,285,307,321,326,323,315
GS11,06/06/17,303,294,288,288,295,305,317,324,323,316,300,279,256,236,224,222,231,247,269,292,311,323,326,323
GS11,06/06/18,314,301,291,284,284,289,299,309,317,320,314,301,284,265,250,242,242,251,267,286,305,322,330,330
GS11,06/06/19,323,310,296,281,273,272,277,286,297,306,311,309,301,288,274,263,256,257,264,277,293,309,322,328
GS11,06/06/20,326,316,300,282,266,256,253,256,266,280,292,301,305,303,295,285,275,269,269,275,287,302,314,325
GS11,06/06/21,328,325,315,294,273,255,243,239,244,254,271,288,301,309,310,306,298,290,286,286,292,303,315,327
GS11,06/06/22,335,337,329,312,290,266,245,231,226,233,247,267,288,306,318,321,318,311,303,297,295,301,311,323
GS11,06/06/23,334,341,339,328,308,284,256,234,218,216,225,243,267,292,313,326,330,327,320,310,302,302,306,316
GS11,06/06/24,329,338,343,339,325,301,271,243,218,205,204,217,239,268,296,318,331,335,330,320,307,301,300,306
GS11,06/06/25,318,333,343,346,340,321,295,262,231,208,197,200,219,247,277,305,328,340,339,332,319,307,302,303
GS11,06/06/26,313,327,343,352,354,344,321,291,257,227,208,201,211,233,263,295,323,342,348,344,334,321,310,306
GS11,06/06/27,309,322,337,352,359,356,341,315,281,248,221,206,206,218,244,276,305,330,342,342,335,321,307,298
GS11,06/06/28,297,305,319,335,348,353,347,329,301,268,238,216,207,214,231,258,288,315,334,342,338,328,314,301
GS11,06/06/29,294,297,307,321,336,347,348,337,316,288,259,232,217,213,223,243,269,296,318,330,333,327,314,300
GS11,06/06/30,290,287,291,302,317,331,339,338,325,305,279,252,232,222,224,238,259,285,310,328,336,334,325,311
GS11,06/07/01,298,289,289,295,306,319,330,335,330,316,295,272,251,238,234,242,257,278,301,320,330,334,327,316
GS11,06/07/02,302,290,283,283,288,300,312,322,326,321,310,293,276,260,250,251,259,276,294,313,327,333,331,323
GS11,06/07/03,310,296,284,278,279,285,294,305,313,316,312,303,289,276,267,261,264,274,289,307,323,334,337,331
GS11,06/07/04,319,305,291,279,274,275,281,289,299,306,310,309,303,295,285,277,275,279,289,303,317,330,336,334
GS11,06/07/05,326,314,298,283,272,266,266,272,281,292,302,307,309,309,305,299,297,299,303,310,320,332,340,344
GS11,06/07/06,341,332,318,298,281,268,260,259,263,273,286,298,309,315,316,312,307,301,298,299,306,315,325,332
GS11,06/07/07,334,329,319,302,284,266,249,240,238,246,259,276,294,309,317,321,319,315,308,304,306,312,320,330
GS11,06/07/08,336,337,331,317,299,276,253,236,226,226,236,254,276,300,318,329,333,330,323,313,308,308,313,322
GS11,06/07/09,332,339,339,330,315,292,265,240,220,211,214,227,251,278,306,327,339,340,334,322,311,304,303,308
GS11,06/07/10,317,328,337,337,330,312,286,256,227,207,200,204,222,248,278,307,328,340,341,333,320,308,300,300
GS11,06/07/11,307,320,332,341,341,330,307,276,242,213,194,189,199,222,252,286,315,335,343,340,328,313,300,293
GS11,06/07/12,297,309,324,339,348,345,329,302,267,233,203,187,188,203,231,265,299,324,340,343,335,320,304,292
GS11,06/07/13,289,298,314,332,348,355,349,329,298,262,228,203,193,197,215,244,277,309,332,342,340,328,311,295
GS11,06/07/14,285,285,295,311,330,345,351,343,321,290,256,226,207,201,208,229,259,289,317,334,340,333,317,297
GS11,06/07/15,281,272,276,288,306,325,340,342,332,313,285,255,230,217,216,228,251,279,308,331,342,342,330,311
GS11,06/07/16,291,275,270,273,287,307,324,337,338,332,314,291,267,249,241,244,258,279,304,327,345,350,343,327
GS11,06/07/17,307,287,273,266,271,284,300,315,326,328,325,313,296,280,268,265,272,285,302,321,335,345,344,334
GS11,06/07/18,318,298,278,265,259,262,271,286,298,309,315,316,310,299,290,283,283,290,302,317,332,343,347,343
GS11,06/07/19,330,314,294,275,261,257,260,269,282,294,304,311,313,310,305,300,297,299,305,314,325,335,342,343
GS11,06/07/20,337,324,307,287,267,253,246,248,256,268,284,298,309,316,318,317,314,312,314,319,327,335,341,345
GS11,06/07/21,344,338,326,307,285,264,250,241,242,252,267,284,303,318,329,334,335,331,326,324,325,330,336,343
GS11,06/07/22,347,348,342,330,311,288,264,245,235,234,243,259,281,305,324,338,343,342,336,328,321,319,321,326
GS11,06/07/23,334,341,344,340,327,308,283,257,237,225,225,236,257,281,307,329,341,343,338,327,316,310,308,312
GS11,06/07/24,320,332,339,343,338,324,301,271,243,222,212,217,234,259,289,317,339,347,345,336,322,310,303,302
GS11,06/07/25,308,320,332,341,344,335,317,290,259,231,213,206,215,235,262,293,319,335,339,332,319,304,290,285
GS11,06/07/26,289,301,316,332,343,343,331,307,275,242,216,203,204,219,247,282,311,332,340,336,325,309,292,281
GS11,06/07/27,280,289,304,322,339,348,344,327,300,268,239,218,211,219,239,268,301,330,345,345,336,318,299,283
GS11,06/07/28,277,281,294,312,332,349,350,341,319,290,259,233,220,221,236,261,291,322,345,352,346,330,310,291
GS11,06/07/29,278,277,285,301,318,336,346,346,332,309,282,256,237,230,238,257,284,315,337,349,348,334,315,294
GS11,06/07/30,276,269,272,283,300,319,335,341,335,319,297,273,254,244,247,262,283,307,329,342,346,338,322,303
GS11,06/07/31,284,272,269,275,290,308,323,331,332,324,308,289,271,259,258,268,285,306,326,340,347,342,328,309
GS11,06/08/01,289,273,264,264,273,287,302,314,320,319,312,299,286,274,268,271,282,298,316,330,339,339,331,314
GS11,06/08/02,296,276,262,255,255,264,279,293,303,309,309,305,296,286,279,277,283,292,307,322,332,336,332,320
GS11,06/08/03,304,286,268,255,249,250,257,268,280,290,297,302,301,298,294,291,290,293,301,311,320,327,328,323
GS11,06/08/04,312,297,280,263,251,244,242,247,256,269,282,293,301,306,308,306,304,302,304,309,315,322,325,324
GS11,06/08/05,320,311,297,280,262,248,238,236,238,247,261,277,294,307,316,320,320,317,313,312,314,318,323,326
GS11,06/08/06,328,325,316,301,283,263,245,232,225,228,239,257,280,301,318,330,333,330,324,316,311,311,315,321
GS11,06/08/07,327,330,329,321,305,283,259,238,221,214,218,234,257,283,309,329,341,343,335,324,314,307,308,313
GS11,06/08/08,322,331,338,337,328,310,282,251,223,204,200,209,230,260,292,321,341,347,345,332,318,306,299,300
GS11,06/08/09,309,324,338,347,347,337,313,281,247,220,207,209,223,246,278,310,336,349,350,339,322,304,291,287
GS11,06/08/10,294,310,330,349,360,357,343,315,9999,9999,9999,207,209,228,258,294,325,349,356,349,333,312,291,280
GS11,06/08/11,281,295,318,343,361,367,360,341,309,273,240,220,214,226,249,280,314,340,355,354,341,319,294,275
GS11,06/08/12,267,273,290,314,339,359,365,357,335,303,269,241,226,224,241,272,303,333,352,356,346,327,301,276
GS11,06/08/13,259,254,263,284,311,336,354,358,346,324,295,268,248,241,248,266,292,323,346,356,355,340,315,286
GS11,06/08/14,262,248,247,259,280,306,331,343,343,333,315,292,274,263,263,272,292,316,341,356,360,352,332,308
GS11,06/08/15,282,261,250,252,263,283,305,323,333,336,328,314,300,289,285,291,303,319,339,353,359,357,343,324
GS11,06/08/16,300,278,261,253,254,263,278,294,307,317,321,319,314,307,303,304,311,320,333,344,351,351,346,334
GS11,06/08/17,319,300,281,265,255,253,260,272,283,296,307,315,319,319,317,317,318,322,328,335,341,344,343,337
GS11,06/08/18,327,313,294,277,263,254,251,255,261,274,288,301,311,318,322,323,324,323,324,326,330,333,333,333
GS11,06/08/19,329,323,311,296,278,261,248,242,243,251,264,280,295,309,320,326,328,327,323,320,320,320,323,326
GS11,06/08/20,329,330,325,314,297,277,259,244,237,238,246,261,280,300,317,327,331,329,323,315,310,307,309,315
GS11,06/08/21,322,330,334,331,318,297,273,249,232,225,229,244,265,288,309,325,334,335,328,317,306,298,296,301
GS11,06/08/22,312,325,337,342,336,319,294,266,241,225,222,232,251,275,301,323,335,338,331,319,305,292,286,288
GS11,06/08/23,298,313,330,343,345,337,316,288,257,232,219,219,233,258,288,317,336,342,336,322,306,290,278,277
GS11,06/08/24,283,299,318,336,347,347,331,305,273,245,225,217,225,245,273,305,330,342,342,330,310,288,270,262
GS11,06/08/25,265,281,303,325,342,347,340,319,289,258,233,220,222,238,264,295,320,337,342,334,317,294,272,258
GS11,06/08/26,255,266,287,310,334,348,347,334,310,280,253,234,228,239,261,290,317,338,347,341,326,303,277,259
GS11,06/08/27,250,254,270,293,317,336,345,340,323,299,273,251,240,243,259,283,311,333,346,345,333,312,286,264
GS11,06/08/28,250,247,258,277,301,323,339,342,333,314,290,270,257,256,267,284,307,330,345,351,344,324,298,273
GS11,06/08/29,254,247,251,265,285,306,325,336,334,323,306,286,272,266,271,285,304,324,341,348,345,330,308,284
GS11,06/08/30,264,253,250,257,274,293,310,324,329,326,316,303,292,285,286,295,309,325,339,348,348,339,321,299
GS11,06/08/31,279,263,256,258,266,281,297,313,322,325,323,315,307,302,301,305,316,328,340,348,351,344,329,311
GS11,06/09/01,292,277,265,261,262,269,280,293,304,312,316,317,316,316,315,316,322,328,336,342,346,344,336,325
GS11,06/09/02,312,295,281,270,264,262,266,273,282,293,303,311,317,321,321,322,324,324,327,331,337,338,336,332
GS11,06/09/03,323,312,297,282,268,258,253,253,260,271,285,301,315,326,333,336,335,332,329,328,329,331,334,337
GS11,06/09/04,336,331,321,306,287,269,255,245,243,248,259,279,300,319,335,343,344,339,329,322,317,317,322,330
GS11,06/09/05,339,343,341,331,315,293,271,252,239,235,245,262,288,316,339,355,359,354,343,327,316,309,311,320
GS11,06/09/06,333,347,356,355,342,319,291,262,237,223,222,236,262,294,325,348,359,357,342,325,308,296,293,301
GS11,06/09/07,318,342,360,372,369,353,325,290,258,232,220,224,243,273,309,338,356,360,349,331,307,284,271,273
GS11,06/09/08,287,310,339,363,375,371,352,320,283,251,231,226,237,262,295,329,355,366,359,340,314,286,264,258
GS11,06/09/09,266,288,320,354,379,387,377,353,319,284,255,240,241,257,288,323,354,372,371,352,324,291,263,244
GS11,06/09/10,240,253,278,312,346,371,379,368,342,309,281,260,253,260,280,311,342,366,376,370,349,315,280,250
GS11,06/09/11,234,236,253,282,318,347,364,364,349,326,300,277,265,265,280,303,330,355,369,367,349,320,284,252
GS11,06/09/12,230,223,231,250,277,307,332,343,343,333,316,299,285,281,287,303,324,348,366,375,368,347,318,287
GS11,06/09/13,260,241,235,243,262,289,316,334,342,341,332,321,309,302,303,313,328,346,361,370,369,354,332,306
GS11,06/09/14,279,259,246,245,253,267,288,307,321,327,328,322,315,310,309,313,323,335,349,359,360,354,340,322
GS11,06/09/15,301,281,265,256,255,260,271,285,299,311,321,326,327,326,325,326,330,336,342,348,352,352,348,338
GS11,06/09/16,324,306,288,272,262,258,260,265,274,286,299,311,320,326,328,330,330,329,329,328,330,332,332,332
GS11,06/09/17,329,323,311,296,280,266,257,254,256,263,275,291,306,319,329,332,332,327,319,315,313,313,318,324
GS11,06/09/18,330,332,328,318,302,284,268,256,252,254,263,279,298,317,332,340,339,332,320,308,301,299,301,310
GS11,06/09/19,319,327,331,326,314,296,274,255,242,237,244,260,281,304,325,337,341,334,322,307,295,287,288,295
GS11,06/09/20,307,321,333,337,331,314,292,267,246,235,235,246,267,291,317,337,346,343,330,312,294,282,278,285
GS11,06/09/21,299,317,335,347,350,340,320,294,266,9999,9999,9999,9999,9999,316,341,352,350,336,313,290,270,259,263
GS11,06/09/22,275,296,319,338,349,345,329,305,274,250,239,240,254,279,306,331,347,348,336,317,293,271,256,252
GS11,06/09/23,263,283,308,333,351,356,349,330,303,278,260,254,262,285,312,339,358,365,357,340,316,289,268,259
GS11,06/09/24,265,284,310,339,360,370,367,353,331,306,285,275,277,294,319,345,366,375,369,350,324,296,271,256
GS11,06/09/25,256,269,294,322,346,362,366,357,339,316,294,279,275,285,305,332,354,368,367,354,329,301,273,253
GS11,06/09/26,244,252,272,301,329,351,364,363,351,333,313,298,291,294,309,331,353,372,379,371,352,326,297,9999
GS11,06/09/27,9999,9999,9999,9999,9999,9999,9999,9999,9999,9999,9999,9999,310,309,318,335,353,368,375,371,358,335,309,285
GS11,06/09/28,266,257,258,271,290,313,333,345,348,344,335,325,316,312,315,326,340,353,362,363,354,337,315,291
GS11,06/09/29,271,258,254,261,274,292,308,323,332,335,333,329,324,323,323,329,336,343,349,351,347,337,321,302
GS11,06/09/30,285,272,263,260,263,273,285,298,309,316,320,322,322,322,322,325,330,335,339,341,340,333,322,308
GS11,06/10/01,291,278,266,260,257,256,262,269,279,290,300,310,317,321,325,327,327,327,327,328,327,325,322,317
GS11,06/10/02,310,300,288,276,266,258,255,258,265,275,290,304,318,330,337,340,338,332,326,322,321,323,326,328
GS11,06/10/03,329,327,320,307,292,276,264,257,254,260,273,291,311,330,343,348,344,334,322,313,310,311,317,325
GS11,06/10/04,334,339,338,329,313,292,270,253,243,243,254,274,299,321,338,347,345,333,317,301,291,291,300,314
GS11,06/10/05,331,345,354,352,339,318,293,269,251,246,252,269,293,320,344,359,360,349,329,307,288,280,285,300
GS11,06/10/06,322,346,367,377,375,361,337,311,289,276,273,286,308,336,363,384,392,384,365,340,315,298,294,302
GS11,06/10/07,323,349,376,399,408,403,385,359,330,312,305,308,323,345,372,397,411,409,391,363,332,304,286,282
GS11,06/10/08,293,316,348,378,400,406,398,378,353,328,311,304,311,328,351,374,391,394,383,358,323,287,261,247
GS11,06/10/09,250,268,295,327,356,373,376,366,347,325,307,298,300,311,329,352,369,378,373,352,320,283,250,230
GS11,06/10/10,224,233,254,284,316,343,357,359,349,332,315,304,301,309,323,343,362,374,374,360,334,302,269,244
GS11,06/10/11,230,229,242,262,288,315,336,347,346,337,326,315,309,311,321,335,352,364,368,361,343,317,288,262
GS11,06/10/12,241,232,235,247,267,290,312,326,332,331,327,319,313,312,317,328,340,352,358,356,348,332,310,285
GS11,06/10/13,263,248,242,246,256,272,290,306,316,322,322,320,317,315,319,326,337,345,351,352,347,338,323,305
GS11,06/10/14,287,271,259,254,256,263,274,288,299,309,316,319,321,322,323,326,330,335,339,340,339,334,326,315
GS11,06/10/15,303,290,280,271,266,267,270,278,288,299,309,317,325,329,332,333,333,332,331,330,331,331,332,330
GS11,06/10/16,327,320,311,301,290,281,277,277,282,289,298,311,320,330,335,336,332,327,319,312,308,306,309,313
GS11,06/10/17,316,318,315,306,292,277,265,258,259,266,277,292,307,319,328,330,325,313,300,291,285,286,292,300
GS11,06/10/18,308,314,317,313,301,286,270,258,252,253,262,277,295,311,322,326,321,310,295,280,270,267,272,283
GS11,06/10/19,299,315,326,327,321,307,290,272,260,257,264,280,299,319,334,339,335,322,303,284,268,260,263,274
GS11,06/10/20,292,312,329,337,335,324,305,285,269,261,264,275,293,314,332,342,341,328,308,286,264,250,247,255
GS11,06/10/21,273,296,319,335,340,334,318,297,276,261,257,263,280,303,325,342,346,336,316,290,263,243,233,235
GS11,06/10/22,249,273,301,324,339,342,332,313,291,271,263,265,280,301,326,346,355,348,328,301,270,245,229,228
GS11,06/10/23,240,263,295,324,346,356,352,337,318,297,283,276,283,299,321,343,356,357,343,319,291,263,243,235
GS11,06/10/24,242,263,292,321,347,364,368,359,341,322,303,293,295,310,332,353,368,369,359,338,310,281,256,241
GS11,06/10/25,240,254,278,309,338,361,373,372,362,348,333,321,320,327,344,363,378,385,380,363,336,305,277,256
GS11,06/10/26,247,252,268,289,313,335,350,357,354,343,328,317,312,316,327,341,355,362,361,348,326,297,269,246
GS11,06/10/27,232,230,238,255,277,301,321,332,334,328,319,309,305,305,311,323,335,344,348,342,327,306,281,257
GS11,06/10/28,239,230,232,241,257,276,295,310,319,323,321,317,312,310,313,321,330,337,341,340,332,319,299,278
GS11,06/10/29,259,245,240,242,250,263,280,295,308,317,322,322,322,321,321,324,328,332,335,335,333,325,314,300
GS11,06/10/30,283,267,256,249,249,254,264,275,288,299,309,316,320,321,320,318,318,318,320,322,323,321,318,311
GS11,06/10/31,301,290,279,268,260,257,258,264,275,289,304,317,328,333,333,329,323,317,312,309,310,313,319,322
GS11,06/11/01,322,318,309,296,283,271,263,260,264,275,292,310,326,337,339,335,325,310,299,291,290,295,305,317
GS11,06/11/02,326,330,328,317,303,286,271,262,260,267,282,302,323,338,346,343,331,312,292,276,267,269,280,298
GS11,06/11/03,316,331,339,336,325,308,288,271,261,260,270,288,311,332,346,348,338,317,290,265,248,242,248,266
GS11,06/11/04,292,318,338,347,344,330,310,288,271,264,269,283,306,328,345,352,345,325,296,265,239,223,221,234
GS11,06/11/05,259,291,319,340,349,346,331,310,291,276,273,281,301,326,347,359,358,342,314,279,246,221,207,213
GS11,06/11/06,232,263,296,326,344,350,345,330,312,296,287,288,300,321,342,360,365,355,333,300,264,232,212,204
GS11,06/11/07,212,235,269,303,332,350,354,348,336,322,310,304,307,319,337,352,360,356,339,309,272,236,206,188
GS11,06/11/08,184,198,222,254,284,310,324,327,321,312,301,294,293,301,314,329,341,344,336,318,290,256,226,201
GS11,06/11/09,189,190,205,229,257,285,306,316,318,311,302,295,291,293,301,312,322,329,330,319,299,274,246,220
GS11,06/11/10,203,199,203,218,240,264,286,302,309,308,303,297,293,293,298,307,317,325,328,325,314,298,277,257
GS11,06/11/11,239,227,225,231,247,267,288,306,320,324,325,323,320,316,317,323,330,339,346,347,343,332,317,298
GS11,06/11/12,278,265,255,255,262,275,292,308,321,330,332,330,325,322,318,319,321,325,330,334,334,330,322,310
GS11,06/11/13,295,281,270,263,263,268,277,290,303,315,322,325,325,324,320,317,315,314,315,317,319,321,320,316
GS11,06/11/14,309,299,288,279,272,269,273,281,292,304,315,324,328,330,327,321,314,307,301,299,300,305,311,315
GS11,06/11/15,315,314,308,299,288,278,273,274,280,292,304,317,326,330,330,324,315,305,295,290,290,295,303,313
GS11,06/11/16,322,327,324,318,307,295,286,281,283,292,306,320,333,340,342,335,323,307,289,278,273,275,285,298
GS11,06/11/17,311,323,328,326,318,305,294,284,281,287,299,316,332,344,349,344,329,310,289,270,259,257,264,280
GS11,06/11/18,298,318,333,339,337,326,312,299,290,290,298,311,327,342,350,350,340,321,296,272,253,246,250,263
GS11,06/11/19,285,308,327,340,343,335,323,307,295,289,293,305,322,340,353,357,349,331,306,277,254,240,239,251
GS11,06/11/20,272,299,326,347,360,362,355,339,327,318,9999,9999,9999,9999,367,372,366,348,321,289,259,237,227,231
GS11,06/11/21,249,275,306,332,349,355,350,338,324,310,302,303,314,329,346,358,360,348,325,294,261,234,218,217
GS11,06/11/22,230,252,281,309,331,345,348,341,328,312,301,297,303,314,329,344,352,351,335,307,275,244,220,209
GS11,06/11/23,212,227,252,280,306,326,337,338,329,316,303,296,296,306,321,337,348,350,341,320,292,262,235,217
GS11,06/11/24,212,221,238,264,290,315,332,338,337,329,318,310,307,311,322,335,346,350,345,330,307,278,249,227
GS11,06/11/25,215,214,223,241,263,289,310,325,331,329,322,315,310,309,314,324,334,343,345,338,323,302,275,253
GS11,06/11/26,235,226,227,236,253,275,298,317,329,335,334,329,322,318,318,322,330,337,343,343,336,322,304,284
GS11,06/11/27,266,253,248,252,262,280,302,322,338,346,348,344,338,332,327,325,327,331,337,342,342,338,329,312
GS11,06/11/28,294,277,265,259,259,266,279,297,314,329,340,343,342,333,325,319,314,313,315,320,325,328,327,321
GS11,06/11/29,309,296,282,272,266,265,271,283,298,314,327,335,337,332,323,310,297,289,285,286,292,302,311,316
GS11,06/11/30,315,311,299,287,274,266,265,270,282,297,314,327,334,334,328,316,299,282,271,266,271,282,295,308
GS11,06/12/01,318,323,321,313,301,289,278,276,280,291,308,324,335,341,337,324,303,280,259,245,242,248,264,285
GS11,06/12/02,306,322,328,327,319,307,296,288,286,292,303,317,332,343,345,336,317,290,263,240,227,225,235,254
GS11,06/12/03,278,302,321,330,329,322,309,297,289,289,298,313,329,345,352,348,331,305,273,242,218,207,210,225
GS11,06/12/04,250,279,307,326,335,334,325,312,300,295,298,309,323,340,352,355,344,321,287,250,217,193,185,192
GS11,06/12/05,215,245,277,307,327,333,331,319,304,293,287,292,303,320,336,348,347,333,308,272,235,204,183,179
GS11,06/12/06,191,215,248,280,307,324,329,323,310,295,284,281,287,301,319,336,344,340,321,293,256,222,194,178
GS11,06/12/07,178,194,221,255,288,314,329,332,324,311,298,290,289,297,311,330,345,351,342,321,291,256,223,198
GS11,06/12/08,187,191,208,237,269,300,322,332,331,322,309,297,289,291,301,316,332,345,346,335,313,284,252,225
GS11,06/12/09,206,201,211,232,260,289,313,327,331,328,317,305,295,293,298,311,326,340,347,343,328,307,281,255
GS11,06/12/10,235,225,227,240,259,283,305,323,331,331,324,315,304,298,298,304,314,324,331,332,325,311,292,270
GS11,06/12/11,250,236,230,233,244,262,282,301,313,318,315,308,298,291,286,286,290,297,304,308,309,305,295,281
GS11,06/12/12,265,251,242,238,245,256,273,290,305,315,318,315,308,299,291,285,284,286,291,296,300,302,301,294
GS11,06/12/13,285,275,263,256,255,260,271,286,301,315,322,324,319,311,300,290,282,278,277,280,287,294,297,300
GS11,06/12/14,298,293,285,276,270,270,274,285,298,310,320,325,324,319,307,296,284,274,267,268,272,280,290,302
GS11,06/12/15,304,308,304,298,290,285,283,287,294,306,317,324,329,326,318,306,289,274,263,256,256,262,272,285
GS11,06/12/16,297,306,308,306,300,293,288,286,290,299,309,320,327,329,326,314,299,278,259,247,240,243,254,268
GS11,06/12/17,288,304,315,319,316,313,306,301,299,303,311,318,331,339,340,334,318,294,269,248,233,229,235,249
GS11,06/12/18,270,293,312,324,325,321,313,303,294,291,294,303,315,327,333,331,317,295,267,239,219,209,209,221
GS11,06/12/19,242,267,292,312,323,326,321,311,300,292,290,295,306,318,329,333,326,306,278,248,220,201,192,198
GS11,06/12/20,214,239,269,296,314,324,323,315,303,292,284,285,293,307,323,334,334,322,299,268,237,211,195,193
GS11,06/12/21,204,227,257,288,313,330,336,331,321,307,296,292,296,310,326,341,346,342,324,296,264,234,210,197
GS11,06/12/22,198,215,242,273,303,328,342,341,335,321,309,300,301,310,328,347,357,358,346,323,292,258,227,205
GS11,06/12/23,196,204,226,256,286,313,331,338,335,324,309,296,291,297,311,330,346,355,353,336,312,282,248,219
GS11,06/12/24,203,201,213,236,265,294,317,331,332,324,311,295,284,282,289,302,318,332,339,334,318,292,260,231
GS11,06/12/25,209,199,202,217,240,268,294,314,323,322,312,297,282,273,272,281,295,313,325,330,325,309,283,256
GS11,06/12/26,231,216,212,219,235,258,285,307,323,329,325,313,298,285,278,281,292,308,326,341,351,350,336,317
GS11,06/12/27,9999,9999,9999,9999,9999,9999,9999,9999,9999,9999,9999,344,329,312,295,287,284,288,297,309,320,326,323,314
GS11,06/12/28,300,284,271,263,263,272,286,305,324,339,345,340,330,315,297,281,271,266,268,277,290,303,311,314
GS11,06/12/29,311,304,294,285,280,280,286,298,314,330,340,344,340,329,312,294,274,259,251,251,261,273,287,299
GS11,06/12/30,305,306,305,298,292,289,291,295,305,317,328,336,337,331,318,299,277,254,237,229,230,240,257,275
GS11,06/12/31,292,305,312,311,308,304,300,299,303,310,321,330,336,337,330,315,291,264,238,218,210,212,224,245
