GS11,04/01/01,299,295,289,282,278,280,285,295,307,317,324,325,322,316,304,292,279,266,260,260,267,275,284,291
GS11,04/01/02,299,301,301,296,291,288,290,294,301,312,321,328,331,328,321,310,295,278,265,257,258,264,274,286
GS11,04/01/03,298,308,314,313,310,306,302,302,305,312,321,327,334,336,332,321,305,285,264,248,241,243,251,265
GS11,04/01/04,282,299,311,318,318,315,308,303,300,303,308,317,325,330,332,326,311,290,265,243,228,224,229,243
GS11,04/01/05,263,286,305,318,324,322,315,308,300,298,301,309,320,329,336,334,323,303,279,253,231,219,217,227
GS11,04/01/06,247,272,298,319,331,337,334,325,314,308,306,309,318,330,342,346,341,326,300,270,241,220,210,214
GS11,04/01/07,230,255,282,308,327,336,336,328,315,304,297,299,308,322,337,348,350,339,319,290,258,231,214,212
GS11,04/01/08,222,245,274,304,328,343,348,342,329,314,301,296,299,312,328,343,350,348,331,305,273,240,215,201
GS11,04/01/09,203,218,244,274,302,324,335,333,323,309,294,284,284,292,309,326,340,343,335,314,286,253,223,203
GS11,04/01/10,197,206,228,258,289,317,334,340,334,322,307,294,289,294,308,326,344,354,354,342,320,290,257,231
GS11,04/01/11,215,214,226,250,279,308,330,340,340,329,314,297,286,285,292,307,324,337,343,338,322,297,267,238
GS11,04/01/12,216,208,212,229,254,283,310,326,332,327,313,297,281,275,278,289,305,323,336,341,335,320,298,271
GS11,04/01/13,247,234,233,245,265,294,321,341,353,353,346,330,315,302,298,301,310,323,335,342,342,335,319,297
GS11,04/01/14,273,254,244,246,257,277,299,320,333,338,9999,9999,9999,9999,9999,9999,9999,9999,294,307,315,317,312,300
GS11,04/01/15,283,267,253,249,253,265,284,304,321,331,332,324,312,295,280,268,264,265,271,282,294,303,308,307
GS11,04/01/16,300,289,279,270,268,273,285,301,316,329,336,334,325,310,293,276,262,253,251,255,265,277,289,300
GS11,04/01/17,306,306,301,296,290,288,292,300,311,321,330,334,330,321,307,288,270,253,242,239,243,254,269,288
GS11,04/01/18,303,315,319,317,312,306,302,301,305,313,322,330,334,332,323,307,286,263,241,226,221,225,238,258
GS11,04/01/19,281,304,320,329,330,327,320,315,313,317,324,334,343,348,346,336,317,291,261,236,217,211,216,233
GS11,04/01/20,257,285,312,330,340,341,334,323,313,308,308,315,326,338,346,346,334,311,281,248,220,202,197,207
GS11,04/01/21,228,258,291,319,338,347,346,336,322,310,305,309,319,335,350,359,358,344,318,283,248,220,202,199
GS11,04/01/22,211,236,269,303,332,349,355,349,334,319,306,302,306,320,337,352,360,354,335,304,267,231,203,188
GS11,04/01/23,189,206,235,269,302,327,341,341,330,314,298,287,286,295,313,332,346,350,341,319,288,253,221,198
GS11,04/01/24,190,198,219,249,282,312,332,339,332,318,300,285,278,283,298,319,340,354,355,343,319,288,254,227
GS11,04/01/25,211,210,224,247,276,306,329,341,339,328,310,291,277,273,280,295,316,335,343,342,327,303,274,246
GS11,04/01/26,225,218,223,240,265,292,316,332,335,328,312,292,274,264,264,275,292,312,326,332,328,314,293,269
GS11,04/01/27,248,236,236,246,266,290,313,331,339,336,325,307,288,274,268,272,283,298,314,324,327,321,307,288
GS11,04/01/28,270,257,253,256,270,287,308,324,333,335,326,312,295,277,266,262,267,278,290,302,311,312,307,297
GS11,04/01/29,285,274,267,267,274,287,301,316,326,330,327,317,301,285,270,261,258,262,270,279,289,295,298,297
GS11,04/01/30,292,286,281,279,281,289,301,312,321,327,328,322,312,298,284,270,261,258,258,264,272,281,288,294
GS11,04/01/31,296,295,294,292,291,295,301,308,315,322,324,324,317,307,294,280,266,254,247,244,248,255,264,275
GS11,04/02/01,285,292,297,298,298,297,299,301,303,308,313,316,315,311,302,289,273,258,245,236,234,239,249,262
GS11,04/02/02,277,291,301,307,309,308,305,303,302,304,309,315,320,324,321,314,299,281,262,247,238,237,244,258
GS11,04/02/03,276,295,312,325,329,329,325,319,312,310,313,318,326,333,336,334,321,304,280,255,236,227,228,240
GS11,04/02/04,260,284,306,323,333,333,327,318,306,301,299,304,315,327,338,342,337,320,295,266,240,221,213,220
GS11,04/02/05,237,262,290,314,330,336,333,323,311,299,293,295,304,318,332,342,344,332,310,279,247,220,203,201
GS11,04/02/06,212,236,264,292,315,328,331,322,309,292,282,281,287,302,320,336,345,341,324,297,265,234,211,201
GS11,04/02/07,207,225,254,285,312,331,336,329,315,297,282,275,278,291,310,330,347,351,341,319,288,253,224,205
GS11,04/02/08,202,213,237,269,299,324,337,336,325,305,286,271,267,275,291,313,334,347,346,331,306,273,241,216
GS11,04/02/09,204,207,226,254,286,314,331,336,328,311,290,270,258,256,268,287,309,328,337,332,317,290,259,231
GS11,04/02/10,211,207,217,237,266,295,317,327,323,309,288,266,249,241,245,260,281,303,320,326,320,303,279,252
GS11,04/02/11,230,219,222,236,259,286,311,327,331,321,302,280,259,245,242,250,267,288,308,322,325,317,301,281
GS11,04/02/12,260,246,241,248,262,285,308,325,332,327,311,291,268,250,240,239,248,262,280,296,307,310,304,292
GS11,04/02/13,277,265,257,258,267,282,300,316,326,326,318,301,279,259,242,233,234,240,253,268,283,294,299,299
GS11,04/02/14,294,288,283,280,285,293,306,319,330,335,332,322,306,288,271,257,248,246,251,262,275,291,304,310
GS11,04/02/15,314,315,314,310,309,309,314,319,325,331,332,329,321,308,291,273,258,245,237,236,241,251,266,281
GS11,04/02/16,292,303,310,311,310,307,306,306,308,311,315,316,314,308,298,284,266,246,228,216,211,215,227,246
GS11,04/02/17,267,288,305,316,322,322,318,312,309,310,313,319,325,329,326,318,303,281,256,233,217,211,214,230
GS11,04/02/18,252,278,303,321,332,334,328,317,306,300,299,305,315,325,333,332,323,303,275,245,218,201,196,204
GS11,04/02/19,223,252,282,308,327,334,330,318,302,288,282,285,296,312,328,337,338,325,301,268,235,208,193,191
GS11,04/02/20,204,229,261,291,315,328,329,317,300,282,268,264,272,288,308,326,336,331,313,284,248,215,191,181
GS11,04/02/21,187,206,237,271,301,322,329,323,305,283,264,254,255,268,289,314,335,343,335,314,282,249,221,202
GS11,04/02/22,199,212,236,266,299,324,336,335,320,297,276,259,254,263,282,308,334,352,355,346,323,294,264,243
GS11,04/02/23,235,244,257,284,312,337,351,351,338,316,290,269,255,254,265,285,309,327,336,333,317,293,267,241
GS11,04/02/24,226,225,236,255,282,307,326,332,325,306,283,259,241,233,240,257,280,304,320,328,323,307,286,265
GS11,04/02/25,248,242,249,264,286,311,330,340,337,323,302,278,257,245,244,255,274,295,314,326,326,318,305,287
GS11,04/02/26,272,263,265,275,292,311,328,340,342,332,314,293,272,255,249,252,263,280,297,309,315,313,305,293
GS11,04/02/27,281,272,271,275,287,303,318,329,333,328,315,298,278,259,247,243,246,256,269,281,290,294,294,288
GS11,04/02/28,282,277,276,278,286,297,309,318,322,320,311,297,282,265,251,244,242,245,254,264,275,282,289,291
GS11,04/02/29,291,292,292,294,299,306,315,320,326,327,323,315,305,292,279,267,259,254,255,258,265,273,282,290
GS11,04/03/01,297,301,305,307,310,312,315,318,322,321,322,320,315,306,295,283,271,258,251,249,251,258,269,281
GS11,04/03/02,293,302,311,317,317,317,315,313,313,314,315,318,321,318,312,303,289,273,257,247,242,245,252,266
GS11,04/03/03,283,299,313,321,324,322,317,310,307,304,306,314,319,324,325,320,309,291,270,252,239,235,240,254
GS11,04/03/04,275,298,318,332,338,338,330,320,309,304,304,309,320,330,338,341,332,313,287,262,240,226,223,233
GS11,04/03/05,252,278,303,324,335,336,330,315,299,286,282,285,297,313,329,338,338,325,302,273,244,222,210,213
GS11,04/03/06,230,258,288,317,337,342,341,328,309,292,279,278,286,303,321,339,346,341,322,293,259,229,209,204
GS11,04/03/07,214,238,270,301,325,337,335,321,300,276,259,253,258,276,300,323,341,346,334,311,278,245,218,203
GS11,04/03/08,206,225,254,287,316,333,335,324,300,274,252,239,239,252,276,305,331,345,345,329,302,269,239,219
GS11,04/03/09,213,223,248,278,308,330,339,331,310,283,255,235,226,232,251,278,308,331,340,337,319,291,262,239
GS11,04/03/10,226,230,246,271,300,326,340,338,322,296,266,241,225,222,234,257,285,312,330,337,331,312,290,268
GS11,04/03/11,253,248,256,275,298,322,339,342,332,311,283,255,233,221,224,239,262,287,309,324,329,322,308,290
GS11,04/03/12,275,266,268,278,298,320,338,346,343,327,303,275,251,232,226,232,247,267,289,310,322,323,318,308
GS11,04/03/13,296,287,284,289,302,317,333,342,342,332,314,291,268,246,233,229,234,244,260,277,292,301,306,306
GS11,04/03/14,303,299,296,296,303,312,322,332,334,331,321,305,286,266,249,238,233,234,240,250,263,275,287,296
GS11,04/03/15,302,306,307,308,308,311,314,318,322,322,320,313,302,288,272,258,244,235,231,232,238,249,263,277
GS11,04/03/16,292,303,311,313,314,311,308,308,307,308,310,311,309,303,293,279,262,246,232,222,219,224,237,254
GS11,04/03/17,274,293,308,317,318,314,308,299,293,292,294,301,308,312,311,303,289,270,249,231,219,213,219,235
GS11,04/03/18,256,282,303,317,324,321,312,300,286,279,279,287,299,311,320,320,311,294,268,243,221,208,206,217
GS11,04/03/19,238,266,294,315,326,325,315,297,278,264,260,266,280,298,317,328,328,317,293,266,239,218,208,211
GS11,04/03/20,227,253,281,307,322,327,317,298,276,257,246,247,258,278,301,321,331,328,313,285,256,230,215,213
GS11,04/03/21,224,246,274,302,323,331,324,306,280,255,238,232,241,259,286,312,331,338,330,309,280,250,228,219
GS11,04/03/22,224,244,270,298,322,335,336,321,296,269,245,232,236,254,283,314,338,352,350,335,310,282,257,242
GS11,04/03/23,243,256,279,306,330,346,348,335,309,279,252,232,227,235,256,284,311,330,338,332,314,291,268,249
GS11,04/03/24,242,251,270,295,320,338,343,335,313,286,257,234,221,223,239,265,293,316,330,332,321,303,283,265
GS11,04/03/25,257,260,274,296,319,337,347,343,327,302,274,248,231,226,235,256,281,306,324,332,329,318,302,287
GS11,04/03/26,278,276,285,301,319,337,347,345,334,313,288,264,244,233,234,246,266,287,305,317,321,316,305,293
GS11,04/03/27,283,279,283,292,306,320,330,333,327,312,292,269,249,235,230,235,246,264,282,297,306,309,306,300
GS11,04/03/28,294,290,290,294,303,312,320,325,321,313,298,279,262,246,235,231,235,245,257,271,282,289,293,293
GS11,04/03/29,292,291,290,291,296,304,309,313,314,309,300,289,275,260,248,240,237,239,244,253,264,274,283,289
GS11,04/03/30,293,296,298,299,300,301,304,306,306,305,303,298,290,281,271,261,252,248,246,249,258,270,284,299
GS11,04/03/31,312,324,324,327,326,323,319,316,313,312,312,312,310,307,301,290,278,264,253,246,245,252,262,277
GS11,04/04/01,294,308,317,321,319,313,305,297,291,289,292,297,302,306,305,299,286,270,252,238,231,231,242,260
GS11,04/04/02,282,304,321,328,329,322,311,298,288,283,287,297,309,321,328,328,319,301,277,253,236,228,230,244
GS11,04/04/03,265,290,310,323,326,320,306,289,272,264,263,272,290,308,326,335,332,318,294,266,242,226,221,231
GS11,04/04/04,252,279,304,323,333,329,314,293,270,254,248,255,273,298,325,346,353,347,326,297,269,244,232,236
GS11,04/04/05,256,284,314,339,352,352,339,313,284,258,242,243,258,285,316,343,360,362,349,323,292,263,242,237
GS11,04/04/06,248,271,301,328,346,351,339,315,283,252,229,220,228,249,279,312,339,355,355,340,314,284,258,243
GS11,04/04/07,245,262,288,317,341,352,347,326,295,261,230,212,209,222,249,284,317,343,354,350,334,310,285,267
GS11,04/04/08,261,270,289,315,339,354,354,339,312,276,242,216,203,206,224,253,286,317,336,343,336,319,299,280
GS11,04/04/09,271,272,283,303,325,341,348,339,318,287,254,225,205,197,205,224,252,281,306,322,325,321,311,297
GS11,04/04/10,288,285,290,302,318,334,343,341,327,304,276,247,222,207,205,214,231,254,277,297,310,313,310,303
GS11,04/04/11,298,295,296,304,315,328,338,342,337,322,302,280,258,239,227,225,231,244,261,280,297,308,312,313
GS11,04/04/12,312,311,310,311,316,324,331,336,335,329,318,304,286,269,256,246,243,244,253,265,280,297,309,317
GS11,04/04/13,325,327,327,326,325,324,326,328,329,329,327,320,310,296,281,266,255,249,246,250,260,274,289,303
GS11,04/04/14,317,326,331,331,327,321,317,316,317,318,322,325,324,319,309,295,278,263,252,245,246,254,267,285
GS11,04/04/15,303,318,328,330,325,316,304,295,290,290,296,305,314,320,320,313,300,283,265,249,241,242,252,270
GS11,04/04/16,292,312,326,333,331,319,304,288,275,271,275,287,302,316,326,328,319,303,282,263,248,243,248,262
GS11,04/04/17,283,305,325,336,337,327,310,289,271,259,260,270,288,309,326,337,337,326,306,282,260,245,241,249
GS11,04/04/18,266,290,312,329,335,328,311,287,262,243,235,240,256,279,304,323,333,330,317,295,273,255,245,247
GS11,04/04/19,260,282,306,326,337,334,320,296,268,243,228,226,239,262,289,315,333,340,333,317,296,275,260,256
GS11,04/04/20,267,287,311,333,348,350,338,315,284,256,234,226,233,252,280,310,334,348,348,336,317,295,277,268
GS11,04/04/21,271,284,305,325,339,344,337,318,289,257,231,216,215,228,254,283,310,330,338,333,320,302,284,273
GS11,04/04/22,271,282,298,318,335,343,340,324,298,267,238,220,213,222,243,270,299,323,337,338,331,317,299,286
GS11,04/04/23,282,286,300,317,335,347,348,337,316,288,259,237,223,223,236,259,284,309,328,335,334,325,311,298
GS11,04/04/24,291,291,300,313,328,340,345,339,323,299,272,247,229,221,226,241,262,286,306,318,322,319,311,300
GS11,04/04/25,292,290,294,303,315,327,332,330,318,298,274,251,231,219,217,224,240,261,281,298,309,311,307,300
GS11,04/04/26,293,291,290,294,301,309,316,316,311,297,280,261,242,227,220,220,228,242,259,275,289,298,301,301
GS11,04/04/27,299,298,297,299,305,310,318,321,320,314,304,292,279,265,256,250,251,258,270,282,296,308,316,319
GS11,04/04/28,321,320,318,316,316,317,318,320,320,319,314,307,297,283,271,258,249,247,249,256,268,281,294,304
GS11,04/04/29,311,315,313,310,305,301,297,295,295,295,297,296,293,287,277,264,253,243,238,239,247,259,273,288
GS11,04/04/30,301,309,311,309,303,293,285,279,277,279,285,292,298,300,296,287,273,257,244,235,235,244,258,277
GS11,04/05/01,296,311,319,318,310,295,280,267,260,260,267,280,294,305,309,305,292,274,254,237,228,229,241,258
GS11,04/05/02,281,301,314,318,311,295,273,253,238,231,237,253,273,294,311,318,313,299,278,255,238,232,238,254
GS11,04/05/03,279,303,323,333,329,313,288,261,237,222,222,235,258,287,314,332,338,329,310,284,261,246,242,252
GS11,04/05/04,273,299,322,339,341,329,306,275,244,222,211,217,235,265,299,327,345,349,339,318,293,272,259,261
GS11,04/05/05,275,296,319,338,345,338,319,286,250,218,200,196,207,234,270,304,331,347,346,333,313,289,271,264
GS11,04/05/06,271,287,310,332,345,345,329,300,263,226,197,182,183,201,231,266,301,326,338,337,326,307,288,276
GS11,04/05/07,276,286,303,324,339,345,338,318,286,250,218,194,183,190,209,239,272,302,322,331,329,320,305,291
GS11,04/05/08,285,288,299,316,332,341,341,329,306,274,241,212,192,187,196,215,244,272,297,314,322,321,312,302
GS11,04/05/09,294,291,296,308,322,334,339,334,318,294,266,237,212,199,197,207,224,248,273,294,308,316,316,312
GS11,04/05/10,307,304,305,310,317,327,335,336,329,315,295,271,248,230,221,221,229,243,262,283,300,312,319,321
GS11,04/05/11,319,315,312,312,314,319,325,329,329,324,313,297,278,261,245,237,235,239,250,265,282,297,309,316
GS11,04/05/12,319,317,313,309,305,304,306,309,312,312,310,305,296,283,269,256,248,245,248,255,268,283,297,309
GS11,04/05/13,318,321,319,312,302,296,292,291,294,299,304,306,306,301,292,280,268,259,254,254,262,274,290,307
GS11,04/05/14,321,329,330,326,315,303,292,284,283,286,295,305,312,316,313,305,292,278,265,258,259,265,277,293
GS11,04/05/15,307,319,324,321,310,294,276,261,253,254,262,277,293,307,314,314,306,293,278,266,261,264,274,291
GS11,04/05/16,309,326,336,335,325,309,288,267,252,247,252,267,287,307,325,332,329,320,303,287,274,270,275,288
GS11,04/05/17,306,325,337,341,335,318,296,270,249,236,235,247,266,292,315,331,337,333,319,303,287,278,277,285
GS11,04/05/18,300,320,335,343,342,328,305,276,247,227,220,227,245,271,300,323,337,338,331,317,303,289,282,285
GS11,04/05/19,298,315,332,344,347,338,315,286,255,229,214,215,228,252,282,310,331,340,340,330,316,301,292,291
GS11,04/05/20,300,316,334,349,354,349,334,308,276,247,225,217,223,242,268,298,323,339,345,341,330,316,305,301
GS11,04/05/21,305,319,337,353,365,367,356,335,307,276,249,233,230,241,263,291,319,342,354,356,348,336,323,313
GS11,04/05/22,311,317,328,342,354,360,355,339,315,285,257,236,226,230,245,269,295,321,339,348,347,341,329,318
GS11,04/05/23,312,312,319,331,343,351,352,342,323,297,270,246,230,225,231,249,272,298,319,333,338,335,327,317
GS11,04/05/24,309,307,309,316,327,336,341,337,325,306,282,259,240,229,229,238,256,278,300,318,329,331,326,318
GS11,04/05/25,310,305,304,308,315,324,330,331,324,311,293,271,251,235,227,229,240,257,278,296,310,317,318,314
GS11,04/05/26,307,301,297,297,300,307,312,316,313,307,295,279,261,245,233,228,232,243,259,276,292,306,311,312
GS11,04/05/27,309,303,297,292,291,292,295,299,301,301,296,287,273,259,245,235,232,235,244,259,275,292,304,309
GS11,04/05/28,310,307,300,293,286,283,282,285,289,295,299,299,295,285,272,260,250,246,247,255,269,286,303,315
GS11,04/05/29,322,321,315,304,292,281,274,272,275,283,9999,9999,9999,9999,9999,9999,9999,9999,9999,9999,9999,9999,9999,9999
GS11,04/05/30,9999,9999,9999,9999,9999,9999,9999,254,252,9999,9999,9999,9999,9999,9999,9999,9999,9999,9999,9999,9999,9999,9999,9999
GS11,04/05/31,9999,9999,9999,318,301,281,258,241,232,234,247,266,289,309,321,324,316,303,285,269,262,264,275,292
GS11,04/06/01,310,325,331,326,311,287,258,231,213,206,212,233,259,288,311,324,328,320,304,286,271,266,271,285
GS11,04/06/02,304,323,336,338,327,304,273,241,212,195,193,207,232,264,296,322,336,338,327,310,291,279,275,282
GS11,04/06/03,298,317,333,341,337,320,290,254,219,191,177,180,196,225,260,294,321,334,335,326,311,296,285,284
GS11,04/06/04,294,311,330,345,349,340,317,283,245,210,185,174,180,9999,9999,9999,304,322,335,335,326,312,298,290
GS11,04/06/05,292,303,320,337,348,347,335,309,274,237,205,182,176,185,207,240,273,303,323,332,331,323,311,300
GS11,04/06/06,296,302,315,330,347,356,352,337,309,276,242,214,198,196,207,231,261,291,317,333,339,338,329,318
GS11,04/06/07,309,307,313,325,340,353,358,353,337,311,281,251,228,215,214,225,247,273,298,319,332,336,335,326
GS11,04/06/08,316,310,309,313,323,333,342,344,338,323,301,277,254,235,226,226,236,253,275,297,314,325,329,324
GS11,04/06/09,316,307,299,297,301,308,317,325,327,323,311,294,275,256,243,238,241,251,267,285,303,319,326,328
GS11,04/06/10,324,314,303,294,289,290,294,301,307,309,309,301,289,275,261,251,246,248,256,270,285,299,311,317
GS11,04/06/11,317,311,300,287,278,272,270,274,282,288,294,296,293,287,278,268,261,258,261,269,281,296,311,322
GS11,04/06/12,330,326,317,303,289,277,269,267,272,280,290,299,305,306,303,296,289,282,278,279,287,299,311,323
GS11,04/06/13,331,332,327,313,296,277,261,252,250,256,268,282,295,307,313,312,306,297,288,284,287,295,307,319
GS11,04/06/14,329,334,332,321,305,284,264,248,240,241,252,269,289,308,320,327,326,318,310,301,297,299,307,318
GS11,04/06/15,331,341,345,339,325,304,280,257,240,233,237,252,272,295,316,330,335,332,323,313,303,298,300,308
GS11,04/06/16,320,332,340,341,330,312,286,259,235,220,215,225,244,270,296,317,329,332,328,316,304,294,290,294
GS11,04/06/17,304,317,329,335,333,319,296,267,239,217,205,207,222,245,274,301,322,334,334,326,313,300,290,290
GS11,04/06/18,296,309,323,333,337,330,312,285,254,226,207,201,209,229,256,285,310,327,332,328,317,304,292,286
GS11,04/06/19,290,300,314,327,335,334,319,297,268,237,213,200,202,215,238,267,295,317,329,330,323,313,301,292
GS11,04/06/20,292,299,311,325,336,340,333,315,288,257,230,210,204,211,229,256,284,310,326,332,330,320,309,298
GS11,04/06/21,293,296,307,321,334,342,341,329,307,279,250,227,214,214,227,250,278,306,328,342,342,335,322,310
GS11,04/06/22,301,299,305,316,329,339,343,336,319,297,269,243,224,216,220,235,257,283,305,321,325,323,314,302
GS11,04/06/23,292,286,287,294,305,317,326,326,317,301,279,256,235,221,218,225,242,263,287,307,320,323,318,308
GS11,04/06/24,297,289,284,286,293,305,316,322,322,314,299,279,260,243,233,233,242,258,280,301,317,326,326,319
GS11,04/06/25,308,296,287,282,284,291,301,311,316,315,308,296,282,265,252,246,247,257,274,294,313,327,332,330
GS11,04/06/26,321,308,295,284,279,280,286,295,305,311,313,310,301,289,276,266,260,262,270,285,302,319,330,333
GS11,04/06/27,330,319,304,289,274,267,266,271,281,292,302,309,310,307,298,287,278,272,273,282,296,312,325,333
GS11,04/06/28,335,328,314,296,277,260,250,248,253,265,281,297,309,316,315,310,301,291,286,285,293,305,319,331
GS11,04/06/29,337,337,326,310,287,265,245,233,230,238,253,273,294,312,323,326,321,311,302,294,292,300,311,325
GS11,04/06/30,338,344,341,327,306,280,252,230,216,214,226,247,274,301,325,338,343,339,328,316,308,306,312,325
GS11,04/07/01,340,355,360,353,335,309,278,246,222,208,208,222,249,280,312,338,353,357,353,342,331,321,318,326
GS11,04/07/02,340,356,369,371,363,340,309,273,239,215,202,206,224,253,288,321,347,363,365,358,343,328,319,317
GS11,04/07/03,326,341,358,370,371,361,337,303,266,231,206,196,201,222,253,289,324,350,361,358,346,330,314,304
GS11,04/07/04,306,315,331,347,359,360,348,324,291,254,221,198,190,197,218,251,286,316,338,347,345,333,316,301
GS11,04/07/05,295,299,311,328,345,356,355,342,316,284,252,223,205,201,211,234,263,296,323,340,345,338,325,308
GS11,04/07/06,295,292,297,307,324,340,347,345,330,307,278,248,224,212,213,228,251,278,306,328,337,337,327,312
GS11,04/07/07,296,286,284,290,303,319,332,338,334,320,299,274,249,233,227,233,248,270,296,318,333,338,332,320
GS11,04/07/08,304,290,282,280,288,300,315,326,330,326,314,296,275,259,249,249,256,272,292,312,329,338,337,329
GS11,04/07/09,315,298,284,274,274,280,290,303,312,317,315,306,293,280,269,264,265,274,288,304,319,329,333,330
GS11,04/07/10,319,306,290,277,268,268,272,281,291,300,305,306,301,295,288,281,279,284,292,304,318,330,337,337
GS11,04/07/11,331,320,304,288,275,267,265,268,276,287,296,304,309,309,308,304,299,296,298,303,312,322,331,334
GS11,04/07/12,334,327,315,299,281,266,256,252,255,264,275,290,302,311,316,315,311,307,304,305,309,317,325,332
GS11,04/07/13,337,335,329,315,298,280,263,253,250,254,265,281,298,313,323,328,327,323,316,310,308,312,318,327
GS11,04/07/14,333,337,334,325,309,288,265,246,233,231,237,253,273,295,314,327,331,329,322,313,306,304,307,315
GS11,04/07/15,325,335,340,337,324,304,278,252,230,219,219,230,250,275,300,322,332,333,328,317,306,299,298,303
GS11,04/07/16,314,325,335,337,332,318,294,266,240,221,214,220,238,263,290,315,334,341,339,330,318,306,300,301
GS11,04/07/17,310,323,337,346,347,339,319,290,261,235,221,220,232,255,284,312,335,348,348,341,329,315,305,302
GS11,04/07/18,309,322,338,352,358,353,336,310,278,250,227,218,223,241,270,300,328,345,352,348,337,322,307,299
GS11,04/07/19,301,312,329,345,356,358,348,327,297,265,237,220,215,226,249,280,310,333,347,349,340,327,313,301
GS11,04/07/20,298,306,320,338,353,362,359,344,319,288,256,231,219,222,237,263,293,320,339,348,343,332,315,299
GS11,04/07/21,288,287,296,311,329,344,350,345,329,304,275,249,231,225,232,253,278,307,330,342,344,336,320,302
GS11,04/07/22,287,281,284,295,312,327,339,341,332,315,290,265,245,233,234,245,267,292,316,333,340,337,324,306
GS11,04/07/23,289,277,273,279,291,307,322,331,332,324,306,286,265,249,242,248,263,284,307,326,338,340,331,315
GS11,04/07/24,297,282,272,270,276,288,303,315,322,323,314,302,285,271,261,260,268,282,302,322,335,341,336,324
GS11,04/07/25,307,290,275,265,264,271,282,297,307,314,314,310,301,289,279,273,275,285,298,313,327,335,336,328
GS11,04/07/26,315,297,278,262,254,251,256,267,279,291,302,306,307,302,295,289,285,287,293,304,316,326,330,328
GS11,04/07/27,320,306,288,269,252,241,236,239,247,262,277,292,304,311,312,310,305,300,300,302,310,319,326,331
GS11,04/07/28,330,323,310,291,270,250,234,226,225,233,250,271,293,310,323,329,327,322,316,311,312,317,325,333
GS11,04/07/29,340,341,335,321,300,275,250,230,218,217,226,246,271,301,323,338,343,340,331,321,313,311,314,323
GS11,04/07/30,333,343,347,343,327,301,270,241,216,202,202,215,240,272,302,329,345,349,343,330,316,306,303,309
GS11,04/07/31,319,334,346,350,343,325,296,262,228,203,190,193,211,240,275,307,330,343,342,332,318,305,296,296
GS11,04/08/01,306,322,341,355,357,348,325,294,256,222,199,190,197,219,251,287,319,339,345,339,325,306,291,285
GS11,04/08/02,288,303,322,342,355,357,345,320,286,249,218,201,198,212,238,271,305,330,343,344,332,315,296,283
GS11,04/08/03,280,289,306,326,345,355,354,340,313,278,245,219,207,211,229,256,287,315,335,342,335,320,300,280
GS11,04/08/04,269,269,281,300,322,340,349,344,325,299,268,240,222,219,229,248,274,301,323,334,334,324,305,285
GS11,04/08/05,268,261,265,279,299,320,335,339,332,314,290,266,247,239,242,256,277,301,323,337,342,334,319,298
GS11,04/08/06,279,263,259,265,279,298,316,329,332,324,309,292,275,264,261,268,283,302,322,336,343,339,326,308
GS11,04/08/07,288,271,260,258,265,280,296,310,316,317,311,300,288,279,275,280,289,303,319,332,341,343,336,322
GS11,04/08/08,305,287,272,263,262,268,280,291,301,308,310,306,302,296,292,293,298,308,319,330,339,342,339,332
GS11,04/08/09,318,302,285,272,264,263,268,276,285,295,302,305,308,308,308,307,309,311,318,324,330,334,332,328
GS11,04/08/10,320,308,295,280,266,258,255,257,263,273,284,295,303,309,313,315,315,316,318,322,326,330,334,333
GS11,04/08/11,330,324,313,300,284,268,257,251,252,259,271,284,298,311,320,326,327,325,320,317,318,321,325,329
GS11,04/08/12,332,331,326,315,298,279,262,247,240,241,251,266,285,305,320,331,335,332,325,318,313,311,314,320
GS11,04/08/13,326,333,335,330,317,298,275,254,238,231,236,250,270,294,316,331,339,339,331,321,311,305,304,309
GS11,04/08/14,319,331,338,339,330,313,290,264,242,227,223,231,250,275,301,323,338,341,336,324,311,301,297,301
GS11,04/08/15,311,326,340,348,347,334,312,283,253,231,219,221,236,261,290,316,336,346,344,333,317,301,290,290
GS11,04/08/16,300,316,334,348,353,348,330,303,272,244,223,216,226,248,278,307,330,343,343,333,316,296,280,275
GS11,04/08/17,279,294,312,332,346,350,339,314,282,250,226,212,213,231,259,291,319,338,344,337,320,299,280,267
GS11,04/08/18,267,278,297,320,340,351,350,333,306,273,245,224,219,229,251,280,310,333,345,343,329,308,284,266
GS11,04/08/19,259,264,280,302,326,343,350,342,322,294,265,242,229,233,249,275,304,330,347,350,339,320,296,275
GS11,04/08/20,262,262,273,293,315,335,349,349,338,317,292,268,251,246,254,272,297,322,340,348,342,325,302,278
GS11,04/08/21,259,251,253,265,286,308,327,337,335,323,304,282,264,255,257,270,290,313,334,346,348,336,316,293
GS11,04/08/22,271,255,250,255,269,289,308,322,329,327,317,304,289,279,276,281,296,313,330,343,346,340,324,303
GS11,04/08/23,281,261,247,244,249,262,278,295,308,315,316,312,304,296,292,294,302,313,326,339,347,348,340,325
GS11,04/08/24,306,286,268,258,254,256,266,279,293,305,315,320,322,321,319,319,320,324,331,338,346,350,347,339
GS11,04/08/25,326,310,292,275,262,254,254,259,269,282,297,310,321,328,332,334,332,332,332,334,340,344,346,345
GS11,04/08/26,341,331,317,299,280,263,251,245,247,256,272,292,313,332,344,349,347,342,337,332,333,335,340,345
GS11,04/08/27,349,348,340,326,305,283,262,245,234,234,244,264,289,315,337,350,353,348,337,326,318,317,321,330
GS11,04/08/28,345,356,360,353,337,313,285,259,238,227,229,244,269,300,330,353,363,362,350,335,320,311,308,316
GS11,04/08/29,331,349,364,373,365,344,316,281,251,231,223,229,250,281,315,344,364,367,358,340,319,301,291,294
GS11,04/08/30,309,332,356,374,380,371,347,313,277,247,227,222,233,259,292,326,352,365,363,350,328,305,287,282
GS11,04/08/31,290,309,337,361,380,383,371,343,307,271,241,227,228,245,273,305,334,351,356,346,325,300,276,262
GS11,04/09/01,260,273,295,320,342,356,354,338,311,279,249,231,226,236,258,289,319,341,349,344,326,300,273,251
GS11,04/09/02,243,249,268,295,322,341,349,343,323,296,269,247,237,242,259,285,314,340,353,352,338,313,285,258
GS11,04/09/03,242,239,251,273,299,323,340,343,334,316,291,269,255,253,264,283,308,332,346,351,343,322,295,269
GS11,04/09/04,247,237,241,254,276,302,324,335,334,323,305,287,273,268,273,287,308,330,345,352,347,332,309,281
GS11,04/09/05,259,246,244,252,269,290,312,326,330,327,316,304,292,286,289,297,313,330,345,355,354,343,324,302
GS11,04/09/06,280,264,256,255,263,277,293,308,317,320,316,310,304,300,301,307,318,329,339,347,348,342,329,313
GS11,04/09/07,295,278,266,259,259,264,275,287,298,306,310,312,311,311,311,314,319,325,331,336,340,339,332,323
GS11,04/09/08,311,297,284,274,265,262,263,267,274,281,290,297,302,306,308,309,311,311,312,314,316,316,314,310
GS11,04/09/09,303,294,282,269,257,246,239,238,241,249,260,272,285,296,304,309,310,308,303,302,301,301,302,303
GS11,04/09/10,305,304,300,289,275,260,246,237,234,238,248,263,281,298,309,316,318,314,307,301,297,295,298,304
GS11,04/09/11,311,317,316,309,295,275,255,238,226,225,234,250,272,294,313,325,328,323,312,299,289,283,286,294
GS11,04/09/12,306,320,328,328,318,300,277,253,234,224,226,242,265,292,316,333,340,335,323,308,293,284,282,289
GS11,04/09/13,303,321,337,345,342,328,305,276,249,229,222,230,252,282,311,334,347,346,334,315,294,277,270,275
GS11,04/09/14,291,314,336,353,359,349,327,296,264,239,224,225,241,268,300,330,348,355,344,325,300,276,260,257
GS11,04/09/15,267,288,314,339,355,357,343,317,284,254,232,224,233,255,285,316,341,352,348,329,303,275,254,244
GS11,04/09/16,251,269,296,327,350,361,356,337,306,274,247,233,234,252,283,317,344,360,358,341,314,282,254,236
GS11,04/09/17,234,247,272,304,335,355,361,351,328,297,269,249,243,252,274,305,335,356,362,351,327,294,262,238
GS11,04/09/18,228,231,248,276,308,336,352,354,340,318,293,272,260,262,277,302,329,352,362,359,341,312,280,251
GS11,04/09/19,233,228,238,258,285,313,335,346,343,330,311,291,278,274,283,300,323,343,358,360,349,324,295,265
GS11,04/09/20,242,228,228,239,258,283,306,323,331,328,320,307,295,288,290,301,317,337,352,359,355,338,315,286
GS11,04/09/21,260,243,233,235,246,263,284,304,318,326,326,322,315,309,309,313,322,334,345,352,352,344,329,308
GS11,04/09/22,285,264,249,241,240,246,257,271,286,300,310,315,317,316,315,316,318,323,329,334,339,338,333,322
GS11,04/09/23,308,291,273,258,247,242,244,252,264,277,292,307,315,323,326,325,324,321,320,322,324,327,329,328
GS11,04/09/24,322,313,299,283,265,249,239,234,237,248,266,285,304,319,328,332,328,321,313,307,306,309,316,326
GS11,04/09/25,333,334,329,316,297,276,257,243,235,237,248,270,296,319,337,345,343,333,319,304,295,293,299,310
GS11,04/09/26,325,338,344,341,327,304,278,253,237,230,236,254,279,309,335,350,353,343,324,304,288,280,282,296
GS11,04/09/27,318,342,361,367,361,342,315,285,259,244,241,254,279,313,344,364,372,364,346,321,297,278,273,282
GS11,04/09/28,304,332,359,378,381,370,346,315,284,260,250,255,274,307,341,368,382,379,359,331,300,275,260,260
GS11,04/09/29,278,307,340,367,383,381,364,336,304,277,259,256,269,293,324,355,376,380,367,342,310,279,256,250
GS11,04/09/30,259,284,317,350,377,389,384,365,337,308,286,275,278,294,319,347,369,380,374,353,320,286,259,242
GS11,04/10/01,242,260,287,320,351,371,374,363,340,312,289,274,271,283,304,332,356,370,371,356,327,294,261,239
GS11,04/10/02,230,240,262,292,324,350,363,362,349,329,307,291,284,290,306,329,353,368,371,361,339,309,277,249
GS11,04/10/03,231,229,242,264,291,319,338,344,341,327,311,296,287,289,300,319,342,360,368,365,351,327,299,273
GS11,04/10/04,255,248,253,269,291,316,337,349,351,346,335,324,317,316,324,337,353,367,374,372,362,344,322,298
GS11,04/10/05,277,266,263,270,285,304,323,337,346,347,342,336,327,325,329,338,350,360,368,372,368,358,342,322
GS11,04/10/06,304,290,280,279,285,294,308,323,334,339,342,341,338,336,336,339,345,350,356,359,357,351,341,328
GS11,04/10/07,313,296,284,274,271,274,282,293,304,314,323,328,330,331,331,331,332,333,335,338,339,338,333,326
GS11,04/10/08,317,307,295,283,273,267,265,269,278,289,302,314,323,331,334,334,332,328,324,324,324,326,330,333
GS11,04/10/09,335,335,325,316,302,288,277,272,273,283,297,313,329,341,348,352,350,350,338,326,319,317,321,329
GS11,04/10/10,335,340,338,328,315,299,283,274,270,275,287,306,328,348,360,365,358,344,330,316,307,306,312,324
GS11,04/10/11,339,351,357,352,338,319,296,275,262,260,268,286,310,333,351,360,357,342,321,301,285,277,280,293
GS11,04/10/12,313,335,351,356,350,333,307,279,257,246,247,264,290,320,346,361,360,348,325,299,277,262,259,270
GS11,04/10/13,292,323,348,365,367,353,329,298,272,253,249,259,279,308,338,362,370,362,339,308,275,253,243,249
GS11,04/10/14,269,300,334,360,373,370,352,323,293,267,254,255,270,298,330,357,371,366,349,319,284,255,238,235
GS11,04/10/15,246,273,308,342,367,373,364,342,312,284,265,259,268,291,324,355,373,374,357,326,288,253,228,215
GS11,04/10/16,218,238,272,312,343,363,366,354,330,302,280,270,271,288,314,344,367,376,367,344,309,271,240,221
GS11,04/10/17,215,227,252,287,322,348,360,358,344,324,303,287,280,287,307,331,354,368,366,349,318,282,247,219
GS11,04/10/18,204,204,218,244,276,309,331,341,338,324,310,297,289,289,299,317,337,353,361,353,332,304,272,241
GS11,04/10/19,220,210,213,227,251,278,302,321,331,331,324,315,308,306,312,323,338,352,361,361,350,332,308,280
GS11,04/10/20,258,241,234,236,248,267,289,309,324,333,333,329,324,320,321,326,334,344,355,362,363,356,344,327
GS11,04/10/21,306,288,273,261,258,261,270,283,299,312,323,332,337,337,335,333,335,339,346,353,356,356,350,339
GS11,04/10/22,325,310,293,277,267,262,263,269,282,298,314,328,338,341,339,333,326,320,316,315,317,320,325,326
GS11,04/10/23,322,313,298,281,265,253,244,241,246,258,278,302,321,334,336,332,321,308,296,289,289,295,304,315
GS11,04/10/24,321,323,314,299,281,263,247,236,235,243,262,285,312,331,339,336,325,307,290,275,267,269,278,292
GS11,04/10/25,309,320,324,319,307,288,267,248,238,238,250,272,301,328,345,349,340,320,295,273,257,253,259,275
GS11,04/10/26,299,323,340,345,338,321,298,273,256,250,256,275,305,333,356,366,363,343,317,289,265,254,254,268
GS11,04/10/27,292,322,348,363,366,356,335,311,292,279,279,292,316,343,366,380,378,360,332,297,264,242,233,241
GS11,04/10/28,261,291,322,345,357,353,338,316,293,273,265,270,288,316,346,368,373,362,338,304,269,239,222,220
GS11,04/10/29,235,263,298,330,353,360,353,335,312,290,276,274,283,303,328,351,364,361,344,314,279,246,222,212
GS11,04/10/30,219,239,270,303,331,350,354,345,328,308,292,285,290,306,328,354,371,374,361,336,305,272,246,230
GS11,04/10/31,228,241,266,296,324,348,359,357,345,329,310,299,297,305,321,339,356,364,362,346,320,288,258,237
GS11,04/11/01,226,232,248,273,302,330,351,359,355,344,330,319,314,317,326,342,359,368,369,359,338,310,281,255
GS11,04/11/02,239,234,242,259,283,308,331,346,350,343,331,319,310,308,314,325,338,347,353,351,337,316,290,266
GS11,04/11/03,246,238,238,247,265,285,306,326,339,342,339,330,323,319,320,327,335,344,348,348,343,330,313,292
GS11,04/11/04,273,257,249,249,257,271,288,307,321,328,330,327,322,318,315,316,321,324,330,331,327,321,309,296
GS11,04/11/05,280,266,255,249,250,257,269,286,301,313,321,323,323,321,318,316,314,315,319,320,321,322,318,311
GS11,04/11/06,301,289,277,267,261,261,266,277,292,307,322,332,337,340,338,332,326,320,316,314,315,318,320,321
GS11,04/11/07,317,310,298,283,270,260,257,261,271,286,303,319,330,335,333,327,316,304,295,289,289,294,302,310
GS11,04/11/08,315,317,311,300,285,270,258,254,259,272,291,310,326,337,339,334,321,305,290,279,274,278,289,303
GS11,04/11/09,317,328,330,324,309,289,270,257,254,260,276,297,318,334,342,339,326,304,281,261,248,248,257,275
GS11,04/11/10,298,318,331,332,323,305,283,264,251,250,260,278,302,325,340,343,333,309,280,252,231,223,228,244
GS11,04/11/11,270,298,324,338,339,327,308,286,267,256,258,273,295,322,344,355,349,329,298,264,235,217,214,226
GS11,04/11/12,250,283,316,341,354,351,337,316,294,274,268,275,291,315,338,353,354,340,312,277,241,213,200,201
GS11,04/11/13,218,247,281,315,338,348,341,325,303,280,267,266,277,299,325,347,354,345,322,288,250,218,195,188
GS11,04/11/14,198,224,259,298,330,351,356,349,333,314,297,289,294,310,332,355,369,368,354,325,289,252,222,204
GS11,04/11/15,201,215,243,280,319,350,367,369,361,347,334,326,324,330,347,365,381,386,379,359,328,292,256,229
GS11,04/11/16,213,212,227,252,284,315,338,353,354,347,336,326,319,319,327,341,355,365,367,356,335,308,275,246
GS11,04/11/17,223,211,214,227,250,278,306,327,340,342,337,328,319,317,318,324,334,343,348,346,337,320,295,269
GS11,04/11/18,245,227,218,222,233,254,277,300,317,327,330,330,326,321,319,320,326,332,340,346,344,337,323,305
GS11,04/11/19,285,267,254,248,248,257,273,291,311,329,338,342,341,336,330,324,321,322,325,331,335,340,338,332
GS11,04/11/20,319,304,287,274,265,262,268,280,298,317,332,343,347,346,338,329,318,310,306,306,312,321,327,330
GS11,04/11/21,327,318,305,290,276,266,263,267,276,290,308,324,336,339,336,326,310,294,281,273,275,283,294,308
GS11,04/11/22,317,320,316,304,289,274,264,258,261,272,288,308,327,339,341,332,314,292,271,258,252,256,269,286
GS11,04/11/23,303,318,322,317,305,290,276,265,262,267,280,297,316,333,339,335,319,293,265,242,231,230,241,260
GS11,04/11/24,283,305,320,325,320,307,291,276,266,265,273,290,310,331,342,342,329,304,275,246,226,217,221,237
GS11,04/11/25,261,288,314,330,333,326,312,295,280,9999,9999,9999,9999,9999,9999,351,344,323,293,259,230,212,208,218
GS11,04/11/26,239,270,303,327,340,340,329,313,295,284,281,288,303,324,345,358,359,346,319,285,250,226,215,219
GS11,04/11/27,238,266,299,329,347,356,350,336,317,301,291,291,300,316,335,352,358,351,330,299,264,233,211,207
GS11,04/11/28,217,242,272,304,329,345,348,341,326,310,298,294,298,311,329,346,357,355,339,312,278,244,218,206
GS11,04/11/29,207,224,250,280,309,330,341,340,332,318,304,296,296,305,320,337,351,355,346,326,295,262,235,215
GS11,04/11/30,208,217,238,265,293,317,333,338,333,321,309,300,296,301,312,326,340,347,343,329,305,277,248,226
GS11,04/12/01,213,215,227,247,272,297,315,327,329,323,314,304,297,297,304,316,328,336,335,326,309,286,262,239
GS11,04/12/02,224,218,222,236,255,277,298,312,319,318,312,303,297,295,300,309,319,327,330,327,316,299,276,255
GS11,04/12/03,236,225,222,228,242,260,281,298,310,315,313,308,303,299,299,304,311,318,325,327,324,315,302,286
GS11,04/12/04,271,258,251,250,257,269,286,306,322,334,339,337,332,325,318,315,315,319,324,328,332,332,327,319
GS11,04/12/05,308,299,290,285,286,296,316,333,344,353,354,349,345,337,327,320,314,312,310,311,313,316,316,313
GS11,04/12/06,307,297,286,275,269,268,273,285,300,316,328,332,332,326,316,306,296,288,285,286,292,300,309,318
GS11,04/12/07,320,319,312,303,292,284,284,288,300,316,331,342,349,347,341,329,313,297,283,275,276,284,297,312
GS11,04/12/08,325,332,331,324,311,296,285,281,283,293,307,322,333,338,334,322,303,280,259,244,239,245,260,282
GS11,04/12/09,304,323,334,335,326,314,299,289,284,290,302,318,335,347,349,341,321,296,269,245,231,230,241,263
GS11,04/12/10,290,317,337,346,345,335,321,307,296,294,301,316,335,354,362,359,341,314,281,249,225,213,214,230
GS11,04/12/11,256,287,317,339,349,347,337,322,305,296,295,305,322,340,355,360,351,329,296,260,226,202,193,200
GS11,04/12/12,221,252,287,318,340,351,349,339,324,310,304,307,320,339,359,373,373,358,330,294,256,223,202,196
GS11,04/12/13,206,230,264,301,332,353,363,360,348,332,318,313,317,330,349,366,374,368,349,318,280,242,210,192
GS11,04/12/14,189,201,228,261,297,327,347,352,347,335,320,309,308,316,332,351,366,373,365,343,312,276,241,214
GS11,04/12/15,201,202,218,245,278,310,336,349,351,345,331,319,311,313,324,340,356,369,371,362,342,312,279,248
GS11,04/12/16,226,217,220,236,261,291,320,341,353,354,346,334,324,318,321,332,344,358,366,365,353,334,308,278
GS11,04/12/17,253,236,230,237,252,275,302,326,343,352,351,341,329,318,312,314,320,331,342,347,346,338,322,301
GS11,04/12/18,278,259,248,245,252,266,287,309,327,340,345,343,334,324,315,310,309,314,321,330,335,338,332,322
GS11,04/12/19,306,291,277,270,269,276,289,306,324,339,347,348,344,334,320,308,299,296,299,305,315,323,328,328
GS11,04/12/20,323,315,304,294,288,288,295,306,320,336,349,355,354,349,336,322,307,297,294,295,303,314,324,332
GS11,04/12/21,335,335,329,321,312,307,306,311,321,333,346,356,359,356,347,332,315,298,285,279,280,288,301,315
GS11,04/12/22,328,337,339,338,332,326,321,319,323,332,343,354,361,363,358,347,328,307,286,272,268,272,283,299
GS11,04/12/23,317,333,344,349,347,341,334,327,326,330,338,348,358,365,364,356,339,316,291,268,254,251,257,271
GS11,04/12/24,291,312,330,342,347,344,337,328,319,318,322,331,343,353,359,357,346,326,299,272,251,238,238,250
GS11,04/12/25,271,297,324,345,356,357,351,341,330,323,321,327,339,353,363,367,360,342,316,286,258,238,230,235
GS11,04/12/26,252,279,309,335,353,360,359,350,339,328,323,325,331,344,357,365,364,351,327,297,266,241,227,225
GS11,04/12/27,236,258,287,317,342,356,360,353,342,330,320,316,322,333,349,362,368,362,343,316,284,253,229,217
GS11,04/12/28,220,238,264,295,323,344,354,351,341,327,313,305,306,316,333,350,362,363,351,329,299,266,239,220
GS11,04/12/29,215,224,249,280,307,335,353,353,349,336,323,311,310,315,329,347,362,370,366,351,325,292,262,240
GS11,04/12/30,226,227,244,268,295,323,342,349,346,336,321,307,299,299,307,322,338,349,350,340,320,294,264,237
GS11,04/12/31,221,217,226,245,273,300,323,338,342,337,328,313,305,304,307,321,338,352,360,357,345,326,301,276
