GS11,96/01/01,299,308,311,310,307,303,301,302,305,311,319,326,331,331,325,315,298,279,260,247,241,244,253,266
GS11,96/01/02,281,296,305,309,307,303,297,291,290,293,301,309,317,322,323,316,303,284,261,242,229,225,232,246
GS11,96/01/03,266,287,305,315,319,316,311,303,298,297,302,311,322,334,340,340,331,311,288,262,243,232,232,243
GS11,96/01/04,261,283,305,321,329,329,321,310,298,292,291,295,307,319,332,338,333,319,294,265,239,220,212,217
GS11,96/01/05,232,256,282,305,320,327,323,313,300,289,284,286,295,310,326,337,340,330,309,281,251,226,211,209
GS11,96/01/06,219,242,268,296,316,327,328,318,304,290,279,276,282,295,312,328,335,332,317,292,262,233,211,201
GS11,96/01/07,204,221,247,275,301,320,327,322,309,294,280,272,274,284,301,317,332,337,327,308,281,251,228,212
GS11,96/01/08,210,223,246,275,304,326,340,341,333,319,304,293,290,297,314,332,349,359,356,344,321,292,262,239
GS11,96/01/09,226,228,242,266,293,318,336,343,338,325,309,295,287,287,297,312,328,340,345,339,323,299,273,249
GS11,96/01/10,233,232,242,261,287,312,332,342,341,330,314,297,284,279,285,296,312,326,336,335,325,307,284,261
GS11,96/01/11,243,233,236,250,270,295,317,331,335,329,315,297,281,270,269,276,287,299,311,317,315,306,289,268
GS11,96/01/12,249,237,234,241,256,276,297,315,324,323,313,298,281,267,260,261,268,281,293,303,307,305,297,282
GS11,96/01/13,267,253,246,247,255,271,290,308,319,324,319,308,292,277,265,259,260,265,274,283,290,295,295,289
GS11,96/01/14,278,269,262,258,260,268,281,298,311,320,322,316,303,288,273,262,255,254,258,264,275,285,293,297
GS11,96/01/15,295,291,285,279,275,277,285,295,307,319,325,325,318,307,293,278,264,255,250,252,259,270,283,296
GS11,96/01/16,306,310,312,308,304,301,299,304,310,318,326,331,331,326,316,301,283,266,253,246,246,255,269,287
GS11,96/01/17,303,315,321,323,318,312,305,301,301,306,315,324,331,333,329,316,296,272,249,231,220,221,232,252
GS11,96/01/18,275,299,316,328,329,323,313,304,297,297,304,316,328,338,342,336,320,293,265,238,217,208,210,226
GS11,96/01/19,250,279,306,326,336,334,326,313,299,292,293,301,315,331,344,349,341,322,292,260,230,210,203,209
GS11,96/01/20,230,260,293,323,343,351,346,333,315,301,293,296,308,326,344,358,360,348,324,289,254,223,205,200
GS11,96/01/21,210,234,266,299,327,345,350,340,323,303,287,279,283,299,319,340,353,353,339,313,278,244,215,200
GS11,96/01/22,200,215,243,275,308,334,347,345,330,311,291,275,271,281,301,324,345,357,355,340,312,279,247,226
GS11,96/01/23,216,222,243,272,304,334,354,360,353,336,314,293,281,282,294,314,336,354,362,356,337,310,280,252
GS11,96/01/24,236,233,244,266,293,320,343,355,353,340,320,298,279,272,278,293,312,332,345,347,338,319,293,267
GS11,96/01/25,246,237,241,254,276,302,325,341,346,341,325,305,285,272,267,276,291,308,323,333,334,325,309,289
GS11,96/01/26,270,259,256,262,276,295,315,331,339,338,328,311,292,276,265,263,270,280,294,305,311,311,303,291
GS11,96/01/27,276,266,261,262,271,285,302,317,326,329,324,311,295,278,263,255,254,258,266,277,287,293,294,291
GS11,96/01/28,285,278,274,273,277,286,298,311,321,328,328,322,311,297,282,270,262,259,263,269,279,289,296,300
GS11,96/01/29,300,298,297,294,295,298,305,314,323,330,333,332,326,317,304,290,277,266,260,260,264,273,283,293
GS11,96/01/30,300,305,308,307,305,304,307,311,317,324,330,333,332,328,319,305,289,272,260,252,250,255,264,277
GS11,96/01/31,289,301,309,312,310,308,304,304,304,307,314,320,325,327,324,315,300,282,264,249,241,243,251,264
GS11,96/02/01,280,298,311,318,320,317,311,305,300,300,303,311,319,327,331,329,318,301,279,258,242,236,239,252
GS11,96/02/02,271,293,312,327,332,333,326,317,307,301,301,308,317,329,338,340,333,317,293,267,244,228,224,232
GS11,96/02/03,249,273,297,315,326,329,323,313,300,290,287,290,300,313,328,337,336,325,303,276,248,226,215,217
GS11,96/02/04,229,252,278,301,317,324,321,310,295,279,270,270,279,295,314,329,336,331,315,289,260,235,216,212
GS11,96/02/05,220,241,269,297,318,331,331,322,306,290,277,272,278,293,313,332,346,348,337,317,290,262,237,226
GS11,96/02/06,228,245,269,296,322,339,344,338,322,302,284,273,272,281,299,320,337,344,340,324,299,270,242,224
GS11,96/02/07,218,226,246,273,299,319,329,328,314,295,275,260,253,258,274,294,316,331,334,325,305,280,253,232
GS11,96/02/08,223,225,241,266,292,317,333,336,327,309,288,269,258,258,268,288,311,330,340,340,329,309,286,263
GS11,96/02/09,248,245,253,274,299,324,343,352,348,334,314,293,276,269,273,287,306,326,341,346,342,328,309,288
GS11,96/02/10,272,264,267,279,299,321,341,352,352,341,323,300,280,267,263,270,284,300,315,324,328,321,307,290
GS11,96/02/11,274,263,260,265,278,297,316,330,336,330,317,298,278,261,251,250,258,269,283,296,306,308,305,297
GS11,96/02/12,286,276,271,272,278,290,305,318,327,328,323,309,293,275,262,255,253,256,265,276,288,297,302,302
GS11,96/02/13,299,295,290,288,288,294,304,314,323,329,330,324,313,298,284,270,261,255,255,260,269,280,292,302
GS11,96/02/14,309,311,310,308,305,304,307,311,318,325,329,331,328,319,306,290,275,260,250,244,248,257,272,289
GS11,96/02/15,304,316,323,325,322,316,313,310,313,317,324,330,334,333,327,314,296,274,255,240,233,236,246,265
GS11,96/02/16,287,309,324,331,332,326,315,305,299,299,304,313,325,333,335,328,312,288,260,237,219,211,216,232
GS11,96/02/17,256,283,308,324,331,327,316,301,287,278,278,286,299,316,329,333,327,308,280,248,222,204,194,206
GS11,96/02/18,221,256,288,313,328,331,323,307,289,273,267,270,284,303,323,337,342,331,307,275,242,213,198,197
GS11,96/02/19,209,234,265,294,317,327,324,309,287,264,248,244,252,271,296,318,332,333,319,293,260,227,204,193
GS11,96/02/20,197,215,244,275,303,322,326,315,295,268,247,233,234,248,272,298,322,333,330,313,285,253,225,207
GS11,96/02/21,203,215,238,268,297,320,331,328,311,286,260,241,232,238,256,280,307,326,332,325,306,280,251,230
GS11,96/02/22,218,223,238,262,288,312,327,329,318,296,271,248,234,230,241,260,283,305,320,322,312,293,270,249
GS11,96/02/23,234,231,241,258,281,303,319,326,320,303,281,257,238,228,230,242,263,284,302,312,310,300,282,264
GS11,96/02/24,249,242,245,256,273,293,308,318,317,306,287,265,244,229,224,229,242,259,277,290,296,293,283,271
GS11,96/02/25,259,252,252,257,269,285,299,310,314,310,298,281,262,245,236,234,239,251,265,279,291,297,296,292
GS11,96/02/26,286,282,278,283,290,298,308,317,323,319,314,300,286,269,255,247,245,247,255,264,275,283,288,289
GS11,96/02/27,289,287,286,287,290,295,302,309,314,315,312,306,297,285,274,263,255,253,254,258,265,271,279,284
GS11,96/02/28,288,290,290,288,286,286,287,290,294,295,296,294,291,284,275,264,253,242,235,233,236,242,252,262
GS11,96/02/29,273,281,286,288,288,285,282,281,281,283,287,290,293,293,289,282,270,255,242,232,229,233,242,257
GS11,96/03/01,273,288,299,306,307,303,298,293,290,292,299,309,315,317,321,315,304,287,268,250,236,233,239,252
GS11,96/03/02,269,288,303,313,315,311,302,291,281,276,279,287,298,310,318,319,313,298,276,253,234,224,224,235
GS11,96/03/03,253,275,295,310,316,314,304,290,276,266,264,269,281,296,309,318,318,306,286,261,238,220,215,221
GS11,96/03/04,237,261,285,305,317,318,310,294,276,263,256,260,272,290,310,325,332,327,311,287,260,237,222,221
GS11,96/03/05,233,256,282,307,323,329,321,304,283,264,249,247,255,272,293,315,328,330,319,297,268,241,222,215
GS11,96/03/06,221,240,265,292,313,323,321,308,286,263,243,235,238,252,275,300,320,329,325,310,284,256,232,219
GS11,96/03/07,219,234,256,283,306,322,325,314,293,268,245,230,228,238,257,282,307,323,328,321,302,277,254,236
GS11,96/03/08,230,239,258,282,308,328,337,332,316,293,268,247,239,242,258,282,307,329,341,342,331,310,286,265
GS11,96/03/09,252,254,266,286,309,330,342,343,331,309,283,258,242,237,245,264,286,309,325,332,328,315,297,277
GS11,96/03/10,263,258,264,278,298,316,331,336,328,311,288,264,244,232,233,244,263,283,301,315,319,314,304,289
GS11,96/03/11,274,267,267,276,291,308,324,333,331,322,305,282,261,244,237,239,251,267,285,301,312,315,313,305
GS11,96/03/12,296,287,282,283,290,301,313,322,323,317,305,290,271,252,240,235,236,243,253,266,278,287,291,293
GS11,96/03/13,291,287,282,281,283,287,296,304,309,310,306,298,285,269,254,242,235,234,237,244,255,267,280,290
GS11,96/03/14,297,299,298,295,291,290,292,295,299,303,305,303,298,290,276,262,249,238,231,230,236,246,260,276
GS11,96/03/15,291,302,307,307,303,297,290,287,287,291,297,306,310,312,308,299,289,280,261,251,247,254,265,281
GS11,96/03/16,298,313,324,326,321,311,298,285,277,276,281,291,302,312,316,311,298,279,256,236,223,219,226,243
GS11,96/03/17,265,288,311,325,328,321,307,290,277,270,275,288,306,324,336,343,337,322,296,270,247,234,231,240
GS11,96/03/18,261,287,313,332,340,334,321,299,277,263,9999,9999,9999,9999,9999,9999,9999,334,310,283,255,232,222,224
GS11,96/03/19,240,264,291,315,329,331,319,297,272,250,236,235,248,270,296,319,333,335,322,296,268,241,222,217
GS11,96/03/20,225,244,272,297,317,326,319,300,272,244,221,213,218,235,263,292,315,327,324,307,282,254,232,220
GS11,96/03/21,223,238,261,288,311,324,323,308,282,251,223,208,205,216,241,270,297,319,325,318,301,278,256,240
GS11,96/03/22,238,247,266,290,315,332,339,331,311,282,255,234,223,226,244,269,297,321,333,333,323,302,280,261
GS11,96/03/23,251,253,265,284,305,322,330,327,310,286,258,233,216,212,220,239,262,285,302,310,307,295,278,262
GS11,96/03/24,252,250,256,270,287,305,316,318,309,292,268,244,224,214,215,226,242,265,285,299,305,300,291,280
GS11,96/03/25,270,266,269,278,293,309,324,330,326,315,298,277,260,246,238,240,249,265,280,295,302,304,300,292
GS11,96/03/26,285,279,276,280,288,298,308,315,315,309,298,281,264,247,236,231,234,243,255,267,280,286,287,287
GS11,96/03/27,282,278,275,275,279,284,290,296,298,298,292,284,271,258,245,237,233,235,240,250,262,273,280,286
GS11,96/03/28,288,288,285,283,283,283,285,288,291,293,292,289,284,275,264,255,247,242,241,245,252,262,272,281
GS11,96/03/29,288,291,291,288,284,279,277,276,276,279,282,285,287,284,278,269,258,247,239,236,240,247,258,272
GS11,96/03/30,285,295,300,301,297,291,284,278,277,278,282,289,297,302,304,299,287,274,261,251,246,250,259,272
GS11,96/03/31,290,306,316,319,317,307,295,282,274,270,273,282,294,304,310,310,302,288,269,254,243,240,246,260
GS11,96/04/01,279,298,313,321,321,312,298,282,266,259,261,269,284,301,315,323,320,309,291,271,253,241,242,252
GS11,96/04/02,271,294,314,328,332,324,309,289,269,254,251,257,273,294,315,330,336,329,311,287,266,247,240,245
GS11,96/04/03,261,284,306,325,334,330,315,293,269,248,236,237,250,272,297,319,333,334,322,300,275,251,236,233
GS11,96/04/04,243,264,288,310,324,326,315,293,266,239,222,217,225,244,271,300,320,331,326,310,288,263,243,234
GS11,96/04/05,240,256,279,303,321,327,322,303,276,247,223,210,213,226,251,280,306,325,331,323,306,282,260,244
GS11,96/04/06,241,250,269,291,313,326,326,313,288,259,230,209,203,210,230,259,289,314,329,330,319,300,278,258
GS11,96/04/07,250,254,268,289,312,328,335,328,308,280,250,225,210,209,221,244,272,299,320,330,329,317,299,281
GS11,96/04/08,269,266,273,288,308,325,336,336,323,300,273,244,222,211,213,227,248,275,298,316,323,320,308,293
GS11,96/04/09,279,271,272,279,295,310,323,329,323,308,286,260,237,219,213,217,230,249,271,290,305,310,309,302
GS11,96/04/10,294,285,281,282,289,300,311,318,319,311,298,280,260,240,228,222,226,237,252,270,285,298,305,307
GS11,96/04/11,305,299,293,290,290,295,302,309,312,312,306,296,281,265,249,239,234,235,242,253,268,283,294,304
GS11,96/04/12,309,308,303,297,292,288,289,292,297,300,303,301,295,285,270,257,243,236,232,235,244,258,274,289
GS11,96/04/13,301,308,308,302,292,282,274,270,270,274,282,289,294,293,286,275,259,244,232,225,226,234,248,267
GS11,96/04/14,285,298,304,302,293,279,265,255,250,252,261,273,286,296,299,294,283,265,249,234,228,229,239,256
GS11,96/04/15,277,296,309,313,307,294,275,257,245,239,245,259,277,296,310,317,312,298,279,258,245,238,240,254
GS11,96/04/16,275,297,316,327,329,318,299,276,257,244,246,256,278,302,325,342,345,337,320,297,276,262,257,263
GS11,96/04/17,279,300,321,337,342,334,315,289,262,240,231,235,251,275,302,326,339,341,331,311,289,271,259,260
GS11,96/04/18,272,292,314,335,347,348,333,312,283,254,237,234,245,267,296,322,343,352,349,334,313,291,274,268
GS11,96/04/19,274,290,310,330,345,351,343,322,293,262,237,225,227,241,266,295,320,338,343,337,322,302,284,272
GS11,96/04/20,272,281,299,321,339,349,346,332,306,275,247,227,220,228,248,275,303,325,338,338,330,313,295,281
GS11,96/04/21,277,283,296,313,331,341,343,332,310,281,253,229,215,215,227,249,274,298,316,322,321,310,295,281
GS11,96/04/22,271,271,279,292,308,322,328,324,309,286,259,236,218,211,217,232,254,278,298,311,315,310,299,286
GS11,96/04/23,276,273,276,284,296,308,316,316,307,291,268,247,228,216,215,224,240,260,281,296,305,306,299,291
GS11,96/04/24,282,276,276,280,289,299,308,312,308,297,281,263,245,231,224,227,235,250,267,283,294,300,301,296
GS11,96/04/25,290,284,281,281,285,292,300,304,305,300,291,280,266,253,242,239,241,247,258,272,285,296,302,302
GS11,96/04/26,301,297,292,289,288,289,292,296,299,299,297,292,283,273,263,254,249,250,256,265,277,290,299,306
GS11,96/04/27,309,309,304,298,293,289,288,289,292,295,299,301,299,294,286,275,266,260,259,263,271,283,294,305
GS11,96/04/28,313,317,314,307,298,290,282,279,278,281,287,294,299,300,296,288,277,266,257,253,257,266,279,293
GS11,96/04/29,305,314,315,310,300,287,274,264,259,261,269,280,292,302,307,303,294,280,266,255,251,256,266,281
GS11,96/04/30,299,313,319,318,308,292,274,258,246,244,250,263,280,296,308,312,308,296,278,262,251,250,256,272
GS11,96/05/01,291,308,320,324,317,301,280,258,240,232,235,248,267,289,310,322,324,315,298,279,261,252,253,265
GS11,96/05/02,284,306,323,333,331,316,294,268,243,226,222,231,251,278,306,328,338,337,324,303,281,265,257,262
GS11,96/05/03,278,300,321,335,338,326,304,274,243,217,203,205,220,247,278,308,328,335,330,314,291,270,253,250
GS11,96/05/04,261,282,305,326,336,333,316,288,255,223,202,194,202,225,256,288,317,335,339,331,312,292,273,266
GS11,96/05/05,271,287,309,333,352,358,351,331,298,265,235,217,212,224,249,281,312,337,349,349,337,319,299,285
GS11,96/05/06,281,289,305,325,343,353,351,335,308,275,242,218,205,209,225,252,283,311,331,339,337,324,308,291
GS11,96/05/07,281,281,291,308,327,342,349,342,323,294,263,234,213,206,212,230,255,283,308,324,331,329,317,303
GS11,96/05/08,291,284,286,297,312,328,339,340,331,312,286,259,235,220,217,224,242,263,288,309,324,330,326,317
GS11,96/05/09,307,299,295,298,307,321,333,342,344,335,322,302,280,262,249,243,248,261,278,298,313,325,329,326
GS11,96/05/10,320,311,303,297,296,300,308,315,320,321,316,306,291,274,260,249,245,249,260,274,291,307,318,323
GS11,96/05/11,323,319,311,301,295,293,297,303,310,318,323,322,316,304,290,277,266,262,265,273,285,301,316,327
GS11,96/05/12,334,334,327,317,303,293,287,285,289,295,306,315,319,317,310,299,287,276,269,269,274,287,303,319
GS11,96/05/13,332,339,336,326,309,290,275,265,263,268,279,294,306,316,316,310,299,284,271,262,261,268,280,297
GS11,96/05/14,314,326,329,323,308,288,266,248,238,238,248,265,285,303,314,318,312,299,285,270,262,262,270,284
GS11,96/05/15,301,318,328,328,318,300,275,251,233,225,229,245,267,292,313,325,328,322,309,292,278,272,273,285
GS11,96/05/16,301,320,335,343,338,323,298,270,243,226,222,232,253,280,308,329,341,340,331,315,298,285,280,285
GS11,96/05/17,298,317,336,348,351,341,319,288,257,232,218,219,235,260,288,315,333,340,338,326,309,294,283,282
GS11,96/05/18,290,306,324,340,347,344,329,303,273,244,224,218,226,246,274,304,331,348,353,347,332,315,300,293
GS11,96/05/19,294,306,323,339,353,355,346,326,297,266,240,226,225,238,262,290,319,342,353,352,341,326,311,298
GS11,96/05/20,295,301,313,329,342,348,345,330,306,277,251,231,221,225,242,266,292,315,330,335,330,319,305,294
GS11,96/05/21,289,293,302,314,327,335,335,326,307,283,257,236,222,219,229,248,272,296,315,325,325,319,308,297
GS11,96/05/22,288,288,292,301,313,324,330,327,314,295,273,251,234,225,229,242,263,285,305,320,326,325,318,306
GS11,96/05/23,298,292,292,298,307,318,326,328,321,308,290,270,251,238,235,240,253,271,291,308,319,322,318,308
GS11,96/05/24,297,290,286,287,293,302,311,316,315,308,295,279,263,248,240,240,247,260,277,294,307,314,315,310
GS11,96/05/25,301,293,285,281,283,287,294,300,302,301,296,287,275,263,253,246,246,253,265,279,293,305,310,310
GS11,96/05/26,306,298,290,282,276,275,278,283,287,291,292,291,286,278,267,258,252,252,258,268,281,295,305,311
GS11,96/05/27,311,306,298,287,276,269,266,268,272,279,286,292,295,292,285,276,267,259,258,263,272,285,299,309
GS11,96/05/28,315,316,310,297,284,270,259,254,255,261,271,283,293,298,298,292,282,271,263,260,264,275,288,303
GS11,96/05/29,314,321,318,308,292,273,256,243,237,240,252,268,285,301,309,310,303,289,276,266,263,267,279,294
GS11,96/05/30,309,321,326,320,304,283,258,238,225,221,230,247,272,295,314,324,322,313,298,282,271,269,276,291
GS11,96/05/31,310,328,340,339,327,305,277,249,226,213,215,229,254,282,309,328,335,330,317,299,282,273,271,281
GS11,96/06/01,298,318,335,343,338,320,291,258,227,204,195,202,221,250,283,313,331,337,330,315,294,278,267,269
GS11,96/06/02,282,301,322,336,340,329,306,273,238,208,188,183,195,220,254,289,317,334,338,328,311,291,275,269
GS11,96/06/03,274,290,312,331,344,345,330,303,268,233,204,189,189,204,231,265,299,326,341,342,332,316,297,284
GS11,96/06/04,281,287,304,324,342,352,348,331,302,266,233,208,196,200,218,247,280,311,334,344,341,330,312,295
GS11,96/06/05,285,285,294,310,328,340,345,336,315,287,254,226,207,200,208,226,253,282,309,326,332,328,316,299
GS11,96/06/06,284,277,278,287,303,320,330,332,323,303,277,249,226,210,207,216,235,260,288,309,322,323,316,302
GS11,96/06/07,287,275,268,271,280,296,310,319,319,310,293,270,248,230,220,221,231,249,271,292,309,319,319,311
GS11,96/06/08,299,285,274,267,269,277,288,300,307,308,302,289,273,256,241,234,236,245,260,277,295,309,315,314
GS11,96/06/09,307,295,281,269,262,261,266,275,285,293,297,295,287,275,263,253,249,250,258,270,286,301,314,319
GS11,96/06/10,318,310,297,281,267,259,255,260,268,279,289,296,298,295,287,278,269,265,266,271,282,296,311,322
GS11,96/06/11,327,325,315,301,283,267,256,251,254,265,280,294,305,312,312,307,299,289,283,281,285,295,308,321
GS11,96/06/12,330,334,330,317,298,277,257,242,237,241,252,269,287,303,311,313,308,299,290,281,278,283,292,305
GS11,96/06/13,318,328,329,322,307,284,261,239,225,220,228,244,266,287,305,315,317,311,300,288,280,278,284,296
GS11,96/06/14,311,325,334,334,324,304,278,251,228,216,217,230,252,278,303,321,331,330,322,309,295,288,288,296
GS11,96/06/15,311,328,341,347,343,327,302,273,245,225,216,221,239,265,293,318,334,339,334,322,306,293,286,288
GS11,96/06/16,298,314,330,342,345,336,315,287,255,228,210,208,219,241,270,299,321,333,335,326,311,295,283,279
GS11,96/06/17,284,298,315,330,339,338,324,300,270,239,216,205,209,225,251,281,308,327,336,332,322,307,292,283
GS11,96/06/18,284,296,312,330,344,350,344,326,299,268,241,223,218,228,251,278,305,329,343,346,338,324,308,295
GS11,96/06/19,290,295,307,324,340,351,350,337,314,286,256,234,222,222,236,260,287,312,330,338,334,324,308,293
GS11,96/06/20,283,283,291,305,321,335,342,336,320,298,271,246,228,222,230,248,274,301,323,335,337,330,318,302
GS11,96/06/21,290,283,286,297,310,325,335,336,327,310,288,263,243,231,231,243,263,287,311,327,334,331,320,306
GS11,96/06/22,292,282,279,283,293,306,317,324,321,311,294,274,256,241,236,240,254,273,294,313,325,327,320,308
GS11,96/06/23,295,283,275,272,277,286,296,306,309,307,297,283,267,254,245,243,250,263,282,301,315,322,320,313
GS11,96/06/24,301,287,276,267,266,270,278,288,295,299,297,290,281,269,258,253,253,260,273,289,304,317,323,321
GS11,96/06/25,314,303,290,278,270,269,271,278,286,294,300,301,299,293,284,276,271,270,275,286,299,311,320,324
GS11,96/06/26,321,313,300,284,270,260,254,255,261,271,281,292,299,301,297,291,284,277,275,280,287,300,311,319
GS11,96/06/27,323,320,309,293,275,258,244,237,238,245,260,276,293,304,310,310,303,293,285,282,284,293,306,319
GS11,96/06/28,328,331,327,315,296,274,252,236,228,230,243,263,286,308,324,331,328,320,308,298,291,293,301,315
GS11,96/06/29,329,341,344,338,321,297,269,243,223,214,220,236,262,292,316,334,341,336,324,308,293,286,287,297
GS11,96/06/30,313,329,342,346,338,318,289,258,228,209,205,214,237,267,300,329,346,352,346,331,314,299,291,295
GS11,96/07/01,307,325,342,353,353,341,316,282,246,216,199,197,212,238,271,306,333,347,347,336,317,299,285,279
GS11,96/07/02,285,302,322,341,352,349,333,304,267,230,201,187,190,208,238,273,307,332,343,340,326,307,287,274
GS11,96/07/03,272,283,302,322,340,348,343,323,291,256,221,198,190,197,219,251,285,316,336,342,335,320,300,282
GS11,96/07/04,273,274,285,304,326,342,348,340,318,288,255,225,207,203,215,239,270,302,326,340,341,330,312,291
GS11,96/07/05,276,268,273,286,306,325,340,342,331,311,285,257,235,224,227,240,264,293,321,340,349,347,334,314
GS11,96/07/06,295,281,274,278,291,308,324,334,333,324,304,281,259,243,236,242,257,277,300,322,334,337,330,315
GS11,96/07/07,296,278,265,260,265,278,294,309,317,316,309,294,277,260,251,248,255,268,287,308,324,332,332,322
GS11,96/07/08,308,291,273,260,254,259,270,284,298,307,309,304,295,284,273,265,265,272,285,301,316,329,337,335
GS11,96/07/09,324,310,291,273,261,256,258,266,278,291,300,306,306,303,296,290,284,284,289,298,309,323,333,338
GS11,96/07/10,336,328,314,297,281,269,262,263,269,282,296,309,321,327,329,326,321,316,314,318,328,340,354,364
GS11,96/07/11,369,366,356,341,321,300,283,271,268,275,290,308,324,337,345,345,339,330,321,314,314,320,328,338
GS11,96/07/12,347,352,350,340,322,298,274,254,243,243,254,272,294,316,332,340,339,333,322,311,304,304,308,320
GS11,96/07/13,331,341,346,343,331,310,284,257,236,227,230,244,266,291,315,330,337,333,322,308,297,290,291,298
GS11,96/07/14,311,325,336,339,335,319,296,268,242,224,218,225,243,269,296,319,333,336,332,320,306,294,288,291
GS11,96/07/15,300,316,330,339,341,333,313,286,256,232,217,217,229,252,279,306,326,335,333,324,309,295,284,283
GS11,96/07/16,290,305,321,335,343,339,325,301,272,245,224,217,223,241,268,296,321,337,341,336,323,307,292,286
GS11,96/07/17,288,299,313,329,340,343,335,316,290,261,238,224,222,236,257,284,310,329,339,336,325,310,294,283
GS11,96/07/18,281,290,303,319,333,339,337,323,300,274,249,230,224,230,248,273,299,322,336,339,331,317,300,286
GS11,96/07/19,279,282,293,307,323,335,339,332,315,292,266,246,236,237,249,270,295,317,335,341,337,325,309,293
GS11,96/07/20,283,281,286,298,313,328,336,334,324,305,282,261,246,241,248,265,287,309,328,338,339,331,317,301
GS11,96/07/21,287,280,280,289,303,318,330,334,329,315,298,278,261,252,251,262,283,305,325,338,341,335,323,307
GS11,96/07/22,290,278,272,274,284,298,312,322,323,316,305,290,275,264,258,262,274,293,312,327,336,337,328,313
GS11,96/07/23,298,284,274,270,273,282,295,309,316,317,312,303,291,281,274,273,279,292,308,324,336,341,337,325
GS11,96/07/24,310,294,280,269,265,268,275,286,297,306,308,307,302,294,287,281,281,284,294,305,317,327,331,329
GS11,96/07/25,318,304,288,272,260,253,254,259,268,279,290,296,301,303,299,294,289,288,290,297,306,316,323,324
GS11,96/07/26,320,312,298,280,262,249,240,239,244,255,270,285,297,306,309,308,303,296,292,291,295,304,312,319
GS11,96/07/27,322,320,311,295,276,256,238,227,222,227,241,261,281,301,314,319,316,309,300,293,290,292,299,310
GS11,96/07/28,320,326,325,315,297,274,248,226,211,207,215,234,259,286,309,323,328,324,313,299,287,282,286,297
GS11,96/07/29,312,327,336,335,324,303,274,244,219,203,201,212,237,268,298,324,339,340,330,313,295,282,278,286
GS11,96/07/30,9999,9999,9999,9999,9999,9999,9999,9999,9999,9999,9999,9999,9999,9999,9999,9999,9999,9999,9999,9999,9999,9999,9999,9999
GS11,96/07/31,9999,9999,9999,9999,9999,9999,9999,9999,9999,9999,9999,192,198,219,251,286,317,338,344,334,316,292,270,258
GS11,96/08/01,259,272,294,318,337,347,341,322,290,256,224,203,197,208,231,263,297,325,341,340,327,305,280,259
GS11,96/08/02,250,257,273,297,321,339,345,337,315,285,254,227,213,214,228,255,285,316,336,344,338,320,295,271
GS11,96/08/03,255,251,259,278,305,327,341,342,331,310,282,255,236,229,236,257,283,310,332,344,343,330,310,286
GS11,96/08/04,264,251,251,262,283,309,328,338,336,324,305,283,263,252,251,263,283,309,332,347,353,348,331,310
GS11,96/08/05,287,269,258,258,268,285,305,321,328,328,318,304,288,275,269,271,282,299,319,338,347,347,337,321
GS11,96/08/06,300,281,264,256,257,266,282,299,311,317,316,310,301,292,284,282,288,298,315,330,339,344,340,330
GS11,96/08/07,315,299,282,267,260,260,268,279,290,300,306,306,305,301,296,293,294,298,305,317,328,334,336,332
GS11,96/08/08,323,311,296,280,268,261,261,266,275,285,295,303,308,310,310,307,306,305,307,311,319,328,333,336
GS11,96/08/09,333,326,314,299,284,270,260,258,260,268,280,293,306,315,321,322,320,316,310,308,310,314,322,329
GS11,96/08/10,334,335,329,318,301,283,265,251,246,249,260,275,294,311,323,329,328,322,313,306,301,302,306,315
GS11,96/08/11,326,334,338,334,320,300,279,258,244,240,245,259,279,301,319,331,335,331,322,311,301,296,297,305
GS11,96/08/12,318,331,342,344,336,319,297,271,248,235,234,244,264,288,312,329,340,339,331,317,302,291,287,293
GS11,96/08/13,305,320,336,345,344,333,312,285,258,237,227,231,248,272,300,324,338,341,334,321,305,289,280,280
GS11,96/08/14,290,307,325,339,345,339,323,298,269,243,227,225,235,258,286,313,334,343,341,328,310,292,279,275
GS11,96/08/15,281,298,319,337,351,355,345,324,296,267,244,232,235,250,275,302,326,341,344,334,317,296,277,267
GS11,96/08/16,267,278,296,317,334,344,342,327,303,275,248,232,229,239,261,290,316,336,343,338,323,302,282,267
GS11,96/08/17,261,268,284,306,328,343,347,337,315,289,261,241,233,238,258,285,311,333,344,342,329,308,283,264
GS11,96/08/18,254,257,271,293,317,335,343,339,323,301,276,254,241,242,259,283,308,330,343,345,336,316,292,270
GS11,96/08/19,254,250,257,275,297,319,334,337,328,313,290,268,252,246,252,269,297,320,338,346,340,325,303,280
GS11,96/08/20,261,249,250,260,280,301,319,327,327,318,304,285,270,261,262,275,295,314,331,341,342,332,316,295
GS11,96/08/21,274,258,251,255,268,283,299,312,319,320,312,300,288,278,273,278,292,308,325,337,342,338,325,307
GS11,96/08/22,288,270,256,250,252,265,280,294,305,311,312,309,302,294,287,285,288,297,311,326,334,336,331,320
GS11,96/08/23,305,288,272,258,250,252,261,273,285,297,305,310,312,310,307,303,301,301,307,316,325,334,336,333
GS11,96/08/24,325,313,297,280,265,254,250,251,259,273,288,303,312,317,318,315,310,305,302,305,312,321,328,333
GS11,96/08/25,333,327,317,300,281,263,250,246,246,253,267,284,304,319,328,331,327,320,312,307,308,312,318,327
GS11,96/08/26,335,339,336,325,307,283,260,242,230,229,239,258,283,307,327,338,339,330,316,299,289,287,294,307
GS11,96/08/27,323,337,346,346,333,309,280,251,228,215,218,234,259,289,317,337,347,342,327,307,288,274,273,284
GS11,96/08/28,303,326,345,355,353,338,312,278,246,223,214,221,243,273,305,332,349,354,344,324,300,279,266,268
GS11,96/08/29,284,308,336,357,367,363,344,314,278,246,224,220,232,257,290,321,347,358,354,336,310,283,261,251
GS11,96/08/30,257,277,304,333,355,364,358,335,301,266,237,223,225,243,272,304,333,352,357,345,323,293,264,245
GS11,96/08/31,242,254,280,311,338,356,359,349,325,295,265,244,237,246,269,297,326,349,361,356,339,310,281,256
GS11,96/09/01,243,245,263,289,318,343,358,361,346,321,294,270,258,258,273,296,324,349,365,369,358,335,305,277
GS11,96/09/02,256,247,255,274,300,326,346,354,350,336,316,294,278,271,276,291,314,336,355,364,361,345,320,292
GS11,96/09/03,268,251,248,256,273,294,316,332,337,333,320,305,292,282,281,290,303,321,338,352,355,346,329,307
GS11,96/09/04,284,264,252,251,259,274,293,309,319,321,317,308,297,289,286,288,297,309,322,333,339,337,327,312
GS11,96/09/05,294,275,260,253,254,262,275,287,297,304,308,308,305,300,297,297,300,306,315,322,327,328,324,318
GS11,96/09/06,309,297,283,270,261,257,260,267,275,285,296,304,309,310,311,308,305,306,306,309,314,317,320,320
GS11,96/09/07,318,312,302,288,275,263,258,258,264,273,285,296,308,317,322,322,318,311,306,303,304,308,313,319
GS11,96/09/08,323,325,320,309,292,275,261,253,251,257,267,283,299,313,323,327,323,314,303,293,290,291,295,304
GS11,96/09/09,313,320,324,321,309,291,272,256,246,245,252,268,288,309,328,338,338,329,314,300,290,285,289,297
GS11,96/09/10,311,325,334,337,331,315,293,271,253,245,248,261,281,304,325,337,343,339,326,309,293,282,280,287
GS11,96/09/11,303,319,334,341,338,326,305,280,257,241,238,247,267,291,315,334,341,339,326,308,289,274,266,268
GS11,96/09/12,283,302,323,338,342,335,318,294,268,247,237,239,253,278,306,327,341,341,329,311,292,273,258,256
GS11,96/09/13,268,289,315,335,346,344,330,308,282,258,242,237,245,266,295,322,342,346,338,319,298,276,260,253
GS11,96/09/14,261,279,304,330,348,354,347,329,303,276,256,250,260,279,302,328,349,358,353,337,314,289,269,257
GS11,96/09/15,259,273,296,323,344,358,358,346,325,299,275,259,256,266,287,312,335,349,350,338,317,289,263,247
GS11,96/09/16,242,251,270,296,322,341,348,343,327,304,279,260,251,256,275,301,328,345,352,346,329,304,275,252
GS11,96/09/17,238,238,251,273,298,323,339,343,337,320,299,277,263,259,269,287,311,334,351,353,341,319,293,265
GS11,96/09/18,245,235,239,253,275,301,323,336,337,328,313,296,280,273,275,286,304,323,340,350,345,329,306,283
GS11,96/09/19,260,246,241,247,262,283,306,324,331,331,324,313,300,290,287,293,305,323,338,347,348,339,325,304
GS11,96/09/20,283,264,252,248,255,267,284,301,314,323,326,323,316,308,301,300,305,313,323,334,340,338,331,317
GS11,96/09/21,301,282,267,254,250,253,263,278,294,305,317,322,324,322,316,311,307,309,315,322,329,334,334,329
GS11,96/09/22,322,309,294,280,269,265,266,273,287,304,326,347,366,386,417,412,381,349,337,331,329,333,337,338
GS11,96/09/23,338,9999,9999,9999,9999,9999,9999,9999,9999,9999,9999,9999,9999,9999,9999,9999,9999,9999,9999,9999,9999,9999,9999,9999
GS11,96/09/24,9999,9999,9999,9999,9999,9999,9999,9999,9999,9999,265,284,304,323,336,341,337,324,308,293,283,280,287,301
GS11,96/09/25,318,333,341,340,329,310,285,261,247,241,245,259,280,305,327,341,342,333,313,291,271,260,260,273
GS11,96/09/26,296,321,342,354,353,338,313,283,255,237,233,242,264,293,321,342,352,348,331,304,276,253,243,247
GS11,96/09/27,264,292,321,345,355,350,331,303,273,248,234,236,252,278,312,340,356,356,339,313,281,252,232,229
GS11,96/09/28,243,270,303,330,350,355,347,326,298,271,251,245,254,274,301,329,349,358,350,329,298,266,240,228
GS11,96/09/29,231,249,276,308,334,351,354,343,323,297,271,257,257,270,293,320,343,357,356,341,314,283,254,232
GS11,96/09/30,227,237,260,289,319,340,351,349,336,314,291,273,266,274,292,318,342,358,363,356,337,312,283,257
GS11,96/10/01,242,241,253,275,302,327,346,353,349,335,317,299,288,286,296,316,336,353,361,358,345,322,296,270
GS11,96/10/02,251,244,250,266,287,309,328,339,341,335,322,309,298,293,297,309,324,338,348,350,344,330,311,290
GS11,96/10/03,270,258,255,259,271,288,303,317,324,325,319,312,305,301,301,307,316,327,336,341,340,332,320,304
GS11,96/10/04,287,275,266,264,268,279,292,306,316,322,323,320,316,313,311,314,317,321,325,330,330,328,322,312
GS11,96/10/05,300,287,275,267,264,267,275,287,299,309,316,318,317,314,311,310,308,306,307,310,315,319,320,317
GS11,96/10/06,311,301,290,279,270,266,267,272,281,292,304,314,319,321,320,318,313,309,306,305,307,311,316,319
GS11,96/10/07,320,318,311,300,288,277,270,268,273,282,296,309,321,329,330,327,319,308,298,291,289,292,296,304
GS11,96/10/08,311,315,313,306,294,280,267,263,9999,9999,9999,9999,9999,9999,9999,9999,9999,9999,9999,9999,9999,9999,9999,9999
GS11,96/10/09,9999,9999,9999,9999,9999,9999,9999,9999,9999,9999,9999,9999,9999,9999,9999,9999,9999,9999,309,285,271,266,271,283
GS11,96/10/10,300,316,329,333,327,313,292,270,254,248,253,269,292,315,332,341,338,324,303,281,261,250,252,263
GS11,96/10/11,282,304,323,336,337,328,308,283,260,245,243,255,275,301,324,340,343,332,310,283,258,240,233,240
GS11,96/10/12,259,287,313,333,341,336,319,295,270,250,242,248,265,289,316,337,346,341,322,295,265,240,227,228
GS11,96/10/13,244,271,301,328,346,349,340,319,292,267,252,249,260,283,311,338,354,354,340,314,283,253,231,224
GS11,96/10/14,232,254,284,315,340,354,353,339,316,291,272,261,267,286,311,340,361,366,358,337,307,274,247,231
GS11,96/10/15,230,247,274,306,337,357,364,357,340,318,296,281,277,286,305,330,352,365,365,351,325,293,263,240
GS11,96/10/16,230,234,251,278,307,333,348,351,343,328,308,289,280,281,292,313,335,351,357,350,331,304,273,246
GS11,96/10/17,228,223,232,251,276,300,321,332,334,326,314,300,288,283,288,301,319,334,343,342,331,312,287,261
GS11,96/10/18,241,229,227,238,257,281,302,318,326,326,321,311,300,292,291,298,310,323,334,339,335,324,307,285
GS11,96/10/19,265,250,242,243,253,269,287,304,318,326,329,326,319,311,306,306,311,319,327,335,338,334,324,308
GS11,96/10/20,289,272,258,250,250,257,269,284,301,314,323,327,326,321,313,307,304,304,307,311,315,319,318,312
GS11,96/10/21,302,289,275,262,254,251,253,261,273,288,302,312,319,320,317,309,300,292,289,290,295,300,307,311
GS11,96/10/22,311,305,295,282,267,255,249,249,256,269,285,301,314,322,324,318,305,291,278,272,273,279,290,301
GS11,96/10/23,312,317,314,304,288,270,255,247,247,255,269,288,308,323,330,327,315,296,277,261,253,254,264,281
GS11,96/10/24,301,318,327,325,314,295,276,259,250,249,259,278,301,322,337,341,332,312,288,264,246,238,245,263
GS11,96/10/25,287,313,332,342,338,324,304,282,264,257,260,275,298,323,343,354,352,335,309,279,252,234,232,245
GS11,96/10/26,270,302,333,351,358,350,332,309,287,269,263,270,290,318,343,361,364,351,325,293,261,234,219,220
GS11,96/10/27,238,268,302,330,346,349,338,319,295,274,261,260,273,296,322,343,354,348,330,300,265,234,213,205
GS11,96/10/28,217,242,275,308,333,346,344,328,307,284,268,262,269,287,311,335,351,353,342,319,288,255,226,210
GS11,96/10/29,209,227,257,290,319,340,347,341,327,306,287,273,271,281,300,324,343,352,348,332,306,273,241,218
GS11,96/10/30,207,214,232,259,290,315,331,334,327,313,295,280,273,277,290,308,326,338,343,335,316,290,260,233
GS11,96/10/31,217,214,224,245,272,299,319,328,328,318,304,289,279,276,283,296,311,325,333,332,322,301,277,252
GS11,96/11/01,232,222,226,238,261,287,308,326,333,330,323,313,306,303,305,312,322,332,341,343,337,324,306,286
GS11,96/11/02,267,254,250,254,267,284,302,317,327,330,327,321,313,305,301,303,309,316,324,328,326,320,308,293
GS11,96/11/03,277,263,253,250,256,267,280,294,306,313,315,313,308,302,297,295,296,298,302,306,308,306,300,291
GS11,96/11/04,280,268,259,252,251,255,264,274,286,297,305,309,311,308,303,298,292,289,289,290,295,298,301,302
GS11,96/11/05,299,292,283,272,265,260,260,265,276,291,304,315,320,321,316,309,300,289,283,281,283,289,299,309
GS11,96/11/06,314,315,309,299,288,279,272,269,275,286,303,318,331,336,335,326,311,294,277,266,261,265,276,289
GS11,96/11/07,302,311,313,308,297,284,270,262,261,267,282,299,318,331,336,332,318,299,278,260,251,252,263,280
GS11,96/11/08,299,317,328,328,321,305,287,271,263,264,274,293,313,331,341,341,329,307,282,258,241,235,242,258
GS11,96/11/09,282,307,326,336,335,324,305,285,269,262,267,281,303,326,345,353,347,327,300,270,244,230,228,240
GS11,96/11/10,262,291,318,337,345,340,322,300,279,263,260,269,286,309,331,344,343,330,305,274,244,221,212,217
GS11,96/11/11,236,265,295,322,340,343,334,315,293,273,262,263,277,302,328,348,355,348,327,296,262,233,216,213
GS11,96/11/12,225,251,283,315,340,353,353,342,321,303,285,277,284,300,324,346,360,362,349,322,288,255,229,215
GS11,96/11/13,217,236,268,303,336,357,365,362,349,331,312,301,299,310,329,349,366,370,361,342,313,279,246,223
GS11,96/11/14,213,219,240,269,300,327,345,350,344,329,311,296,287,290,301,321,340,353,355,343,320,291,260,233
GS11,96/11/15,216,214,224,247,274,301,322,334,336,329,314,300,289,285,292,305,321,335,342,340,327,305,280,253
GS11,96/11/16,231,219,220,229,249,273,296,314,324,324,318,309,298,290,289,295,305,316,326,328,323,310,290,266
GS11,96/11/17,245,229,221,224,235,254,274,294,309,317,318,314,305,297,290,289,292,300,307,315,317,315,305,290
GS11,96/11/18,273,256,244,239,240,248,263,280,296,311,319,321,316,308,299,291,287,285,287,293,300,305,307,303
GS11,96/11/19,294,281,266,255,250,253,260,271,284,298,309,314,316,313,303,292,281,273,268,269,275,282,290,294
GS11,96/11/20,294,288,279,268,257,251,250,255,266,280,293,306,314,317,311,301,286,271,261,257,259,268,280,293
GS11,96/11/21,304,309,308,302,290,279,270,266,270,279,293,309,323,331,330,321,304,284,263,248,242,245,257,276
GS11,96/11/22,294,309,318,317,310,297,282,271,267,271,284,301,319,333,339,336,320,296,270,247,233,231,239,256
GS11,96/11/23,278,301,317,325,323,312,296,281,271,269,275,291,311,330,343,344,333,311,280,250,228,215,218,232
GS11,96/11/24,256,284,309,325,330,324,313,296,281,271,272,283,301,321,336,345,341,324,297,263,235,214,208,217
GS11,96/11/25,237,265,297,321,334,336,327,311,291,278,270,275,288,309,330,345,347,337,313,281,247,219,202,200
GS11,96/11/26,213,238,270,301,326,336,335,323,306,288,276,274,282,299,320,338,347,344,326,299,266,233,210,200
GS11,96/11/27,206,226,256,289,318,336,343,338,324,307,291,281,285,298,318,341,356,360,351,329,299,266,237,220
GS11,96/11/28,215,226,248,278,308,332,344,345,336,321,304,290,285,291,304,322,339,349,348,335,311,281,251,228
GS11,96/11/29,215,216,232,255,284,310,329,340,337,327,312,298,291,292,301,316,332,344,349,343,327,304,277,253
GS11,96/11/30,236,230,238,255,279,303,324,338,340,335,324,310,299,296,300,311,324,335,342,341,331,313,292,270
GS11,96/12/01,252,242,242,252,269,291,313,330,338,339,331,320,307,299,296,299,305,314,322,326,323,314,300,281
GS11,96/12/02,263,251,245,248,259,276,296,314,327,332,329,321,309,298,289,286,288,294,301,306,308,306,299,287
GS11,96/12/03,275,263,254,251,253,263,276,291,304,312,315,313,307,299,291,285,282,282,285,290,294,297,296,292
GS11,96/12/04,285,277,267,260,257,260,269,281,295,306,314,317,315,308,300,291,280,276,274,277,281,287,293,299
GS11,96/12/05,300,297,292,285,280,277,278,289,300,312,324,333,336,333,327,318,304,290,281,278,278,283,294,303
GS11,96/12/06,311,314,312,305,295,286,280,278,281,292,303,313,321,324,320,310,294,276,260,249,245,250,263,277
GS11,96/12/07,294,308,314,313,306,295,285,279,279,287,299,315,328,336,338,330,314,291,269,249,239,239,249,267
GS11,96/12/08,288,307,321,325,322,311,298,285,278,278,288,303,319,334,341,337,323,300,273,247,230,222,227,243
GS11,96/12/09,266,293,315,328,332,325,311,295,281,275,278,290,306,325,339,343,334,314,285,254,227,209,206,216
GS11,96/12/10,240,269,298,322,334,335,327,312,294,281,277,283,298,319,338,350,349,334,306,273,240,214,202,205
GS11,96/12/11,222,250,284,314,337,348,346,334,316,298,286,284,293,310,332,349,357,349,328,296,261,228,205,196
GS11,96/12/12,203,224,255,288,317,337,345,340,326,307,290,281,284,296,315,336,351,354,343,319,286,250,220,201
GS11,96/12/13,197,209,233,265,298,325,342,347,339,324,305,290,284,290,304,323,342,354,352,337,312,279,246,220
GS11,96/12/14,208,209,225,250,280,309,332,344,344,335,318,301,289,286,293,308,325,340,348,345,329,302,272,242
GS11,96/12/15,220,212,216,231,254,281,306,324,332,330,319,303,288,278,278,287,300,316,328,332,327,311,289,263
GS11,96/12/16,240,224,219,226,240,262,286,308,322,327,323,311,296,283,274,274,280,291,303,310,314,310,299,283
GS11,96/12/17,263,246,236,234,240,254,274,294,312,323,326,320,309,295,283,275,274,278,286,297,306,313,314,309
GS11,96/12/18,298,287,275,267,265,270,281,295,310,322,328,328,322,311,296,283,272,267,267,273,282,292,299,303
GS11,96/12/19,302,297,288,280,273,273,277,288,301,317,328,335,334,328,316,300,283,270,262,261,267,277,289,299
GS11,96/12/20,307,310,307,298,290,283,281,283,291,302,313,324,329,329,323,309,290,271,255,246,246,253,266,282
GS11,96/12/21,298,309,315,313,307,298,290,286,288,296,307,319,331,337,336,326,309,286,262,244,234,234,244,261
GS11,96/12/22,281,300,314,321,319,313,303,294,289,292,300,311,327,339,346,344,333,311,285,258,240,231,235,250
GS11,96/12/23,273,299,321,338,342,338,330,315,304,298,298,304,317,330,342,346,339,321,294,264,238,219,214,221
GS11,96/12/24,239,265,294,317,332,337,330,318,303,293,289,292,303,319,335,346,347,335,311,281,250,225,212,212
GS11,96/12/25,227,251,281,310,332,342,342,333,318,304,293,290,295,310,327,342,350,346,329,303,273,243,221,213
GS11,96/12/26,219,238,265,295,321,339,345,340,326,310,295,287,289,300,316,333,346,349,339,317,289,257,230,213
GS11,96/12/27,212,222,245,273,301,324,337,338,329,316,299,287,283,291,305,323,339,348,345,330,308,278,250,229
GS11,96/12/28,220,225,241,267,296,323,341,348,344,332,317,301,293,294,304,319,334,345,346,337,320,296,269,244
GS11,96/12/29,228,225,234,255,281,307,328,339,340,332,319,302,290,286,290,301,314,326,332,331,322,304,281,258
GS11,96/12/30,240,230,234,246,267,291,313,328,335,332,321,306,291,282,280,286,296,307,317,320,317,307,290,270
GS11,96/12/31,253,240,237,243,258,279,300,317,327,328,320,308,295,282,276,275,282,292,301,309,313,310,301,287
