GS11,13/01/01,224,225,236,260,288,314,336,343,341,328,311,295,283,280,288,303,320,335,343,338,324,301,272,247
GS11,13/01/02,229,222,228,246,270,297,320,334,337,329,313,295,279,271,270,280,294,309,321,325,320,306,285,262
GS11,13/01/03,242,230,230,240,259,282,307,325,333,331,319,303,286,273,269,272,282,297,310,320,323,318,306,289
GS11,13/01/04,270,255,249,250,262,281,303,322,336,339,333,318,301,285,274,272,275,284,296,308,317,321,315,305
GS11,13/01/05,291,278,267,263,268,279,296,315,331,340,340,330,315,297,282,272,266,269,276,286,298,308,313,313
GS11,13/01/06,308,300,292,285,284,288,299,312,328,339,345,342,333,319,303,287,274,266,262,266,275,285,298,307
GS11,13/01/07,312,313,310,304,299,297,299,305,315,324,334,337,335,326,312,295,276,258,248,241,244,255,270,287
GS11,13/01/08,303,314,319,319,315,309,304,304,308,315,327,334,339,338,331,316,295,271,250,232,227,230,242,262
GS11,13/01/09,285,306,322,330,331,325,318,309,306,309,9999,9999,9999,9999,347,338,320,294,266,241,224,217,222,239
GS11,13/01/10,263,292,318,336,343,342,333,320,310,305,306,315,328,342,353,353,342,318,286,254,226,207,201,210
GS11,13/01/11,231,260,292,318,335,341,337,323,306,294,287,289,301,319,337,347,345,331,305,271,236,209,193,191
GS11,13/01/12,204,231,264,297,324,338,341,332,315,298,285,281,289,305,326,343,352,348,330,301,264,230,203,190
GS11,13/01/13,193,212,242,275,307,332,341,340,327,308,289,277,277,287,308,331,347,353,344,324,292,257,227,209
GS11,13/01/14,204,215,237,269,303,331,350,357,348,333,314,298,291,297,315,338,359,372,374,364,345,313,282,256
GS11,13/01/15,242,243,256,279,307,335,355,363,359,344,323,302,286,282,289,303,324,341,351,351,338,317,289,264
GS11,13/01/16,246,240,246,263,286,312,335,349,351,343,325,305,284,273,273,284,300,317,332,339,336,326,308,289
GS11,13/01/17,272,262,263,272,288,310,331,345,350,346,332,313,294,280,273,276,286,300,313,322,326,324,314,299
GS11,13/01/18,284,274,271,275,285,302,320,336,345,346,337,323,306,289,278,273,275,282,293,304,311,314,311,303
GS11,13/01/19,294,286,282,282,287,298,312,325,334,339,335,325,311,296,281,272,269,269,274,281,289,295,298,297
GS11,13/01/20,295,291,288,286,287,293,301,310,320,324,326,321,313,300,286,273,262,255,252,254,259,266,274,280
GS11,13/01/21,285,288,289,288,290,290,294,298,305,311,315,316,313,305,296,283,269,256,248,243,244,251,262,275
GS11,13/01/22,287,297,303,306,306,306,307,308,311,318,325,331,334,330,325,314,297,281,263,250,245,248,256,270
GS11,13/01/23,286,302,313,318,319,317,314,310,308,310,315,322,329,334,335,327,313,294,273,253,242,238,243,257
GS11,13/01/24,276,298,316,327,332,330,323,316,308,306,309,316,325,335,341,341,331,312,288,264,244,235,235,245
GS11,13/01/25,266,290,314,332,341,342,336,325,315,307,306,310,320,333,343,348,344,327,303,276,250,232,225,231
GS11,13/01/26,248,273,301,324,339,345,341,331,316,304,297,299,308,322,338,350,352,343,321,293,263,237,221,220
GS11,13/01/27,232,255,285,312,332,342,341,330,313,296,284,281,288,303,322,340,351,348,334,309,277,248,226,218
GS11,13/01/28,223,243,271,300,326,342,346,339,322,302,285,276,277,289,308,330,347,354,347,327,297,266,238,221
GS11,13/01/29,218,231,254,284,313,335,344,341,327,305,285,269,263,268,284,306,326,340,342,331,309,280,250,228
GS11,13/01/30,217,222,240,268,299,325,341,343,332,313,290,269,257,256,268,289,312,331,339,337,322,297,267,242
GS11,13/01/31,224,221,231,253,281,308,329,337,331,315,293,269,252,245,250,265,286,308,322,326,321,303,280,256
GS11,13/02/01,237,229,233,249,273,299,321,335,335,324,304,280,259,245,243,250,268,289,307,319,323,316,302,283
GS11,13/02/02,266,257,254,261,278,301,322,338,344,340,325,305,283,265,257,256,264,278,293,306,315,317,312,303
GS11,13/02/03,288,278,272,271,279,292,308,323,332,333,326,312,293,275,259,249,248,253,262,275,289,300,305,307
GS11,13/02/04,303,299,292,288,290,296,308,321,330,338,338,331,319,303,287,273,264,260,262,269,279,290,301,308
GS11,13/02/05,312,313,310,305,302,301,305,312,320,326,331,329,323,312,296,280,263,249,240,238,243,252,268,285
GS11,13/02/06,300,311,318,320,318,314,314,316,321,329,338,344,345,341,332,315,294,273,253,240,235,240,251,271
GS11,13/02/07,293,312,327,335,336,332,325,320,316,319,325,333,343,348,348,339,322,299,274,253,239,234,241,256
GS11,13/02/08,280,306,329,343,348,346,336,323,311,306,306,314,327,338,348,348,338,316,288,258,233,219,214,223
GS11,13/02/09,243,272,300,324,337,340,333,318,300,287,282,287,300,318,335,345,345,331,305,273,241,216,204,205
GS11,13/02/10,219,245,277,306,328,338,334,321,301,282,271,269,280,300,323,342,352,348,331,302,269,239,218,210
GS11,13/02/11,217,238,268,299,326,341,344,332,310,286,267,258,261,277,300,324,342,348,339,317,287,253,226,210
GS11,13/02/12,210,223,247,277,305,326,334,329,310,285,262,247,242,253,273,300,325,339,343,332,309,281,253,233
GS11,13/02/13,227,236,258,287,316,339,352,352,338,314,288,264,252,252,265,287,311,330,341,338,323,299,273,251
GS11,13/02/14,238,238,250,271,295,319,336,341,331,311,286,262,245,239,246,263,286,308,326,330,323,306,286,265
GS11,13/02/15,252,247,254,270,293,317,337,345,342,327,306,283,263,251,249,259,276,295,314,325,327,320,307,289
GS11,13/02/16,275,267,269,278,294,313,331,343,344,334,318,296,274,257,248,249,257,271,288,302,309,309,302,291
GS11,13/02/17,279,271,269,272,282,297,311,322,327,324,313,297,279,262,249,242,245,253,263,276,288,294,295,293
GS11,13/02/18,288,283,281,282,288,297,308,318,324,325,322,313,300,286,274,265,260,259,263,270,280,289,296,300
GS11,13/02/19,300,299,298,298,299,303,308,315,323,325,325,320,312,299,286,273,263,255,252,255,261,271,281,290
GS11,13/02/20,297,302,303,303,301,302,303,305,309,313,317,319,318,314,305,293,279,265,256,251,251,257,266,280
GS11,13/02/21,292,304,310,313,312,308,304,302,302,303,308,314,319,321,318,308,293,274,257,244,237,238,246,261
GS11,13/02/22,279,295,308,315,316,312,305,297,291,290,293,301,312,321,327,324,313,294,272,252,236,230,235,248
GS11,13/02/23,267,289,309,322,326,321,311,298,286,279,279,286,299,314,326,331,327,311,287,261,239,226,224,234
GS11,13/02/24,253,279,304,324,335,335,325,309,291,277,271,275,287,304,322,335,339,329,307,278,248,224,213,215
GS11,13/02/25,230,256,284,310,326,330,324,307,286,267,256,257,268,288,310,330,340,338,319,291,260,230,212,208
GS11,13/02/26,217,240,270,300,323,334,332,316,9999,9999,9999,9999,9999,9999,290,317,336,344,335,313,283,251,226,213
GS11,13/02/27,217,235,265,298,326,343,345,332,311,284,260,246,244,258,283,311,337,351,352,338,313,282,253,233
GS11,13/02/28,227,237,260,289,318,340,348,340,319,292,262,240,231,236,254,281,309,331,342,337,320,294,265,243
GS11,13/03/01,231,234,252,279,307,331,343,343,327,302,273,247,231,229,242,265,295,321,339,346,341,326,303,280
GS11,13/03/02,264,260,268,286,309,331,347,350,340,319,291,262,241,229,232,246,268,291,312,324,326,318,302,283
GS11,13/03/03,267,259,262,273,293,314,333,342,341,327,304,277,253,236,230,235,249,270,290,307,317,317,312,301
GS11,13/03/04,289,280,279,284,296,314,331,343,347,340,324,304,280,259,247,244,250,263,279,295,308,315,318,316
GS11,13/03/05,310,302,298,298,302,311,323,334,341,339,332,318,301,281,264,253,248,249,256,266,280,293,303,311
GS11,13/03/06,314,314,313,311,311,315,320,327,332,336,336,330,321,308,292,277,265,255,250,250,257,269,283,297
GS11,13/03/07,309,318,322,321,318,314,313,313,317,322,327,331,331,326,315,300,282,265,251,242,241,247,259,278
GS11,13/03/08,297,314,326,330,328,321,313,305,301,302,309,319,328,335,335,328,314,293,270,252,240,237,244,261
GS11,13/03/09,283,307,325,337,338,329,313,297,285,280,284,294,310,325,335,337,327,308,283,257,237,226,227,238
GS11,13/03/10,260,288,313,332,339,336,322,303,285,272,271,280,298,320,339,351,350,337,312,283,255,235,227,232
GS11,13/03/11,249,275,303,326,338,339,326,304,279,258,247,250,265,288,313,334,344,340,322,295,264,237,222,220
GS11,13/03/12,232,257,287,315,336,342,334,314,286,259,240,235,244,264,292,321,341,348,339,318,288,258,237,228
GS11,13/03/13,234,252,279,308,332,344,341,325,298,269,245,231,231,246,271,303,330,346,347,336,314,286,262,249
GS11,13/03/14,246,258,279,303,327,341,344,332,308,278,247,225,218,226,246,275,305,328,338,334,318,293,270,251
GS11,13/03/15,242,247,262,284,309,330,339,335,317,289,260,235,221,220,233,256,285,311,328,333,327,310,291,272
GS11,13/03/16,259,257,267,283,305,326,340,341,330,309,283,257,238,229,234,251,274,299,319,330,330,320,305,287
GS11,13/03/17,274,269,273,285,302,320,334,338,332,317,295,270,248,234,230,239,255,277,297,313,319,318,309,300
GS11,13/03/18,288,282,281,288,300,314,328,336,334,324,309,288,268,252,243,244,251,265,283,299,310,314,314,309
GS11,13/03/19,302,295,294,295,301,311,320,328,328,321,309,294,276,259,246,239,241,248,258,270,281,290,295,295
GS11,13/03/20,293,291,288,288,290,296,304,312,316,316,313,305,294,282,268,260,256,256,261,271,283,295,306,313
GS11,13/03/21,315,316,313,307,302,302,303,305,307,310,310,308,303,295,285,274,264,256,252,254,261,271,283,294
GS11,13/03/22,303,311,314,313,310,306,302,299,300,303,307,312,316,316,310,301,288,273,260,256,257,266,279,294
GS11,13/03/23,309,322,329,330,325,317,305,297,292,292,299,308,318,323,324,318,305,288,270,255,248,250,261,278
GS11,13/03/24,298,317,328,333,330,319,306,293,282,280,286,299,315,329,338,338,329,310,288,266,250,245,249,265
GS11,13/03/25,288,311,330,340,340,331,315,297,278,269,269,281,298,318,338,347,343,330,306,280,257,242,239,249
GS11,13/03/26,268,295,318,335,339,331,312,288,263,246,240,247,265,290,315,335,342,335,315,288,259,237,226,230
GS11,13/03/27,248,274,303,328,339,336,320,295,265,241,226,226,240,266,296,326,342,344,332,307,279,252,235,231
GS11,13/03/28,243,266,295,323,341,345,333,310,279,248,227,217,226,246,278,312,338,352,351,336,312,285,262,250
GS11,13/03/29,253,270,295,323,344,355,351,332,302,268,240,222,219,232,257,289,321,344,354,350,332,308,283,264
GS11,13/03/30,259,267,287,312,336,353,355,343,316,283,250,224,211,216,232,260,293,323,343,348,341,324,301,281
GS11,13/03/31,270,271,285,308,333,354,363,360,342,313,279,249,228,221,228,249,277,304,328,343,346,337,320,301
GS11,13/04/01,287,281,284,297,316,335,347,349,339,317,289,259,233,218,214,222,239,263,285,305,316,319,313,303
GS11,13/04/02,292,285,285,291,303,320,332,340,337,327,308,284,261,241,231,231,240,254,273,293,310,320,324,324
GS11,13/04/03,320,317,315,316,321,331,343,353,357,356,348,332,313,292,273,261,257,261,269,283,298,310,321,327
GS11,13/04/04,329,328,324,321,320,321,327,333,339,340,339,334,322,308,292,276,263,255,253,257,267,280,294,306
GS11,13/04/05,316,321,320,314,305,298,294,292,294,299,305,310,311,307,297,284,270,256,247,243,246,256,273,292
GS11,13/04/06,311,323,331,329,321,310,299,291,289,293,303,316,327,333,334,328,314,298,283,274,273,282,302,324
GS11,13/04/07,344,357,368,367,361,347,328,311,299,297,305,319,336,351,360,360,351,332,309,287,273,264,268,282
GS11,13/04/08,302,324,341,349,346,332,311,287,267,258,260,272,294,318,337,349,347,334,312,287,267,253,252,263
GS11,13/04/09,283,309,330,344,345,334,314,289,264,246,241,248,267,294,320,341,348,344,329,305,282,264,256,260
GS11,13/04/10,275,298,322,340,349,344,326,299,270,245,233,235,250,278,309,338,357,362,353,334,311,289,275,273
GS11,13/04/11,286,307,329,350,361,360,347,321,290,260,238,230,238,260,292,324,348,360,358,345,325,301,283,274
GS11,13/04/12,279,294,316,337,353,359,351,331,303,271,246,231,232,248,275,306,334,352,357,351,334,313,292,278
GS11,13/04/13,276,285,302,323,341,350,348,333,309,280,251,231,222,227,247,274,303,328,341,343,333,316,298,284
GS11,13/04/14,278,282,295,314,333,348,352,344,325,300,272,248,235,233,245,267,293,318,337,346,344,334,320,307
GS11,13/04/15,299,298,305,320,336,349,355,351,337,315,288,264,246,237,240,253,274,297,318,331,335,331,321,309
GS11,13/04/16,300,295,297,304,316,328,338,340,333,318,298,275,257,243,239,244,257,275,296,312,324,327,323,316
GS11,13/04/17,309,302,300,302,309,318,327,333,330,323,310,293,276,261,251,249,255,267,282,299,313,321,323,322
GS11,13/04/18,316,311,307,305,307,312,318,324,327,326,320,311,298,284,272,265,263,267,276,290,305,318,326,330
GS11,13/04/19,331,328,322,318,314,313,314,316,320,321,321,316,309,299,287,275,267,264,266,272,285,297,309,317
GS11,13/04/20,322,322,317,310,302,295,291,290,292,296,301,306,305,302,294,283,272,262,256,257,263,276,291,306
GS11,13/04/21,318,324,324,319,311,300,291,286,286,290,298,307,315,319,317,308,295,281,268,260,259,266,279,295
GS11,13/04/22,312,323,327,323,315,299,284,271,263,263,272,285,299,310,317,316,306,289,271,254,246,247,256,273
GS11,13/04/23,293,311,321,322,313,297,276,256,241,235,240,254,274,294,311,319,316,304,284,263,247,241,245,260
GS11,13/04/24,281,303,321,329,325,310,287,261,240,226,226,238,260,288,313,331,339,333,317,297,276,262,260,271
GS11,13/04/25,292,315,336,349,348,335,312,282,250,227,217,222,241,270,301,328,346,349,340,321,297,275,262,263
GS11,13/04/26,278,300,326,345,354,348,329,300,266,234,214,211,223,249,284,318,346,360,361,347,324,300,281,273
GS11,13/04/27,278,295,318,341,356,358,344,318,284,247,218,203,203,220,248,282,315,338,350,346,331,310,287,272
GS11,13/04/28,269,279,298,321,341,350,346,328,298,261,228,203,192,197,216,246,279,308,328,335,331,318,299,281
GS11,13/04/29,271,272,283,301,320,336,341,332,312,282,248,220,199,194,203,223,252,282,307,324,331,327,315,299
GS11,13/04/30,286,281,284,297,314,331,342,342,330,309,281,252,227,212,209,219,239,263,288,309,322,327,323,315
GS11,13/05/01,304,295,292,297,307,322,334,341,339,329,310,287,263,243,232,231,240,255,275,296,313,325,327,323
GS11,13/05/02,316,306,299,295,297,304,313,321,326,323,314,300,283,265,251,242,241,247,259,276,293,308,318,320
GS11,13/05/03,319,313,304,295,289,287,291,298,304,309,310,307,298,285,272,259,250,248,251,259,273,288,302,312
GS11,13/05/04,317,316,309,298,287,279,275,276,280,288,296,302,303,300,292,280,269,259,254,254,262,275,289,303
GS11,13/05/05,314,319,316,306,292,276,264,257,256,262,273,285,295,301,302,296,286,273,262,255,256,264,276,291
GS11,13/05/06,306,316,320,315,302,284,266,252,245,247,257,274,290,306,316,317,311,299,284,271,265,268,276,290
GS11,13/05/07,306,320,329,328,318,299,276,254,239,233,239,254,276,297,314,323,323,314,299,283,271,266,269,281
GS11,13/05/08,298,316,328,333,327,310,286,259,237,223,223,235,257,284,308,327,333,330,317,299,282,271,268,276
GS11,13/05/09,291,311,328,339,337,324,300,271,243,221,212,218,236,263,292,317,333,336,330,315,297,282,273,275
GS11,13/05/10,286,304,322,337,341,334,317,290,259,231,214,211,223,247,277,306,328,341,339,328,312,295,281,277
GS11,13/05/11,284,298,317,335,346,344,332,308,277,246,223,212,216,234,261,290,318,335,340,334,322,305,290,283
GS11,13/05/12,284,295,310,328,341,345,337,318,289,257,229,211,207,218,239,268,298,320,333,334,325,311,294,281
GS11,13/05/13,278,283,296,313,328,338,336,323,300,271,242,218,208,210,225,250,279,305,323,329,326,315,300,287
GS11,13/05/14,279,279,289,303,319,330,334,328,311,287,260,235,218,212,220,238,262,288,308,321,324,318,306,292
GS11,13/05/15,281,278,281,291,303,317,325,324,314,296,273,249,229,218,219,230,250,274,297,314,322,322,314,304
GS11,13/05/16,294,286,286,291,301,313,323,326,322,310,294,274,254,240,232,237,249,266,285,303,315,321,319,312
GS11,13/05/17,302,294,287,287,291,298,307,314,315,311,300,287,270,254,242,238,242,254,269,286,301,312,316,314
GS11,13/05/18,306,298,288,283,281,284,291,297,302,304,303,296,286,273,260,251,249,252,263,278,294,308,319,322
GS11,13/05/19,321,314,305,295,287,283,284,287,295,302,308,310,307,299,289,277,268,263,266,275,288,304,317,328
GS11,13/05/20,332,329,321,307,293,282,275,274,278,287,297,307,314,314,309,299,287,277,271,272,280,293,308,323
GS11,13/05/21,332,334,329,316,299,281,266,258,257,262,275,291,306,316,319,313,303,289,277,269,270,278,291,308
GS11,13/05/22,323,332,332,323,306,284,262,244,234,235,246,265,288,308,322,327,322,308,293,280,272,273,284,300
GS11,13/05/23,318,333,340,337,322,300,272,247,228,220,225,242,268,296,322,339,344,337,323,303,289,282,285,297
GS11,13/05/24,316,337,352,358,350,330,299,267,238,218,213,224,248,280,313,340,356,358,347,330,311,297,289,293
GS11,13/05/25,308,328,347,358,358,344,318,283,246,216,200,201,217,246,281,316,342,355,354,341,321,302,286,283
GS11,13/05/26,291,307,329,349,359,355,336,306,268,231,203,190,194,213,245,282,317,343,354,352,339,319,300,287
GS11,13/05/27,285,295,314,336,354,360,351,329,295,256,222,199,190,198,220,252,288,320,342,350,345,331,312,295
GS11,13/05/28,286,287,299,317,337,351,354,343,318,286,251,220,202,198,208,231,262,295,324,341,345,339,325,307
GS11,13/05/29,293,287,291,304,323,342,354,353,340,316,285,254,230,216,215,228,250,279,307,330,342,342,334,319
GS11,13/05/30,302,291,287,292,304,320,334,342,340,328,308,283,258,239,231,233,244,264,289,312,332,341,340,332
GS11,13/05/31,318,304,292,286,290,298,310,321,327,326,318,303,284,265,251,244,247,258,275,295,315,330,337,334
GS11,13/06/01,326,312,297,285,279,281,288,300,310,316,317,313,303,288,275,265,262,265,274,289,306,322,334,338
GS11,13/06/02,335,326,313,298,286,279,279,285,293,303,312,317,318,313,303,293,286,281,282,290,301,316,329,338
GS11,13/06/03,340,337,326,310,293,278,270,268,273,282,294,306,314,317,316,310,301,293,290,290,296,306,317,329
GS11,13/06/04,337,338,332,319,301,282,265,255,252,256,269,285,300,312,319,319,314,306,298,293,294,300,310,321
GS11,13/06/05,332,339,338,329,315,294,272,256,245,244,254,270,289,309,323,330,330,323,314,305,300,300,306,317
GS11,13/06/06,329,340,345,342,331,312,289,265,247,239,242,256,276,298,320,334,340,339,331,320,310,306,307,315
GS11,13/06/07,327,341,351,353,346,331,307,281,257,241,238,246,264,288,313,333,345,349,343,332,320,311,308,312
GS11,13/06/08,322,335,348,355,354,343,320,292,264,243,232,234,248,270,295,320,338,346,345,336,322,311,303,303
GS11,13/06/09,310,322,336,347,350,344,326,301,272,245,227,222,230,249,274,301,324,338,342,336,325,311,299,294
GS11,13/06/10,298,310,325,337,346,344,333,312,285,255,232,220,222,235,259,286,311,329,338,336,327,315,302,294
GS11,13/06/11,294,302,316,330,343,348,341,323,298,269,242,224,219,226,245,270,296,318,333,336,332,321,307,296
GS11,13/06/12,291,296,307,320,334,344,345,336,316,290,264,241,229,229,241,261,286,310,329,338,338,331,319,306
GS11,13/06/13,299,299,306,316,329,340,344,341,328,307,283,260,244,238,243,258,279,303,322,334,338,335,324,311
GS11,13/06/14,300,294,295,303,313,324,332,333,326,312,293,272,254,244,243,251,267,287,308,324,331,333,326,314
GS11,13/06/15,303,293,289,290,296,307,315,321,321,314,302,286,269,256,249,251,260,276,295,312,325,331,329,322
GS11,13/06/16,311,299,290,285,288,294,302,311,315,314,309,299,288,275,265,261,264,274,289,306,321,331,334,330
GS11,13/06/17,322,311,300,290,285,285,291,298,305,312,314,313,307,298,289,282,279,282,292,305,320,333,340,341
GS11,13/06/18,337,326,313,298,286,279,278,282,290,300,309,317,319,317,311,304,296,292,294,301,313,326,337,344
GS11,13/06/19,344,338,326,309,292,279,270,266,270,279,293,308,321,327,329,324,316,306,300,299,304,314,325,334
GS11,13/06/20,341,341,333,319,297,277,257,246,241,247,260,280,301,318,330,334,330,322,311,303,301,306,315,328
GS11,13/06/21,339,347,345,335,317,292,267,245,231,229,236,254,280,307,328,342,347,341,331,318,310,308,313,325
GS11,13/06/22,341,354,362,359,346,324,294,264,239,224,224,237,262,292,321,345,360,361,354,339,324,313,311,318
GS11,13/06/23,331,348,362,368,362,346,318,283,250,225,212,216,232,260,294,328,352,364,363,352,335,320,310,310
GS11,13/06/24,319,335,353,367,372,364,342,312,274,241,218,209,217,237,269,303,334,356,364,359,345,327,311,302
GS11,13/06/25,304,317,334,352,366,369,358,333,301,263,232,213,208,219,243,274,308,337,354,358,350,336,317,301
GS11,13/06/26,296,300,315,333,353,365,366,353,328,295,262,237,223,225,240,267,300,333,360,373,374,363,343,323
GS11,13/06/27,308,305,310,325,344,360,368,365,350,325,297,269,250,243,249,267,291,318,341,357,361,355,342,323
GS11,13/06/28,306,295,294,302,315,333,347,353,349,334,313,289,268,255,253,262,279,302,325,343,353,355,348,334
GS11,13/06/29,316,299,289,288,297,310,326,337,340,335,323,307,288,273,265,266,277,292,311,328,342,348,345,334
GS11,13/06/30,318,302,287,279,279,286,297,309,317,322,320,312,303,290,280,277,279,290,304,320,335,344,345,339
GS11,13/07/01,329,313,297,283,276,276,282,290,301,309,314,315,311,305,297,292,290,294,303,315,327,337,343,343
GS11,13/07/02,336,325,310,292,279,270,267,270,279,290,301,309,314,314,311,307,302,301,304,310,320,330,339,344
GS11,13/07/03,344,338,325,308,291,276,265,262,266,276,290,305,317,324,327,326,321,315,312,313,318,327,337,345
GS11,13/07/04,350,349,341,329,310,291,272,260,256,260,273,290,307,322,332,336,335,329,322,317,316,320,329,338
GS11,13/07/05,348,353,351,342,327,306,283,263,251,249,257,273,294,314,331,340,344,339,331,321,313,311,316,325
GS11,13/07/06,337,347,353,349,337,317,292,266,245,235,236,248,269,292,316,334,341,342,335,323,312,306,305,312
GS11,13/07/07,324,339,350,354,348,333,309,280,253,234,227,233,251,277,303,326,342,349,344,332,319,307,302,306
GS11,13/07/08,317,334,349,359,360,350,330,302,271,246,231,230,244,268,297,325,346,356,356,346,330,314,303,301
GS11,13/07/09,308,324,342,358,367,364,349,323,293,263,240,231,237,255,284,314,340,357,362,356,342,325,311,302
GS11,13/07/10,303,315,332,351,365,370,363,343,315,282,254,237,235,247,269,300,327,350,361,359,347,329,312,298
GS11,13/07/11,294,300,313,331,349,360,360,347,324,296,267,243,233,237,253,280,309,334,351,356,348,333,315,298
GS11,13/07/12,287,286,295,310,328,344,352,347,332,308,281,256,240,237,246,268,295,321,342,352,350,339,322,303
GS11,13/07/13,288,281,284,294,311,329,341,344,336,319,297,274,255,245,247,259,281,305,327,342,346,339,325,307
GS11,13/07/14,290,278,275,280,292,308,324,333,333,325,308,290,272,259,254,260,274,295,318,335,346,345,334,318
GS11,13/07/15,302,288,278,276,283,295,311,324,331,331,323,310,296,281,272,271,278,292,310,327,339,344,339,328
GS11,13/07/16,311,294,280,270,268,273,282,296,307,314,317,312,304,294,285,280,281,288,300,314,329,337,339,333
GS11,13/07/17,320,304,287,272,262,258,261,270,281,294,304,310,310,307,301,296,292,292,297,308,320,332,339,340
GS11,13/07/18,334,323,307,288,271,260,255,256,265,278,293,308,319,324,325,321,314,309,307,310,317,327,336,342
GS11,13/07/19,342,336,322,304,284,264,249,241,239,248,265,286,307,326,335,336,331,322,314,308,309,315,324,334
GS11,13/07/20,343,347,343,329,310,285,260,241,229,229,240,262,289,317,337,347,348,341,329,318,310,310,315,326
GS11,13/07/21,339,351,354,349,332,308,277,247,224,212,213,227,253,284,314,336,346,345,335,320,305,297,296,304
GS11,13/07/22,318,335,349,354,348,330,301,268,237,213,202,208,228,257,291,322,343,351,347,334,317,302,293,293
GS11,13/07/23,303,323,342,358,364,355,334,302,266,235,214,208,217,241,273,308,338,353,357,347,329,309,292,283
GS11,13/07/24,288,304,326,348,364,367,354,328,293,258,230,214,214,228,255,289,323,347,358,354,340,318,295,279
GS11,13/07/25,276,285,304,327,349,364,364,348,321,286,254,231,222,228,248,277,310,339,355,358,348,328,303,282
GS11,13/07/26,268,269,282,301,324,345,356,352,334,307,277,250,234,232,243,266,296,325,348,356,352,338,315,291
GS11,13/07/27,272,265,268,280,302,323,340,346,339,323,300,276,257,248,253,269,291,315,336,351,352,345,327,305
GS11,13/07/28,283,267,262,267,280,299,316,329,333,326,313,294,277,266,263,270,284,303,323,339,348,346,334,315
GS11,13/07/29,295,276,262,259,266,278,293,308,318,320,316,305,293,284,278,279,288,301,318,333,344,348,343,330
GS11,13/07/30,313,294,277,266,263,268,279,292,304,314,318,316,310,303,297,294,298,305,315,328,341,350,352,344
GS11,13/07/31,330,313,295,279,269,266,268,276,289,301,312,318,319,317,313,309,307,308,314,321,331,339,344,342
GS11,13/08/01,336,327,312,296,279,268,263,264,271,283,296,309,317,323,325,323,318,314,312,313,318,324,331,337
GS11,13/08/02,340,337,328,313,295,277,262,255,256,263,276,291,305,318,326,329,326,319,313,308,308,313,321,331
GS11,13/08/03,338,341,339,328,312,290,270,253,244,246,255,273,293,312,327,335,336,330,321,311,305,305,308,318
GS11,13/08/04,331,342,347,344,332,312,287,263,245,237,241,256,279,305,326,340,344,341,330,317,306,300,300,307
GS11,13/08/05,320,336,350,353,348,331,306,278,252,236,232,241,264,291,317,337,348,347,339,323,307,294,289,293
GS11,13/08/06,306,325,343,355,355,343,323,294,264,240,228,230,246,273,304,331,348,353,346,330,312,294,284,283
GS11,13/08/07,292,310,331,350,359,355,340,314,282,253,233,228,238,262,292,323,347,358,356,342,322,302,284,278
GS11,13/08/08,283,298,320,342,359,364,354,333,302,270,243,230,231,248,276,310,339,357,360,350,331,309,286,273
GS11,13/08/09,272,283,302,325,346,358,359,346,320,289,260,240,233,242,265,297,329,352,362,357,342,318,294,274
GS11,13/08/10,266,270,285,307,331,349,358,352,332,305,276,252,239,241,259,285,316,342,358,360,348,327,302,278
GS11,13/08/11,263,260,270,289,313,335,351,353,341,319,294,269,252,248,257,278,305,332,350,358,352,335,310,285
GS11,13/08/12,265,256,259,271,291,314,333,342,340,326,307,285,268,258,261,276,299,324,345,357,356,343,321,297
GS11,13/08/13,276,261,256,261,275,296,316,330,334,328,317,301,286,275,273,280,295,313,333,346,351,346,331,310
GS11,13/08/14,289,270,257,255,260,272,287,301,311,316,315,309,300,293,287,287,294,305,320,333,343,345,339,325
GS11,13/08/15,306,287,270,259,255,257,266,278,291,301,310,314,313,310,306,302,302,306,313,322,332,338,338,333
GS11,13/08/16,323,306,288,271,257,249,249,254,264,277,291,303,312,317,317,313,310,307,308,313,320,329,334,336
GS11,13/08/17,334,325,311,293,274,256,244,239,241,251,266,285,302,318,327,330,327,319,312,308,309,315,322,331
GS11,13/08/18,338,339,333,318,296,273,251,235,227,229,240,259,283,306,323,334,335,327,316,304,297,298,303,314
GS11,13/08/19,326,337,343,338,323,300,272,247,227,218,222,237,262,290,316,335,344,340,329,312,297,288,288,298
GS11,13/08/20,313,332,346,353,347,329,302,271,242,223,216,225,246,273,305,330,346,349,341,324,304,287,278,281
GS11,13/08/21,294,316,338,354,359,350,328,298,264,237,220,218,231,256,287,317,339,348,344,328,304,281,265,261
GS11,13/08/22,270,290,316,339,353,355,343,319,290,258,234,223,228,246,275,306,334,349,350,339,318,292,269,256
GS11,13/08/23,255,268,291,318,342,354,355,340,313,282,254,236,235,247,270,299,327,348,356,351,334,309,283,262
GS11,13/08/24,254,259,277,301,328,349,359,354,336,310,284,262,251,255,271,296,323,346,360,361,349,326,298,272
GS11,13/08/25,254,251,262,283,310,333,351,355,346,329,305,283,269,268,276,296,321,343,359,365,361,344,318,291
GS11,13/08/26,269,258,260,272,290,312,332,345,346,336,320,302,285,280,283,296,314,334,350,359,360,349,329,306
GS11,13/08/27,282,267,260,264,276,295,315,331,339,339,331,318,306,298,297,303,314,330,346,357,360,353,338,317
GS11,13/08/28,295,276,264,260,262,273,287,303,315,321,321,314,306,298,294,295,302,311,323,335,341,340,331,318
GS11,13/08/29,301,284,270,260,257,259,268,279,290,301,307,309,308,305,302,301,302,306,313,321,328,330,329,323
GS11,13/08/30,314,302,288,276,265,260,261,265,273,283,294,304,311,315,316,314,311,310,309,312,317,321,324,324
GS11,13/08/31,322,315,305,292,279,265,259,256,259,269,282,298,312,321,326,324,320,314,309,307,308,312,317,323
GS11,13/09/01,327,328,323,313,296,279,262,251,247,251,263,281,299,316,327,331,329,320,309,300,296,297,303,312
GS11,13/09/02,324,332,335,329,315,295,274,255,243,241,249,267,288,311,328,337,337,329,315,300,290,288,292,303
GS11,13/09/03,318,332,342,343,334,317,292,268,249,239,242,256,279,304,327,343,346,340,325,307,292,282,281,291
GS11,13/09/04,308,328,344,353,351,337,314,287,260,243,241,249,269,296,324,345,356,353,338,318,297,279,271,276
GS11,13/09/05,291,314,336,352,358,349,330,302,273,249,236,238,253,278,307,333,350,352,340,319,293,269,255,253
GS11,13/09/06,265,287,314,339,354,356,344,320,290,260,240,233,243,267,299,331,354,363,355,336,309,280,259,250
GS11,13/09/07,256,274,303,333,355,365,361,343,317,287,261,247,249,267,296,328,356,371,370,354,326,295,266,247
GS11,13/09/08,244,256,282,316,346,365,370,359,335,304,275,255,249,258,281,312,340,361,367,358,334,302,270,248
GS11,13/09/09,237,242,261,291,322,346,358,358,343,321,295,272,261,262,280,308,335,356,366,363,347,319,287,259
GS11,13/09/10,244,240,249,271,300,327,347,354,350,335,315,295,280,277,284,303,327,350,366,369,359,339,311,283
GS11,13/09/11,259,246,246,257,276,300,323,339,345,341,328,312,297,287,287,296,313,334,353,366,368,356,335,307
GS11,13/09/12,282,263,250,249,257,273,296,317,332,338,337,329,318,307,302,303,311,322,336,349,359,357,346,328
GS11,13/09/13,305,283,267,257,254,259,271,287,304,319,330,333,331,326,319,315,314,317,323,333,344,351,351,343
GS11,13/09/14,330,312,293,276,263,255,256,264,278,296,313,327,336,339,336,329,322,317,316,319,326,335,343,347
GS11,13/09/15,345,336,322,304,286,270,261,258,264,277,296,318,336,349,355,351,342,330,319,312,313,318,330,343
GS11,13/09/16,353,357,354,341,324,304,288,278,275,288,303,320,341,358,364,362,353,337,316,300,288,286,291,303
GS11,13/09/17,318,332,340,338,325,303,279,258,241,235,241,259,285,313,337,349,349,337,316,294,276,266,268,282
GS11,13/09/18,304,328,348,356,349,330,303,275,252,237,235,247,272,301,330,350,357,348,329,303,277,260,255,262
GS11,13/09/19,282,308,336,356,363,355,332,302,271,247,237,240,257,285,316,344,359,358,341,314,284,258,242,241
GS11,13/09/20,255,281,313,341,361,363,348,322,289,261,243,238,249,272,304,335,358,363,351,328,297,266,243,231
GS11,13/09/21,238,259,289,322,348,359,355,338,312,285,262,249,253,269,297,327,351,363,359,343,315,282,252,234
GS11,13/09/22,230,242,269,302,332,353,358,351,332,307,282,265,261,272,293,320,346,362,366,357,335,304,271,245
GS11,13/09/23,233,238,257,286,317,344,359,359,348,329,308,290,279,281,295,318,344,364,373,369,353,327,298,270
GS11,13/09/24,252,247,255,274,301,329,349,357,354,341,325,308,296,293,301,316,336,355,369,371,360,340,314,288
GS11,13/09/25,268,258,257,267,284,306,327,341,348,344,333,321,310,305,306,315,330,345,357,363,361,347,329,306
GS11,13/09/26,286,271,264,267,276,291,309,324,336,339,336,331,323,315,314,320,329,341,353,362,365,358,344,326
GS11,13/09/27,307,291,280,276,278,288,299,313,324,332,334,332,327,321,318,318,322,328,336,343,346,344,337,325
GS11,13/09/28,310,296,283,274,269,270,276,286,296,306,313,317,318,316,315,314,313,313,314,317,320,322,323,320
GS11,13/09/29,316,307,296,285,275,269,267,271,278,288,301,312,321,326,327,324,319,314,310,309,311,316,321,327
GS11,13/09/30,329,326,318,306,293,280,271,268,272,281,294,310,324,335,339,338,331,321,311,306,305,310,319,329
GS11,13/10/01,339,344,342,334,320,304,289,278,276,281,294,312,331,346,356,358,350,338,325,313,304,304,311,324
GS11,13/10/02,340,355,363,360,351,336,316,300,289,288,296,314,337,358,373,379,373,359,340,323,308,302,305,317
GS11,13/10/03,335,354,367,373,368,352,329,305,285,275,277,291,312,338,360,374,373,360,339,317,296,282,279,288
GS11,13/10/04,307,331,354,369,372,362,342,316,292,274,268,277,296,324,351,370,377,368,348,320,294,272,262,266
GS11,13/10/05,283,307,335,359,375,376,362,338,310,288,274,276,289,311,337,359,372,369,350,323,291,263,245,242
GS11,13/10/06,253,277,308,338,362,373,369,351,325,297,276,269,274,291,316,341,360,365,355,333,303,272,246,233
GS11,13/10/07,235,251,277,308,337,357,364,355,337,313,291,277,275,285,305,330,354,368,366,350,322,289,259,238
GS11,13/10/08,231,239,259,287,317,341,356,358,349,331,309,292,284,288,302,325,346,363,368,360,339,308,277,249
GS11,13/10/09,234,233,244,266,293,321,342,353,353,342,326,310,298,294,301,315,334,350,361,359,345,322,292,264
GS11,13/10/10,241,230,231,243,263,286,306,322,329,328,321,312,301,295,296,303,315,328,340,345,341,329,308,284
GS11,13/10/11,261,245,238,240,251,267,286,303,319,328,331,328,321,314,310,311,317,324,333,340,342,337,327,310
GS11,13/10/12,290,271,257,250,251,257,269,284,299,312,321,326,325,322,317,314,313,313,316,321,322,323,321,314
GS11,13/10/13,302,287,272,260,252,252,255,266,280,294,309,320,326,328,324,317,309,302,298,299,302,307,312,313
GS11,13/10/14,313,307,296,283,268,258,252,254,262,273,288,303,316,325,327,323,313,302,291,286,286,291,301,313
GS11,13/10/15,321,326,324,314,300,283,269,262,261,268,282,300,320,337,346,345,336,322,307,294,289,292,304,322
GS11,13/10/16,341,358,369,373,372,365,367,370,342,329,324,329,343,352,365,365,354,334,309,287,273,270,280,300
GS11,13/10/17,321,343,359,365,359,342,321,300,282,276,281,296,317,337,352,361,358,344,323,299,279,267,268,279
GS11,13/10/18,299,322,342,354,357,349,333,313,293,279,276,283,299,320,340,353,355,342,320,292,266,247,241,248
GS11,13/10/19,266,293,320,341,351,349,338,318,297,280,271,275,293,314,336,355,363,358,342,317,287,259,242,239
GS11,13/10/20,250,273,301,327,347,356,355,342,323,305,293,291,300,319,341,361,372,370,356,331,301,271,247,237
GS11,13/10/21,243,262,291,319,346,364,368,360,343,324,308,300,304,317,334,353,367,370,363,346,319,289,263,247
GS11,13/10/22,244,254,274,299,326,345,355,352,341,326,310,300,300,309,325,342,357,363,360,347,327,299,272,251
GS11,13/10/23,240,244,258,279,304,325,340,346,342,332,319,309,305,308,318,331,344,352,353,345,329,307,284,263
GS11,13/10/24,250,246,252,267,287,310,328,339,342,337,327,317,309,308,313,324,335,346,351,349,339,323,304,283
GS11,13/10/25,268,259,258,266,283,303,322,336,344,344,340,331,325,320,323,329,338,346,353,354,350,341,327,312
GS11,13/10/26,297,286,282,283,292,306,321,335,347,353,354,351,347,344,344,346,349,352,356,357,355,348,338,324
GS11,13/10/27,311,299,289,285,286,291,300,311,322,331,335,336,334,329,325,323,323,323,324,324,323,322,318,313
GS11,13/10/28,305,297,288,280,276,276,279,287,296,306,316,322,325,324,320,316,310,305,303,303,305,308,311,313
GS11,13/10/29,312,308,299,287,279,272,268,272,280,292,306,319,329,331,329,321,311,300,292,288,288,292,299,306
GS11,13/10/30,311,315,314,308,298,289,282,280,285,295,308,321,332,339,340,332,322,305,291,281,277,281,292,305
GS11,13/10/31,318,326,329,324,313,300,286,276,273,276,287,302,318,331,335,333,324,306,287,271,260,259,265,279
GS11,13/11/01,295,312,324,328,323,310,293,277,266,265,274,290,309,326,337,338,328,309,286,263,246,237,239,253
GS11,13/11/02,274,298,320,333,334,325,309,289,272,264,266,277,296,317,335,343,341,325,299,270,245,227,224,234
GS11,13/11/03,254,281,310,333,346,347,337,317,298,282,275,280,296,318,339,354,356,343,321,290,259,236,223,225
GS11,13/11/04,241,267,299,329,351,360,355,341,321,301,288,283,292,311,334,354,363,358,340,311,278,247,229,221
GS11,13/11/05,227,245,272,301,329,346,351,343,327,308,293,287,290,302,321,340,354,355,344,321,290,257,229,212
GS11,13/11/06,209,218,240,268,299,325,339,343,334,319,303,290,286,291,305,324,341,351,349,333,310,278,249,226
GS11,13/11/07,211,211,225,247,276,306,328,340,341,332,318,306,297,298,305,318,332,346,352,349,333,308,278,250
GS11,13/11/08,229,218,219,230,251,278,303,322,332,332,325,312,300,294,292,296,306,317,327,330,326,311,289,263
GS11,13/11/09,239,221,214,217,230,251,276,299,315,322,322,314,303,293,287,287,291,300,312,322,326,322,311,292
GS11,13/11/10,272,256,243,239,243,253,272,294,314,328,334,332,326,318,310,304,303,303,308,314,319,322,320,312
GS11,13/11/11,300,286,272,261,257,259,269,285,304,320,334,342,342,336,327,317,307,297,295,297,304,313,320,322
GS11,13/11/12,319,311,300,289,278,274,276,284,297,310,325,336,343,341,334,322,305,291,280,277,281,292,306,318
GS11,13/11/13,324,325,319,309,297,286,279,278,283,294,310,325,337,343,340,328,309,288,270,257,254,260,275,292
GS11,13/11/14,310,322,325,321,310,295,282,274,272,279,291,309,326,338,340,333,316,293,269,248,237,237,249,270
GS11,13/11/15,292,313,328,332,328,316,300,286,279,277,286,301,319,338,348,349,336,312,284,256,235,226,231,246
GS11,13/11/16,270,299,324,340,343,335,318,300,286,278,280,289,307,329,347,358,353,333,303,270,242,224,220,230
GS11,13/11/17,251,281,312,335,348,348,336,320,302,289,285,290,305,326,347,362,364,351,326,293,259,233,219,221
GS11,13/11/18,237,265,298,329,350,357,352,338,319,303,293,291,302,318,341,359,368,361,342,311,276,245,223,215
GS11,13/11/19,223,242,269,299,326,342,347,340,325,308,293,287,290,302,320,339,352,355,343,321,290,257,230,214
GS11,13/11/20,213,228,252,282,311,334,345,345,334,318,301,289,286,293,308,326,342,349,344,328,302,271,242,222
GS11,13/11/21,214,220,238,264,293,318,336,342,336,323,307,294,287,289,300,315,332,345,348,338,318,291,263,239
GS11,13/11/22,225,223,233,254,280,307,328,340,339,330,317,302,291,289,294,307,322,337,345,343,330,308,282,256
GS11,13/11/23,236,227,230,244,265,291,315,332,338,334,323,310,298,292,292,301,313,324,333,335,328,315,295,274
GS11,13/11/24,255,243,240,248,264,284,305,324,334,338,331,322,309,298,294,295,302,312,323,329,330,324,310,292
GS11,13/11/25,275,260,253,253,260,275,294,314,328,337,338,332,325,316,305,305,305,310,320,328,336,337,334,322
GS11,13/11/26,310,297,284,278,278,284,297,311,327,337,343,343,337,329,319,310,304,300,302,306,312,318,321,321
GS11,13/11/27,315,306,295,285,278,277,282,293,308,323,334,338,337,330,321,309,297,287,282,282,288,296,305,312
GS11,13/11/28,315,314,308,298,289,281,279,283,292,304,318,328,333,333,325,314,297,281,267,258,257,264,276,289
GS11,13/11/29,302,310,313,309,299,289,280,276,280,290,303,318,330,336,334,324,307,285,265,248,239,240,251,269
GS11,13/11/30,288,306,318,320,314,303,290,279,276,281,292,308,325,337,340,334,316,293,265,240,224,220,228,248
GS11,13/12/01,275,302,325,336,335,326,311,294,282,277,285,299,318,338,349,349,336,312,281,248,223,208,209,223
GS11,13/12/02,250,282,313,335,345,342,330,312,294,283,282,292,310,332,351,361,356,335,304,267,234,209,198,205
GS11,13/12/03,225,256,292,325,347,354,349,333,313,295,284,285,298,318,340,358,363,352,327,293,255,222,200,194
GS11,13/12/04,205,229,263,301,332,352,358,348,331,312,295,288,292,307,329,350,364,364,347,320,283,246,216,198
GS11,13/12/05,195,209,235,269,305,333,351,353,343,324,305,291,287,295,312,335,353,362,358,340,311,275,242,216
GS11,13/12/06,204,207,224,253,288,319,342,352,351,339,322,305,294,294,304,320,338,352,357,349,330,303,271,244
GS11,13/12/07,224,216,223,240,266,295,322,340,347,344,332,316,302,293,294,305,320,336,346,349,341,323,299,271
GS11,13/12/08,247,233,229,238,256,280,307,328,340,342,335,322,306,294,287,289,297,309,322,330,331,324,308,287
GS11,13/12/09,267,250,243,242,252,269,290,312,329,337,337,331,320,305,292,287,288,294,305,315,323,327,323,314
GS11,13/12/10,303,288,278,272,276,286,301,320,339,356,365,364,356,344,330,315,304,298,298,302,310,317,320,319
GS11,13/12/11,315,306,298,290,286,288,295,308,322,337,347,350,347,339,327,311,295,284,278,278,284,294,302,309
GS11,13/12/12,315,315,311,303,296,291,290,294,303,315,327,336,340,337,328,314,295,277,263,256,257,265,278,292
GS11,13/12/13,306,315,320,319,313,306,300,298,300,309,321,333,342,346,342,331,313,290,269,252,244,246,256,272
GS11,13/12/14,290,306,317,321,317,309,301,294,291,295,304,317,329,340,344,338,324,302,276,252,237,232,238,253
GS11,13/12/15,274,297,317,329,334,329,321,311,303,302,306,317,330,344,354,355,344,323,296,268,245,232,232,243
GS11,13/12/16,262,287,311,330,338,339,332,322,309,301,299,305,317,333,348,356,352,337,311,281,252,232,223,228
GS11,13/12/17,245,271,299,323,340,347,343,333,320,309,302,304,313,329,347,360,363,354,331,301,271,244,227,224
GS11,13/12/18,235,256,285,313,337,350,353,344,332,317,306,304,309,322,341,359,369,365,349,324,293,263,239,227
GS11,13/12/19,230,247,275,305,333,353,360,356,345,331,317,308,308,317,333,351,365,370,362,344,316,285,258,240
GS11,13/12/20,237,245,269,298,326,349,361,363,355,343,326,313,307,311,323,341,355,361,359,346,323,295,268,247
GS11,13/12/21,236,239,254,279,308,334,353,359,354,343,327,311,303,301,309,323,339,353,357,352,336,314,287,262
GS11,13/12/22,245,239,246,264,290,316,336,348,349,341,327,312,299,291,292,300,314,327,336,337,328,312,290,267
GS11,13/12/23,248,237,238,249,268,291,314,330,336,333,322,308,292,282,279,284,295,308,320,326,325,317,301,283
GS11,13/12/24,264,250,245,250,263,283,304,322,334,336,330,318,304,291,283,281,285,293,301,310,314,312,304,291
GS11,13/12/25,275,260,251,249,255,268,285,304,318,325,325,317,306,293,280,273,271,275,280,289,297,299,299,294
GS11,13/12/26,285,277,268,262,263,270,283,299,315,326,332,331,323,311,297,285,275,271,272,276,288,297,307,313
GS11,13/12/27,314,310,304,298,294,294,301,311,323,337,345,348,345,337,323,308,292,280,271,270,276,287,298,311
GS11,13/12/28,319,322,322,317,308,301,298,301,308,321,334,343,347,344,333,317,297,278,261,251,250,258,271,289
GS11,13/12/29,306,319,326,326,320,310,301,296,297,305,316,328,339,344,340,328,308,283,258,238,228,228,239,258
GS11,13/12/30,282,305,323,332,333,326,317,306,299,301,308,319,332,344,349,343,327,302,272,243,223,214,218,234
GS11,13/12/31,260,289,317,337,346,345,336,321,307,300,300,308,323,339,353,357,348,326,296,263,233,213,206,213
