GS11,72/01/01,200,229,263,294,318,332,334,327,315,302,293,294,304,319,338,353,358,352,333,304,268,235,210,197
GS11,72/01/02,199,217,245,278,309,323,341,340,330,317,302,295,295,305,323,341,355,357,346,320,285,251,217,196
GS11,72/01/03,190,200,223,254,286,312,327,331,324,310,294,281,275,280,295,314,333,344,342,326,301,267,233,205
GS11,72/01/04,189,192,208,233,262,290,311,320,318,308,291,274,264,263,275,292,309,324,331,328,310,286,258,232
GS11,72/01/05,214,208,217,236,262,288,312,328,332,325,311,293,279,271,274,285,302,317,328,330,322,305,282,255
GS11,72/01/06,237,226,228,241,260,287,312,330,339,338,326,308,291,278,274,281,292,306,318,325,325,315,296,275
GS11,72/01/07,256,243,238,244,258,280,302,319,329,331,322,307,290,275,266,266,272,281,292,301,308,309,300,286
GS11,72/01/08,271,259,252,251,260,275,293,311,324,327,323,312,297,280,268,261,259,264,271,280,290,294,295,291
GS11,72/01/09,283,274,266,262,265,272,286,299,312,321,323,316,304,291,278,267,260,256,257,263,271,279,284,288
GS11,72/01/10,288,286,283,280,280,283,291,301,311,319,323,321,313,303,290,277,264,256,252,253,259,268,279,291
GS11,72/01/11,298,302,304,304,301,301,305,310,317,325,331,333,333,327,318,306,290,275,265,261,265,272,284,298
GS11,72/01/12,314,329,345,353,357,355,353,355,360,365,369,374,378,374,362,344,326,304,284,270,263,266,273,288
GS11,72/01/13,308,326,340,348,350,346,339,334,330,331,336,340,349,352,351,342,325,303,277,255,241,234,238,252
GS11,72/01/14,271,296,317,334,342,344,337,327,318,314,315,321,332,343,348,347,333,313,283,255,233,220,216,226
GS11,72/01/15,245,273,302,326,340,346,342,333,321,314,311,316,328,343,356,361,357,342,314,283,253,234,222,224
GS11,72/01/16,240,267,296,324,346,357,356,346,332,317,308,306,314,330,346,360,364,356,334,305,271,240,218,207
GS11,72/01/17,214,234,263,296,325,345,353,349,337,320,305,297,297,310,330,349,362,363,350,324,288,254,222,204
GS11,72/01/18,201,214,239,271,304,331,344,347,335,317,297,281,276,283,301,322,342,354,350,332,304,270,236,211
GS11,72/01/19,201,205,224,253,283,312,331,337,330,313,294,276,264,265,278,299,322,338,345,339,320,290,259,231
GS11,72/01/20,213,208,218,241,270,300,325,338,339,329,310,289,269,263,267,284,307,328,342,343,333,312,285,257
GS11,72/01/21,234,224,227,242,268,295,320,336,340,333,317,296,273,261,258,267,285,306,324,335,336,328,309,290
GS11,72/01/22,268,254,249,254,268,291,312,328,334,331,319,298,275,257,245,243,253,268,285,299,307,310,301,290
GS11,72/01/23,274,260,255,256,267,283,302,319,328,330,323,307,286,265,250,240,238,245,258,271,284,293,296,294
GS11,72/01/24,287,281,274,273,277,286,300,314,325,331,330,320,303,284,265,250,242,238,241,250,265,277,290,297
GS11,72/01/25,300,300,299,298,299,305,315,324,333,341,343,340,330,317,301,281,265,253,247,247,254,267,280,294
GS11,72/01/26,305,313,317,318,317,315,315,317,321,327,332,335,335,329,317,303,284,262,245,234,231,237,248,268
GS11,72/01/27,287,305,318,325,326,323,320,319,317,320,326,334,339,342,340,328,309,284,257,236,222,218,225,244
GS11,72/01/28,267,293,314,329,335,333,326,318,313,308,309,316,326,337,345,345,331,310,280,248,222,206,203,213
GS11,72/01/29,235,264,292,315,328,332,329,317,305,295,292,297,308,322,337,345,344,330,303,269,238,212,200,202
GS11,72/01/30,218,246,280,310,333,342,342,331,316,299,288,284,293,307,326,340,345,339,318,289,253,223,200,193
GS11,72/01/31,201,225,255,287,313,330,334,327,310,294,280,274,276,290,312,334,353,354,342,316,284,249,224,212
GS11,72/02/01,214,232,261,295,326,350,358,354,335,321,300,289,285,292,310,333,353,363,361,347,319,284,255,232
GS11,72/02/02,223,231,251,280,309,333,349,351,340,321,301,282,270,272,285,308,332,347,354,348,329,301,269,245
GS11,72/02/03,231,231,245,267,293,321,339,346,339,322,298,274,258,251,258,275,296,315,329,332,325,306,282,257
GS11,72/02/04,238,231,234,250,272,297,318,333,334,323,302,282,262,248,246,256,276,294,311,322,325,314,299,280
GS11,72/02/05,272,252,252,262,280,303,324,337,342,336,319,298,276,261,256,259,270,286,301,312,316,314,304,290
GS11,72/02/06,275,263,259,264,275,293,310,323,328,326,313,296,278,261,251,247,251,262,274,286,294,298,297,291
GS11,72/02/07,284,279,275,277,285,296,310,323,332,333,327,315,299,273,268,260,257,259,265,273,282,287,291,292
GS11,72/02/08,290,288,286,286,289,295,303,313,319,320,317,307,293,280,265,255,249,246,246,249,257,264,272,278
GS11,72/02/09,282,286,287,289,290,293,297,302,306,309,310,307,300,290,278,266,256,247,241,238,240,248,258,269
GS11,72/02/10,281,291,298,304,305,308,308,311,314,317,322,322,322,319,313,303,291,275,262,252,247,249,257,269
GS11,72/02/11,284,299,315,323,327,327,324,319,315,314,316,320,323,326,324,314,302,284,261,243,232,226,230,244
GS11,72/02/12,263,284,304,317,324,324,319,309,303,296,295,301,309,317,321,321,311,292,267,241,219,207,205,215
GS11,72/02/13,234,259,285,305,319,323,318,308,295,286,283,288,299,313,327,336,337,325,303,274,249,231,224,229
GS11,72/02/14,245,272,305,333,350,359,356,341,320,301,291,290,298,312,334,353,357,349,326,294,261,232,214,209
GS11,72/02/15,219,246,276,306,332,345,346,331,311,291,275,268,274,292,314,338,353,356,342,312,277,245,220,207
GS11,72/02/16,207,226,256,290,317,338,344,335,318,297,275,260,257,266,290,317,341,357,355,340,311,275,242,220
GS11,72/02/17,212,221,244,274,303,331,345,345,330,305,277,255,245,247,264,290,317,340,351,346,327,300,268,242
GS11,72/02/18,225,224,241,268,296,323,342,346,336,314,285,256,236,229,239,261,290,316,336,342,334,315,289,265
GS11,72/02/19,247,241,247,264,273,318,341,350,349,331,305,275,251,237,237,244,274,300,324,339,346,339,323,302
GS11,72/02/20,285,272,272,274,301,322,341,353,354,343,322,297,269,249,241,244,257,276,297,316,326,328,321,309
GS11,72/02/21,295,287,286,290,301,317,333,345,349,345,331,309,285,263,246,238,240,249,263,281,294,306,308,308
GS11,72/02/22,304,300,298,298,303,312,325,335,342,342,335,321,304,284,264,249,242,241,245,255,268,281,292,300
GS11,72/02/23,304,306,307,308,309,313,318,326,332,335,335,329,321,307,291,275,259,249,243,245,252,262,274,290
GS11,72/02/24,300,309,315,317,317,317,316,317,319,321,325,326,325,320,308,294,275,257,240,231,228,232,244,260
GS11,72/02/25,278,296,309,315,317,314,310,303,301,299,302,307,312,317,316,308,293,269,245,224,212,209,216,232
GS11,72/02/26,254,277,298,311,316,317,309,300,290,284,286,294,305,316,326,330,323,306,282,257,236,226,225,235
GS11,72/02/27,260,288,313,336,348,351,345,333,319,308,301,303,315,331,351,358,358,344,318,288,259,238,228,232
GS11,72/02/28,246,269,296,316,331,336,329,314,296,279,270,271,282,300,319,333,342,339,318,290,259,232,216,213
GS11,72/02/29,227,247,277,303,320,330,327,313,293,272,258,255,261,277,297,320,336,339,327,303,273,245,221,216
GS11,72/03/01,222,243,270,297,321,331,332,321,303,283,263,249,249,264,284,309,333,345,341,324,296,267,242,229
GS11,72/03/02,229,242,267,295,320,336,341,333,313,287,263,246,242,251,272,297,324,344,352,345,328,302,275,256
GS11,72/03/03,248,257,276,301,326,345,354,350,331,308,282,260,249,250,263,287,312,335,347,347,335,316,292,271
GS11,72/03/04,259,258,270,291,313,334,347,348,335,308,283,260,246,243,252,272,295,316,331,337,330,316,297,279
GS11,72/03/05,266,264,273,290,310,328,341,343,333,313,290,265,247,238,240,254,272,295,312,323,325,320,307,295
GS11,72/03/06,283,277,283,294,309,326,339,343,337,321,302,280,259,249,245,251,265,279,295,308,314,314,309,301
GS11,72/03/07,292,289,290,298,309,324,336,341,340,331,314,296,277,261,252,251,259,267,278,290,298,304,305,304
GS11,72/03/08,301,299,296,299,305,311,322,329,332,328,319,305,290,274,260,253,251,253,260,269,278,287,294,300
GS11,72/03/09,302,305,307,308,311,315,320,326,329,327,324,317,306,294,280,270,262,257,253,257,264,272,282,292
GS11,72/03/10,302,307,312,313,314,314,314,315,316,316,315,313,309,300,292,280,269,257,247,242,242,247,261,276
GS11,72/03/11,290,305,313,318,318,314,309,304,301,301,304,308,312,312,308,298,284,266,248,237,229,232,242,261
GS11,72/03/12,282,302,319,326,328,323,313,302,293,289,293,302,312,320,323,320,307,288,266,247,232,225,232,247
GS11,72/03/13,272,297,320,333,337,332,320,302,289,279,280,289,304,318,330,334,328,312,283,252,228,214,212,223
GS11,72/03/14,246,274,300,320,331,328,313,294,273,258,253,260,277,299,321,337,340,327,302,272,240,216,207,212
GS11,72/03/15,232,259,289,315,331,332,319,297,269,245,234,236,252,276,299,321,337,338,324,297,263,233,211,204
GS11,72/03/16,216,242,270,298,320,328,324,305,275,246,223,214,221,241,269,301,331,342,338,319,291,260,237,223
GS11,72/03/17,226,243,269,295,323,336,336,320,290,257,226,208,207,220,246,284,315,336,341,333,312,287,263,247
GS11,72/03/18,243,252,274,298,323,340,343,333,309,276,241,216,205,212,230,255,289,316,332,335,324,303,282,265
GS11,72/03/19,255,260,275,294,316,336,343,336,319,291,256,226,209,203,211,234,261,289,311,323,325,316,302,288
GS11,72/03/20,279,278,286,301,319,339,350,350,342,322,296,266,240,225,221,228,245,269,292,311,319,322,319,310
GS11,72/03/21,303,300,303,313,323,334,339,339,335,322,305,281,257,235,221,219,223,236,252,270,283,292,294,295
GS11,72/03/22,294,292,291,293,296,303,311,316,317,313,302,285,270,252,238,229,226,228,234,249,263,274,284,292
GS11,72/03/23,296,298,299,299,301,303,307,310,312,311,306,299,290,278,265,251,242,234,231,234,242,254,266,278
GS11,72/03/24,290,298,302,302,304,302,300,299,297,299,300,302,300,296,286,276,261,246,233,224,224,232,244,260
GS11,72/03/25,276,289,300,303,303,298,290,286,281,280,285,290,295,300,300,295,281,264,245,232,225,227,238,254
GS11,72/03/26,270,291,306,313,315,308,297,287,279,274,278,286,300,309,317,317,309,293,272,251,235,228,232,245
GS11,72/03/27,266,289,306,316,320,312,297,280,263,252,253,264,280,297,309,318,316,304,282,257,237,223,220,232
GS11,72/03/28,250,274,295,309,313,304,288,268,247,231,228,236,253,274,295,308,312,304,287,262,237,219,211,218
GS11,72/03/29,236,258,284,303,309,304,288,265,242,222,213,216,231,254,278,291,311,312,296,277,254,232,219,219
GS11,72/03/30,232,255,280,302,313,313,302,278,252,229,213,209,222,243,271,297,315,324,320,305,284,260,242,239
GS11,72/03/31,247,267,291,312,329,334,328,305,279,249,228,220,225,242,266,293,314,331,337,331,314,295,276,262
GS11,72/04/01,259,268,284,303,321,331,330,317,290,262,236,217,213,221,241,269,298,320,333,332,321,302,282,267
GS11,72/04/02,262,270,284,302,321,333,334,321,299,271,242,220,209,210,224,247,272,295,310,315,310,297,279,264
GS11,72/04/03,257,259,269,285,301,315,321,315,297,272,245,222,207,202,210,226,248,271,290,299,301,295,284,271
GS11,72/04/04,262,261,268,281,296,308,316,315,304,284,261,237,219,210,212,221,236,258,275,290,297,297,291,283
GS11,72/04/05,277,274,277,283,295,307,317,319,312,297,277,257,235,220,213,215,225,240,256,271,282,286,287,286
GS11,72/04/06,280,276,276,279,286,294,302,306,303,295,281,264,248,234,226,223,227,234,245,258,271,280,287,291
GS11,72/04/07,293,292,290,290,292,297,301,304,304,302,295,285,272,259,250,242,239,239,245,254,267,281,293,303
GS11,72/04/08,309,312,312,311,307,306,306,307,309,310,311,308,303,296,284,274,264,255,252,256,263,276,291,306
GS11,72/04/09,319,330,333,332,327,318,311,308,307,310,316,320,323,322,314,302,287,271,257,250,249,258,271,289
GS11,72/04/10,308,323,331,330,323,309,295,283,276,276,284,294,307,314,314,308,293,273,252,235,227,228,239,260
GS11,72/04/11,283,305,318,323,317,301,282,262,247,242,249,265,284,302,314,316,308,291,268,245,229,222,227,244
GS11,72/04/12,269,295,315,327,327,312,292,266,245,234,236,250,272,296,319,332,333,320,299,273,249,235,231,243
GS11,72/04/13,264,288,313,330,335,324,301,273,242,220,212,212,242,271,301,325,339,336,321,296,271,248,238,239
GS11,72/04/14,253,277,301,321,331,327,307,274,241,211,192,191,206,234,269,292,324,333,330,315,292,268,252,247
GS11,72/04/15,254,272,294,315,329,329,315,288,261,227,197,182,182,200,229,262,296,319,329,326,311,293,277,264
GS11,72/04/16,264,273,292,314,330,340,337,321,290,255,220,195,187,188,208,238,271,300,318,325,322,310,294,281
GS11,72/04/17,274,275,287,303,319,332,333,322,300,268,237,208,191,184,192,212,239,270,295,308,314,310,301,290
GS11,72/04/18,282,282,287,300,312,322,330,327,312,289,263,235,211,196,195,200,218,243,268,283,296,301,299,292
GS11,72/04/19,286,283,283,289,297,306,313,316,311,295,279,257,234,216,204,202,210,226,243,263,278,290,294,294
GS11,72/04/20,292,289,288,289,293,298,304,308,307,302,293,278,263,246,230,222,220,224,234,250,265,279,287,293
GS11,72/04/21,296,296,293,290,286,286,288,291,291,291,290,286,277,266,254,243,234,232,234,240,252,266,278,289
GS11,72/04/22,295,298,294,289,283,277,274,274,277,280,284,285,285,281,271,259,247,237,230,230,237,247,261,275
GS11,72/04/23,286,292,294,288,280,269,261,255,254,258,265,274,281,285,284,276,264,249,238,231,232,241,254,270
GS11,72/04/24,286,298,302,300,290,278,264,253,246,247,255,268,282,293,299,297,288,272,256,242,234,236,244,260
GS11,72/04/25,279,292,300,300,291,277,257,240,228,223,231,242,259,277,292,298,297,284,270,263,259,256,258,265
GS11,72/04/26,274,284,293,298,296,284,267,246,227,215,216,227,245,267,291,305,309,304,289,272,257,246,246,254
GS11,72/04/27,273,291,307,319,318,306,286,261,237,220,216,222,240,265,289,310,321,322,312,297,278,264,259,263
GS11,72/04/28,277,296,312,325,327,319,298,271,242,220,208,210,224,248,276,302,322,329,324,311,294,276,264,263
GS11,72/04/29,272,291,310,326,332,327,308,283,253,225,208,204,214,235,264,290,314,327,329,319,305,287,274,269
GS11,72/04/30,274,290,308,324,336,334,321,297,272,244,220,207,206,220,244,274,301,321,333,333,322,306,291,281
GS11,72/05/01,279,290,307,324,341,349,345,327,300,267,241,223,217,224,243,268,295,318,333,338,334,323,308,297
GS11,72/05/02,291,295,307,323,337,346,346,332,311,284,256,232,218,215,226,246,271,293,310,317,317,308,296,283
GS11,72/05/03,276,275,282,294,308,320,324,319,302,278,253,228,211,203,207,220,243,264,285,298,304,303,297,287
GS11,72/05/04,281,278,281,291,302,313,320,320,310,293,271,231,231,219,217,223,239,257,277,292,304,308,307,304
GS11,72/05/05,299,296,295,301,309,319,328,330,326,314,301,280,261,248,238,237,242,255,272,287,302,312,315,313
GS11,72/05/06,310,304,300,298,300,304,310,313,313,310,302,290,275,259,249,241,239,244,255,267,281,294,302,308
GS11,72/05/07,310,308,302,297,291,290,291,294,298,300,301,298,289,279,266,256,247,243,244,253,266,280,294,305
GS11,72/05/08,313,314,309,300,290,281,276,275,279,286,294,299,300,297,289,277,266,257,250,249,258,271,286,304
GS11,72/05/09,317,326,326,317,304,287,275,265,265,271,283,296,309,318,318,309,296,278,264,254,252,259,273,290
GS11,72/05/10,309,322,324,317,300,280,256,240,229,231,243,263,284,300,313,315,308,293,275,260,253,252,263,280
GS11,72/05/11,298,315,325,326,312,290,264,238,220,213,220,240,266,293,315,329,331,322,306,290,273,266,268,281
GS11,72/05/12,299,317,331,335,328,307,278,245,215,197,193,207,232,261,294,317,331,332,321,303,284,271,266,272
GS11,72/05/13,288,308,325,336,335,321,294,258,222,194,181,182,200,220,264,296,323,337,337,325,308,290,281,278
GS11,72/05/14,288,304,323,340,348,343,323,291,253,217,191,180,185,207,241,277,309,330,341,338,326,312,297,289
GS11,72/05/15,289,301,318,332,347,350,340,314,284,250,217,191,182,188,208,240,273,303,323,332,331,320,308,297
GS11,72/05/16,291,295,306,321,335,345,346,333,310,279,245,215,195,192,202,224,255,285,312,326,330,328,317,305
GS11,72/05/17,295,295,297,309,322,333,340,333,319,293,265,237,213,200,200,212,235,260,284,307,317,321,315,306
GS11,72/05/18,296,290,288,294,304,316,325,327,320,304,283,258,235,216,210,211,223,243,265,286,302,309,308,304
GS11,72/05/19,293,286,281,280,286,295,306,313,316,309,298,281,261,243,229,224,229,240,259,277,297,312,317,317
GS11,72/05/20,312,304,296,293,291,296,303,310,317,319,316,307,294,279,265,255,251,254,265,281,300,314,323,326
GS11,72/05/21,324,316,305,295,286,283,284,289,295,301,306,308,304,297,285,273,265,261,262,271,283,298,310,317
GS11,72/05/22,320,315,308,297,284,273,268,268,271,279,286,295,299,300,296,288,278,270,266,266,274,285,298,309
GS11,72/05/23,317,317,310,300,286,272,258,251,250,256,265,277,290,297,299,298,289,279,271,267,269,276,287,299
GS11,72/05/24,308,313,311,301,285,268,250,237,230,231,242,257,275,290,299,301,298,290,281,271,266,268,277,289
GS11,72/05/25,300,310,312,306,292,272,250,230,217,211,217,233,254,274,290,302,304,300,289,277,269,266,270,281
GS11,72/05/26,294,307,315,313,304,285,261,236,216,206,207,219,240,264,287,304,312,312,305,293,282,275,274,281
GS11,72/05/27,294,309,322,325,318,302,278,250,224,208,203,211,230,254,281,303,317,323,321,311,298,286,279,280
GS11,72/05/28,289,303,315,325,326,317,294,267,239,215,196,196,206,227,254,281,305,319,323,316,304,290,280,275
GS11,72/05/29,280,291,305,319,325,322,308,283,253,226,204,193,197,212,238,266,296,317,328,329,318,306,293,284
GS11,72/05/30,285,294,309,325,335,338,328,308,279,248,220,203,198,206,227,253,280,305,322,328,324,312,299,288
GS11,72/05/31,282,284,294,304,318,327,325,309,288,261,233,210,199,200,213,235,261,286,307,319,320,313,299,287
GS11,72/06/01,279,279,287,298,312,321,324,316,299,275,246,222,204,196,200,216,237,262,286,303,311,309,300,289
GS11,72/06/02,279,274,275,283,295,305,315,315,304,285,261,236,216,203,200,207,224,246,262,291,304,309,305,296
GS11,72/06/03,286,278,274,276,285,297,308,312,311,301,284,265,244,227,217,219,227,243,265,287,305,315,318,314
GS11,72/06/04,306,295,286,282,283,290,300,310,315,315,307,295,279,262,249,243,244,254,269,287,305,321,329,329
GS11,72/06/05,322,311,298,286,281,281,288,297,306,314,314,310,300,285,270,260,255,257,267,281,298,313,323,329
GS11,72/06/06,325,316,301,285,271,262,262,267,278,288,298,302,302,296,286,276,266,262,262,270,283,299,314,323
GS11,72/06/07,323,320,307,290,272,255,247,243,250,262,277,290,302,307,305,298,289,277,273,272,279,290,304,317
GS11,72/06/08,325,325,318,301,278,256,235,223,222,232,251,273,294,310,318,318,312,302,292,283,283,290,300,313
GS11,72/06/09,327,335,333,320,298,271,242,220,206,205,218,240,266,290,311,323,326,319,309,297,290,288,294,306
GS11,72/06/10,321,332,337,333,316,290,259,226,204,190,193,210,237,268,296,319,330,332,324,311,300,292,292,300
GS11,72/06/11,314,328,340,341,334,313,282,247,213,190,182,187,208,238,272,304,327,336,335,323,310,299,291,292
GS11,72/06/12,302,317,333,343,346,332,307,274,239,207,184,177,187,213,247,281,311,331,340,336,326,310,300,295
GS11,72/06/13,299,312,326,339,348,346,331,304,270,234,203,186,183,196,221,254,287,312,330,333,326,314,300,290
GS11,72/06/14,287,294,307,322,335,342,337,320,290,258,224,197,185,188,204,231,263,291,314,326,324,315,302,289
GS11,72/06/15,281,280,288,301,315,328,333,325,310,284,254,225,206,196,202,220,244,272,298,315,321,317,308,294
GS11,72/06/16,282,276,276,284,299,314,325,328,320,305,281,256,233,217,213,223,241,265,291,310,321,322,315,302
GS11,72/06/17,288,277,272,274,282,294,307,314,315,308,292,273,254,238,228,229,241,259,282,300,315,323,320,311
GS11,72/06/18,298,284,274,269,271,280,293,304,312,312,306,293,279,264,252,247,253,264,283,300,314,324,325,318
GS11,72/06/19,307,292,279,269,263,264,270,278,286,291,294,290,282,274,264,258,257,263,274,288,303,315,320,319
GS11,72/06/20,311,301,289,277,267,261,262,267,274,284,291,296,297,293,288,283,279,278,284,294,304,315,322,326
GS11,72/06/21,324,316,303,289,275,264,259,257,261,270,282,293,302,306,306,302,298,293,291,293,301,310,319,327
GS11,72/06/22,330,325,315,299,283,266,254,244,243,250,262,279,292,303,309,311,307,302,298,295,295,301,309,318
GS11,72/06/23,323,327,321,310,293,275,257,241,231,231,239,256,276,295,311,320,323,319,314,307,302,303,309,317
GS11,72/06/24,326,334,335,328,315,295,273,252,235,229,230,244,265,288,308,323,331,331,325,316,306,301,301,308
GS11,72/06/25,317,328,333,332,322,303,278,252,230,215,213,221,240,265,289,311,325,331,327,317,305,297,294,297
GS11,72/06/26,307,322,332,336,331,316,293,265,237,216,205,208,224,247,275,300,319,331,331,323,311,299,291,290
GS11,72/06/27,297,310,324,335,337,329,311,283,253,227,208,201,210,230,258,287,314,331,338,334,324,311,299,294
GS11,72/06/28,298,310,324,339,347,346,334,311,282,252,227,212,212,224,249,276,304,325,338,338,331,319,304,293
GS11,72/06/29,290,298,311,328,340,347,340,320,294,264,236,214,206,212,230,259,288,313,332,339,333,322,306,292
GS11,72/06/30,285,288,299,315,330,343,344,333,314,285,255,231,215,215,226,249,276,303,326,336,337,327,312,295
GS11,72/07/01,282,280,284,297,314,330,338,335,324,298,270,247,228,219,223,236,257,282,307,324,334,333,322,305
GS11,72/07/02,289,277,274,278,292,307,322,331,329,320,300,276,254,241,233,240,255,277,301,318,331,335,329,315
GS11,72/07/03,298,281,270,267,273,285,302,315,321,320,311,296,280,263,253,252,259,274,294,313,328,336,334,323
GS11,72/07/04,309,290,275,264,261,266,278,292,304,311,312,307,298,284,275,269,269,276,287,305,321,333,335,331
GS11,72/07/05,318,300,281,263,251,249,254,266,280,291,299,304,303,296,289,281,277,278,285,296,308,321,328,327
GS11,72/07/06,321,306,287,266,249,236,231,234,244,258,274,286,294,299,298,295,290,286,287,293,302,313,321,325
GS11,72/07/07,325,317,302,281,258,238,222,215,218,228,246,266,284,298,305,307,306,301,295,292,295,301,310,318
GS11,72/07/08,321,324,314,298,275,249,226,208,199,202,216,236,261,281,304,314,317,315,307,300,296,297,303,311
GS11,72/07/09,321,330,331,322,306,280,231,224,204,195,198,215,242,251,297,317,328,331,326,317,307,302,301,308
GS11,72/07/10,319,333,342,343,334,313,282,248,219,196,189,197,218,249,280,307,326,336,334,324,311,299,293,295
GS11,72/07/11,305,319,334,343,344,332,310,275,240,209,190,186,199,222,254,285,312,329,333,326,313,299,289,286
GS11,72/07/12,291,305,321,337,346,344,330,301,267,231,207,194,195,213,242,273,305,326,336,334,321,305,290,281
GS11,72/07/13,280,288,304,323,340,348,344,324,295,262,229,209,202,208,229,259,287,313,331,332,324,308,291,276
GS11,72/07/14,270,272,284,301,320,334,339,329,309,279,249,223,210,210,223,246,276,303,323,334,329,316,299,281
GS11,72/07/15,270,266,272,287,306,326,338,338,330,312,289,264,245,238,241,256,278,304,328,343,349,342,327,307
GS11,72/07/16,288,274,271,276,290,307,323,330,331,322,304,284,265,253,250,258,275,296,319,334,343,341,329,312
GS11,72/07/17,294,278,271,270,278,290,305,316,322,322,314,300,285,272,266,268,280,296,316,330,343,345,337,321
GS11,72/07/18,303,286,273,266,267,276,287,298,307,311,311,305,297,290,282,280,284,296,310,324,334,338,335,325
GS11,72/07/19,311,295,281,270,265,265,271,281,291,298,305,307,307,303,299,297,299,304,313,324,332,339,340,336
GS11,72/07/20,326,312,296,280,267,262,261,265,274,282,292,302,309,313,313,309,306,306,309,317,325,331,334,336
GS11,72/07/21,332,323,308,292,277,263,256,252,254,263,275,289,301,313,319,319,316,313,310,310,315,321,328,332
GS11,72/07/22,334,331,321,307,290,274,262,253,249,251,263,281,298,314,327,332,333,328,322,316,312,316,323,331
GS11,72/07/23,337,339,335,323,307,287,267,251,240,236,243,261,281,303,322,333,337,333,325,316,310,309,312,320
GS11,72/07/24,330,339,342,337,322,301,276,254,237,223,223,233,254,280,308,326,337,337,330,318,307,299,296,302
GS11,72/07/25,315,329,340,342,337,321,297,268,241,221,216,218,235,261,289,317,335,340,336,325,311,299,292,292
GS11,72/07/26,303,320,334,346,349,339,317,289,257,230,215,211,223,247,279,312,339,354,354,345,331,316,304,300
GS11,72/07/27,307,323,344,361,371,367,352,324,292,263,238,229,232,252,281,315,348,367,373,366,349,329,312,303
GS11,72/07/28,303,318,338,359,376,383,376,354,323,289,261,242,238,250,273,303,332,357,369,367,354,334,314,300
GS11,72/07/29,293,299,317,339,359,372,375,363,339,307,276,251,239,242,261,288,316,344,362,369,361,343,318,294
GS11,72/07/30,277,275,285,305,329,340,362,360,345,320,291,264,246,239,249,272,300,324,347,356,354,338,314,290
GS11,72/07/31,269,258,261,275,298,320,339,346,343,330,307,283,264,252,253,266,288,311,333,349,352,345,325,302
GS11,72/08/01,280,262,252,255,270,288,307,324,330,327,317,301,283,271,265,270,284,305,327,345,353,351,336,316
GS11,72/08/02,293,271,256,250,252,264,284,300,313,318,317,310,300,292,286,286,293,306,322,335,343,346,341,324
GS11,72/08/03,305,286,267,252,248,252,264,277,291,301,310,313,313,311,308,307,310,314,325,335,347,351,351,343
GS11,72/08/04,330,313,292,273,257,251,251,257,265,283,298,311,320,325,327,325,323,323,326,333,341,347,351,349
GS11,72/08/05,343,332,316,297,278,259,247,243,246,259,275,293,310,324,332,338,337,335,330,329,329,332,338,343
GS11,72/08/06,347,346,339,323,302,279,258,243,235,238,253,274,297,320,337,349,353,349,342,336,333,335,341,350
GS11,72/08/07,359,367,369,362,345,321,296,272,254,247,256,276,306,334,357,372,379,373,359,343,330,323,324,333
GS11,72/08/08,346,360,370,373,363,342,312,280,251,231,227,236,259,289,320,347,360,366,357,342,325,311,304,307
GS11,72/08/09,319,337,356,367,371,360,336,304,272,245,229,226,240,265,297,329,351,364,363,350,329,309,295,290
GS11,72/08/10,295,311,331,350,361,363,349,322,290,257,232,220,224,243,272,303,329,345,351,340,322,300,280,270
GS11,72/08/11,270,282,303,325,343,354,350,330,302,270,242,223,220,232,256,285,313,333,341,338,321,298,274,257
GS11,72/08/12,254,260,277,299,323,337,342,334,314,287,256,232,222,227,245,273,302,327,338,336,324,302,278,256
GS11,72/08/13,244,244,255,275,299,321,331,331,318,298,275,253,239,237,249,268,294,316,331,336,328,310,286,263
GS11,72/08/14,247,241,244,261,280,300,316,320,315,301,282,263,249,244,251,266,288,308,323,330,328,313,292,269
GS11,72/08/15,250,240,238,246,261,280,296,307,309,305,293,278,266,258,258,265,281,300,316,328,330,323,307,286
GS11,72/08/16,266,250,240,239,246,260,277,289,299,302,298,290,282,274,272,275,285,298,313,324,329,326,313,295
GS11,72/08/17,277,262,249,242,242,250,261,273,283,290,291,291,288,284,281,283,288,296,306,315,321,321,315,303
GS11,72/08/18,290,275,260,249,243,241,247,255,264,273,283,288,290,291,291,293,295,299,304,310,316,318,314,310
GS11,72/08/19,301,289,275,264,252,244,242,243,247,257,267,278,289,296,300,301,301,301,301,302,305,307,308,308
GS11,72/08/20,306,299,291,278,261,251,239,234,234,240,253,267,283,297,306,311,311,307,303,300,300,302,307,311
GS11,72/08/21,317,318,314,304,288,271,255,240,234,235,244,260,281,302,319,329,333,329,320,312,306,305,310,320
GS11,72/08/22,330,339,341,336,321,301,278,257,241,234,238,253,277,302,326,341,345,342,331,316,304,297,298,308
GS11,72/08/23,322,337,352,352,342,321,294,267,242,227,223,234,256,283,312,333,346,347,335,318,299,286,282,289
GS11,72/08/24,306,327,347,357,358,343,318,286,255,221,220,225,242,270,301,328,347,352,342,325,304,284,271,272
GS11,72/08/25,285,310,335,356,365,362,343,312,279,247,228,223,234,258,290,323,349,363,359,342,317,291,270,261
GS11,72/08/26,269,289,317,345,366,372,362,337,305,272,247,234,236,255,285,321,351,370,372,358,332,302,275,259
GS11,72/08/27,258,271,297,326,354,369,370,355,331,299,270,249,242,252,277,310,341,364,373,367,347,316,285,259
GS11,72/08/28,245,248,267,296,327,355,370,370,353,327,301,278,267,269,285,311,341,365,379,379,365,337,305,273
GS11,72/08/29,252,244,252,273,301,329,349,356,351,336,314,293,276,273,282,302,327,352,366,371,364,343,313,281
GS11,72/08/30,255,239,234,245,267,292,316,332,337,332,320,306,292,284,285,296,313,334,350,359,360,347,324,297
GS11,72/08/31,271,251,240,238,248,266,287,307,318,322,320,315,309,303,302,305,312,324,337,346,350,346,333,314
GS11,72/09/01,294,273,255,246,243,250,262,275,288,297,304,305,306,306,307,309,314,319,328,336,341,343,339,331
GS11,72/09/02,316,300,282,265,253,247,247,251,261,274,286,298,306,312,313,314,314,315,316,317,321,322,323,322
GS11,72/09/03,319,311,300,285,268,254,244,240,243,251,265,282,299,313,321,325,323,318,312,308,307,310,314,318
GS11,72/09/04,322,324,319,307,290,269,251,238,231,233,246,265,287,307,322,329,329,322,311,303,297,296,300,309
GS11,72/09/05,321,331,334,331,316,294,271,248,232,226,232,249,274,299,321,335,338,332,318,303,289,282,282,291
GS11,72/09/06,306,323,338,342,336,318,292,262,237,223,223,235,258,285,313,334,343,339,325,304,286,270,266,271
GS11,72/09/07,287,307,327,342,345,336,314,286,256,233,223,228,248,277,305,330,344,345,332,311,289,267,256,257
GS11,72/09/08,271,294,319,341,355,356,343,315,283,256,241,236,249,272,301,329,351,356,348,327,301,276,256,250
GS11,72/09/09,256,277,304,330,350,360,354,333,304,275,252,244,252,273,299,329,352,362,358,341,314,285,260,246
GS11,72/09/10,249,265,292,322,346,362,364,352,330,303,278,264,262,276,299,325,351,365,365,351,325,295,266,247
GS11,72/09/11,241,247,267,296,326,345,355,351,334,310,288,271,263,270,287,313,339,356,360,350,329,301,274,251
GS11,72/09/12,236,236,251,275,301,323,339,341,334,317,298,281,272,273,285,306,329,348,356,353,337,312,284,257
GS11,72/09/13,240,235,243,261,285,306,324,332,331,322,309,293,282,278,284,301,320,338,350,351,341,320,295,271
GS11,72/09/14,251,241,237,246,263,283,303,315,320,318,310,301,292,288,289,297,312,328,340,344,341,329,309,287
GS11,72/09/15,266,251,245,248,260,274,288,301,308,312,312,307,302,300,302,306,313,321,329,335,335,329,317,301
GS11,72/09/16,285,272,262,256,256,261,271,280,290,297,303,306,308,309,310,312,315,319,325,330,334,335,334,328
GS11,72/09/17,318,306,294,283,275,270,269,271,276,285,293,301,306,310,312,312,310,309,308,308,309,310,309,307
GS11,72/09/18,303,293,282,271,261,252,246,246,252,258,270,285,299,309,316,319,317,312,306,304,302,304,307,313
GS11,72/09/19,315,313,308,298,282,266,252,243,240,246,259,277,297,316,327,336,336,327,316,307,301,299,304,314
GS11,72/09/20,324,331,332,324,313,293,272,254,245,244,252,270,292,315,337,346,346,337,319,301,288,281,284,296
GS11,72/09/21,314,331,341,342,331,310,283,257,237,228,231,248,273,300,327,344,348,338,317,293,272,259,259,272
GS11,72/09/22,292,317,339,349,347,332,306,277,251,233,229,241,266,293,323,345,354,348,328,301,273,250,245,251
GS11,72/09/23,273,303,331,355,364,356,336,308,277,253,240,243,263,291,325,353,367,364,346,319,288,260,242,242
GS11,72/09/24,260,288,320,351,371,378,369,347,317,290,270,267,280,298,327,360,382,386,373,347,312,277,250,237
GS11,72/09/25,241,262,293,327,357,374,374,358,334,306,282,272,273,286,310,337,361,372,367,348,317,279,244,221
GS11,72/09/26,217,228,251,289,323,348,358,356,341,318,297,280,275,285,302,323,345,363,368,360,337,305,269,237
GS11,72/09/27,216,211,223,245,273,304,329,343,345,335,318,300,288,286,295,311,331,350,362,362,350,325,291,256
GS11,72/09/28,230,215,214,228,252,280,309,326,334,332,324,311,301,295,298,309,325,342,356,363,356,338,312,285
GS11,72/09/29,261,242,233,233,245,263,284,304,320,329,331,328,324,320,319,322,328,335,342,348,348,341,326,308
GS11,72/09/30,288,269,253,246,245,251,263,277,292,305,317,321,321,317,315,314,314,316,322,327,332,336,332,323
GS11,72/10/01,309,292,274,259,250,247,251,260,273,289,303,314,320,322,321,319,317,314,314,314,320,325,329,329
GS11,72/10/02,325,316,301,284,270,259,253,253,260,273,289,305,317,323,324,322,316,309,303,302,304,308,313,320
GS11,72/10/03,325,325,320,307,292,275,261,252,251,259,274,293,310,326,333,334,328,317,302,293,288,289,298,310
GS11,72/10/04,326,337,339,335,321,300,280,262,254,254,267,287,309,328,341,345,342,326,307,288,276,270,274,287
GS11,72/10/05,307,327,342,347,340,322,299,276,258,252,257,272,294,316,335,347,344,330,308,285,266,255,253,263
GS11,72/10/06,284,307,332,350,352,343,323,300,277,265,264,273,292,321,344,363,367,358,339,313,289,269,262,268
GS11,72/10/07,287,313,338,358,366,362,344,320,297,278,268,272,288,312,336,356,361,354,334,308,280,255,241,239
GS11,72/10/08,253,277,306,333,351,353,345,327,305,283,270,267,277,296,320,340,352,353,340,317,285,260,238,228
GS11,72/10/09,234,253,279,304,330,346,347,337,319,298,281,271,273,286,307,330,347,355,349,332,306,275,252,234
GS11,72/10/10,232,243,267,295,323,345,355,350,339,322,305,292,288,295,310,330,351,361,359,344,321,293,267,248
GS11,72/10/11,240,246,262,284,311,336,351,353,347,334,321,308,303,307,318,334,349,361,365,358,340,317,292,271
GS11,72/10/12,261,261,270,285,308,331,350,358,358,351,341,332,324,322,328,341,353,364,368,363,348,327,305,283
GS11,72/10/13,266,257,259,270,287,306,325,336,341,339,333,324,318,314,317,327,338,348,353,352,344,328,310,290
GS11,72/10/14,273,261,256,260,271,283,302,314,322,326,324,319,314,312,312,317,324,331,337,338,334,324,309,291
GS11,72/10/15,274,260,254,253,257,266,279,293,304,313,317,319,318,317,315,316,319,321,323,325,325,322,315,305
GS11,72/10/16,293,281,270,263,260,262,268,278,288,297,307,313,317,318,317,315,312,310,309,310,311,312,310,306
GS11,72/10/17,301,293,283,274,267,262,261,264,271,282,293,305,316,322,324,321,316,309,303,300,300,303,307,311
GS11,72/10/18,313,311,305,294,282,270,261,256,261,269,285,303,320,329,333,330,320,306,292,282,280,284,294,307
GS11,72/10/19,318,324,324,315,300,283,265,254,251,254,267,287,309,325,334,334,324,305,287,267,258,260,269,287
GS11,72/10/20,307,323,331,330,319,300,279,260,249,249,258,279,302,325,339,344,336,316,291,267,248,242,250,269
GS11,72/10/21,293,318,334,342,339,323,303,282,264,257,264,281,302,327,347,356,352,331,303,274,248,235,236,250
GS11,72/10/22,277,308,337,357,364,356,341,316,295,279,275,285,305,332,355,373,377,359,329,294,259,229,216,219
GS11,72/10/23,241,272,309,341,362,366,357,336,311,288,275,276,291,317,342,362,369,361,336,300,259,225,201,196
GS11,72/10/24,211,240,274,309,338,353,354,343,323,300,284,276,284,303,330,354,368,368,352,322,283,244,212,194
GS11,72/10/25,198,217,244,278,311,337,349,350,336,319,301,290,287,298,319,341,358,369,366,349,317,280,244,216
GS11,72/10/26,200,201,215,241,276,307,330,339,340,328,316,302,293,295,305,324,342,356,359,350,331,302,271,242
GS11,72/10/27,220,210,211,227,251,279,304,324,333,332,323,312,302,297,298,308,321,333,342,343,333,315,291,264
GS11,72/10/28,239,222,214,218,229,251,275,297,311,317,316,312,305,299,299,304,312,322,332,335,333,322,309,290
GS11,72/10/29,271,253,242,237,240,250,267,285,303,313,325,327,325,320,317,315,316,320,326,332,336,336,329,319
GS11,72/10/30,306,293,278,265,256,258,266,277,290,303,316,324,325,324,318,312,305,302,301,303,305,309,312,313
GS11,72/10/31,311,305,293,281,271,264,261,265,274,286,298,311,320,325,323,317,307,296,288,284,285,289,297,305
GS11,72/11/01,310,312,310,301,288,277,266,263,266,277,292,308,320,325,326,318,304,288,274,265,263,268,278,293
GS11,72/11/02,307,319,323,318,305,289,274,264,263,269,282,297,313,326,330,326,313,293,273,256,246,245,256,274
GS11,72/11/03,293,312,325,329,323,309,292,276,267,266,275,292,311,329,342,344,333,313,290,267,248,244,250,266
GS11,72/11/04,291,314,334,347,348,338,320,301,287,280,283,297,316,335,350,354,348,328,299,271,247,232,231,243
GS11,72/11/05,265,291,315,333,341,337,324,306,289,277,275,284,299,318,335,344,342,327,304,275,247,227,217,223
GS11,72/11/06,244,270,299,325,341,344,337,321,305,293,288,291,302,321,342,358,363,354,334,304,272,246,228,225
GS11,72/11/07,237,260,287,314,337,348,346,335,320,303,292,288,295,312,333,351,360,355,338,309,275,243,219,208
GS11,72/11/08,212,231,257,287,313,330,337,334,318,302,286,277,279,293,312,331,346,348,337,313,282,249,223,207
GS11,72/11/09,203,215,238,267,295,317,328,329,322,307,293,283,281,290,305,322,337,342,337,321,296,267,241,220
GS11,72/11/10,210,214,229,254,281,306,323,332,330,322,309,298,293,295,306,323,341,352,355,346,325,298,269,246
GS11,72/11/11,231,228,236,251,273,296,317,331,334,329,319,308,300,298,302,311,322,332,336,332,318,297,273,250
GS11,72/11/12,233,224,225,235,252,273,293,309,319,321,317,310,303,298,298,305,314,324,331,332,325,310,294,275
GS11,72/11/13,259,246,241,241,249,264,282,300,314,322,323,319,312,308,303,303,306,312,317,322,323,317,305,290
GS11,72/11/14,273,258,247,242,243,251,263,277,291,303,312,315,312,306,298,293,290,291,295,301,306,308,306,300
GS11,72/11/15,290,279,268,259,255,256,263,275,291,305,318,327,329,326,318,309,301,295,294,295,300,306,313,316
GS11,72/11/16,315,309,298,287,276,268,265,270,281,294,310,325,335,338,333,323,308,293,282,278,283,293,306,319
GS11,72/11/17,329,333,330,320,307,295,285,280,283,293,310,325,339,346,345,335,316,294,275,260,257,263,278,297
GS11,72/11/18,317,332,338,336,324,308,292,281,277,282,295,311,330,344,347,341,323,296,268,245,232,232,244,267
GS11,72/11/19,293,318,336,344,342,330,313,298,288,286,294,312,329,348,360,359,344,317,284,251,228,215,221,239
GS11,72/11/20,268,300,328,351,357,352,339,319,304,292,294,306,325,345,363,372,365,341,307,269,235,211,203,215
GS11,72/11/21,241,275,312,342,361,368,362,348,333,320,314,318,330,350,368,383,384,368,337,297,257,220,198,193
GS11,72/11/22,205,233,268,302,332,352,357,352,337,322,308,304,310,327,347,366,375,370,350,316,275,234,204,186
GS11,72/11/23,187,204,236,271,301,328,343,344,335,321,306,296,294,305,322,342,355,358,352,331,296,261,227,202
GS11,72/11/24,192,198,217,247,281,311,331,342,343,333,319,307,299,303,312,328,344,356,356,344,322,291,257,226
GS11,72/11/25,206,201,206,226,254,283,309,328,335,333,324,311,301,297,300,311,325,335,342,339,327,306,282,256
GS11,72/11/26,234,220,218,227,246,252,297,316,328,331,326,316,304,295,293,296,304,316,326,331,331,322,306,286
GS11,72/11/27,266,248,240,240,250,267,287,307,323,331,332,327,317,306,297,294,297,303,310,317,322,322,317,305
GS11,72/11/28,289,273,258,250,248,256,270,286,303,318,326,326,321,312,302,293,287,284,285,291,297,304,307,306
GS11,72/11/29,301,291,280,270,263,263,270,282,297,311,323,328,328,322,310,296,283,274,269,269,274,282,291,298
GS11,72/11/30,303,302,297,288,277,271,272,277,289,304,318,326,330,330,323,309,293,279,267,264,268,278,292,308
GS11,72/12/01,319,327,328,322,311,301,293,291,295,303,313,324,333,335,330,317,299,279,260,248,243,246,259,274
GS11,72/12/02,292,307,317,320,315,306,296,289,286,292,301,313,324,334,334,326,309,286,263,242,228,226,235,251
GS11,72/12/03,272,293,312,323,325,318,307,296,289,288,294,306,320,333,340,339,326,304,277,250,232,222,225,238
GS11,72/12/04,261,287,311,329,337,335,326,314,302,295,295,303,316,331,342,345,337,317,291,263,238,220,213,221
GS11,72/12/05,242,267,293,316,331,336,333,322,308,297,292,295,307,323,336,345,345,331,308,281,253,229,217,219
GS11,72/12/06,233,257,284,311,331,343,344,338,326,314,304,303,310,324,339,351,355,347,328,301,271,243,221,214
GS11,72/12/07,219,239,265,293,320,340,347,344,335,323,311,304,307,319,335,352,362,360,347,324,296,266,242,228
GS11,72/12/08,229,241,264,291,317,338,351,354,347,335,323,312,311,317,331,345,357,361,353,336,309,280,253,233
GS11,72/12/09,225,230,247,271,298,322,340,346,342,331,316,301,295,295,305,319,332,342,343,333,314,287,261,237
GS11,72/12/10,224,221,231,251,274,299,322,336,340,336,325,312,301,298,302,313,326,337,343,340,328,307,283,259
GS11,72/12/11,239,229,230,242,261,284,307,325,335,336,328,315,303,295,293,298,308,319,327,330,326,314,296,274
GS11,72/12/12,256,243,241,247,260,279,300,320,335,342,341,332,322,312,306,309,317,326,337,340,340,333,320,302
GS11,72/12/13,285,269,258,255,260,271,288,304,322,332,336,333,324,312,301,294,291,294,299,306,313,316,315,307
GS11,72/12/14,296,284,273,268,266,272,284,299,313,325,332,333,326,315,301,288,278,273,273,278,285,292,298,300
GS11,72/12/15,296,289,280,271,265,264,269,279,290,302,313,319,321,313,299,283,267,253,245,244,250,260,272,284
GS11,72/12/16,292,296,296,289,282,276,274,276,284,295,307,316,323,321,312,296,276,255,238,229,229,237,253,270
GS11,72/12/17,288,304,312,314,308,301,294,290,291,297,307,317,327,332,329,316,296,271,246,227,217,218,229,249
GS11,72/12/18,272,294,314,326,330,326,317,309,304,304,310,319,327,337,340,335,318,293,262,233,212,202,205,221
GS11,72/12/19,245,274,300,321,334,337,330,319,309,303,303,309,320,332,343,346,337,316,285,251,222,201,193,199
GS11,72/12/20,218,251,283,312,335,345,345,335,322,311,306,307,317,331,344,354,353,339,312,278,242,212,191,185
GS11,72/12/21,195,219,251,284,313,334,341,336,324,311,301,295,299,310,324,338,346,341,326,299,264,229,200,182
GS11,72/12/22,180,196,222,254,286,312,327,328,320,307,293,282,279,286,300,314,327,334,329,313,285,252,220,192
GS11,72/12/23,179,182,199,225,256,286,311,322,323,312,297,284,275,277,286,302,319,334,339,333,315,290,260,232
GS11,72/12/24,214,209,218,237,265,298,327,350,360,359,348,333,319,309,309,315,326,338,345,346,338,322,298,272
GS11,72/12/25,250,236,236,249,273,299,325,344,351,350,339,322,306,291,286,287,298,310,322,329,329,320,303,284
GS11,72/12/26,264,249,242,244,256,276,296,317,331,336,330,317,301,286,274,272,275,283,293,303,312,312,307,296
GS11,72/12/27,282,267,257,253,257,270,287,306,320,329,329,319,305,290,277,267,264,265,271,280,289,296,298,296
GS11,72/12/28,290,283,275,269,268,276,288,303,316,327,331,329,318,306,293,282,272,269,271,278,287,296,303,309
GS11,72/12/29,309,307,302,297,296,297,303,313,324,336,343,343,338,328,316,302,290,279,271,271,276,284,292,300
GS11,72/12/30,307,312,311,308,303,300,299,303,309,316,322,325,324,320,312,299,284,269,255,248,248,254,264,278
GS11,72/12/31,291,302,309,311,309,305,302,301,302,307,313,319,323,323,319,309,293,273,252,239,232,233,241,259
