GS11,93/01/01,277,265,258,257,262,274,290,307,321,327,324,315,302,287,274,264,259,261,267,276,285,291,294,291
GS11,93/01/02,285,279,273,270,272,279,290,303,316,325,328,324,316,303,289,275,264,258,258,262,271,280,288,293
GS11,93/01/03,294,293,291,288,286,287,293,302,313,324,332,334,330,321,308,291,274,260,251,248,252,261,273,285
GS11,93/01/04,294,300,302,300,297,293,291,293,299,306,314,320,322,319,311,297,279,260,244,234,232,239,252,269
GS11,93/01/05,287,302,312,316,315,310,305,302,302,308,317,327,334,337,333,321,301,277,251,230,218,217,226,243
GS11,93/01/06,265,288,306,316,318,314,304,294,287,287,292,302,314,324,330,327,312,288,258,230,209,199,202,218
GS11,93/01/07,242,271,298,319,330,331,326,316,307,302,303,310,323,338,350,354,346,326,296,263,233,213,208,218
GS11,93/01/08,239,267,299,327,345,352,348,336,320,306,300,302,314,332,349,361,363,350,324,289,250,217,195,190
GS11,93/01/09,202,229,264,299,328,345,348,339,323,305,291,287,294,310,333,355,368,366,349,320,283,244,214,198
GS11,93/01/10,199,218,249,285,320,345,357,354,340,320,301,289,287,297,317,342,363,373,368,347,314,276,239,213
GS11,93/01/11,202,209,231,264,300,331,351,356,346,328,306,286,274,275,289,313,338,357,364,356,334,302,266,233
GS11,93/01/12,213,208,220,244,276,309,336,350,349,335,312,287,268,260,266,282,304,326,341,345,337,316,287,256
GS11,93/01/13,230,216,217,232,258,289,317,336,341,333,315,291,268,253,248,255,271,292,311,325,329,321,304,282
GS11,93/01/14,259,243,237,242,259,283,309,330,342,341,330,311,289,270,259,256,263,278,296,312,323,325,318,306
GS11,93/01/15,291,276,267,266,275,291,312,332,346,351,345,330,310,289,272,261,258,263,272,285,298,307,312,310
GS11,93/01/16,306,299,294,292,295,303,316,331,344,352,352,344,329,311,293,278,267,262,263,269,279,291,301,309
GS11,93/01/17,313,314,312,309,307,308,313,321,331,339,343,342,334,322,306,288,270,255,245,241,244,253,266,279
GS11,93/01/18,292,302,308,309,306,302,300,302,307,314,321,325,325,321,312,299,281,262,244,232,227,231,243,260
GS11,93/01/19,279,297,311,319,321,318,312,307,304,306,311,318,324,328,327,320,304,282,258,237,223,218,223,236
GS11,93/01/20,257,280,301,317,324,323,316,307,299,297,300,308,318,328,333,332,321,302,276,249,227,214,211,220
GS11,93/01/21,238,263,288,309,322,326,320,309,295,286,283,288,299,312,326,333,329,313,288,258,231,210,201,204
GS11,93/01/22,218,242,270,297,316,324,322,311,297,284,276,276,286,302,320,333,337,329,307,278,246,219,202,198
GS11,93/01/23,208,230,259,288,313,327,328,320,305,288,276,271,276,289,309,329,340,339,324,299,268,237,214,203
GS11,93/01/24,206,223,249,279,307,326,334,329,315,296,279,268,267,278,297,319,336,343,337,318,290,259,232,214
GS11,93/01/25,210,221,243,272,302,327,340,340,328,310,291,276,271,278,295,317,339,354,356,344,321,293,265,243
GS11,93/01/26,233,237,254,279,308,334,350,354,345,327,305,284,271,269,279,299,322,341,350,347,332,308,281,256
GS11,93/01/27,241,239,248,268,294,321,341,350,346,332,312,290,273,265,269,284,305,326,341,345,338,321,298,276
GS11,93/01/28,258,251,257,272,295,320,340,351,352,343,326,304,282,268,264,270,285,303,318,326,326,317,301,283
GS11,93/01/29,267,257,256,266,283,303,323,336,341,336,323,303,282,265,256,257,266,280,294,306,311,309,300,287
GS11,93/01/30,275,266,263,267,277,293,311,325,333,332,324,308,290,272,260,254,257,264,275,287,295,299,298,293
GS11,93/01/31,286,279,275,275,280,291,304,317,326,329,326,316,301,285,271,261,256,257,263,273,284,294,301,304
GS11,93/02/01,304,302,299,298,300,306,316,326,336,341,341,334,322,309,304,305,306,307,308,309,310,311,312,313
GS11,93/02/02,314,315,316,317,318,319,320,321,325,330,334,334,329,319,305,287,269,252,240,234,236,244,258,274
GS11,93/02/03,288,300,308,310,309,305,302,300,302,306,312,318,321,320,313,300,282,260,239,224,218,221,233,252
GS11,93/02/04,274,295,311,320,322,318,311,303,299,300,306,315,323,329,330,323,306,282,253,226,208,200,206,221
GS11,93/02/05,245,272,297,314,321,320,312,300,289,283,284,291,304,319,330,333,325,305,276,243,214,195,190,200
GS11,93/02/06,223,254,286,313,330,334,327,313,296,283,276,280,294,314,333,347,349,336,310,275,238,209,192,191
GS11,93/02/07,205,233,268,301,326,338,337,325,306,286,272,269,279,299,323,347,361,361,345,316,278,242,214,201
GS11,93/02/08,205,224,255,289,320,339,344,333,313,288,266,253,253,266,289,317,341,353,350,330,298,260,226,202
GS11,93/02/09,196,207,233,267,302,329,342,339,323,298,270,249,240,244,262,289,318,340,349,343,323,293,259,230
GS11,93/02/10,213,213,229,257,289,319,338,342,332,311,282,256,238,232,240,260,286,311,329,335,329,310,284,257
GS11,93/02/11,237,230,236,254,281,308,331,342,339,323,297,269,245,231,231,242,262,286,307,322,326,320,305,286
GS11,93/02/12,269,258,257,267,285,307,327,340,342,332,311,286,261,242,232,234,244,260,278,294,305,308,303,293
GS11,93/02/13,281,272,267,269,278,292,307,320,327,324,313,295,274,253,237,229,230,239,252,267,280,290,295,295
GS11,93/02/14,291,287,284,283,287,295,304,314,321,322,316,305,289,271,254,240,233,232,235,243,255,266,277,284
GS11,93/02/15,287,288,288,286,286,288,295,305,312,314,313,310,302,290,275,260,247,238,234,234,240,250,262,275
GS11,93/02/16,286,294,298,300,299,297,297,298,301,305,308,309,307,301,291,279,264,248,236,229,229,234,245,260
GS11,93/02/17,277,292,304,310,309,306,303,302,304,309,319,329,334,333,329,319,304,285,266,250,240,237,244,257
GS11,93/02/18,276,295,312,322,325,322,314,304,297,294,297,305,315,324,329,327,316,297,273,250,232,224,226,237
GS11,93/02/19,257,281,303,320,327,325,316,303,290,282,281,288,301,315,327,332,327,311,287,260,236,219,214,220
GS11,93/02/20,238,263,289,310,322,324,315,300,281,266,260,265,278,296,314,328,331,322,302,275,247,224,212,213
GS11,93/02/21,227,250,279,305,323,331,327,313,294,275,263,261,271,290,313,333,344,343,330,308,281,256,239,236
GS11,93/02/22,247,267,292,318,340,352,350,338,317,294,276,268,273,288,311,334,351,357,349,330,304,276,254,242
GS11,93/02/23,243,260,286,315,340,356,360,350,330,305,281,265,263,274,295,321,343,355,354,341,318,290,264,247
GS11,93/02/24,243,252,272,299,324,343,350,343,326,301,275,255,246,250,267,292,317,335,342,336,318,293,268,248
GS11,93/02/25,239,242,257,280,304,324,335,333,319,296,270,247,234,233,245,267,292,314,327,327,316,297,275,256
GS11,93/02/26,244,244,255,274,296,316,328,330,320,300,275,251,234,228,233,250,272,294,310,317,313,300,283,266
GS11,93/02/27,254,251,257,272,291,310,325,331,325,309,287,263,243,231,230,240,258,279,297,309,312,308,297,284
GS11,93/02/28,273,268,271,281,298,317,333,343,343,332,314,291,270,254,246,247,257,272,289,303,312,313,309,301
GS11,93/03/01,292,285,284,289,298,311,323,9999,9999,9999,9999,9999,9999,9999,9999,9999,9999,9999,9999,9999,9999,9999,9999,9999
GS11,93/03/02,9999,9999,9999,9999,9999,9999,9999,9999,9999,9999,9999,9999,9999,281,265,252,244,242,245,252,262,273,283,291
GS11,93/03/03,296,298,299,299,298,300,303,307,311,314,314,311,303,293,280,266,252,241,235,234,240,251,265,279
GS11,93/03/04,293,303,309,310,308,305,302,300,300,302,305,309,310,308,301,289,272,253,236,225,221,226,238,256
GS11,93/03/05,275,293,306,312,311,306,298,289,284,283,287,295,305,312,313,308,293,272,247,226,212,208,215,232
GS11,93/03/06,256,282,303,317,321,316,304,290,278,271,272,281,295,311,324,329,322,303,276,247,223,209,207,218
GS11,93/03/07,241,269,297,319,330,329,318,300,281,266,260,266,281,302,325,342,347,338,316,286,255,230,217,219
GS11,93/03/08,235,263,295,322,340,345,336,316,292,268,253,252,265,287,315,340,355,356,342,315,281,249,226,218
GS11,93/03/09,226,249,279,311,335,346,341,323,296,267,243,231,235,252,279,310,336,350,348,331,304,271,243,227
GS11,93/03/10,226,241,268,298,326,342,344,331,305,274,244,224,218,227,250,280,311,334,343,338,320,293,265,243
GS11,93/03/11,234,240,259,286,314,335,343,336,315,285,253,226,210,208,221,246,276,304,324,331,324,307,285,264
GS11,93/03/12,250,248,259,279,304,327,341,341,328,304,274,244,222,212,215,232,256,284,308,323,328,322,309,293
GS11,93/03/13,280,275,278,291,310,331,346,351,344,326,301,274,249,231,225,231,246,266,286,303,312,313,308,298
GS11,93/03/14,288,280,279,286,299,316,329,337,335,324,306,284,261,242,230,228,235,247,263,279,293,300,302,299
GS11,93/03/15,294,289,286,288,295,305,316,324,327,324,314,300,282,265,250,242,241,246,255,268,281,293,302,307
GS11,93/03/16,309,311,311,310,312,316,322,328,332,332,329,322,311,297,282,269,260,254,254,257,265,275,285,295
GS11,93/03/17,303,309,311,311,309,308,308,308,310,313,315,316,314,307,297,285,272,261,253,250,251,257,268,281
GS11,93/03/18,294,305,311,312,309,304,298,294,293,295,299,304,309,311,308,301,289,274,261,250,245,246,255,268
GS11,93/03/19,285,302,313,318,317,310,300,290,283,281,285,294,304,313,317,315,305,289,270,253,241,236,241,253
GS11,93/03/20,271,291,308,317,318,312,299,284,271,264,265,274,288,303,315,320,316,303,284,262,243,232,231,241
GS11,93/03/21,258,280,301,315,320,315,301,282,263,249,246,254,269,289,307,320,324,315,296,272,249,232,226,231
GS11,93/03/22,247,270,295,315,325,324,312,291,267,247,237,240,254,276,300,320,331,329,315,293,268,246,232,230
GS11,93/03/23,242,263,288,312,327,330,319,298,271,246,230,226,236,256,283,309,329,336,330,312,287,262,244,237
GS11,93/03/24,242,260,284,309,328,336,331,313,287,259,237,227,232,249,275,304,330,345,348,338,319,298,278,266
GS11,93/03/25,267,278,298,320,339,348,345,329,303,272,246,229,225,236,259,288,316,335,342,336,320,298,276,261
GS11,93/03/26,256,263,280,302,322,335,338,327,306,277,249,227,218,222,239,265,293,318,333,334,324,306,285,268
GS11,93/03/27,260,262,274,292,312,329,336,331,314,289,260,234,218,214,224,244,271,297,317,325,323,311,294,278
GS11,93/03/28,267,265,273,288,307,325,335,336,325,305,279,254,235,224,225,239,261,287,310,325,330,327,317,305
GS11,93/03/29,295,291,293,303,318,334,346,350,344,328,306,281,257,240,233,235,247,264,283,298,308,311,307,299
GS11,93/03/30,290,284,282,287,296,307,317,323,321,312,297,277,256,238,226,222,226,238,254,271,285,295,298,297
GS11,93/03/31,293,289,286,285,288,295,303,309,311,308,301,290,275,258,243,232,227,229,237,250,265,279,291,299
GS11,93/04/01,302,302,301,298,297,298,301,305,310,313,313,311,304,292,279,265,253,245,241,242,254,266,280,293
GS11,93/04/02,304,310,312,308,303,297,292,290,291,294,300,305,307,305,296,282,266,248,236,229,231,241,258,276
GS11,93/04/03,294,309,316,315,308,297,286,277,273,276,283,295,308,316,317,309,294,273,252,236,229,231,244,266
GS11,93/04/04,290,312,326,329,323,309,291,274,262,257,265,279,299,318,331,335,326,308,284,259,241,232,237,253
GS11,93/04/05,278,306,329,340,339,326,305,282,260,247,246,258,280,306,331,347,348,337,314,284,258,239,234,242
GS11,93/04/06,263,291,317,335,340,331,310,281,251,228,218,223,241,269,300,328,344,346,333,307,281,256,240,240
GS11,93/04/07,254,278,306,329,343,340,325,297,263,232,213,208,218,243,276,310,337,352,351,337,314,287,265,256
GS11,93/04/08,260,278,302,326,344,349,340,317,285,248,219,203,202,217,243,277,306,329,339,335,319,296,273,258
GS11,93/04/09,255,265,283,306,327,338,338,322,294,260,226,202,192,197,216,244,276,303,323,328,322,308,288,271
GS11,93/04/10,264,267,279,298,318,335,341,333,313,283,252,223,204,199,208,228,254,280,305,319,322,315,301,286
GS11,93/04/11,275,273,278,291,308,323,332,332,320,298,272,243,221,209,209,220,239,263,286,305,316,318,313,302
GS11,93/04/12,293,288,288,294,306,318,328,331,325,311,291,268,244,227,219,221,231,246,263,280,293,300,300,298
GS11,93/04/13,291,285,283,283,289,296,304,309,310,303,293,276,259,242,230,225,227,235,246,260,274,286,292,294
GS11,93/04/14,292,290,286,283,283,285,289,293,295,295,290,283,271,258,246,236,232,233,238,248,260,272,282,289
GS11,93/04/15,294,295,292,289,285,283,283,284,288,289,292,292,288,281,272,262,253,247,245,248,255,265,276,286
GS11,93/04/16,295,301,301,297,291,283,277,274,273,277,282,288,292,293,288,282,271,261,253,249,250,258,270,284
GS11,93/04/17,298,309,314,313,305,294,283,274,270,272,280,291,301,309,312,310,300,287,274,263,258,260,268,283
GS11,93/04/18,298,313,321,323,317,304,287,273,262,259,264,277,293,307,317,319,314,302,286,271,260,257,261,273
GS11,93/04/19,290,307,321,325,321,308,290,269,251,241,242,253,271,291,308,318,319,310,294,275,259,250,250,259
GS11,93/04/20,276,296,313,323,323,313,293,268,246,230,226,233,251,274,297,314,323,318,305,285,267,252,246,252
GS11,93/04/21,267,288,309,324,329,320,300,273,245,222,210,214,230,255,284,308,325,329,321,304,284,266,254,254
GS11,93/04/22,265,285,307,326,336,334,318,292,262,233,215,210,219,242,271,300,323,334,334,321,303,286,273,265
GS11,93/04/23,270,286,306,325,339,341,331,309,279,248,223,211,214,230,256,286,312,331,337,332,317,298,280,268
GS11,93/04/24,267,277,293,312,328,336,331,313,286,255,227,208,202,210,232,261,292,317,333,337,329,315,298,284
GS11,93/04/25,279,285,298,315,332,342,343,334,311,282,252,227,214,213,226,249,274,299,318,325,322,312,296,282
GS11,93/04/26,274,274,281,294,309,322,329,325,310,285,256,229,209,200,205,219,243,270,294,309,316,315,305,292
GS11,93/04/27,281,277,278,288,299,312,321,323,315,298,274,249,227,212,207,214,229,251,274,292,305,309,306,296
GS11,93/04/28,286,279,277,280,287,298,307,313,313,304,288,266,245,226,215,214,222,237,257,278,297,311,318,317
GS11,93/04/29,313,307,302,299,301,307,315,322,326,325,317,304,289,271,254,244,242,247,260,277,296,312,322,326
GS11,93/04/30,324,319,312,304,298,297,299,306,313,318,320,319,311,299,283,268,256,249,251,260,274,290,306,317
GS11,93/05/01,323,323,316,305,294,283,277,276,279,287,296,304,306,303,292,278,263,248,241,238,246,261,279,296
GS11,93/05/02,309,316,314,304,291,275,261,254,252,259,272,289,303,313,315,309,296,279,264,256,255,266,281,303
GS11,93/05/03,322,337,341,335,321,302,280,262,251,250,260,278,298,318,330,334,326,311,291,273,262,261,270,286
GS11,93/05/04,306,325,335,335,322,301,274,248,228,217,221,237,260,288,311,325,329,321,304,284,265,256,256,267
GS11,93/05/05,286,308,324,332,327,310,284,252,224,205,199,208,229,260,292,318,334,337,327,310,289,272,263,267
GS11,93/05/06,282,303,325,340,344,334,310,279,245,216,200,198,213,240,274,308,333,348,349,338,319,300,286,281
GS11,93/05/07,289,305,328,346,358,356,339,311,276,241,216,204,208,225,253,285,316,338,349,346,333,314,295,283
GS11,93/05/08,282,292,309,328,344,350,342,321,291,255,224,202,194,202,222,252,285,314,333,341,336,323,305,290
GS11,93/05/09,282,286,298,315,333,344,345,332,308,277,245,217,201,200,211,233,261,290,315,330,333,328,315,301
GS11,93/05/10,292,290,297,310,327,342,350,348,333,309,282,255,231,222,224,236,258,283,308,326,336,337,331,319
GS11,93/05/11,307,300,299,305,316,327,335,337,330,313,291,268,246,229,223,228,241,259,281,300,314,321,318,312
GS11,93/05/12,301,293,287,288,294,303,313,319,318,310,296,279,259,243,233,230,236,249,266,284,300,310,314,313
GS11,93/05/13,308,300,291,288,287,292,300,306,310,309,303,294,280,266,254,247,246,252,262,276,291,305,313,317
GS11,93/05/14,315,310,302,293,288,286,288,294,300,305,307,306,300,291,279,268,261,260,265,275,288,301,312,321
GS11,93/05/15,323,319,310,299,288,280,277,278,282,289,296,301,302,298,290,279,270,263,261,264,273,285,296,307
GS11,93/05/16,314,315,310,301,287,272,262,256,256,262,272,282,291,294,294,289,280,271,264,262,266,274,286,300
GS11,93/05/17,309,316,314,306,293,275,260,247,242,245,254,269,283,295,302,302,297,288,277,269,267,271,279,291
GS11,93/05/18,305,315,320,316,304,286,266,247,235,232,239,253,272,290,304,312,313,307,296,283,275,274,280,290
GS11,93/05/19,304,317,325,326,316,299,276,253,234,224,226,239,258,281,302,316,323,319,309,296,283,277,277,284
GS11,93/05/20,297,313,327,333,328,313,290,263,237,220,215,224,243,268,295,316,329,331,325,312,296,284,279,282
GS11,93/05/21,292,308,323,332,333,323,302,273,244,219,206,207,221,245,274,301,321,331,331,320,306,291,281,279
GS11,93/05/22,287,302,318,332,339,335,318,293,262,232,212,204,212,231,259,290,317,334,341,337,325,310,299,293
GS11,93/05/23,296,308,324,341,351,353,341,319,289,256,229,212,209,220,243,271,301,324,339,340,333,320,305,293
GS11,93/05/24,290,295,307,322,335,341,338,323,299,269,239,217,207,209,224,247,276,303,323,333,333,325,312,299
GS11,93/05/25,292,292,300,311,324,335,338,332,314,288,259,233,215,208,215,232,257,285,309,326,333,331,320,307
GS11,93/05/26,297,292,294,301,313,324,332,331,322,304,280,255,234,221,218,226,245,269,294,314,327,331,326,315
GS11,93/05/27,304,295,290,292,299,310,320,326,326,317,301,281,258,240,230,229,239,256,278,300,317,328,329,322
GS11,93/05/28,312,300,291,287,288,295,305,314,318,318,311,297,280,263,248,241,241,251,266,284,303,317,324,323
GS11,93/05/29,316,305,293,283,276,277,281,288,296,303,306,304,297,285,271,260,253,253,261,275,291,308,320,325
GS11,93/05/30,323,316,304,290,276,269,266,269,276,287,297,304,306,304,297,285,275,268,266,271,282,297,311,322
GS11,93/05/31,326,324,315,301,283,268,257,252,254,263,276,291,305,312,312,307,297,286,277,274,278,288,302,315
GS11,93/06/01,325,329,324,310,291,268,248,234,227,231,242,261,282,300,312,317,313,303,291,280,276,280,291,303
GS11,93/06/02,317,327,328,320,305,281,256,233,218,213,220,238,262,287,308,322,327,323,312,299,290,287,293,304
GS11,93/06/03,318,334,341,341,331,312,286,259,236,222,221,231,252,278,306,328,343,346,342,329,316,306,303,308
GS11,93/06/04,320,334,346,351,346,331,307,276,247,223,212,214,228,252,281,309,330,342,343,335,322,309,301,300
GS11,93/06/05,306,320,334,344,347,338,320,292,260,231,211,203,210,228,254,283,310,328,337,335,325,312,300,293
GS11,93/06/06,295,306,321,335,343,342,330,308,278,246,220,205,203,214,235,263,291,315,329,334,327,316,302,292
GS11,93/06/07,289,294,307,321,333,338,333,318,294,265,235,214,205,208,222,245,272,297,317,327,327,319,306,293
GS11,93/06/08,285,285,292,306,319,329,331,323,304,280,253,230,214,210,217,234,257,281,302,316,321,318,308,296
GS11,93/06/09,285,280,281,290,304,315,323,322,311,293,272,250,231,221,222,233,251,275,296,313,322,324,317,304
GS11,93/06/10,292,283,279,282,290,302,311,316,312,302,286,268,251,237,231,235,248,266,285,302,314,320,318,310
GS11,93/06/11,299,289,280,278,282,290,300,307,310,307,297,286,271,259,250,248,254,266,281,295,309,319,321,316
GS11,93/06/12,307,295,284,275,272,275,281,288,294,296,294,289,280,270,260,256,256,263,274,287,300,311,316,315
GS11,93/06/13,309,299,288,276,267,265,267,273,279,286,290,291,288,284,277,272,268,269,274,283,295,306,313,318
GS11,93/06/14,316,310,299,285,272,263,258,259,264,271,280,288,293,294,293,289,285,281,282,285,292,302,310,317
GS11,93/06/15,319,316,308,294,279,265,254,248,249,255,265,277,288,297,301,300,297,294,291,290,292,300,309,317
GS11,93/06/16,324,325,320,309,293,275,257,243,238,241,250,265,281,296,307,313,313,308,302,295,292,295,301,310
GS11,93/06/17,319,325,326,318,303,283,261,241,227,223,229,244,264,285,303,316,320,318,310,300,293,290,292,301
GS11,93/06/18,311,321,327,325,315,296,271,246,224,212,212,222,243,269,293,313,325,326,321,310,298,291,290,295
GS11,93/06/19,306,318,329,333,328,314,290,263,236,214,207,212,228,254,282,308,327,336,335,326,314,302,295,296
GS11,93/06/20,306,318,332,342,343,334,313,285,253,226,208,204,214,235,263,292,317,331,335,329,317,303,291,287
GS11,93/06/21,291,302,317,330,338,335,321,297,266,234,210,196,197,212,238,269,298,319,331,333,324,310,296,285
GS11,93/06/22,285,292,306,322,335,342,336,319,291,259,228,207,198,204,223,251,282,309,329,337,333,322,306,292
GS11,93/06/23,284,285,295,309,325,338,342,335,316,289,259,234,217,214,224,247,275,303,328,341,345,337,322,306
GS11,93/06/24,292,285,288,298,313,329,339,341,332,313,288,260,236,223,222,235,257,282,308,327,336,334,323,306
GS11,93/06/25,290,277,272,276,287,302,316,323,324,315,299,277,255,237,229,232,246,267,291,312,327,331,326,312
GS11,93/06/26,297,281,270,265,270,281,294,307,314,314,309,297,282,264,252,249,255,267,285,306,322,330,331,323
GS11,93/06/27,308,292,276,263,258,262,271,281,293,300,305,302,295,285,274,266,264,269,280,296,312,324,330,327
GS11,93/06/28,317,303,286,269,257,251,253,258,268,280,290,297,301,298,292,285,280,278,284,292,304,317,326,330
GS11,93/06/29,327,317,302,283,266,253,246,244,249,260,274,289,301,308,311,309,304,299,298,300,307,318,328,336
GS11,93/06/30,340,335,325,308,286,267,250,238,235,239,252,269,287,304,315,320,319,314,309,304,305,312,320,328
GS11,93/07/01,337,339,336,323,304,280,257,237,225,222,229,245,267,290,310,323,328,325,317,307,299,298,302,311
GS11,93/07/02,322,330,334,329,315,294,268,242,220,209,210,221,243,270,297,317,330,331,324,314,301,294,293,300
GS11,93/07/03,312,326,337,341,336,319,295,265,238,219,210,214,231,256,284,311,330,338,336,326,312,299,292,292
GS11,93/07/04,301,315,328,336,337,326,304,275,245,219,203,199,211,233,262,292,317,332,335,328,314,299,288,285
GS11,93/07/05,291,305,321,336,345,343,330,308,280,254,234,224,226,239,263,290,316,335,341,339,329,313,295,284
GS11,93/07/06,284,292,308,324,338,344,341,327,303,272,243,223,216,223,242,270,298,322,337,341,333,319,303,288
GS11,93/07/07,281,284,295,310,328,339,344,336,315,290,262,239,226,225,238,259,285,310,330,339,336,326,310,293
GS11,93/07/08,281,277,282,294,310,325,334,334,322,302,277,254,236,229,235,250,273,297,319,331,333,325,311,295
GS11,93/07/09,280,271,270,278,291,305,317,321,317,306,286,266,249,238,238,248,264,283,303,320,328,327,316,301
GS11,93/07/10,284,271,266,267,276,289,302,311,313,308,296,281,265,255,251,255,266,283,300,316,327,330,324,312
GS11,93/07/11,296,281,270,264,267,276,287,298,304,306,303,295,283,272,264,264,271,282,297,311,321,327,325,316
GS11,93/07/12,303,290,275,265,262,265,273,283,292,298,299,297,292,286,282,279,281,287,297,309,320,328,330,325
GS11,93/07/13,316,304,289,276,267,263,265,271,279,288,295,299,300,299,296,293,293,296,301,309,318,326,331,331
GS11,93/07/14,325,316,302,288,274,265,260,262,267,276,287,297,306,310,312,310,308,306,307,309,314,321,328,331
GS11,93/07/15,331,327,319,302,285,268,256,248,247,255,266,282,296,308,316,318,319,314,310,308,308,313,319,325
GS11,93/07/16,331,332,326,313,296,275,256,242,233,235,245,261,282,301,316,325,326,322,314,308,303,305,309,317
GS11,93/07/17,327,334,337,331,316,295,270,247,229,222,226,241,265,290,314,332,341,340,334,323,313,309,311,317
GS11,93/07/18,328,341,349,349,339,321,295,266,239,223,218,227,247,273,302,327,344,349,343,331,316,305,299,302
GS11,93/07/19,313,328,343,353,355,342,317,287,253,227,214,211,225,255,288,319,342,352,349,336,319,303,292,290
GS11,93/07/20,299,315,338,355,362,356,335,307,272,240,217,208,214,236,268,301,330,347,351,342,326,306,289,279
GS11,93/07/21,282,296,318,341,359,364,356,333,300,265,234,214,211,224,250,284,315,340,352,350,337,316,295,278
GS11,93/07/22,273,280,298,322,343,358,361,348,323,291,259,232,219,222,240,269,301,329,347,351,343,325,302,280
GS11,93/07/23,264,262,271,290,315,338,351,350,335,312,282,253,234,226,234,255,285,314,338,348,345,332,310,284
GS11,93/07/24,262,251,251,261,281,306,327,339,337,323,303,280,258,245,242,253,272,296,322,341,346,339,322,299
GS11,93/07/25,277,258,248,248,257,273,293,310,318,321,312,298,281,267,259,259,269,284,303,320,332,335,326,310
GS11,93/07/26,290,270,254,244,244,251,263,277,291,299,301,298,291,282,276,272,274,282,296,309,320,327,324,315
GS11,93/07/27,299,281,264,248,239,237,241,250,262,274,284,291,293,293,289,285,284,286,292,302,311,320,322,319
GS11,93/07/28,311,299,282,265,248,237,233,235,243,255,269,283,295,304,307,306,302,299,298,301,307,314,320,323
GS11,93/07/29,321,316,304,287,269,251,239,232,231,238,252,270,288,304,314,318,316,311,306,302,303,307,312,319
GS11,93/07/30,323,323,320,309,293,273,251,235,225,226,235,254,275,298,315,325,328,324,317,309,303,303,307,315
GS11,93/07/31,323,333,338,334,322,301,275,251,233,223,225,236,257,282,307,326,336,335,328,316,304,297,295,301
GS11,93/08/01,312,324,334,339,335,321,298,269,242,222,216,223,241,268,297,322,337,340,335,322,307,293,286,288
GS11,93/08/02,299,315,330,342,344,335,315,287,257,232,218,219,233,258,287,313,332,342,342,331,315,299,287,285
GS11,93/08/03,292,308,328,345,354,352,337,312,282,256,236,229,236,255,280,307,331,345,347,339,324,305,288,279
GS11,93/08/04,281,294,314,336,351,356,347,327,299,268,244,231,230,243,265,291,318,339,347,342,327,306,285,270
GS11,93/08/05,265,273,291,314,335,349,349,336,314,286,259,240,233,241,261,287,313,335,347,347,335,315,291,271
GS11,93/08/06,261,264,278,298,321,340,350,346,330,306,280,257,246,248,261,285,311,334,351,356,348,330,309,287
GS11,93/08/07,271,266,271,287,307,327,342,347,339,321,298,277,261,257,264,282,305,327,345,353,351,338,317,294
GS11,93/08/08,273,262,260,269,287,307,325,335,334,323,305,286,269,262,263,274,292,312,331,344,346,338,320,298
GS11,93/08/09,279,263,256,258,268,286,303,318,325,321,310,297,283,274,272,278,290,306,322,335,341,340,327,310
GS11,93/08/10,289,271,259,255,260,272,285,300,309,312,311,304,297,292,288,290,297,308,321,333,341,342,336,324
GS11,93/08/11,308,292,277,268,266,270,279,291,300,308,311,313,311,308,307,307,310,316,324,332,340,342,339,331
GS11,93/08/12,318,304,288,274,264,259,260,266,274,285,294,303,309,311,312,312,311,312,315,319,325,328,330,329
GS11,93/08/13,324,314,300,284,268,256,248,247,253,263,277,292,304,314,320,322,321,318,316,315,318,323,327,331
GS11,93/08/14,332,330,322,309,291,273,258,248,245,251,264,281,301,319,333,338,339,333,325,318,315,317,321,329
GS11,93/08/15,337,342,341,331,315,293,270,250,238,236,244,263,287,311,331,345,349,345,335,324,313,310,312,319
GS11,93/08/16,332,346,354,354,342,320,292,264,239,225,225,237,259,287,313,334,345,345,336,321,307,298,296,302
GS11,93/08/17,317,336,353,363,361,345,319,287,256,233,223,227,245,272,303,331,349,353,345,328,309,290,281,280
GS11,93/08/18,291,309,331,349,359,353,335,306,271,238,218,212,222,246,279,310,337,349,349,334,312,290,270,262
GS11,93/08/19,267,283,306,330,350,357,350,329,297,262,235,220,220,236,263,294,324,343,349,339,320,295,269,253
GS11,93/08/20,251,261,281,307,330,346,349,339,316,288,259,237,229,235,253,280,309,333,344,340,326,302,276,253
GS11,93/08/21,241,241,253,275,301,324,339,342,330,310,284,259,243,241,252,273,300,325,342,347,337,318,289,262
GS11,93/08/22,242,233,239,254,276,301,323,335,335,324,306,285,269,260,264,277,298,322,341,351,348,333,309,282
GS11,93/08/23,258,241,235,241,254,274,295,311,320,319,312,299,287,277,275,281,294,311,328,340,344,338,322,300
GS11,93/08/24,276,256,243,240,245,256,273,289,302,310,311,308,301,294,290,292,299,310,323,333,341,341,332,316
GS11,93/08/25,296,276,258,248,244,246,256,268,281,295,306,309,308,306,304,302,304,311,317,325,332,336,336,329
GS11,93/08/26,317,300,283,269,257,253,253,259,270,282,295,305,314,320,322,321,321,320,322,327,336,342,343,342
GS11,93/08/27,339,331,320,304,290,279,274,274,280,294,312,334,351,365,369,369,362,351,338,331,330,332,337,342
GS11,93/08/28,343,341,336,9999,9999,9999,9999,9999,9999,9999,9999,9999,9999,9999,9999,346,339,332,321,310,303,302,306,314
GS11,93/08/29,324,332,335,329,314,293,270,248,233,228,234,251,274,299,320,332,334,328,314,299,287,280,282,292
GS11,93/08/30,308,325,338,340,333,315,291,264,243,230,230,241,261,288,314,334,342,337,322,304,285,272,267,275
GS11,93/08/31,290,311,332,345,347,334,312,283,255,235,226,232,248,275,303,329,343,343,332,313,292,274,264,266
GS11,93/09/01,281,302,324,343,350,346,331,306,277,253,238,236,247,269,297,326,346,355,350,330,306,282,265,261
GS11,93/09/02,269,288,313,335,351,355,345,325,296,269,248,240,246,266,291,320,344,356,353,338,314,286,264,254
GS11,93/09/03,257,273,297,323,345,356,352,336,311,284,261,248,247,262,286,314,340,356,358,346,323,296,272,253
GS11,93/09/04,250,260,280,307,334,354,361,353,332,308,284,267,262,269,287,310,334,351,358,350,333,307,278,256
GS11,93/09/05,244,244,257,278,303,325,338,338,325,306,285,267,256,255,266,286,308,328,339,337,324,303,276,251
GS11,93/09/06,235,230,236,253,278,303,322,331,325,311,295,277,263,260,267,284,305,326,341,346,338,319,294,269
GS11,93/09/07,249,238,238,248,266,290,312,326,329,323,311,296,284,277,279,289,305,322,339,349,348,336,315,293
GS11,93/09/08,272,256,250,253,265,282,303,321,332,332,325,315,305,298,297,302,311,323,335,346,349,343,329,310
GS11,93/09/09,292,274,261,255,256,265,280,297,311,319,322,320,316,311,309,311,316,324,335,346,351,349,340,326
GS11,93/09/10,310,293,277,265,259,259,265,278,292,307,316,321,322,321,320,319,319,321,324,328,333,336,334,328
GS11,93/09/11,320,307,292,277,263,253,250,254,263,277,293,308,318,324,326,323,319,314,309,308,310,315,321,327
GS11,93/09/12,329,324,313,296,276,257,244,237,239,249,266,288,306,320,328,327,320,311,299,291,289,291,298,309
GS11,93/09/13,320,326,326,316,296,273,251,233,225,228,241,262,288,311,328,334,331,320,303,288,278,274,279,291
GS11,93/09/14,308,325,335,336,324,301,273,247,228,221,228,247,275,304,328,342,343,334,314,290,271,260,259,269
GS11,93/09/15,289,310,330,342,341,326,300,270,242,222,215,224,248,280,313,337,347,342,323,297,271,249,241,246
GS11,93/09/16,265,292,321,345,356,351,330,298,263,236,221,223,242,273,309,338,356,357,342,314,281,250,233,230
GS11,93/09/17,242,266,296,326,350,360,349,323,290,259,238,229,236,258,289,321,347,360,354,331,298,265,238,223
GS11,93/09/18,225,243,274,311,344,365,369,355,330,300,272,255,253,264,288,317,344,362,363,348,320,285,252,229
GS11,93/09/19,220,226,246,275,307,334,352,353,338,316,291,271,262,266,281,306,333,354,362,355,332,301,267,238
GS11,93/09/20,221,217,227,247,275,304,327,339,338,326,308,288,276,274,283,300,320,338,349,349,338,318,290,262
GS11,93/09/21,239,225,223,233,252,276,298,314,322,323,315,304,291,283,285,292,308,324,339,347,344,329,307,281
GS11,93/09/22,256,238,230,232,242,258,278,298,311,319,320,315,307,301,298,300,309,321,333,343,346,341,330,312
GS11,93/09/23,292,274,260,254,256,263,277,293,308,320,326,328,328,324,319,317,319,324,330,338,344,345,340,330
GS11,93/09/24,317,302,287,274,266,265,269,277,289,301,311,320,327,329,329,326,322,320,321,324,330,334,336,336
GS11,93/09/25,332,325,313,298,284,274,270,271,276,286,298,311,322,329,333,333,328,321,316,313,315,319,325,331
GS11,93/09/26,333,331,323,311,296,283,272,266,267,273,286,304,321,335,344,346,341,330,319,312,308,312,319,328
GS11,93/09/27,338,345,345,339,325,308,290,276,269,269,280,296,316,335,350,357,353,341,326,310,299,296,300,311
GS11,93/09/28,326,341,351,352,344,328,309,290,276,270,275,289,308,330,348,359,359,348,331,311,294,284,284,295
GS11,93/09/29,312,331,348,356,354,343,325,305,286,275,273,282,300,321,342,358,363,357,341,320,297,281,275,282
GS11,93/09/30,299,323,345,362,368,363,349,329,308,291,283,288,301,321,345,364,375,373,359,336,310,287,275,276
GS11,93/10/01,287,310,336,358,372,374,364,346,323,303,288,285,295,313,337,359,373,375,365,343,317,290,271,264
GS11,93/10/02,272,291,316,341,361,369,366,350,330,308,290,283,288,302,325,348,366,372,364,346,318,290,267,254
GS11,93/10/03,254,270,294,323,350,366,369,361,343,323,304,294,292,301,321,344,364,376,374,361,336,309,283,266
GS11,93/10/04,262,271,291,316,344,365,375,373,363,346,325,312,307,311,327,345,363,375,378,369,349,321,292,268
GS11,93/10/05,256,258,270,291,317,341,359,364,359,345,329,315,307,307,317,332,348,362,368,364,350,327,301,275
GS11,93/10/06,258,251,257,272,293,317,336,348,351,344,333,321,311,308,312,323,337,350,359,362,353,335,311,287
GS11,93/10/07,267,254,251,259,274,294,315,332,342,344,339,330,323,319,320,327,338,348,357,363,363,355,339,320
GS11,93/10/08,301,285,277,275,283,296,313,330,342,350,351,347,341,337,335,338,345,354,360,366,368,364,355,342
GS11,93/10/09,326,311,297,288,285,288,297,307,320,330,336,339,338,335,333,331,331,332,334,336,338,338,336,330
GS11,93/10/10,321,311,297,285,276,273,274,282,293,306,319,329,336,339,339,336,331,326,322,321,322,325,330,333
GS11,93/10/11,333,329,318,302,284,270,261,257,263,275,291,309,324,334,337,334,326,314,303,294,292,295,304,314
GS11,93/10/12,323,327,323,312,296,277,260,248,246,253,268,288,308,324,334,336,330,315,297,281,272,272,280,294
GS11,93/10/13,310,327,334,333,321,302,280,260,247,246,254,272,295,318,334,342,337,319,295,272,253,245,249,264
GS11,93/10/14,286,312,335,348,347,332,309,283,264,254,255,268,291,318,340,352,350,332,306,277,250,232,228,238
GS11,93/10/15,259,291,321,343,351,345,325,299,279,257,248,254,272,297,324,344,351,339,315,285,252,227,212,212
GS11,93/10/16,228,258,292,323,345,351,343,323,298,276,259,257,265,287,314,339,355,352,333,303,269,236,213,202
GS11,93/10/17,207,228,260,295,325,344,349,340,322,301,282,272,274,290,313,338,355,360,349,325,293,259,229,208
GS11,93/10/18,202,215,240,271,303,328,342,342,333,318,300,284,279,283,298,320,341,352,351,339,314,283,253,228
GS11,93/10/19,213,212,224,246,275,302,322,333,334,326,313,299,288,287,296,314,331,345,352,347,332,308,279,250
GS11,93/10/20,228,217,220,233,255,281,304,321,330,328,320,307,297,290,293,301,314,327,336,338,332,316,294,269
GS11,93/10/21,245,231,225,230,244,261,283,301,316,321,321,315,307,301,297,299,306,315,326,331,331,323,310,290
GS11,93/10/22,269,252,242,240,247,259,275,290,304,314,319,319,316,310,305,302,301,304,309,316,322,323,320,311
GS11,93/10/23,298,283,270,260,257,261,270,282,297,311,323,330,333,330,325,319,315,312,312,315,318,322,324,325
GS11,93/10/24,318,308,295,280,268,263,265,272,285,300,316,329,337,340,335,326,314,302,294,291,295,303,312,319
GS11,93/10/25,322,320,312,299,286,275,269,270,277,287,301,316,330,337,338,331,317,300,285,275,273,278,289,302
GS11,93/10/26,313,322,322,315,302,287,273,266,265,270,283,299,316,329,335,332,319,301,281,265,256,257,266,280
GS11,93/10/27,298,314,322,322,312,299,283,269,261,261,270,285,304,321,332,332,321,302,280,257,240,236,242,259
GS11,93/10/28,281,302,319,326,324,314,298,280,268,260,263,275,294,312,328,335,330,312,289,262,241,229,229,241
GS11,93/10/29,262,287,311,327,332,326,311,292,275,263,260,267,284,305,324,337,339,326,303,274,247,229,222,227
GS11,93/10/30,245,270,300,323,337,339,331,313,293,276,268,270,283,302,323,340,346,337,319,291,261,235,221,219
GS11,93/10/31,231,255,285,313,335,344,342,328,309,290,277,273,279,294,312,329,339,336,320,293,263,233,212,202
GS11,93/11/01,209,227,254,282,307,325,329,324,312,296,283,276,278,290,306,324,336,337,328,306,277,246,219,204
GS11,93/11/02,201,214,237,264,293,314,325,324,313,298,282,271,269,275,289,307,322,329,325,309,285,255,229,210
GS11,93/11/03,201,209,228,254,281,305,321,326,321,309,294,283,277,281,294,310,325,334,334,324,304,278,252,230
GS11,93/11/04,216,214,223,243,267,293,312,323,323,315,304,293,285,285,293,306,321,331,335,329,315,296,271,247
GS11,93/11/05,228,219,221,233,254,278,300,316,323,321,315,304,297,293,295,303,313,323,332,333,326,312,292,270
GS11,93/11/06,249,234,228,232,244,263,285,303,315,320,319,313,305,299,296,299,304,311,319,325,326,322,312,297
GS11,93/11/07,279,262,251,245,248,258,273,291,308,319,324,323,318,312,304,300,298,299,304,309,313,315,314,308
GS11,93/11/08,297,284,268,255,249,250,259,272,289,305,318,325,326,321,312,303,293,286,285,288,296,304,312,317
GS11,93/11/09,316,309,296,281,268,259,257,263,275,291,308,322,330,331,325,313,298,282,272,267,271,280,293,306
GS11,93/11/10,316,319,313,301,285,269,257,252,258,271,291,311,327,335,333,322,303,281,262,247,242,248,263,285
GS11,93/11/11,306,322,329,326,314,296,278,265,258,263,278,297,317,334,339,334,316,290,263,239,223,219,229,250
GS11,93/11/12,279,308,329,337,333,318,298,280,266,263,270,285,308,328,344,349,337,312,280,247,221,207,207,221
GS11,93/11/13,248,282,314,336,346,342,326,306,286,273,270,280,298,322,343,356,354,336,307,272,238,214,205,212
GS11,93/11/14,234,266,301,333,355,363,357,338,316,296,285,285,295,313,335,354,364,357,336,300,262,228,205,198
GS11,93/11/15,206,230,262,297,330,351,357,350,332,309,291,281,282,295,316,337,352,353,339,311,277,240,209,190
GS11,93/11/16,187,199,225,259,295,323,339,341,333,316,297,282,278,286,302,323,340,348,343,325,297,262,231,206
GS11,93/11/17,193,196,213,240,271,301,321,332,331,321,305,291,282,283,294,311,327,339,340,330,311,284,254,228
GS11,93/11/18,209,205,214,233,260,287,309,326,330,326,315,301,290,286,290,303,318,330,339,337,325,306,281,253
GS11,93/11/19,233,222,222,232,251,273,293,311,320,319,314,303,292,285,282,286,295,307,318,322,318,308,290,269
GS11,93/11/20,247,231,224,226,239,256,277,295,308,315,313,307,298,291,285,285,288,294,303,310,313,312,304,291
GS11,93/11/21,275,261,251,248,254,266,283,301,314,325,329,326,320,312,303,295,291,292,296,303,309,312,311,306
GS11,93/11/22,294,282,270,261,256,257,264,276,287,299,308,313,312,307,297,287,277,271,269,273,279,288,294,296
GS11,93/11/23,294,289,281,273,267,266,268,275,286,297,308,318,321,318,310,299,284,270,262,259,262,271,280,290
GS11,93/11/24,296,299,297,289,280,270,264,263,269,278,290,301,310,314,311,302,286,269,254,244,243,250,261,274
GS11,93/11/25,287,297,302,299,292,282,274,270,271,278,290,303,316,324,324,316,299,280,258,240,232,233,243,260
GS11,93/11/26,280,298,308,311,307,298,286,276,270,271,281,295,311,325,331,329,314,292,265,240,223,216,224,241
GS11,93/11/27,264,288,306,317,320,313,302,289,280,276,280,291,306,322,334,337,328,308,281,252,230,215,215,227
GS11,93/11/28,249,276,303,321,331,329,319,304,290,280,278,284,298,313,327,333,328,311,284,252,224,202,195,201
GS11,93/11/29,221,250,280,307,325,329,324,310,293,279,270,273,285,302,321,335,338,327,303,270,237,208,191,189
GS11,93/11/30,202,228,259,290,316,329,331,320,303,286,272,268,274,289,311,328,337,336,319,292,258,227,202,191
GS11,93/12/01,196,216,245,278,308,330,339,335,322,305,288,279,281,291,309,328,342,347,338,316,286,251,220,200
GS11,93/12/02,194,204,225,255,287,315,333,337,330,315,299,286,282,289,303,322,339,350,348,333,310,278,246,223
GS11,93/12/03,208,211,229,254,283,312,336,346,344,332,316,301,291,292,300,314,332,345,352,348,332,307,280,251
GS11,93/12/04,231,222,227,243,269,297,321,338,342,337,325,309,296,289,291,301,315,329,340,344,336,319,295,269
GS11,93/12/05,246,231,227,235,253,277,303,322,333,336,326,313,297,285,280,283,289,300,313,321,323,316,301,282
GS11,93/12/06,259,241,230,228,237,255,277,300,317,327,326,317,304,290,279,272,272,278,287,298,307,311,308,299
GS11,93/12/07,284,268,255,246,245,253,268,287,305,319,325,323,314,300,284,271,263,259,262,269,279,288,295,298
GS11,93/12/08,293,284,273,261,254,254,262,274,291,307,320,325,324,315,301,284,268,255,249,250,256,269,282,295
GS11,93/12/09,305,308,302,293,282,274,270,273,283,296,310,322,328,326,316,299,277,256,240,230,231,239,256,275
GS11,93/12/10,292,306,311,309,301,291,280,277,279,289,304,319,331,338,335,323,302,277,253,235,227,229,243,266
GS11,93/12/11,293,319,333,341,337,328,315,302,294,296,305,319,335,347,350,343,323,295,263,234,214,204,208,226
GS11,93/12/12,253,283,312,330,336,332,320,304,291,283,285,295,312,330,343,346,336,312,280,246,215,196,189,198
GS11,93/12/13,220,251,284,311,330,336,331,318,303,289,284,288,302,320,340,352,351,337,307,270,235,206,189,188
GS11,93/12/14,202,228,261,295,322,339,342,332,317,301,288,284,292,310,332,352,360,354,334,301,265,229,203,190
GS11,93/12/15,193,212,241,275,308,332,345,342,327,309,292,281,281,292,311,332,347,352,342,318,284,247,213,191
GS11,93/12/16,184,194,215,246,279,307,327,332,323,307,289,272,265,269,285,306,327,341,343,332,308,276,246,218
GS11,93/12/17,205,207,222,248,278,310,335,349,349,338,320,301,287,283,290,306,325,340,347,343,328,304,275,246
GS11,93/12/18,225,217,222,237,262,288,313,332,338,333,318,300,283,273,272,281,297,313,325,331,325,309,286,261
GS11,93/12/19,238,226,224,233,251,274,299,320,330,331,323,306,288,275,267,269,277,290,304,313,315,311,298,281
GS11,93/12/20,261,246,241,242,254,270,291,310,322,329,327,317,302,289,277,272,274,281,292,303,312,312,308,298
GS11,93/12/21,285,272,263,263,269,281,297,312,327,336,340,336,326,312,299,288,285,284,289,298,307,313,314,311
GS11,93/12/22,305,298,289,281,279,283,293,305,319,331,337,338,332,321,309,296,283,275,273,276,283,292,301,306
GS11,93/12/23,308,305,299,292,286,284,286,292,302,314,322,327,328,322,311,297,280,266,256,253,256,265,276,287
GS11,93/12/24,295,301,301,298,291,286,284,286,290,299,308,317,321,320,314,301,283,263,246,235,232,238,251,267
GS11,93/12/25,282,295,304,306,304,299,294,289,291,298,307,318,328,333,331,321,303,280,256,237,226,226,235,252
GS11,93/12/26,273,293,309,318,318,313,304,296,290,290,297,308,321,332,336,334,320,299,273,245,227,219,224,239
GS11,93/12/27,263,289,315,332,340,340,330,317,306,299,300,308,321,336,346,350,341,322,294,262,235,217,212,221
GS11,93/12/28,241,270,300,325,341,345,339,326,311,299,292,295,306,322,339,349,348,334,308,274,242,215,199,200
GS11,93/12/29,215,242,274,305,328,340,339,328,312,295,283,281,290,308,328,346,355,348,328,297,262,228,204,194
GS11,93/12/30,200,222,254,288,318,338,345,338,322,304,288,279,281,294,316,338,354,356,346,322,288,253,221,203
GS11,93/12/31,201,215,243,277,312,339,354,354,342,325,305,290,285,292,309,331,351,366,362,347,321,286,251,222
