GS11,71/01/01,214,211,220,237,265,292,318,333,340,336,323,306,293,286,290,299,312,326,334,334,325,306,279,253
GS11,71/01/02,231,222,221,232,252,277,302,322,334,334,325,307,291,280,276,280,290,303,315,322,323,315,297,274
GS11,71/01/03,254,240,234,237,249,270,292,313,329,335,330,317,301,286,276,273,276,286,299,311,321,323,319,309
GS11,71/01/04,296,284,275,273,278,290,307,325,342,351,351,344,330,314,300,290,284,284,290,301,312,322,326,326
GS11,71/01/05,321,313,305,299,298,302,309,319,331,341,346,343,332,317,300,284,270,262,259,263,272,283,295,305
GS11,71/01/06,309,310,308,304,300,299,303,309,319,329,336,338,335,327,313,297,280,263,252,248,253,264,279,294
GS11,71/01/07,306,315,319,320,319,317,315,316,322,329,336,342,344,341,333,319,298,276,257,246,240,244,256,274
GS11,71/01/08,292,309,322,330,332,330,327,323,323,325,330,335,341,344,342,334,317,294,269,248,235,230,237,252
GS11,71/01/09,273,295,316,331,340,342,337,330,324,321,321,327,335,342,349,345,333,311,283,254,231,218,215,224
GS11,71/01/10,242,267,292,314,328,332,329,321,312,305,303,305,313,324,334,340,335,320,294,263,233,211,199,202
GS11,71/01/11,218,243,271,298,318,330,332,326,315,305,297,297,306,318,333,343,346,337,316,287,256,228,210,205
GS11,71/01/12,214,235,261,289,313,330,337,333,321,309,297,293,297,309,325,339,347,344,329,304,273,241,216,204
GS11,71/01/13,204,219,244,272,302,325,335,335,327,313,300,291,291,300,316,333,348,354,348,331,305,273,245,226
GS11,71/01/14,220,228,247,273,300,325,342,346,340,326,310,297,291,295,309,325,341,351,352,341,320,289,260,237
GS11,71/01/15,225,225,240,261,288,315,333,341,339,328,312,296,287,286,295,309,327,341,349,344,331,309,283,260
GS11,71/01/16,244,240,248,264,289,314,337,347,349,341,326,309,294,288,292,302,316,329,338,340,332,317,297,274
GS11,71/01/17,258,249,250,261,280,302,322,334,340,334,322,305,291,282,280,286,298,310,322,328,327,321,307,291
GS11,71/01/18,276,267,265,270,285,305,325,341,351,350,342,327,312,301,294,296,303,312,322,330,334,333,326,315
GS11,71/01/19,303,295,292,294,304,317,333,348,358,358,351,337,322,308,297,292,291,295,301,308,316,318,318,314
GS11,71/01/20,309,302,297,295,298,308,320,332,341,345,342,332,317,302,288,279,273,271,273,278,287,295,302,306
GS11,71/01/21,307,307,305,304,306,311,320,330,339,347,349,346,336,324,312,300,289,283,280,280,286,296,306,318
GS11,71/01/22,328,333,336,336,334,335,337,340,345,351,354,353,348,340,329,315,299,284,271,264,263,269,280,294
GS11,71/01/23,309,322,332,337,338,336,334,332,332,335,338,340,342,340,333,322,305,285,266,251,242,242,251,266
GS11,71/01/24,286,307,324,335,338,339,335,330,326,326,329,334,340,344,343,335,320,297,272,247,230,222,224,238
GS11,71/01/25,260,286,311,329,341,343,340,332,323,317,317,322,330,341,347,347,338,317,291,261,237,220,215,221
GS11,71/01/26,240,268,298,325,343,353,351,341,327,315,308,309,317,330,344,351,351,338,312,280,248,220,202,199
GS11,71/01/27,212,236,268,298,323,340,344,339,325,310,298,294,299,312,330,345,355,351,334,304,269,237,211,199
GS11,71/01/28,201,219,248,280,311,334,345,344,332,314,297,284,282,293,311,332,350,356,349,327,294,260,228,206
GS11,71/01/29,199,210,231,259,292,320,336,340,330,312,292,275,266,270,285,307,329,345,349,339,317,286,256,229
GS11,71/01/30,215,216,231,256,286,315,337,347,344,329,308,287,270,265,273,290,313,333,345,345,333,313,286,260
GS11,71/01/31,242,236,240,257,282,309,332,345,346,336,316,293,274,262,261,272,292,311,328,339,339,329,310,288
GS11,71/02/01,271,260,258,267,286,307,327,342,346,337,317,297,276,261,253,255,265,280,298,311,319,318,311,297
GS11,71/02/02,284,274,271,276,288,303,320,335,343,342,331,313,293,275,260,253,255,262,274,287,300,310,312,309
GS11,71/02/03,302,295,292,292,298,307,318,330,339,343,339,327,311,294,277,263,255,253,257,266,276,288,299,303
GS11,71/02/04,306,307,308,309,311,315,321,329,336,340,341,336,325,311,295,280,267,256,251,251,257,267,280,292
GS11,71/02/05,301,309,313,315,317,319,322,325,328,332,335,335,330,322,310,295,279,264,251,243,241,245,256,270
GS11,71/02/06,285,298,310,317,320,320,318,316,315,317,320,323,325,324,320,310,293,273,254,237,226,224,230,243
GS11,71/02/07,262,282,300,312,319,319,316,311,305,304,306,311,317,323,325,322,312,293,270,246,227,217,216,227
GS11,71/02/08,245,268,291,310,321,324,321,311,302,296,293,298,308,319,328,333,329,314,290,265,240,222,214,218
GS11,71/02/09,234,258,283,306,323,330,329,319,308,297,290,291,300,313,328,338,339,330,310,282,254,230,215,212
GS11,71/02/10,224,246,273,300,321,332,331,323,307,293,281,278,283,296,312,327,336,332,318,294,265,238,217,207
GS11,71/02/11,212,229,255,282,305,320,323,315,301,283,269,261,263,275,294,313,326,330,323,304,278,249,223,208
GS11,71/02/12,206,220,242,268,295,314,322,318,305,285,266,254,250,259,275,295,314,327,327,315,293,267,242,223
GS11,71/02/13,217,224,244,270,295,318,329,330,319,300,280,266,257,261,274,294,314,329,335,330,314,290,265,243
GS11,71/02/14,232,233,245,267,291,312,327,329,321,303,283,263,250,248,256,272,292,310,321,322,313,298,276,258
GS11,71/02/15,244,241,250,266,288,310,326,335,331,317,298,279,264,259,262,272,289,307,319,326,324,312,295,278
GS11,71/02/16,264,258,261,272,288,306,322,331,328,317,296,276,258,246,243,249,261,276,290,301,305,300,291,279
GS11,71/02/17,268,262,261,269,282,299,315,325,327,320,306,289,271,257,251,251,259,270,283,295,303,307,306,301
GS11,71/02/18,293,287,286,289,296,306,318,328,331,327,316,301,284,268,256,251,251,255,263,273,283,290,294,295
GS11,71/02/19,295,295,295,296,299,305,312,319,322,320,313,302,289,275,262,252,245,242,244,249,257,266,274,282
GS11,71/02/20,288,294,296,297,299,301,304,307,309,309,305,300,291,281,269,256,245,234,227,225,227,235,245,258
GS11,71/02/21,272,284,293,299,301,301,300,299,299,300,302,303,300,297,288,277,262,246,232,222,217,220,231,249
GS11,71/02/22,269,288,304,315,319,318,313,309,305,305,307,310,315,318,316,308,294,272,249,229,214,209,213,228
GS11,71/02/23,232,277,300,317,328,328,322,312,303,299,299,307,319,330,338,339,329,309,283,256,231,217,213,223
GS11,71/02/24,242,270,298,321,335,339,332,317,300,287,281,285,298,312,327,336,334,319,293,261,230,206,192,192
GS11,71/02/25,208,234,263,293,315,325,323,309,288,268,255,254,265,285,306,326,335,332,315,286,253,224,201,192
GS11,71/02/26,200,222,253,285,312,329,331,319,298,273,252,243,248,266,292,318,338,346,338,319,289,257,231,215
GS11,71/02/27,212,226,252,283,312,334,342,335,314,285,261,242,237,247,271,298,326,345,350,339,315,287,260,238
GS11,71/02/28,230,237,255,281,308,330,341,337,320,293,264,240,225,226,241,265,292,315,330,329,318,298,275,254
GS11,71/03/01,242,241,253,272,295,315,329,332,322,299,272,244,223,214,219,236,257,279,300,314,316,308,294,278
GS11,71/03/02,263,257,260,271,289,308,324,329,325,310,288,262,237,219,212,218,233,253,273,290,300,302,296,286
GS11,71/03/03,278,273,275,282,295,310,324,334,337,329,314,295,274,257,244,243,249,259,274,289,301,306,309,307
GS11,71/03/04,304,300,301,304,311,321,337,341,343,339,327,312,295,277,262,252,246,247,253,263,274,285,293,298
GS11,71/03/05,303,305,306,308,311,317,323,328,331,330,326,318,306,292,277,264,254,247,246,248,256,266,277,289
GS11,71/03/06,298,306,311,313,314,315,317,318,320,321,321,320,316,309,300,288,274,261,248,241,239,245,258,272
GS11,71/03/07,286,299,309,314,316,315,312,308,306,306,309,313,316,316,310,300,286,267,250,235,227,227,234,249
GS11,71/03/08,268,287,303,313,317,315,309,300,293,289,291,296,305,312,316,315,304,287,265,246,229,220,222,234
GS11,71/03/09,253,274,295,310,316,316,308,296,284,276,275,281,292,305,316,321,319,305,285,261,239,224,219,226
GS11,71/03/10,242,266,290,309,320,321,314,301,284,271,265,268,279,295,312,324,329,320,301,276,249,228,216,217
GS11,71/03/11,230,252,277,301,316,320,314,298,279,261,250,249,258,276,296,316,327,328,314,291,265,239,222,216
GS11,71/03/12,225,244,271,295,314,324,320,306,284,261,244,239,244,260,282,307,326,333,326,308,283,256,234,223
GS11,71/03/13,227,243,267,290,314,327,328,315,293,270,249,237,239,251,272,299,323,337,338,327,306,281,256,242
GS11,71/03/14,239,250,270,293,316,331,336,327,305,280,255,238,232,239,257,282,307,325,333,328,312,291,267,250
GS11,71/03/15,243,247,263,285,305,322,329,323,305,281,257,236,226,228,241,263,288,310,324,327,319,303,283,266
GS11,71/03/16,256,257,269,286,306,323,332,329,315,293,267,244,231,229,237,254,277,299,317,325,325,316,301,287
GS11,71/03/17,276,274,282,295,311,327,336,335,324,304,281,257,239,229,230,240,258,277,296,308,313,310,303,292
GS11,71/03/18,283,278,281,290,303,317,328,331,326,312,292,271,251,238,234,240,252,268,285,299,309,313,311,306
GS11,71/03/19,300,296,296,302,310,321,331,336,333,324,308,289,270,253,244,244,248,257,269,282,293,302,306,308
GS11,71/03/20,307,305,304,307,311,319,325,330,330,326,9999,9999,9999,9999,9999,9999,9999,9999,9999,9999,9999,9999,9999,9999
GS11,71/03/21,9999,9999,9999,9999,9999,9999,9999,9999,9999,9999,9999,9999,9999,9999,9999,9999,9999,9999,9999,9999,9999,9999,9999,9999
GS11,71/03/22,9999,9999,9999,9999,9999,9999,9999,9999,9999,9999,9999,9999,9999,9999,9999,9999,9999,9999,9999,9999,9999,9999,9999,9999
GS11,71/03/23,9999,9999,9999,9999,9999,9999,9999,9999,9999,9999,9999,9999,9999,9999,9999,9999,9999,9999,9999,9999,9999,9999,9999,9999
GS11,71/03/24,9999,9999,9999,9999,9999,9999,9999,9999,9999,9999,9999,9999,9999,9999,9999,9999,9999,322,295,268,240,217,207,209
GS11,71/03/25,227,253,282,307,321,324,311,290,264,242,227,228,246,269,296,319,333,334,320,294,266,241,224,221
GS11,71/03/26,232,256,285,312,331,338,332,313,282,253,229,220,226,246,9999,9999,9999,9999,9999,9999,9999,9999,9999,9999
GS11,71/03/27,9999,9999,9999,9999,9999,9999,9999,9999,9999,9999,9999,9999,9999,9999,9999,307,325,338,336,317,293,264,240,229
GS11,71/03/28,231,247,271,296,318,330,328,311,283,249,221,202,198,209,236,267,297,321,330,326,310,286,264,247
GS11,71/03/29,243,251,270,294,315,331,336,324,300,266,235,209,196,199,218,244,274,294,321,327,322,307,288,272
GS11,71/03/30,263,264,277,294,313,328,336,332,314,287,255,225,204,195,202,220,248,273,295,309,313,309,298,285
GS11,71/03/31,276,274,281,294,308,323,332,333,322,300,276,249,224,207,205,215,234,258,279,298,308,311,308,301
GS11,71/04/01,294,291,292,302,314,327,335,338,331,316,294,270,245,227,218,216,225,239,255,271,285,291,294,294
GS11,71/04/02,291,290,290,293,302,310,318,322,320,313,299,282,263,245,232,226,225,231,241,254,267,278,284,289
GS11,71/04/03,291,293,293,294,297,301,305,308,309,306,299,290,277,263,249,239,231,229,230,237,247,258,270,279
GS11,71/04/04,287,291,294,296,296,296,296,297,298,298,297,295,290,282,272,261,251,242,238,237,241,250,262,274
GS11,71/04/05,285,295,300,302,300,295,291,288,286,285,286,289,292,292,288,280,268,254,244,236,233,238,248,261
GS11,71/04/06,277,290,299,305,305,298,290,283,277,275,278,285,292,298,302,300,290,276,259,244,236,233,240,254
GS11,71/04/07,270,286,298,305,305,296,284,270,258,253,254,262,274,287,297,301,297,285,267,248,234,227,228,238
GS11,71/04/08,257,276,293,302,305,299,286,269,253,243,240,248,262,279,295,306,309,300,285,264,244,233,229,236
GS11,71/04/09,253,274,295,309,314,308,295,276,257,242,236,241,255,275,297,314,324,323,311,292,271,253,244,246
GS11,71/04/10,258,277,297,312,321,316,301,278,254,234,223,223,237,258,284,305,320,324,317,300,279,260,248,246
GS11,71/04/11,255,273,293,311,320,319,306,284,257,234,217,212,219,238,262,288,309,319,318,306,287,267,250,244
GS11,71/04/12,248,262,280,298,311,314,306,285,259,231,209,198,198,212,236,263,288,305,310,306,292,274,257,246
GS11,71/04/13,244,255,271,290,306,313,309,293,267,239,215,198,193,199,219,246,271,294,306,308,302,288,272,259
GS11,71/04/14,255,260,273,289,306,316,316,304,282,254,228,207,196,197,210,233,259,283,301,309,309,300,288,276
GS11,71/04/15,269,270,280,293,308,318,321,314,296,271,245,221,204,199,203,219,240,263,283,295,301,299,292,283
GS11,71/04/16,277,274,277,286,298,308,315,312,300,280,257,234,216,203,202,208,224,243,262,277,288,293,293,290
GS11,71/04/17,287,283,283,288,297,307,313,316,310,298,281,263,243,228,220,218,223,235,250,266,279,288,293,295
GS11,71/04/18,295,293,292,292,296,300,305,308,307,301,291,276,260,244,231,224,221,226,234,247,260,273,283,291
GS11,71/04/19,295,296,296,294,293,292,293,294,296,295,292,287,278,265,253,241,231,227,225,229,239,254,269,283
GS11,71/04/20,294,301,303,301,296,290,286,284,284,285,288,291,293,289,280,268,253,241,233,229,232,242,257,273
GS11,71/04/21,289,302,308,308,299,286,276,269,265,265,272,281,289,295,295,287,272,256,241,228,225,228,240,259
GS11,71/04/22,280,299,310,312,306,291,274,258,248,246,254,269,287,304,315,318,310,293,274,257,244,239,245,261
GS11,71/04/23,282,303,319,325,320,305,281,258,240,231,233,249,272,297,316,325,325,314,294,271,254,244,242,253
GS11,71/04/24,271,293,313,323,322,309,285,258,230,213,209,219,241,271,298,321,333,333,322,303,284,268,260,264
GS11,71/04/25,279,299,318,331,334,324,302,271,239,213,198,198,214,242,273,301,322,330,327,314,296,278,265,262
GS11,71/04/26,270,287,306,322,331,329,312,287,251,219,195,187,192,213,243,275,303,322,329,325,312,296,281,274
GS11,71/04/27,276,289,305,321,331,333,321,298,266,232,203,186,180,192,216,246,275,299,312,315,310,297,282,273
GS11,71/04/28,270,275,289,304,316,322,319,303,278,247,217,193,179,179,195,218,245,272,293,303,305,300,291,282
GS11,71/04/29,277,280,289,302,315,325,328,321,304,281,254,229,211,204,210,228,250,274,295,309,317,315,307,299
GS11,71/04/30,292,289,291,299,310,319,324,321,309,292,271,248,228,215,213,219,234,251,271,286,298,304,304,301
GS11,71/05/01,298,296,296,300,307,315,321,321,316,305,292,273,254,238,229,225,230,241,256,271,285,295,299,301
GS11,71/05/02,299,297,295,295,298,303,307,311,311,307,299,287,274,260,249,242,240,245,254,266,279,291,300,305
GS11,71/05/03,307,306,303,299,296,294,295,296,298,298,295,292,285,275,264,251,246,243,244,251,262,274,286,296
GS11,71/05/04,301,304,302,298,292,287,284,284,285,288,291,296,298,295,290,281,272,266,262,263,270,280,294,305
GS11,71/05/05,315,319,318,313,302,290,280,274,270,272,278,286,293,297,296,292,283,273,264,259,259,264,276,288
GS11,71/05/06,300,309,313,309,298,286,272,261,254,253,260,272,284,296,305,307,302,292,280,270,266,269,278,291
GS11,71/05/07,307,321,328,327,317,303,285,267,255,250,255,265,281,299,312,319,319,311,298,287,277,273,277,287
GS11,71/05/08,302,317,327,328,320,305,285,263,244,233,234,242,259,281,299,312,319,314,303,289,275,267,266,274
GS11,71/05/09,287,303,316,323,319,306,284,261,238,221,215,221,238,260,284,304,317,320,316,300,284,272,266,268
GS11,71/05/10,279,295,310,319,320,309,290,264,237,216,204,203,214,237,265,290,309,319,319,311,297,283,274,271
GS11,71/05/11,278,291,305,317,322,317,301,277,248,223,205,198,203,221,248,275,301,316,324,321,310,298,285,279
GS11,71/05/12,279,290,304,317,326,326,314,293,267,237,213,199,197,209,231,258,283,306,319,322,318,307,294,286
GS11,71/05/13,283,289,300,314,325,329,323,307,282,253,228,207,199,202,218,241,267,293,311,320,322,316,306,297
GS11,71/05/14,291,291,298,309,321,329,328,317,297,271,244,222,207,202,209,226,249,272,294,307,314,315,308,300
GS11,71/05/15,294,291,294,302,312,320,324,320,306,285,263,240,222,211,210,218,232,250,272,292,306,314,316,311
GS11,71/05/16,304,299,296,298,304,313,321,324,320,308,292,272,250,233,223,222,228,241,260,279,296,308,315,316
GS11,71/05/17,313,307,301,298,299,304,310,315,316,313,304,290,273,255,242,236,235,239,251,266,282,298,308,312
GS11,71/05/18,312,306,299,292,287,286,288,292,297,299,299,296,288,275,260,245,240,237,240,252,267,282,298,308
GS11,71/05/19,315,313,308,297,285,278,274,276,281,289,295,300,301,296,287,274,262,252,247,247,257,272,288,302
GS11,71/05/20,313,319,317,307,292,277,265,259,260,267,279,291,301,307,306,297,286,274,264,258,259,268,282,297
GS11,71/05/21,311,319,319,310,295,274,255,241,235,239,251,268,285,301,309,311,306,293,281,271,266,270,279,293
GS11,71/05/22,309,320,323,317,303,280,255,233,218,213,222,239,261,284,302,313,315,309,296,283,273,269,274,285
GS11,71/05/23,300,313,321,320,309,288,261,232,207,195,195,206,228,256,282,304,314,318,311,299,286,279,277,282
GS11,71/05/24,294,309,320,327,321,307,281,249,221,198,188,191,208,235,266,296,319,331,333,324,311,299,292,291
GS11,71/05/25,299,312,327,337,341,332,314,285,253,224,204,193,199,219,246,275,302,321,328,327,317,304,292,285
GS11,71/05/26,288,297,310,323,330,328,315,291,260,227,200,183,179,190,214,242,271,298,313,320,315,306,294,284
GS11,71/05/27,281,287,298,312,323,328,323,306,281,251,219,195,184,187,201,226,254,280,304,315,318,314,307,299
GS11,71/05/28,293,294,302,313,324,332,334,326,307,281,253,227,208,201,206,221,245,270,294,310,317,317,310,302
GS11,71/05/29,293,291,293,301,311,313,327,324,313,295,271,247,226,213,209,218,232,254,278,294,305,311,309,302
GS11,71/05/30,293,288,285,287,294,303,311,314,310,300,283,263,244,226,217,217,228,253,277,295,301,295,282,269
GS11,71/05/31,256,247,244,247,254,268,281,297,300,297,289,277,262,248,236,231,233,242,257,273,288,300,305,305
GS11,71/06/01,300,294,286,280,277,278,284,290,294,296,294,289,281,270,259,250,247,250,258,271,285,298,308,311
GS11,71/06/02,309,302,294,283,275,271,270,272,277,283,287,290,288,285,276,266,259,257,258,266,277,289,300,306
GS11,71/06/03,308,305,297,286,274,263,257,255,258,265,273,281,287,289,287,282,274,267,264,267,275,287,299,309
GS11,71/06/04,316,317,312,301,287,274,262,256,254,259,269,283,295,306,311,311,306,297,291,288,289,296,305,314
GS11,71/06/05,322,326,321,310,293,275,258,245,238,241,250,266,284,300,311,318,317,309,299,292,288,292,300,312
GS11,71/06/06,323,331,331,323,308,289,266,248,235,230,236,250,270,293,311,323,328,324,316,305,296,291,295,303
GS11,71/06/07,315,325,331,329,320,300,276,250,228,215,216,226,245,270,294,314,326,329,322,311,301,293,291,297
GS11,71/06/08,308,320,329,332,326,312,288,261,234,214,206,211,226,250,277,304,322,332,331,323,310,298,291,293
GS11,71/06/09,302,316,329,338,338,328,306,278,247,221,206,202,212,234,261,290,316,332,338,334,323,311,301,296
GS11,71/06/10,300,310,325,337,343,339,322,298,267,237,214,201,203,218,245,274,304,327,340,341,337,324,311,302
GS11,71/06/11,302,311,325,339,349,353,345,325,297,267,238,219,211,216,234,258,286,312,332,340,340,331,319,308
GS11,71/06/12,301,303,313,324,338,345,343,330,308,279,251,227,212,210,218,237,262,287,309,323,330,326,316,303
GS11,71/06/13,293,291,296,306,320,332,338,333,319,298,270,245,225,213,213,224,242,267,292,311,323,326,321,311
GS11,71/06/14,301,293,290,293,304,315,326,329,326,318,9999,9999,9999,9999,9999,9999,9999,9999,9999,9999,9999,9999,9999,9999
GS11,71/06/15,9999,9999,9999,9999,9999,9999,9999,9999,9999,315,305,292,273,256,242,237,241,254,269,286,305,320,326,325
GS11,71/06/16,316,304,290,279,276,278,286,295,303,310,310,305,295,282,268,259,256,259,270,286,302,318,327,330
GS11,71/06/17,326,315,299,283,272,265,267,275,284,295,304,309,310,304,296,287,279,276,280,289,302,316,327,333
GS11,71/06/18,333,326,313,293,274,260,253,253,261,273,287,300,309,313,311,306,299,292,290,292,299,310,320,330
GS11,71/06/19,333,330,318,300,279,259,242,234,233,243,258,277,294,308,316,318,314,307,301,298,298,305,314,325
GS11,71/06/20,332,336,330,315,295,271,246,227,219,220,230,248,271,294,311,322,324,321,313,304,300,301,307,316
GS11,71/06/21,327,335,336,330,314,290,263,237,218,208,211,227,250,277,301,319,330,332,327,318,308,302,301,308
GS11,71/06/22,318,328,335,334,325,306,279,248,221,201,194,201,219,247,275,302,321,331,331,324,313,304,301,303
GS11,71/06/23,311,322,334,340,339,326,302,274,241,214,196,193,205,228,256,288,312,328,334,331,321,309,300,297
GS11,71/06/24,302,312,325,335,341,338,322,295,264,232,207,195,196,212,238,269,300,323,333,333,325,314,302,295
GS11,71/06/25,295,305,318,332,344,347,338,319,290,258,228,209,203,210,230,256,285,309,326,331,326,316,302,290
GS11,71/06/26,285,289,300,315,328,336,335,323,302,273,244,221,207,205,217,239,265,290,312,321,321,314,302,288
GS11,71/06/27,279,279,284,295,310,321,328,325,310,289,263,241,222,214,219,235,258,283,305,320,325,322,311,297
GS11,71/06/28,286,278,279,287,300,314,324,327,322,307,287,267,247,236,235,244,262,282,304,321,332,333,326,314
GS11,71/06/29,299,289,285,289,297,308,319,326,328,321,308,291,274,260,253,256,266,283,302,319,332,337,334,324
GS11,71/06/30,311,298,288,283,284,292,301,310,315,315,310,302,289,277,268,265,271,281,297,313,326,334,334,327
GS11,71/07/01,315,302,289,279,274,275,280,287,294,302,306,302,298,290,283,276,275,278,287,298,310,320,325,324
GS11,71/07/02,317,306,293,277,266,261,260,263,270,278,286,293,296,297,293,289,286,284,287,294,304,314,321,323
GS11,71/07/03,322,314,302,287,271,259,252,250,254,261,272,283,293,301,304,303,301,297,295,296,302,310,318,322
GS11,71/07/04,324,320,310,295,279,262,247,239,237,241,252,267,281,295,304,308,309,306,301,297,298,303,310,316
GS11,71/07/05,321,322,317,305,289,269,250,234,225,224,232,247,267,286,303,314,318,317,311,305,300,299,303,311
GS11,71/07/06,320,326,326,319,305,284,260,238,221,213,214,225,247,272,295,313,324,326,322,312,303,298,297,303
GS11,71/07/07,313,323,330,330,321,303,278,251,225,208,203,210,228,252,280,306,324,334,335,327,317,307,304,305
GS11,71/07/08,315,329,340,346,342,328,304,274,242,217,201,198,209,231,260,289,315,331,336,332,320,308,297,293
GS11,71/07/09,298,311,325,336,340,335,317,290,257,226,203,192,196,212,238,271,300,324,335,336,327,313,298,289
GS11,71/07/10,290,298,312,329,340,343,336,315,284,250,221,202,194,201,221,249,279,307,327,334,330,318,301,286
GS11,71/07/11,279,278,283,295,312,330,340,340,328,303,269,242,216,204,204,217,261,300,322,333,332,323,307,290
GS11,71/07/12,278,275,281,294,312,328,336,335,319,294,266,237,219,212,216,232,258,285,308,326,331,325,312,296
GS11,71/07/13,276,266,264,272,287,306,320,327,325,311,290,267,246,232,231,240,256,280,303,322,333,333,322,305
GS11,71/07/14,288,271,261,260,270,285,303,318,326,322,310,293,275,260,252,252,262,281,302,322,334,339,332,319
GS11,71/07/15,301,280,264,253,253,259,271,286,299,307,308,303,292,280,271,266,268,278,291,307,321,334,335,327
GS11,71/07/16,313,313,294,275,258,248,246,252,262,277,290,302,304,301,294,289,288,292,302,312,323,331,333,331
GS11,71/07/17,324,311,292,273,255,244,241,243,253,267,282,297,306,310,312,310,307,305,305,312,321,330,337,338
GS11,71/07/18,336,327,311,291,271,253,240,235,238,247,262,280,297,310,318,322,322,319,315,314,317,323,330,337
GS11,71/07/19,342,340,331,314,293,270,249,231,225,227,239,259,282,303,318,328,332,330,324,318,314,314,318,325
GS11,71/07/20,333,338,338,330,312,289,262,237,218,211,216,230,252,279,303,320,330,332,328,319,311,306,305,310
GS11,71/07/21,321,332,341,342,334,316,289,259,232,213,205,212,230,257,288,314,332,339,335,326,313,304,299,302
GS11,71/07/22,312,325,339,347,349,337,313,284,250,226,211,211,225,246,280,305,329,341,341,332,319,306,295,293
GS11,71/07/23,299,311,329,343,350,346,330,302,270,239,214,204,209,228,254,284,312,330,337,333,318,304,290,281
GS11,71/07/24,282,292,308,327,342,347,340,319,291,256,227,208,204,215,239,268,298,321,333,332,320,303,286,273
GS11,71/07/25,269,274,289,310,329,340,341,328,304,274,245,221,211,213,232,258,287,314,329,334,328,313,292,275
GS11,71/07/26,264,264,273,291,311,330,338,334,319,295,267,243,226,222,231,255,279,308,327,337,334,322,303,282
GS11,71/07/27,266,261,264,275,293,311,327,329,322,305,282,259,242,234,237,253,275,299,321,332,334,325,307,286
GS11,71/07/28,268,258,256,262,276,293,309,317,318,309,294,275,258,246,245,255,272,292,314,327,333,328,314,294
GS11,71/07/29,275,260,252,252,260,275,289,301,307,305,296,284,271,261,257,260,271,288,306,322,329,328,318,302
GS11,71/07/30,283,266,255,250,252,263,275,287,297,301,298,292,285,278,272,273,279,291,304,316,324,327,322,310
GS11,71/07/31,295,279,265,254,251,252,259,268,277,285,290,293,292,290,287,286,288,294,303,312,320,326,324,318
GS11,71/08/01,306,293,278,264,253,248,248,251,259,271,281,289,295,299,301,302,304,305,307,311,317,322,324,322
GS11,71/08/02,316,307,294,279,264,252,243,241,245,255,267,282,295,306,314,318,319,317,315,314,316,321,325,329
GS11,71/08/03,330,327,318,303,286,268,252,241,236,240,251,268,286,304,317,325,328,326,321,315,312,313,317,323
GS11,71/08/04,328,332,328,318,302,280,258,239,226,221,227,243,265,290,312,331,340,339,332,323,317,315,318,328
GS11,71/08/05,340,349,354,351,338,316,288,260,236,223,221,231,253,279,306,330,346,351,344,333,321,311,308,314
GS11,71/08/06,326,341,354,360,355,336,307,273,241,216,205,207,224,251,284,315,339,350,348,337,320,303,292,290
GS11,71/08/07,301,318,336,351,357,348,326,293,257,224,200,192,200,223,258,292,321,338,341,330,311,290,274,267
GS11,71/08/08,272,288,309,332,348,353,341,316,283,248,217,199,197,214,241,277,312,337,348,342,324,303,280,264
GS11,71/08/09,259,269,291,319,343,357,356,340,313,279,245,221,212,219,241,274,310,336,350,350,337,314,287,266
GS11,71/08/10,253,254,269,293,321,346,356,353,336,308,279,240,235,233,247,272,305,335,354,360,352,336,305,279
GS11,71/08/11,259,251,255,272,297,321,341,348,341,324,299,275,254,246,251,268,291,319,340,351,350,335,310,283
GS11,71/08/12,259,243,237,245,263,286,308,324,331,326,313,297,282,272,273,282,300,325,344,358,361,354,337,314
GS11,71/08/13,290,267,253,248,255,271,290,309,321,327,326,318,309,301,296,299,310,326,342,355,362,361,349,331
GS11,71/08/14,308,286,267,254,250,251,259,276,295,306,313,315,315,313,311,311,314,319,326,333,340,342,338,328
GS11,71/08/15,315,295,277,261,248,240,242,248,258,271,283,293,303,308,311,314,315,9999,9999,9999,9999,9999,9999,9999
GS11,71/08/16,9999,9999,9999,9999,9999,9999,9999,9999,9999,9999,9999,9999,9999,9999,9999,9999,9999,9999,9999,9999,9999,9999,9999,9999
GS11,71/08/17,9999,9999,9999,9999,9999,9999,9999,9999,9999,9999,9999,9999,9999,9999,9999,9999,9999,9999,9999,9999,9999,9999,9999,9999
GS11,71/08/18,9999,9999,9999,9999,9999,9999,9999,9999,9999,9999,9999,9999,9999,9999,9999,9999,9999,9999,9999,9999,9999,9999,9999,9999
GS11,71/08/19,9999,9999,9999,9999,9999,9999,9999,9999,9999,9999,9999,9999,9999,9999,9999,9999,9999,9999,9999,9999,9999,9999,9999,9999
GS11,71/08/20,9999,9999,9999,9999,9999,9999,9999,9999,9999,9999,9999,9999,9999,9999,9999,9999,9999,347,341,326,307,288,275,271
GS11,71/08/21,280,297,318,337,349,349,334,304,275,248,227,218,224,244,273,303,329,343,343,332,314,292,276,266
GS11,71/08/22,267,279,298,320,338,347,346,330,300,268,240,224,222,235,259,288,318,340,346,338,322,298,274,259
GS11,71/08/23,256,266,285,309,332,347,350,339,316,286,260,240,233,239,259,287,316,339,349,345,329,304,280,260
GS11,71/08/24,251,254,270,292,315,335,344,341,324,300,274,254,243,253,274,303,335,359,373,373,363,348,330,317
GS11,71/08/25,311,316,330,348,369,382,385,374,353,324,293,270,257,256,265,285,309,331,347,350,341,322,297,279
GS11,71/08/26,271,268,275,293,313,331,342,344,335,322,304,286,271,267,272,286,307,327,342,349,344,330,306,281
GS11,71/08/27,261,250,246,254,268,287,305,319,325,321,311,299,286,280,280,288,302,319,334,345,346,334,314,293
GS11,71/08/28,271,255,248,248,257,270,284,298,307,310,307,298,289,285,285,290,300,312,323,332,337,333,319,301
GS11,71/08/29,282,266,254,249,250,258,270,283,294,301,303,302,300,298,298,301,307,315,324,331,335,334,326,313
GS11,71/08/30,298,282,269,259,255,255,260,269,280,290,298,304,308,312,315,319,322,327,331,336,340,342,340,335
GS11,71/08/31,325,313,300,289,280,275,274,278,285,296,308,320,332,342,351,356,357,355,353,352,355,357,358,358
GS11,71/09/01,353,345,334,317,300,283,271,263,262,270,283,302,323,343,358,367,368,362,356,350,347,349,354,360
GS11,71/09/02,366,368,363,351,332,310,288,270,260,258,267,286,311,333,351,361,362,354,342,329,321,317,322,332
GS11,71/09/03,346,360,365,361,346,320,292,265,243,230,231,245,269,300,328,347,357,353,338,318,301,290,287,296
GS11,71/09/04,314,337,355,365,360,342,312,278,247,222,214,219,240,271,305,334,354,358,346,323,298,276,265,266
GS11,71/09/05,282,306,332,354,361,354,333,302,265,232,216,212,225,251,284,316,341,350,345,323,295,268,246,240
GS11,71/09/06,249,271,300,328,347,355,344,320,287,252,224,212,216,236,267,282,329,345,348,333,306,273,249,231
GS11,71/09/07,231,247,275,308,336,354,357,342,315,283,253,236,233,248,273,305,335,358,363,354,330,297,268,247
GS11,71/09/08,242,253,270,294,324,346,361,360,342,315,287,267,258,266,286,311,340,363,374,368,346,316,282,254
GS11,71/09/09,235,232,242,266,296,323,343,352,347,331,310,291,278,278,291,312,336,355,367,368,355,330,297,265
GS11,71/09/10,241,228,230,244,266,293,319,336,342,336,325,309,299,295,300,313,333,354,370,377,373,357,329,299
GS11,71/09/11,271,252,245,248,262,283,306,325,336,339,335,328,321,317,317,324,337,351,363,372,372,362,346,325
GS11,71/09/12,298,275,259,252,252,260,276,291,306,317,324,325,325,325,326,328,333,341,365,406,386,361,351,336
GS11,71/09/13,319,302,287,275,265,263,269,278,290,302,312,321,328,332,333,334,335,336,337,339,341,340,338,333
GS11,71/09/14,323,312,298,283,270,260,255,254,260,269,282,297,311,322,328,330,329,325,322,320,321,325,329,334
GS11,71/09/15,337,336,328,314,294,276,260,252,248,253,265,283,305,323,335,338,335,328,319,311,306,306,311,318
GS11,71/09/16,329,338,341,335,320,299,278,259,246,244,253,271,294,317,334,344,343,334,320,307,296,292,296,308
GS11,71/09/17,327,343,354,354,342,322,298,272,254,243,245,260,284,311,335,350,352,342,324,306,291,281,279,287
GS11,71/09/18,304,324,344,357,356,342,318,290,266,249,244,253,273,302,331,356,365,359,342,318,296,278,270,275
GS11,71/09/19,290,315,341,361,369,362,343,314,286,259,247,247,263,290,320,346,362,361,345,321,296,272,256,254
GS11,71/09/20,266,289,317,342,359,363,351,326,296,268,249,243,251,272,302,328,349,356,347,326,298,270,247,238
GS11,71/09/21,244,262,290,317,339,351,348,332,305,278,254,244,248,264,290,318,344,357,352,331,301,270,243,229
GS11,71/09/22,229,242,266,295,325,346,351,342,320,294,269,252,250,261,283,310,337,352,353,337,310,276,249,230
GS11,71/09/23,223,229,248,276,303,328,341,341,328,306,285,268,260,266,281,304,330,347,354,346,323,295,266,242
GS11,71/09/24,228,227,240,262,288,314,332,339,336,322,304,289,278,278,288,306,325,341,350,349,334,310,281,255
GS11,71/09/25,238,232,239,256,275,299,319,331,335,328,316,302,292,288,295,307,324,339,348,351,340,321,296,272
GS11,71/09/26,253,242,241,250,265,285,305,320,328,329,322,312,304,300,302,312,327,343,354,362,359,343,321,298
GS11,71/09/27,276,259,250,248,255,268,282,296,308,314,317,316,313,310,310,314,321,330,338,344,344,337,323,306
GS11,71/09/28,289,274,262,255,257,264,274,287,298,309,317,322,325,327,327,327,329,333,336,341,343,341,334,323
GS11,71/09/29,308,293,278,266,259,255,258,265,274,284,296,307,318,326,329,328,323,318,316,316,317,319,320,320
GS11,71/09/30,315,307,294,278,263,252,244,244,249,259,274,291,307,319,327,329,324,316,306,298,294,295,300,306
GS11,71/10/01,314,319,319,310,296,279,261,249,241,242,255,273,295,317,334,342,340,328,312,298,289,287,293,306
GS11,71/10/02,324,340,348,348,334,314,292,270,254,249,254,272,298,324,346,360,360,346,325,305,287,276,279,294
GS11,71/10/03,317,341,360,367,360,341,314,285,262,248,248,264,288,317,343,362,366,357,332,302,274,255,249,261
GS11,71/10/04,285,315,341,359,364,355,333,304,275,253,242,248,267,298,329,354,364,360,337,305,272,245,229,232
GS11,71/10/05,251,283,317,348,368,371,360,335,308,283,265,262,274,299,330,358,375,375,358,327,288,251,226,217
GS11,71/10/06,225,247,281,316,345,363,364,352,328,302,280,270,273,291,316,342,363,372,366,344,308,269,237,216
GS11,71/10/07,212,226,253,285,317,343,356,357,344,324,303,289,285,292,309,332,351,362,361,348,322,289,254,225
GS11,71/10/08,211,210,225,243,280,309,331,339,340,328,312,296,286,287,300,318,337,352,358,355,339,313,284,255
GS11,71/10/09,231,219,219,233,253,280,304,320,329,331,326,319,311,306,309,320,334,347,354,355,346,330,307,283
GS11,71/10/10,260,242,235,237,250,269,289,307,322,329,330,327,323,321,323,328,336,348,355,358,354,342,327,308
GS11,71/10/11,290,272,259,252,253,262,275,293,309,322,330,335,339,340,340,337,338,342,346,349,348,344,336,322
GS11,71/10/12,309,296,281,268,262,261,267,277,290,301,313,323,329,332,330,327,324,322,321,322,323,325,326,324
GS11,71/10/13,317,309,297,285,273,265,261,264,271,282,294,307,318,324,328,327,323,316,311,306,304,305,310,314
GS11,71/10/14,317,317,312,303,290,275,265,260,260,267,281,299,314,326,331,333,326,315,306,299,295,298,306,318
GS11,71/10/15,328,337,337,332,320,306,291,278,271,274,285,301,319,334,344,348,344,330,315,301,289,285,291,303
GS11,71/10/16,318,331,341,342,333,317,298,281,269,265,273,286,306,325,340,347,345,331,312,292,276,268,269,281
GS11,71/10/17,299,318,333,342,342,330,311,291,274,266,267,279,298,319,337,347,346,335,313,290,266,254,251,260
GS11,71/10/18,276,298,321,339,344,339,321,301,280,266,262,270,287,309,330,347,352,341,313,295,270,249,241,244
GS11,71/10/19,259,282,308,331,344,345,334,316,295,278,269,272,287,308,331,348,354,346,326,299,269,245,231,230
GS11,71/10/20,243,266,294,320,340,347,343,327,308,288,277,275,286,303,324,344,353,351,335,307,278,250,232,225
GS11,71/10/21,233,253,281,308,329,342,342,334,317,301,286,281,286,302,322,339,350,349,336,314,283,255,233,221
GS11,71/10/22,222,236,259,285,310,326,334,331,321,306,292,283,282,291,308,327,343,348,342,324,297,269,244,225
GS11,71/10/23,220,226,243,268,292,315,327,332,328,316,303,293,288,291,303,317,331,338,338,326,305,279,254,233
GS11,71/10/24,223,222,233,251,274,297,315,326,327,323,313,305,299,301,308,321,333,343,345,340,324,301,275,254
GS11,71/10/25,238,230,231,242,259,279,297,310,316,316,312,306,302,300,302,310,321,329,334,334,325,303,294,273
GS11,71/10/26,257,245,240,243,255,272,286,301,314,319,320,319,316,315,315,318,323,329,333,334,329,320,307,291
GS11,71/10/27,275,261,253,248,251,259,269,282,293,302,310,314,316,316,316,317,319,321,323,322,319,315,307,298
GS11,71/10/28,286,276,263,255,250,248,252,259,271,285,297,306,312,314,313,311,308,303,300,297,297,300,301,301
GS11,71/10/29,298,291,273,268,258,250,247,249,258,270,285,300,311,317,319,315,305,294,287,281,282,289,298,308
GS11,71/10/30,313,315,310,296,284,269,260,256,258,268,284,302,319,333,340,338,328,309,294,281,276,281,291,309
GS11,71/10/31,322,332,335,331,317,299,281,266,261,265,279,298,320,336,345,343,329,307,282,259,245,240,250,268
GS11,71/11/01,294,315,330,333,326,309,290,273,260,257,263,279,300,321,335,340,332,311,281,253,228,217,219,235
GS11,71/11/02,260,288,314,331,338,332,316,296,278,266,265,275,294,316,334,345,342,324,296,260,228,207,199,207
GS11,71/11/03,230,261,292,318,334,338,327,311,291,276,269,274,288,310,331,346,351,340,316,281,245,214,196,195
GS11,71/11/04,208,237,270,303,332,344,346,338,326,308,296,294,300,316,336,355,365,362,345,317,282,246,218,203
GS11,71/11/05,203,220,248,280,310,335,346,347,337,321,306,298,299,310,326,343,356,359,351,331,299,264,231,209
GS11,71/11/06,200,207,224,249,278,306,323,331,330,321,309,298,296,301,314,330,346,354,354,343,321,293,264,237
GS11,71/11/07,220,214,220,243,266,291,315,330,334,332,324,315,310,309,316,328,338,353,356,350,336,313,287,258
GS11,71/11/08,240,230,229,238,257,281,301,317,325,326,323,315,307,304,304,312,322,329,335,336,329,314,294,274
GS11,71/11/09,252,239,230,232,243,257,273,291,302,309,310,307,303,296,294,296,301,308,314,317,316,310,300,286
GS11,71/11/10,271,258,248,244,245,252,266,281,293,303,309,311,308,303,298,295,296,298,301,303,305,306,305,300
GS11,71/11/11,292,282,270,261,256,254,259,268,280,292,302,308,310,308,302,295,288,283,280,280,284,289,293,295
GS11,71/11/12,294,291,283,272,262,255,253,257,267,279,294,304,310,311,306,297,287,275,267,262,262,268,277,286
GS11,71/11/13,292,296,293,285,275,267,258,257,261,271,284,296,307,313,311,303,289,273,255,247,244,248,260,274
GS11,71/11/14,290,300,306,304,296,285,273,266,266,272,284,301,313,323,325,319,306,290,268,251,242,243,253,270
GS11,71/11/15,289,306,320,323,319,308,293,282,276,276,285,299,314,331,336,336,325,303,280,258,240,235,239,254
GS11,71/11/16,276,300,319,330,331,323,310,295,287,282,284,295,309,324,337,340,334,314,289,258,236,221,221,234
GS11,71/11/17,254,282,304,322,330,330,320,305,293,282,283,288,301,318,331,337,334,318,296,267,238,217,210,216
GS11,71/11/18,235,262,288,312,328,334,329,318,306,293,285,288,299,316,332,344,347,335,314,285,255,230,230,230
GS11,71/11/19,230,248,276,302,325,337,340,333,320,306,296,291,296,309,326,340,346,341,322,297,265,233,213,205
GS11,71/11/20,210,227,252,278,303,321,330,329,321,306,293,286,287,298,312,328,338,340,329,307,278,248,222,206
GS11,71/11/21,204,213,234,258,285,308,320,327,325,316,303,294,290,295,307,320,335,340,336,322,298,270,242,222
GS11,71/11/22,213,215,229,250,278,302,323,336,339,334,323,311,302,299,305,316,326,334,336,328,310,287,262,238
GS11,71/11/23,225,218,221,236,257,279,301,316,325,324,317,308,300,295,296,303,312,322,327,326,317,300,280,257
GS11,71/11/24,239,227,225,230,245,263,282,302,313,318,317,311,302,295,293,296,302,309,315,319,317,311,297,278
GS11,71/11/25,260,245,235,233,239,253,267,285,300,309,315,316,311,302,295,292,291,293,296,301,305,306,300,290
GS11,71/11/26,277,263,252,244,242,246,258,273,289,301,310,313,312,308,299,290,282,278,276,279,286,292,295,295
GS11,71/11/27,293,284,276,266,258,255,258,267,278,292,305,315,320,319,312,301,287,274,265,263,266,274,284,294
GS11,71/11/28,301,303,300,291,280,271,266,266,274,286,301,315,324,327,323,311,292,272,255,244,242,250,264,281
GS11,71/11/29,296,308,313,311,303,291,279,273,276,283,296,311,324,333,330,320,300,275,248,228,218,223,233,255
GS11,71/11/30,280,302,318,324,323,314,302,292,288,292,302,313,316,338,342,338,316,287,256,228,212,206,211,232
GS11,71/12/01,250,277,303,319,326,325,317,303,293,288,290,297,310,325,335,338,329,302,267,233,205,186,183,198
GS11,71/12/02,227,257,286,309,323,326,322,309,304,292,287,290,301,320,336,344,340,326,297,263,231,202,188,188
GS11,71/12/03,203,230,266,295,319,333,336,333,325,315,305,302,309,321,335,348,356,351,331,301,263,229,202,187
GS11,71/12/04,188,206,233,265,295,316,327,329,322,312,300,292,292,301,316,333,345,346,335,314,282,243,215,195
GS11,71/12/05,188,195,213,244,276,302,319,326,325,315,303,294,290,298,308,323,337,342,338,321,297,268,238,213
GS11,71/12/06,202,204,215,239,264,290,311,321,325,324,313,302,295,294,301,314,327,337,342,336,320,299,270,245
GS11,71/12/07,225,214,215,225,246,270,295,311,321,322,316,305,294,288,288,295,306,319,328,329,321,308,287,264
GS11,71/12/08,244,230,224,229,242,264,285,305,318,322,319,310,299,289,284,284,291,299,308,314,316,311,298,283
GS11,71/12/09,265,252,243,242,247,261,278,296,310,320,321,317,307,297,288,284,281,285,289,296,300,301,299,292
GS11,71/12/10,281,271,260,255,255,260,272,284,297,307,312,311,303,293,283,275,268,265,266,269,277,283,287,289
GS11,71/12/11,287,280,272,264,261,262,269,278,289,301,310,313,312,305,296,285,273,264,261,260,264,272,280,288
GS11,71/12/12,291,293,291,286,281,276,276,280,286,297,306,312,314,311,303,290,276,260,247,241,238,245,254,266
GS11,71/12/13,277,286,291,291,287,282,277,276,280,286,296,305,311,313,309,299,284,265,248,234,228,230,239,254
GS11,71/12/14,271,286,298,303,303,297,289,283,281,284,292,301,312,318,320,314,300,279,256,237,225,221,228,244
GS11,71/12/15,262,286,303,315,320,316,310,301,292,291,295,302,313,325,331,329,317,298,271,246,227,214,213,225
GS11,71/12/16,245,269,293,309,319,320,315,304,293,286,286,293,306,320,330,334,328,309,282,255,228,210,204,212
GS11,71/12/17,229,255,283,306,321,328,325,315,303,292,287,289,299,315,329,338,337,321,297,265,233,209,195,192
GS11,71/12/18,205,229,258,287,310,325,329,324,311,298,285,284,291,306,322,334,339,332,313,283,251,219,197,188
GS11,71/12/19,195,214,242,273,301,321,331,331,322,309,296,286,287,298,313,329,339,339,327,305,275,241,214,197
GS11,71/12/20,193,204,226,255,284,312,327,333,328,315,299,285,281,287,302,320,335,342,336,319,293,260,230,207
GS11,71/12/21,194,197,211,238,268,296,317,329,329,319,305,290,281,281,290,307,323,335,335,325,306,274,245,219
GS11,71/12/22,203,198,208,229,255,282,306,321,325,321,308,293,278,273,276,287,301,316,326,327,319,299,274,247
GS11,71/12/23,224,211,211,220,241,264,288,310,320,323,316,302,287,274,270,271,280,293,304,313,315,308,292,269
GS11,71/12/24,248,232,224,226,237,254,276,297,310,318,316,306,291,273,264,261,262,267,281,292,300,303,297,286
GS11,71/12/25,269,253,243,239,244,255,271,289,306,318,321,316,303,288,274,263,257,257,263,274,286,296,302,301
GS11,71/12/26,294,282,273,264,262,267,278,292,309,321,330,330,323,309,293,275,261,251,248,252,262,274,287,296
GS11,71/12/27,300,300,296,289,285,283,286,294,305,316,327,333,334,325,293,293,274,257,247,245,249,263,278,293
GS11,71/12/28,307,315,318,316,310,303,298,296,301,309,318,326,332,331,320,304,280,253,229,213,207,211,224,246
GS11,71/12/29,270,289,303,309,309,303,296,290,287,290,297,306,317,322,322,310,290,261,230,205,188,184,193,212
GS11,71/12/30,236,264,286,303,309,310,302,292,284,282,284,294,306,320,329,329,314,292,259,227,200,185,181,192
GS11,71/12/31,216,245,276,303,319,324,321,313,302,293,291,295,306,320,333,341,336,318,288,252,218,193,180,184
