MA14,80/01/01,084,110,135,155,167,169,161,147,134,125,124,131,145,161,175,183,177,159,133,099,069,046,037,043
MA14,80/01/02,061,087,118,143,164,171,169,157,142,131,124,125,137,155,172,184,186,177,155,127,091,062,044,040
MA14,80/01/03,051,075,105,137,163,178,181,174,161,147,135,131,138,152,171,188,197,195,181,156,124,092,066,053
MA14,80/01/04,054,070,097,129,157,179,189,188,177,162,148,140,141,151,168,187,202,207,201,182,155,122,091,069
MA14,80/01/05,061,070,092,120,150,175,192,195,187,173,156,143,135,139,152,170,187,196,195,183,162,134,104,080
MA14,80/01/06,064,064,079,102,130,157,180,191,190,179,164,150,139,138,147,163,180,193,198,193,177,156,130,106
MA14,80/01/07,087,083,091,110,133,156,179,195,197,190,174,157,143,135,135,142,152,162,171,171,162,146,124,099
MA14,80/01/08,080,068,066,075,095,118,141,158,167,166,156,142,128,118,114,119,129,141,150,156,155,147,132,115
MA14,80/01/09,097,085,079,083,096,113,134,151,164,168,164,153,140,127,120,119,124,134,144,153,156,156,150,140
MA14,80/01/10,128,117,109,106,111,125,142,159,174,181,181,172,161,150,139,132,129,132,137,145,152,157,157,153
MA14,80/01/11,143,133,123,114,112,117,127,141,154,164,168,166,158,147,136,123,114,108,106,107,112,117,124,126
MA14,80/01/12,127,124,119,113,109,109,113,122,134,144,152,154,151,144,133,122,109,099,092,090,095,104,115,126
MA14,80/01/13,136,142,144,141,137,133,132,135,142,153,165,173,177,177,170,159,144,128,111,101,099,104,115,129
MA14,80/01/14,144,157,165,167,164,157,151,147,148,155,165,174,181,185,180,169,152,130,108,088,078,077,084,101
MA14,80/01/15,122,143,160,169,170,166,155,144,138,138,146,158,171,180,184,180,167,145,120,094,074,065,067,080
MA14,80/01/16,103,130,155,174,185,185,176,162,151,143,142,151,166,180,191,194,185,165,138,106,076,056,047,054
MA14,80/01/17,074,101,132,156,175,182,178,167,152,138,131,133,144,162,179,192,195,184,161,130,097,070,050,045
MA14,80/01/18,054,079,108,138,164,179,182,172,153,132,117,111,116,134,155,174,183,180,162,133,097,063,035,021
MA14,80/01/19,024,043,073,107,141,164,177,175,162,143,123,109,109,120,141,164,183,190,183,162,130,096,064,041
MA14,80/01/20,034,044,070,102,137,166,187,194,188,174,153,135,125,129,144,167,189,206,208,196,173,142,106,076
MA14,80/01/21,059,059,073,097,129,159,185,198,197,184,165,144,126,122,131,148,170,187,197,196,182,158,128,098
MA14,80/01/22,073,061,066,082,107,134,162,179,186,181,166,146,126,111,108,118,135,154,168,176,175,163,142,119
MA14,80/01/23,094,078,073,080,097,119,144,164,177,179,172,155,134,116,106,105,113,128,144,156,164,163,154,137
MA14,80/01/24,119,103,092,092,102,118,138,156,171,178,176,162,146,128,113,104,100,105,114,127,137,144,144,140
MA14,80/01/25,130,119,109,104,106,116,129,144,157,168,171,167,155,140,124,109,098,093,095,103,113,123,132,138
MA14,80/01/26,138,134,130,126,122,123,128,137,148,157,164,165,161,150,135,119,102,090,082,082,086,096,108,119
MA14,80/01/27,129,134,137,135,131,128,128,131,136,144,153,159,160,157,150,137,118,100,084,073,072,080,092,108
MA14,80/01/28,123,138,148,152,151,146,141,137,138,141,151,158,165,169,167,158,141,119,098,080,071,069,077,095
MA14,80/01/29,116,136,154,165,169,166,159,150,144,144,147,155,165,175,180,177,165,144,119,091,072,063,064,078
MA14,80/01/30,098,126,151,170,181,183,178,169,157,151,151,149,172,188,202,207,202,187,162,133,104,085,077,084
MA14,80/01/31,101,125,153,176,197,205,198,183,165,150,143,145,155,169,186,198,202,192,168,141,110,082,067,063
MA14,80/02/01,074,097,124,150,171,182,181,170,154,136,121,119,126,138,157,176,184,183,167,142,111,081,056,043
MA14,80/02/02,044,062,092,121,150,169,177,171,155,137,121,111,112,124,143,160,175,181,175,155,128,096,064,048
MA14,80/02/03,043,054,079,107,9999,9999,9999,9999,9999,9999,9999,9999,9999,9999,9999,9999,9999,9999,9999,9999,9999,9999,9999,9999
MA14,80/02/04,9999,9999,9999,9999,9999,9999,9999,9999,9999,9999,9999,9999,100,094,105,123,145,162,170,168,153,129,100,074
MA14,80/02/05,058,055,067,087,115,142,163,173,171,158,140,119,105,088,104,121,141,160,172,174,165,146,123,098
MA14,80/02/06,080,071,074,086,107,133,154,166,167,159,140,119,103,092,091,101,117,136,149,156,154,145,127,108
MA14,80/02/07,087,076,074,083,099,122,143,158,166,160,146,130,111,096,091,095,106,120,134,143,146,142,131,118
MA14,80/02/08,102,090,085,089,100,117,137,154,161,160,152,138,121,105,093,090,093,102,115,128,136,139,136,129
MA14,80/02/09,118,109,103,103,109,121,135,151,162,165,161,151,135,120,107,098,094,095,101,110,120,129,133,134
MA14,80/02/10,131,125,119,116,116,119,127,138,148,154,155,152,143,129,116,103,093,087,087,090,097,108,117,126
MA14,80/02/11,132,133,132,128,125,125,126,132,139,147,152,155,152,144,134,120,105,092,083,078,080,087,097,110
MA14,80/02/12,124,135,140,140,137,132,129,127,129,134,141,149,153,151,144,133,117,097,079,066,060,063,075,092
MA14,80/02/13,112,130,146,154,154,149,141,135,130,130,134,142,152,160,161,154,139,117,093,068,051,043,047,062
MA14,80/02/14,085,111,134,151,156,152,142,128,116,110,110,119,134,149,159,160,151,132,103,075,049,035,031,044
MA14,80/02/15,068,099,128,152,165,168,159,143,126,112,108,113,127,145,163,174,174,161,134,100,066,039,024,027
MA14,80/02/16,045,070,105,137,159,170,166,151,131,111,096,094,103,123,147,168,178,176,156,126,088,054,028,018
MA14,80/02/17,024,045,078,112,142,163,169,158,138,113,092,081,082,097,123,148,171,180,172,150,115,079,045,024
MA14,80/02/18,020,033,061,095,128,155,168,167,150,126,098,080,074,079,100,127,154,173,178,168,142,111,076,051
MA14,80/02/19,037,039,057,086,121,152,171,176,167,148,120,096,081,077,088,109,148,162,177,177,165,141,111,083
MA14,80/02/20,062,056,064,083,110,138,164,175,174,156,134,107,085,072,074,086,109,134,153,164,163,149,128,104
MA14,80/02/21,083,072,073,084,103,127,150,165,168,158,139,116,092,073,064,067,081,101,121,137,144,143,132,115
MA14,80/02/22,099,088,083,088,099,116,136,151,159,157,146,129,108,087,072,066,071,082,097,113,126,132,131,125
MA14,80/02/23,115,106,100,100,106,116,130,144,152,154,149,138,122,104,087,076,071,073,080,091,104,115,121,125
MA14,80/02/24,124,122,119,118,120,124,130,138,146,152,152,146,137,123,109,094,083,075,074,078,085,096,106,116
MA14,80/02/25,123,128,130,128,126,126,127,129,132,137,141,142,140,133,123,109,093,080,068,064,065,072,084,100
MA14,80/02/26,115,127,136,140,138,134,131,128,128,133,139,145,149,152,149,141,125,107,091,076,070,072,082,100
MA14,80/02/27,120,140,156,164,165,160,152,144,136,133,136,143,152,160,163,159,149,130,108,088,071,064,068,082
MA14,80/02/28,102,126,150,163,168,166,157,145,132,124,123,128,139,152,165,170,164,148,126,100,075,058,055,061
MA14,80/02/29,079,104,131,150,163,163,154,140,122,108,103,107,118,133,151,165,167,157,136,109,082,059,049,053
MA14,80/03/01,066,092,120,146,166,171,166,152,136,119,109,108,119,140,162,186,199,196,174,142,111,084,066,061
MA14,80/03/02,068,086,111,135,157,169,166,151,131,111,091,081,088,103,125,147,164,169,160,139,110,078,055,043
MA14,80/03/03,044,060,089,119,145,160,162,151,133,107,084,073,073,085,105,131,153,166,164,152,128,099,073,054
MA14,80/03/04,051,063,086,113,141,161,168,162,144,121,099,081,074,081,099,124,149,168,173,165,145,119,092,071
MA14,80/03/05,061,065,083,108,135,155,167,167,153,131,105,083,073,073,085,106,131,152,163,164,153,133,108,087
MA14,80/03/06,073,071,081,102,128,151,165,168,157,138,115,092,075,068,075,091,113,135,152,159,154,141,122,102
MA14,80/03/07,087,081,085,099,119,141,158,165,162,147,126,104,085,075,075,084,101,121,140,155,162,158,148,135
MA14,80/03/08,121,112,111,119,133,151,166,176,176,166,148,128,106,089,081,081,090,105,120,133,142,143,139,131
MA14,80/03/09,121,112,110,112,122,136,150,162,169,165,156,141,126,110,098,093,097,106,119,133,147,155,161,161
MA14,80/03/10,159,154,149,146,149,156,165,173,177,176,169,158,142,126,111,100,093,092,094,103,112,124,134,139
MA14,80/03/11,141,141,139,135,132,134,139,143,149,151,151,147,140,130,117,103,091,083,079,081,085,096,110,124
MA14,80/03/12,136,145,148,147,143,138,133,133,134,137,141,145,145,142,133,119,104,089,076,067,067,073,086,104
MA14,80/03/13,122,139,150,154,150,141,131,122,117,117,123,131,139,144,142,134,119,100,079,061,050,048,060,077
MA14,80/03/14,102,126,146,158,159,152,139,125,113,108,112,124,140,156,168,168,159,137,112,087,068,056,057,073
MA14,80/03/15,097,125,150,171,180,176,161,141,120,106,103,110,127,146,164,176,174,160,134,103,075,053,044,048
MA14,80/03/16,068,097,128,156,172,173,163,141,116,093,079,079,095,118,145,166,179,175,154,125,091,062,043,037
MA14,80/03/17,050,074,107,136,161,172,169,151,125,095,073,065,072,093,124,152,174,183,174,154,125,094,067,053
MA14,80/03/18,054,073,100,131,161,178,181,168,141,110,080,059,057,071,098,129,153,177,181,170,146,116,088,067
MA14,80/03/19,056,064,087,114,143,164,175,167,147,119,089,061,046,050,070,098,129,156,171,172,161,140,114,089
MA14,80/03/20,074,075,088,111,137,159,175,178,164,140,112,083,063,054,063,083,110,137,159,171,170,156,138,117
MA14,80/03/21,102,096,102,116,136,156,172,178,171,153,128,102,079,063,059,071,091,114,136,154,162,160,151,136
MA14,80/03/22,122,114,113,120,135,150,166,175,175,166,147,126,103,085,077,078,090,108,128,147,162,171,171,165
MA14,80/03/23,156,148,144,145,150,160,170,179,181,176,165,149,130,110,096,087,087,094,106,119,133,144,150,153
MA14,80/03/24,152,149,146,144,145,149,154,161,165,164,160,152,141,127,113,101,092,088,091,098,108,118,128,137
MA14,80/03/25,143,145,144,142,140,140,141,142,143,146,147,144,140,132,122,110,098,089,085,086,093,103,115,127
MA14,80/03/26,138,147,151,151,149,144,139,136,134,136,139,144,149,148,145,137,124,109,096,087,084,088,098,112
MA14,80/03/27,128,142,152,154,151,144,134,124,118,115,119,125,135,142,145,141,129,113,094,077,065,064,072,086
MA14,80/03/28,106,123,139,148,148,141,128,113,100,093,094,102,116,130,141,145,140,127,107,087,069,059,061,073
MA14,80/03/29,092,116,137,152,155,150,138,120,103,090,086,094,108,127,144,156,158,148,131,109,087,071,067,077
MA14,80/03/30,099,126,154,176,185,181,168,149,127,107,097,099,110,130,152,169,178,173,155,132,106,084,069,069
MA14,80/03/31,083,104,132,154,167,168,156,137,110,090,072,070,080,100,125,149,167,173,162,145,121,095,076,069
MA14,80/04/01,079,100,127,155,175,183,180,162,138,110,088,077,079,096,120,146,166,178,177,154,135,109,086,071
MA14,80/04/02,074,087,113,138,157,168,166,150,124,094,071,057,057,070,093,121,147,165,171,163,143,119,095,077
MA14,80/04/03,073,080,098,120,143,157,160,148,125,095,069,048,041,046,065,091,118,140,152,151,141,120,099,080
MA14,80/04/04,070,073,088,109,130,150,157,150,132,106,079,054,041,039,051,073,099,125,142,148,145,131,111,093
MA14,80/04/05,082,079,086,102,122,141,151,151,138,117,091,066,048,042,046,062,085,109,131,143,149,142,129,115
MA14,80/04/06,103,096,099,109,125,142,155,159,153,136,117,093,074,062,057,064,080,102,122,140,150,156,149,140
MA14,80/04/07,132,124,122,124,132,144,157,164,160,149,132,110,089,071,059,059,065,079,096,111,126,134,136,134
MA14,80/04/08,129,124,120,120,124,130,139,146,148,145,137,123,107,092,081,074,073,079,089,103,118,132,141,148
MA14,80/04/09,150,149,147,144,143,144,147,151,155,157,154,147,137,124,111,099,090,086,087,093,105,119,134,144
MA14,80/04/10,153,157,157,153,146,139,134,132,134,137,141,143,140,133,122,110,095,082,073,070,076,086,101,119
MA14,80/04/11,135,148,153,151,143,131,120,114,110,113,120,130,137,140,137,127,112,094,077,063,058,062,077,097
MA14,80/04/12,118,140,154,158,153,140,124,107,096,093,098,112,128,142,150,150,139,120,097,075,061,057,064,083
MA14,80/04/13,107,133,155,167,169,156,136,112,092,082,083,097,123,148,167,179,178,163,141,112,088,071,068,079
MA14,80/04/14,101,130,157,177,185,176,157,130,102,079,071,079,102,132,160,184,196,193,173,143,111,086,071,071
MA14,80/04/15,087,114,140,166,179,178,164,136,101,071,053,050,064,091,125,155,176,184,178,157,131,103,082,075
MA14,80/04/16,083,103,130,157,175,183,173,151,119,084,057,042,046,065,094,132,160,180,186,177,156,132,111,096
MA14,80/04/17,095,108,131,158,179,190,188,171,143,110,077,053,044,053,076,109,140,167,181,181,170,152,130,111
MA14,80/04/18,101,106,120,142,162,178,182,171,150,122,086,058,039,038,049,074,104,132,154,164,162,151,133,115
MA14,80/04/19,104,101,110,124,143,158,167,164,149,124,095,065,044,032,036,049,071,098,124,142,149,146,136,122
MA14,80/04/20,110,105,106,116,130,146,157,161,153,138,116,091,067,050,044,050,064,084,107,128,142,148,146,138
MA14,80/04/21,130,123,120,123,131,142,153,159,157,149,135,117,097,078,066,062,066,078,094,112,127,137,141,140
MA14,80/04/22,137,131,126,124,125,129,135,141,143,140,133,123,109,095,082,073,069,073,084,097,111,125,134,141
MA14,80/04/23,144,143,139,134,131,129,132,135,139,140,139,138,132,122,112,100,092,089,089,094,104,115,127,137
MA14,80/04/24,145,147,145,140,133,126,120,118,119,122,126,130,131,130,124,113,101,091,083,082,086,096,111,125
MA14,80/04/25,137,146,150,146,137,126,115,107,104,106,112,120,128,135,135,130,118,105,091,083,080,084,096,112
MA14,80/04/26,128,142,149,150,142,130,113,099,089,086,092,102,115,129,137,138,130,118,100,085,075,074,081,094
MA14,80/04/27,113,131,144,148,144,129,110,093,078,071,072,083,100,119,137,145,144,134,119,101,087,079,082,095
MA14,80/04/28,115,137,156,168,171,160,141,118,098,083,078,087,105,126,147,163,169,163,148,128,108,094,087,094
MA14,80/04/29,110,133,153,167,171,163,144,116,090,069,059,064,080,101,127,150,164,166,156,138,116,098,085,085
MA14,80/04/30,099,120,142,161,170,166,149,125,098,072,057,053,064,087,115,142,164,175,173,159,140,120,104,098
MA14,80/05/01,106,123,144,166,179,181,169,146,118,089,068,056,060,077,103,134,161,179,180,171,155,134,115,103
MA14,80/05/02,103,113,133,154,172,180,172,154,127,095,069,052,049,059,080,110,139,163,174,173,162,146,127,112
MA14,80/05/03,106,113,128,149,167,179,179,164,139,110,082,060,049,053,067,091,121,147,166,173,169,155,141,125
MA14,80/05/04,116,115,126,142,160,173,178,171,153,126,099,072,055,051,060,078,103,128,152,164,170,163,152,138
MA14,80/05/05,128,124,128,139,153,168,177,175,161,141,120,096,075,063,063,071,092,117,138,155,169,170,163,154
MA14,80/05/06,144,136,135,141,150,160,172,178,174,162,143,122,103,088,081,083,091,105,121,141,156,166,168,165
MA14,80/05/07,158,150,144,142,144,150,157,165,166,159,148,132,114,097,084,077,077,086,100,117,134,148,157,160
MA14,80/05/08,159,155,149,144,139,140,144,149,155,156,154,148,137,124,110,099,093,092,097,111,126,144,159,171
MA14,80/05/09,180,182,178,171,162,155,151,153,159,170,178,181,178,171,157,142,127,116,109,110,119,133,149,167
MA14,80/05/10,180,188,187,181,168,154,142,131,130,136,145,155,163,168,164,155,141,126,111,104,105,113,129,149
MA14,80/05/11,168,185,192,190,176,158,138,120,111,112,120,137,154,167,174,172,161,143,124,107,097,097,108,127
MA14,80/05/12,147,169,181,182,175,156,132,106,087,079,084,101,125,148,168,179,177,165,148,126,109,103,104,118
MA14,80/05/13,139,161,180,190,187,173,148,117,091,073,072,085,108,137,162,183,193,189,174,151,128,112,106,111
MA14,80/05/14,127,148,168,185,189,178,155,123,090,060,044,047,064,091,126,155,177,185,179,163,142,122,108,106
MA14,80/05/15,118,137,161,180,190,188,172,145,109,075,051,041,049,072,105,139,166,172,187,179,163,143,125,115
MA14,80/05/16,118,130,150,171,184,190,181,156,125,089,060,040,035,047,072,105,140,165,180,183,172,157,138,125
MA14,80/05/17,120,126,141,159,176,187,185,169,144,111,079,052,038,041,057,085,116,146,168,178,178,168,153,138
MA14,80/05/18,130,131,140,154,170,183,188,181,162,136,107,078,057,049,056,074,099,127,152,168,173,171,160,149
MA14,80/05/19,138,133,136,144,156,169,177,175,165,146,123,098,075,060,058,068,087,109,131,149,161,165,159,151
MA14,80/05/20,142,136,134,137,145,154,163,166,163,151,134,116,095,079,071,071,079,096,115,136,149,158,160,156
MA14,80/05/21,149,142,137,134,137,143,151,156,157,153,144,132,119,105,093,087,090,100,116,136,154,170,181,185
MA14,80/05/22,179,168,156,147,142,141,144,146,151,152,148,141,133,122,109,099,092,092,098,110,125,139,148,154
MA14,80/05/23,155,152,145,136,127,121,119,120,122,126,130,133,131,127,118,109,100,096,096,102,110,123,138,148
MA14,80/05/24,155,156,152,141,130,118,110,106,106,111,118,127,135,137,134,128,117,106,100,099,103,115,127,140
MA14,80/05/25,153,159,158,150,138,124,109,097,092,093,102,115,128,139,144,143,133,122,111,104,102,110,121,136
MA14,80/05/26,152,164,170,165,153,138,121,104,094,092,101,117,136,154,168,174,170,160,148,134,126,126,133,146
MA14,80/05/27,163,178,186,185,174,155,132,111,091,079,080,091,109,131,149,162,164,157,144,127,113,106,108,118
MA14,80/05/28,134,153,167,173,168,151,128,102,077,062,058,068,088,112,137,159,169,169,159,143,124,111,105,111
MA14,80/05/29,124,145,161,172,172,159,136,107,078,055,044,046,061,089,118,145,164,171,165,152,135,118,108,109
MA14,80/05/30,119,137,156,171,176,170,150,122,090,063,044,039,050,072,102,132,157,172,174,166,149,131,116,110
MA14,80/05/31,114,130,147,165,177,177,162,137,106,075,049,036,038,055,080,112,141,164,174,172,159,142,126,114
MA14,80/06/01,112,121,137,154,168,176,169,149,122,090,061,040,031,039,059,089,121,148,166,173,168,155,138,124
MA14,80/06/02,118,119,131,146,163,174,175,163,143,113,084,059,044,040,051,074,104,134,155,171,175,167,155,141
MA14,80/06/03,131,127,131,143,159,172,178,175,161,138,110,083,064,054,055,069,092,117,142,161,171,171,162,149
MA14,80/06/04,136,126,124,129,139,151,161,164,157,142,121,096,073,055,049,054,067,089,113,134,151,159,159,150
MA14,80/06/05,140,129,121,118,122,131,142,149,151,146,132,116,096,077,064,059,064,078,097,118,137,150,157,155
MA14,80/06/06,147,137,125,116,111,113,120,129,135,139,136,128,116,099,085,074,069,072,082,099,117,134,148,153
MA14,80/06/07,151,144,132,119,107,100,101,105,114,122,128,131,127,118,105,092,082,076,078,085,100,119,136,148
MA14,80/06/08,154,153,143,127,110,095,086,084,089,099,110,124,131,134,129,117,104,093,087,088,095,110,128,144
MA14,80/06/09,156,161,158,145,127,106,087,075,073,081,097,117,136,149,154,152,142,127,114,105,104,112,124,141
MA14,80/06/10,158,170,173,166,149,124,098,076,064,062,073,094,119,143,159,167,164,151,136,121,112,113,122,135
MA14,80/06/11,155,170,179,179,168,149,114,084,060,047,050,066,093,122,148,172,175,172,159,143,130,120,120,129
MA14,80/06/12,146,166,181,188,182,164,136,105,071,049,040,049,068,097,131,159,177,183,176,161,145,129,122,123
MA14,80/06/13,135,153,173,185,187,177,153,121,088,055,034,032,043,068,103,135,161,175,178,167,153,136,122,116
MA14,80/06/14,122,136,154,171,181,179,164,136,104,069,039,023,026,044,072,105,137,160,172,170,159,143,127,116
MA14,80/06/15,114,124,141,158,173,178,173,155,125,094,060,038,029,037,057,087,121,148,167,172,167,154,139,125
MA14,80/06/16,118,120,132,148,164,176,178,168,146,119,087,061,045,042,054,076,106,137,159,171,173,166,153,139
MA14,80/06/17,127,124,128,140,157,171,178,176,162,142,116,091,072,061,063,079,100,127,152,170,178,177,168,154
MA14,80/06/18,142,135,134,139,151,167,178,182,176,163,143,120,098,080,073,078,092,114,137,156,169,173,169,158
MA14,80/06/19,145,134,128,127,131,140,150,158,158,150,138,123,105,090,078,075,081,097,115,134,150,159,159,153
MA14,80/06/20,144,133,123,117,116,121,129,137,143,144,140,132,119,106,094,087,087,095,108,125,141,155,161,161
MA14,80/06/21,155,146,135,124,118,116,119,124,131,138,141,139,134,125,114,104,099,099,106,116,130,145,157,163
MA14,80/06/22,163,156,144,130,117,109,105,106,112,120,128,135,138,134,127,118,109,105,105,111,123,138,150,159
MA14,80/06/23,161,158,149,135,120,106,095,090,091,098,110,120,132,139,139,134,127,119,113,113,117,127,140,152
MA14,80/06/24,161,165,159,147,131,113,095,083,078,082,093,108,125,140,149,151,146,135,125,117,115,121,132,146
MA14,80/06/25,160,170,171,162,146,125,101,081,068,066,074,090,114,136,154,162,161,154,142,130,121,120,126,138
MA14,80/06/26,153,167,175,173,160,140,114,088,067,057,058,073,096,123,149,166,176,176,163,148,136,129,129,140
MA14,80/06/27,159,177,193,200,195,177,150,118,089,069,061,068,090,115,145,171,188,193,186,173,156,143,137,141
MA14,80/06/28,154,176,193,202,200,186,163,132,099,074,058,056,070,096,127,155,180,195,196,187,170,154,143,140
MA14,80/06/29,151,167,188,203,208,202,183,155,120,089,066,057,063,083,113,146,174,192,201,198,186,169,153,146
MA14,80/06/30,148,161,183,198,208,209,198,176,144,108,077,058,053,064,090,120,152,177,193,197,191,176,159,145
MA14,80/07/01,139,144,159,179,198,206,202,187,162,131,097,071,058,056,072,098,128,159,180,192,192,183,166,150
MA14,80/07/02,138,136,144,160,178,192,199,193,176,151,120,092,069,061,066,085,112,141,166,184,202,188,177,161
MA14,80/07/03,147,138,137,146,162,179,191,197,191,174,152,124,099,082,076,085,103,128,156,177,191,194,188,174
MA14,80/07/04,156,142,133,133,141,156,171,183,186,179,164,143,122,104,090,088,095,112,135,156,174,184,185,175
MA14,80/07/05,162,144,130,119,118,126,138,151,162,169,166,155,141,126,109,099,099,106,120,139,157,173,181,180
MA14,80/07/06,171,155,136,120,109,106,112,123,136,147,155,157,153,143,132,122,113,113,117,127,145,161,172,178
MA14,80/07/07,176,166,152,133,115,103,098,102,109,122,136,146,152,152,148,140,131,123,120,123,131,143,156,167
MA14,80/07/08,172,170,162,146,124,106,091,083,083,092,107,126,143,152,157,156,149,140,133,128,130,139,151,164
MA14,80/07/09,174,179,175,162,142,117,093,076,067,068,082,103,125,146,161,168,168,161,150,141,137,138,147,158
MA14,80/07/10,172,183,188,181,163,142,114,088,067,059,063,080,105,131,154,171,179,177,167,155,144,139,141,150
MA14,80/07/11,164,180,190,192,183,163,135,105,076,058,053,062,085,113,143,166,183,188,182,171,157,146,143,148
MA14,80/07/12,161,178,194,203,203,192,170,138,104,074,056,053,067,092,123,152,176,187,188,176,161,147,135,132
MA14,80/07/13,140,154,171,187,196,191,175,148,115,082,060,049,055,074,103,133,163,180,187,183,171,155,139,131
MA14,80/07/14,132,144,160,177,191,194,186,165,140,106,076,055,053,064,088,116,148,172,185,185,176,161,145,132
MA14,80/07/15,129,136,152,170,187,197,195,182,156,128,100,077,064,065,078,102,131,158,175,182,176,164,147,131
MA14,80/07/16,119,119,128,144,161,175,181,176,160,139,112,084,067,062,072,091,117,143,164,177,177,169,154,139
MA14,80/07/17,124,117,121,131,146,162,172,173,166,151,131,106,087,075,075,087,106,129,151,168,174,171,159,144
MA14,80/07/18,129,119,116,120,130,143,156,163,162,153,138,118,101,087,083,087,101,121,141,158,168,169,162,149
MA14,80/07/19,134,122,115,114,119,129,140,149,153,151,143,131,117,103,095,095,102,116,132,149,161,167,164,154
MA14,80/07/20,141,128,115,107,105,111,121,129,135,140,139,133,124,114,105,101,102,110,122,137,150,159,162,157
MA14,80/07/21,148,136,122,109,102,099,102,108,116,125,129,132,131,127,121,116,114,116,121,132,143,154,160,161
MA14,80/07/22,156,146,134,120,107,098,094,096,101,110,121,131,138,141,140,137,133,129,130,135,142,152,160,165
MA14,80/07/23,164,158,148,134,118,103,092,086,088,094,107,121,136,146,151,151,147,142,136,133,135,142,152,160
MA14,80/07/24,167,168,160,147,129,109,091,075,070,073,084,100,122,140,152,157,156,148,139,130,126,127,135,146
MA14,80/07/25,157,165,165,158,142,121,096,074,059,053,060,077,099,123,145,160,166,163,153,141,130,126,130,138
MA14,80/07/26,151,165,172,171,161,142,116,089,063,046,044,055,078,106,134,158,171,173,167,155,139,127,123,129
MA14,80/07/27,143,160,177,184,182,167,143,113,082,055,044,047,064,091,122,152,174,184,182,170,153,136,125,124
MA14,80/07/28,135,151,170,183,188,182,161,134,099,064,044,037,045,067,097,130,160,179,184,178,162,142,126,117
MA14,80/07/29,123,136,155,175,188,191,180,155,120,087,055,038,036,049,079,113,146,170,184,185,174,154,132,115
MA14,80/07/30,110,120,137,159,180,192,191,177,149,117,082,058,045,050,070,099,132,163,183,190,187,173,152,132
MA14,80/07/31,120,120,133,152,174,191,201,196,178,150,118,089,069,063,070,091,119,148,173,186,188,178,159,136
MA14,80/08/01,116,105,107,121,141,162,178,185,178,161,137,111,089,077,077,089,110,135,160,178,186,183,170,150
MA14,80/08/02,130,114,105,108,120,137,155,169,173,169,155,138,118,103,098,099,112,130,151,170,183,187,180,165
MA14,80/08/03,146,128,115,108,110,122,137,153,165,169,166,156,145,131,122,117,123,134,150,166,180,187,186,177
MA14,80/08/04,163,145,127,112,105,106,116,130,141,152,158,159,155,148,141,136,135,139,148,159,172,183,186,184
MA14,80/08/05,176,162,145,127,112,104,103,106,117,130,143,153,159,162,159,156,153,151,153,159,168,177,183,187
MA14,80/08/06,185,178,165,148,129,113,102,098,102,111,126,142,157,168,174,174,171,165,160,158,161,168,175,181
MA14,80/08/07,185,184,178,163,146,123,103,089,083,085,097,116,136,154,167,173,173,167,159,151,147,149,155,164
MA14,80/08/08,174,181,181,174,158,135,110,087,072,066,073,089,112,136,157,171,175,172,163,151,142,138,140,150
MA14,80/08/09,162,174,183,184,174,153,130,102,077,061,059,073,094,120,146,167,179,180,172,159,145,135,132,138
MA14,80/08/10,151,168,181,190,188,173,149,119,090,066,055,057,075,102,131,156,175,182,179,165,150,134,123,123
MA14,80/08/11,134,150,170,184,190,185,166,139,105,076,056,050,061,082,111,142,167,181,182,170,152,134,118,111
MA14,80/08/12,117,132,152,171,184,186,175,154,124,092,065,050,050,068,095,125,154,174,180,175,158,138,118,103
MA14,80/08/13,101,114,133,154,173,184,182,167,142,111,082,061,052,062,083,113,144,167,179,179,166,147,127,109
MA14,80/08/14,102,105,120,140,162,177,183,176,158,132,103,081,068,068,083,108,137,162,179,183,175,157,136,118
MA14,80/08/15,105,102,111,127,147,165,178,179,168,149,127,103,086,081,089,107,131,155,173,182,179,166,147,127
MA14,80/08/16,110,102,105,115,133,150,165,172,170,159,142,123,106,098,099,112,132,151,170,182,186,180,164,147
MA14,80/08/17,130,116,112,116,127,142,158,170,174,168,157,143,129,119,116,120,131,147,165,179,185,183,169,153
MA14,80/08/18,136,121,111,109,114,124,136,148,156,159,154,145,134,126,122,122,129,140,155,168,177,177,169,156
MA14,80/08/19,141,126,114,107,106,109,117,128,137,144,147,146,141,135,130,128,130,135,143,155,163,169,168,160
MA14,80/08/20,147,132,118,105,096,093,095,103,113,122,131,138,141,141,139,135,132,133,136,140,149,156,160,159
MA14,80/08/21,153,143,129,115,100,090,083,083,088,098,110,124,134,142,145,145,142,137,134,135,139,145,151,156
MA14,80/08/22,157,154,144,131,114,096,083,074,073,081,095,113,130,145,156,160,159,152,143,138,137,140,147,154
MA14,80/08/23,161,164,161,151,135,114,092,075,065,065,074,095,117,139,160,171,173,166,156,144,136,134,139,149
MA14,80/08/24,161,173,180,176,161,139,112,088,067,056,058,073,099,126,154,172,181,178,166,150,133,124,123,133
MA14,80/08/25,150,169,183,189,182,163,135,104,075,054,047,056,078,107,141,168,185,189,180,163,144,126,116,118
MA14,80/08/26,134,156,177,194,198,189,167,135,099,071,062,049,063,092,126,158,183,194,193,178,157,134,117,109
MA14,80/08/27,117,139,166,189,206,206,191,166,131,096,068,053,055,075,107,142,174,193,198,189,170,144,120,103
MA14,80/08/28,101,113,137,166,192,204,202,188,159,125,091,069,060,071,095,126,160,184,197,195,179,157,128,102
MA14,80/08/29,091,094,114,141,169,191,199,195,177,149,117,091,076,074,088,115,144,172,191,196,189,169,141,114
MA14,80/08/30,094,086,094,113,139,165,185,193,187,169,145,123,102,093,096,112,136,163,183,195,194,179,155,130
MA14,80/08/31,106,090,085,093,111,137,161,177,183,177,164,148,130,117,113,118,134,154,174,188,192,186,167,145
MA14,80/09/01,121,101,088,086,095,110,131,148,161,165,160,150,139,129,124,124,131,143,159,172,181,181,171,155
MA14,80/09/02,135,116,099,089,086,091,104,119,132,143,148,149,146,141,138,136,138,143,152,161,169,174,172,164
MA14,80/09/03,152,135,119,104,093,089,092,099,111,124,136,144,149,151,151,149,147,146,148,153,158,163,166,164
MA14,80/09/04,159,150,135,120,103,091,084,083,089,100,114,130,142,150,154,155,152,148,143,142,144,149,155,159
MA14,80/09/05,162,160,150,137,120,101,086,076,074,081,097,114,132,148,159,163,160,153,146,137,135,137,144,154
MA14,80/09/06,164,172,172,163,147,128,106,088,076,075,085,102,124,145,164,173,173,165,152,137,127,123,123,133
MA14,80/09/07,149,164,173,174,162,143,121,096,075,064,067,083,106,135,163,179,183,176,163,145,127,116,113,120
MA14,80/09/08,137,156,174,185,183,169,147,121,092,071,063,070,090,116,143,166,179,178,164,145,125,109,101,104
MA14,80/09/09,120,141,165,183,189,183,164,137,106,081,066,065,079,104,133,161,179,185,176,159,136,116,102,100
MA14,80/09/10,112,133,157,178,191,191,178,155,127,098,079,071,079,098,129,156,180,191,186,170,150,127,107,101
MA14,80/09/11,107,126,151,177,196,202,194,177,151,123,099,087,089,107,131,156,179,193,196,184,166,143,118,103
MA14,80/09/12,103,115,134,159,183,196,198,188,166,142,119,096,091,099,118,145,171,191,197,190,173,149,123,101
MA14,80/09/13,092,095,111,135,161,179,187,184,170,149,126,106,095,097,114,138,164,184,194,190,176,155,128,104
MA14,80/09/14,091,091,101,121,144,164,177,180,171,155,137,119,106,103,113,130,152,171,183,185,176,159,136,112
MA14,80/09/15,095,087,090,101,120,141,159,169,170,163,152,139,129,123,125,134,151,167,179,184,181,166,148,127
MA14,80/09/16,107,095,092,098,111,127,146,160,167,168,160,150,140,133,131,136,145,158,173,181,183,175,158,142
MA14,80/09/17,123,107,096,093,097,107,121,136,147,152,153,150,145,140,136,137,142,150,159,167,172,172,162,150
MA14,80/09/18,136,121,108,099,096,099,106,117,128,139,146,151,153,152,151,148,147,149,153,159,165,170,170,163
MA14,80/09/19,153,140,125,112,103,098,097,103,112,124,136,148,156,161,163,161,159,157,155,157,160,164,166,167
MA14,80/09/20,163,156,144,129,114,100,090,087,091,101,116,134,151,164,171,172,167,158,149,143,141,143,149,158
MA14,80/09/21,164,166,162,150,131,111,091,079,073,079,094,114,138,159,173,181,180,170,156,143,134,132,138,149
MA14,80/09/22,163,174,179,175,159,138,113,090,074,069,077,095,122,148,172,186,189,181,163,144,127,118,119,130
MA14,80/09/23,148,168,184,189,183,164,136,109,082,065,063,075,100,130,160,185,195,191,174,151,127,109,102,108
MA14,80/09/24,124,148,173,190,195,185,160,132,098,073,059,062,080,108,141,170,189,193,180,157,130,101,083,083
MA14,80/09/25,097,120,153,176,194,197,183,159,124,092,068,061,072,092,125,157,185,195,190,172,144,112,085,072
MA14,80/09/26,075,092,121,154,182,198,200,186,159,128,098,080,077,091,117,147,175,194,198,189,163,131,099,076
MA14,80/09/27,067,076,098,130,164,188,204,202,188,163,135,114,103,106,120,146,174,199,209,207,190,162,127,099
MA14,80/09/28,078,075,090,114,146,173,195,203,197,181,161,141,126,123,131,148,170,191,204,204,194,173,145,116
MA14,80/09/29,093,080,082,095,118,144,168,186,191,187,177,161,149,143,146,155,169,187,199,205,201,187,168,144
MA14,80/09/30,122,105,098,101,114,130,152,171,185,190,187,179,172,165,162,166,173,185,194,200,200,192,178,158
MA14,80/10/01,136,117,103,097,100,109,122,138,149,158,163,163,160,154,151,151,154,159,165,170,172,170,162,152
MA14,80/10/02,137,121,105,093,088,088,097,108,120,133,144,150,153,154,153,151,149,149,150,152,156,157,157,152
MA14,80/10/03,146,136,123,108,096,088,086,090,100,114,127,141,152,158,160,158,152,147,143,141,142,145,150,155
MA14,80/10/04,156,152,145,131,116,101,088,084,086,095,109,123,134,152,160,160,152,140,130,124,120,121,129,138
MA14,80/10/05,145,152,150,140,125,108,090,078,074,078,090,110,131,147,159,163,156,145,132,119,110,108,114,126
MA14,80/10/06,140,155,162,161,150,132,111,093,079,077,086,103,124,146,164,173,172,159,143,125,111,104,108,120
MA14,80/10/07,138,155,170,178,174,159,138,113,094,082,083,099,122,146,169,183,185,175,157,133,111,096,093,101
MA14,80/10/08,120,144,166,181,186,179,159,134,109,089,080,089,108,134,159,181,190,186,168,142,118,096,085,086
MA14,80/10/09,100,124,149,170,182,181,168,144,119,095,081,079,092,114,142,167,182,184,172,148,121,095,078,072
MA14,80/10/10,080,102,130,155,174,183,178,160,138,113,096,090,096,114,139,166,184,189,182,159,135,107,085,073
MA14,80/10/11,076,090,116,146,173,186,188,175,155,130,113,100,100,111,133,158,178,189,185,167,142,113,087,071
MA14,80/10/12,068,078,101,129,153,173,182,179,162,142,122,105,098,105,121,145,165,179,180,167,144,117,089,066
MA14,80/10/13,058,062,079,105,131,156,168,172,165,150,134,116,107,110,123,142,162,177,183,176,151,139,115,089
MA14,80/10/14,075,075,087,108,131,155,173,183,186,178,164,148,136,135,142,155,174,189,197,196,182,164,142,115
MA14,80/10/15,096,087,088,098,115,136,155,170,178,177,168,158,149,143,143,150,160,170,179,181,175,161,143,121
MA14,80/10/16,102,089,084,086,097,112,128,142,153,157,155,150,143,138,134,137,143,151,159,163,161,154,144,133
MA14,80/10/17,117,102,092,088,091,099,111,124,138,149,157,159,158,153,148,146,145,147,151,156,158,158,155,145
MA14,80/10/18,133,122,109,096,090,090,095,105,119,132,143,152,157,158,156,152,147,142,141,143,146,150,152,150
MA14,80/10/19,144,136,126,112,099,090,085,088,097,112,128,146,159,169,171,166,156,143,133,127,128,135,145,155
MA14,80/10/20,161,165,159,147,131,115,103,096,096,104,119,139,157,172,182,182,173,155,137,122,114,117,129,145
MA14,80/10/21,161,177,185,181,167,147,126,109,100,100,112,136,161,182,198,204,199,181,159,135,119,116,124,143
MA14,80/10/22,165,184,194,196,192,175,150,124,105,097,101,119,144,169,192,206,206,189,164,134,106,090,086,100
MA14,80/10/23,121,149,175,194,202,190,165,136,109,088,085,096,121,149,177,199,204,193,168,136,101,075,063,070
MA14,80/10/24,091,122,151,177,190,191,179,157,126,101,086,088,105,132,160,185,201,202,188,160,125,092,072,070
MA14,80/10/25,087,115,147,177,201,211,208,193,170,145,126,119,127,147,174,200,219,225,216,192,164,131,100,083
MA14,80/10/26,087,111,141,170,195,214,224,219,202,179,153,136,132,142,160,184,202,212,211,193,165,129,094,067
MA14,80/10/27,053,059,080,110,145,176,194,200,193,176,156,140,129,130,143,162,183,196,199,190,168,138,105,074
MA14,80/10/28,053,048,058,080,108,136,161,176,177,171,159,146,137,135,142,157,177,193,200,198,183,162,134,105
MA14,80/10/29,083,069,068,079,096,120,141,160,170,172,166,157,148,143,143,149,161,172,180,182,177,163,144,123
MA14,80/10/30,101,085,075,075,083,099,118,136,152,159,163,161,157,153,151,151,154,159,165,169,168,164,156,143
MA14,80/10/31,129,114,102,095,094,101,113,128,145,158,166,170,171,170,165,160,155,152,151,151,151,151,149,144
MA14,80/11/01,135,124,111,100,093,090,093,101,113,127,142,153,159,160,159,154,147,141,138,136,137,140,144,147
MA14,80/11/02,147,142,135,125,114,105,100,100,108,120,135,150,161,169,171,166,159,146,135,128,126,128,135,143
MA14,80/11/03,151,156,155,148,137,124,112,104,104,111,124,139,155,167,173,171,161,146,131,118,109,108,114,124
MA14,80/11/04,138,151,156,155,147,135,121,108,101,103,113,129,147,165,175,179,173,157,138,121,108,103,107,120
MA14,80/11/05,138,156,169,175,172,160,144,128,116,109,115,130,147,167,184,190,185,172,148,127,108,098,098,108
MA14,80/11/06,128,149,169,184,189,184,168,148,132,119,117,126,144,166,184,195,196,183,162,135,111,093,085,092
MA14,80/11/07,109,135,160,179,192,193,183,165,145,127,119,123,139,158,181,196,201,195,175,148,119,096,083,083
MA14,80/11/08,099,125,153,178,195,200,196,179,157,137,123,120,129,147,169,187,195,188,170,142,112,084,065,057
MA14,80/11/09,066,083,110,140,164,177,178,168,151,132,115,107,112,127,148,167,181,182,170,149,117,089,063,051
MA14,80/11/10,055,072,097,127,154,171,178,173,159,140,122,112,112,123,140,160,176,182,176,158,130,100,071,052
MA14,80/11/11,045,052,072,098,126,149,166,170,163,151,134,120,113,117,130,147,162,171,171,159,139,114,086,063
MA14,80/11/12,050,052,067,087,113,139,158,170,172,165,151,138,131,130,137,152,166,177,180,174,160,141,115,092
MA14,80/11/13,076,070,076,091,111,135,159,176,185,184,177,168,160,155,155,161,172,181,185,180,169,151,129,105
MA14,80/11/14,086,074,071,078,093,112,134,151,165,170,169,163,155,149,146,148,154,161,169,172,169,161,145,126
MA14,80/11/15,108,093,084,082,087,099,115,132,148,158,163,163,158,153,147,144,143,144,147,150,152,149,142,130
MA14,80/11/16,117,103,090,080,077,080,090,106,123,138,149,155,156,153,146,139,133,128,128,132,136,140,141,139
MA14,80/11/17,133,124,112,100,091,087,088,097,110,125,141,152,160,163,160,150,138,126,118,115,117,124,133,140
MA14,80/11/18,142,142,138,124,110,099,092,091,099,112,131,150,165,174,174,167,150,130,112,100,096,100,113,127
MA14,80/11/19,142,150,152,147,133,116,100,089,087,095,110,129,147,162,172,172,156,132,106,084,072,072,083,104
MA14,80/11/20,127,149,164,169,163,146,125,105,094,092,102,118,141,162,177,179,169,147,118,086,062,054,057,077
MA14,80/11/21,105,134,160,176,180,170,152,132,112,100,101,114,135,159,182,194,191,174,143,108,076,054,047,057
MA14,80/11/22,081,117,156,180,196,199,187,168,147,131,123,127,145,169,193,208,212,201,174,140,102,071,051,050
MA14,80/11/23,066,094,129,160,188,200,200,188,169,149,134,131,137,157,181,201,211,209,189,161,125,091,061,047
MA14,80/11/24,051,071,102,136,168,190,200,196,184,167,149,139,139,150,170,190,205,207,199,176,147,115,082,061
MA14,80/11/25,053,062,087,118,149,178,198,205,202,190,176,161,154,159,171,189,206,214,214,203,182,152,117,087
MA14,80/11/26,068,065,076,098,129,156,178,190,192,186,171,158,147,143,148,159,173,184,187,182,166,143,115,089
MA14,80/11/27,066,055,056,070,095,119,143,162,171,171,162,153,143,139,139,147,159,171,178,179,173,160,140,121
MA14,80/11/28,102,087,081,084,096,115,136,157,171,178,177,170,160,152,149,151,155,163,170,174,173,166,154,140
MA14,80/11/29,125,111,101,099,104,117,133,152,167,177,183,182,175,168,162,158,157,159,163,166,167,166,162,154
MA14,80/11/30,144,132,120,111,107,112,122,136,152,168,177,180,178,172,165,157,151,147,146,147,151,156,159,159
MA14,80/12/01,156,150,141,132,124,120,122,130,141,155,167,175,177,174,167,158,145,132,124,121,124,129,135,144
MA14,80/12/02,148,148,144,136,126,118,112,113,121,134,148,162,174,178,175,167,153,139,124,114,112,118,128,141
MA14,80/12/03,153,164,166,163,155,145,135,129,131,139,151,166,180,189,191,185,170,152,132,116,109,109,116,130
MA14,80/12/04,150,167,178,181,177,165,154,143,138,140,149,163,179,192,198,195,183,164,141,118,100,094,098,109
MA14,80/12/05,125,144,161,172,172,163,151,137,125,120,125,139,157,177,191,194,184,166,140,112,091,080,080,094
MA14,80/12/06,113,138,162,180,187,185,173,157,143,133,133,141,156,177,194,201,196,179,153,125,095,076,070,076
MA14,80/12/07,096,120,150,173,190,194,188,174,157,143,135,138,149,167,186,199,202,191,169,138,107,081,066,065
MA14,80/12/08,078,103,133,163,186,198,200,189,173,157,145,141,148,161,180,198,206,200,182,154,121,090,069,060
MA14,80/12/09,064,082,112,141,168,189,197,193,180,164,152,142,141,153,171,190,202,204,192,170,140,109,080,063
MA14,80/12/10,059,070,095,123,152,175,191,193,186,170,155,142,135,140,154,170,185,193,190,170,144,114,083,060
MA14,80/12/11,047,049,065,090,118,145,166,176,176,166,153,139,129,129,136,150,165,180,181,170,152,127,100,073
MA14,80/12/12,056,050,057,076,102,130,156,174,183,182,173,161,150,143,145,155,167,180,187,185,174,155,132,109
MA14,80/12/13,089,076,073,081,097,119,141,161,173,178,176,166,154,142,136,138,145,152,161,167,166,156,141,119
MA14,80/12/14,100,082,071,069,076,093,113,135,153,165,169,166,156,146,138,132,131,136,145,153,157,156,151,138
MA14,80/12/15,121,105,092,084,083,089,101,119,136,151,161,163,158,148,136,124,114,110,113,119,127,135,138,136
MA14,80/12/16,129,118,104,093,085,085,092,106,123,140,155,163,165,160,148,134,118,106,101,103,110,120,132,139
MA14,80/12/17,142,139,131,121,110,102,100,105,116,132,148,163,171,172,167,152,134,116,102,095,097,107,121,137
MA14,80/12/18,149,158,160,154,144,132,124,120,123,135,150,166,180,189,189,178,159,137,114,094,085,086,099,119
MA14,80/12/19,140,160,172,175,169,160,147,135,129,133,142,157,172,186,193,188,172,146,115,088,069,061,067,085
MA14,80/12/20,110,139,163,180,184,180,167,153,141,136,139,152,168,184,198,200,191,168,135,097,068,049,045,055
MA14,80/12/21,079,110,141,168,184,187,180,166,150,137,132,139,154,173,190,199,196,180,153,116,083,053,039,039
MA14,80/12/22,054,084,117,149,174,187,189,179,163,147,137,134,143,159,176,192,198,192,172,140,106,071,044,033
MA14,80/12/23,040,061,092,127,158,180,191,190,179,164,149,141,143,156,175,195,208,209,200,177,147,115,087,067
MA14,80/12/24,062,073,099,131,164,193,212,218,212,201,187,175,169,173,188,207,223,231,227,206,177,143,109,082
MA14,80/12/25,069,070,084,109,138,169,190,202,202,193,181,168,160,161,169,185,200,211,213,206,188,165,137,112
MA14,80/12/26,093,088,094,114,137,163,187,203,210,207,196,183,171,166,170,181,194,203,209,209,200,183,159,133
MA14,80/12/27,110,096,094,103,121,143,166,185,196,197,191,180,166,154,149,154,163,175,183,189,188,178,163,142
MA14,80/12/28,122,105,098,100,111,129,150,170,184,189,188,180,168,155,145,142,145,153,160,165,170,169,162,150
MA14,80/12/29,135,121,111,107,109,121,135,152,167,178,182,179,169,158,145,136,131,131,134,140,146,149,149,145
MA14,80/12/30,137,127,117,110,108,113,123,137,151,166,174,175,169,160,149,138,128,120,118,120,125,133,138,141
MA14,80/12/31,141,138,133,128,121,119,121,129,140,152,162,168,168,162,153,141,129,116,107,103,104,110,119,129
