MA14,78/01/01,112,099,094,099,113,133,155,174,187,190,181,168,153,138,129,126,130,139,148,157,161,158,149,135
MA14,78/01/02,119,105,094,092,099,114,133,152,167,174,172,162,148,133,120,112,110,113,119,129,139,146,148,143
MA14,78/01/03,135,124,115,110,109,115,129,145,162,174,178,174,165,152,137,124,113,106,105,110,119,128,136,141
MA14,78/01/04,143,139,133,125,118,116,122,133,145,159,167,171,169,161,149,134,119,105,098,098,104,113,125,139
MA14,78/01/05,151,156,156,151,143,135,130,132,140,151,163,172,177,175,166,151,130,107,090,077,073,077,091,109
MA14,78/01/06,128,146,157,160,156,147,137,129,128,134,145,157,168,174,173,163,144,116,091,068,055,052,061,080
MA14,78/01/07,104,132,154,167,171,166,155,143,133,128,132,143,155,168,175,173,158,134,102,069,044,029,028,042
MA14,78/01/08,068,099,131,155,168,171,164,150,136,124,121,129,146,163,180,189,186,169,139,102,067,041,029,031
MA14,78/01/09,049,081,115,148,172,185,185,175,160,145,135,135,146,162,181,197,204,197,177,145,110,075,052,041
MA14,78/01/10,049,072,103,139,168,190,197,190,171,148,128,115,117,132,153,173,187,191,179,155,119,081,047,026
MA14,78/01/11,023,038,064,099,131,161,178,182,173,154,133,114,108,114,132,156,177,190,191,178,153,123,090,060
MA14,78/01/12,046,048,066,094,126,156,179,189,187,173,153,131,116,112,122,141,162,179,186,181,164,140,110,079
MA14,78/01/13,058,051,059,079,107,135,160,175,178,170,154,134,115,105,107,119,137,156,170,176,171,156,134,109
MA14,78/01/14,088,076,077,090,110,135,159,176,184,181,168,150,131,114,107,110,121,136,150,161,162,155,140,120
MA14,78/01/15,102,088,083,089,104,123,143,162,174,176,169,155,140,125,113,110,114,122,135,147,155,158,154,145
MA14,78/01/16,132,120,111,107,110,123,138,153,164,169,167,159,146,131,117,106,101,102,107,116,126,134,137,135
MA14,78/01/17,129,122,115,111,112,120,132,144,155,162,165,162,154,142,128,113,102,096,095,099,106,116,125,133
MA14,78/01/18,137,137,135,132,129,129,135,143,152,159,165,167,164,158,148,133,118,105,096,093,097,106,118,129
MA14,78/01/19,141,150,154,154,151,148,146,147,151,156,162,167,169,168,162,150,132,113,096,086,083,087,098,111
MA14,78/01/20,127,142,152,156,156,151,146,141,140,143,149,156,163,167,166,158,145,126,105,086,076,073,080,094
MA14,78/01/21,113,135,153,163,166,163,157,150,144,143,148,157,169,179,186,186,177,160,136,113,094,083,082,093
MA14,78/01/22,110,133,155,171,178,178,172,163,152,145,143,147,156,168,178,181,175,158,134,105,079,060,053,058
MA14,78/01/23,075,100,127,150,163,168,164,152,138,125,119,121,131,147,164,175,178,167,144,116,086,061,048,048
MA14,78/01/24,061,086,116,145,166,176,176,167,152,138,126,124,131,148,168,187,196,193,178,154,124,094,072,064
MA14,78/01/25,071,091,119,148,171,187,191,182,167,149,131,121,122,135,155,175,190,194,183,160,129,098,070,055
MA14,78/01/26,053,069,094,125,154,176,186,183,169,150,132,116,111,120,138,160,181,192,191,175,149,121,092,071
MA14,78/01/27,064,073,096,126,156,184,199,200,189,170,149,130,119,120,134,153,172,187,192,185,165,139,109,083
MA14,78/01/28,067,066,077,102,130,158,178,185,180,164,144,123,107,102,109,126,147,166,178,180,170,150,123,098
MA14,78/01/29,078,071,076,094,120,147,169,182,184,174,156,134,115,104,104,113,131,149,162,170,168,157,137,115
MA14,78/01/30,095,085,084,094,114,140,163,180,186,181,167,149,128,114,107,108,118,133,148,159,164,161,152,137
MA14,78/01/31,121,107,100,101,112,130,148,163,172,173,165,150,131,114,101,095,098,107,120,133,144,150,149,142
MA14,78/02/01,134,124,116,112,116,126,142,157,169,177,177,166,152,134,119,107,101,100,103,109,117,127,135,139
MA14,78/02/02,139,135,128,123,121,124,131,142,153,161,166,164,157,145,132,117,105,095,091,093,100,111,123,135
MA14,78/02/03,143,147,147,143,139,135,135,139,146,155,162,165,164,158,148,132,114,095,079,070,068,075,087,106
MA14,78/02/04,124,139,149,152,149,143,136,131,130,135,143,151,158,160,158,148,133,113,090,070,058,056,065,083
MA14,78/02/05,105,130,149,161,165,161,151,139,130,127,133,144,157,167,173,172,160,138,108,081,057,045,045,058
MA14,78/02/06,082,111,140,162,174,176,167,152,135,124,123,131,145,162,177,186,183,167,141,109,078,054,044,048
MA14,78/02/07,067,097,129,158,179,188,184,169,149,131,119,120,133,152,173,190,198,190,169,138,102,070,049,042
MA14,78/02/08,052,076,109,140,168,184,185,174,152,129,109,101,106,124,149,173,189,191,179,154,118,082,054,038
MA14,78/02/09,040,057,085,117,147,169,180,175,158,134,110,091,088,098,120,146,170,184,183,167,141,109,079,056
MA14,78/02/10,048,057,080,111,145,172,189,192,181,160,136,114,101,103,120,144,169,186,193,188,169,144,113,085
MA14,78/02/11,066,064,077,102,130,158,178,184,178,161,139,113,094,087,092,110,133,155,170,175,168,149,125,100
MA14,78/02/12,080,073,081,099,121,145,166,177,176,163,144,122,099,085,083,096,115,134,152,162,163,156,140,121
MA14,78/02/13,104,093,093,103,122,143,163,176,179,173,157,137,116,098,090,092,103,119,136,149,156,156,148,135
MA14,78/02/14,122,109,104,107,118,134,151,164,171,169,158,142,123,106,094,088,092,102,113,127,137,144,144,139
MA14,78/02/15,132,125,122,123,128,138,150,161,169,172,168,159,144,129,114,103,098,098,102,111,120,129,134,136
MA14,78/02/16,135,132,130,128,129,134,142,150,158,162,163,159,150,139,126,114,103,097,096,100,107,115,124,132
MA14,78/02/17,138,143,145,144,143,142,144,148,152,156,160,162,160,154,144,132,120,106,097,094,096,102,113,125
MA14,78/02/18,137,148,155,158,157,154,151,148,149,152,156,160,164,164,159,150,136,118,101,088,082,082,090,104
MA14,78/02/19,119,135,148,155,156,152,146,139,135,135,140,148,157,165,168,166,157,140,117,097,083,078,081,094
MA14,78/02/20,111,132,150,162,165,164,155,143,133,128,129,136,148,161,171,174,170,154,132,108,088,075,073,082
MA14,78/02/21,100,124,149,167,176,176,167,154,140,127,123,128,140,156,171,179,178,166,144,115,090,068,059,062
MA14,78/02/22,078,104,132,156,172,177,171,155,138,122,112,113,123,142,162,180,189,184,167,141,111,085,067,063
MA14,78/02/23,072,095,124,152,172,184,182,169,151,130,112,104,109,125,147,168,182,184,172,148,117,087,062,050
MA14,78/02/24,053,070,099,130,156,172,175,165,144,119,098,086,086,099,120,145,167,180,178,162,136,106,078,058
MA14,78/02/25,054,066,089,118,146,168,178,173,155,131,106,087,079,085,103,129,154,173,180,173,154,126,098,074
MA14,78/02/26,063,065,082,109,138,162,176,176,163,138,112,089,074,073,084,106,131,155,170,172,161,141,115,091
MA14,78/02/27,075,071,082,104,129,154,172,180,172,155,131,105,085,077,080,096,119,142,161,172,170,158,138,116
MA14,78/02/28,097,086,087,100,120,143,162,174,173,161,140,115,094,079,077,084,100,123,144,161,173,175,171,162
MA14,78/03/01,153,142,134,136,149,167,174,184,187,179,162,138,115,094,080,073,077,089,104,119,131,136,136,129
MA14,78/03/02,120,111,105,104,111,122,137,151,158,157,150,135,115,097,081,071,068,073,083,097,110,122,131,136
MA14,78/03/03,135,131,126,121,120,125,133,143,152,156,155,149,138,124,109,095,085,080,080,086,097,111,125,138
MA14,78/03/04,146,151,152,149,146,144,145,150,155,159,164,165,164,156,144,129,112,100,091,083,084,094,105,123
MA14,78/03/05,139,151,159,161,158,152,144,138,135,138,145,152,157,159,154,145,128,108,088,073,066,067,078,095
MA14,78/03/06,116,137,154,162,162,154,142,130,120,116,120,132,145,156,162,160,150,130,106,081,064,055,058,074
MA14,78/03/07,097,123,147,163,169,164,151,132,114,103,103,112,129,146,161,169,166,152,127,100,074,055,048,055
MA14,78/03/08,075,104,133,157,171,173,163,143,119,099,088,091,105,127,149,167,175,170,153,124,093,065,049,047
MA14,78/03/09,060,084,114,143,163,171,165,146,120,094,077,071,080,101,127,153,170,175,165,141,112,082,060,052
MA14,78/03/10,058,079,109,140,167,182,184,172,148,121,097,084,088,106,135,167,194,210,211,197,172,143,117,101
MA14,78/03/11,099,110,134,159,182,202,208,197,174,146,117,095,087,094,112,139,166,185,192,186,169,142,115,094
MA14,78/03/12,083,088,104,129,155,179,191,189,173,149,120,094,079,076,089,111,138,162,176,179,169,149,126,106
MA14,78/03/13,093,092,102,119,141,164,177,180,171,151,125,098,078,068,073,090,112,137,158,170,169,158,140,120
MA14,78/03/14,105,098,101,112,131,151,168,174,171,157,135,112,089,073,070,079,097,118,138,152,157,155,145,130
MA14,78/03/15,117,108,107,114,128,145,159,167,167,159,143,123,102,084,076,076,086,102,119,133,144,148,146,138
MA14,78/03/16,129,122,120,122,129,141,153,161,164,160,150,134,117,100,089,083,084,091,102,115,126,135,140,140
MA14,78/03/17,136,131,128,128,131,136,144,151,156,155,150,141,128,114,102,092,086,086,090,097,107,117,126,132
MA14,78/03/18,135,135,134,132,130,130,132,135,138,140,140,137,131,122,112,100,090,082,078,079,087,097,108,120
MA14,78/03/19,130,138,143,144,143,140,137,136,137,140,143,146,148,146,140,130,118,104,092,086,085,091,102,117
MA14,78/03/20,131,143,150,151,147,138,129,120,115,114,117,124,132,136,137,133,121,106,089,074,067,067,077,093
MA14,78/03/21,112,131,146,152,152,145,132,118,108,104,107,116,129,141,149,150,144,129,109,090,073,067,072,088
MA14,78/03/22,112,137,158,170,174,169,156,140,124,113,113,121,136,154,169,178,177,164,143,119,097,080,076,085
MA14,78/03/23,104,129,153,171,178,175,162,142,120,104,097,102,118,139,161,178,185,178,157,131,103,079,067,069
MA14,78/03/24,087,112,139,162,175,176,164,144,118,095,079,078,090,111,137,160,175,178,166,143,113,087,067,061
MA14,78/03/25,072,095,122,149,169,176,168,148,119,092,070,060,067,086,114,142,167,179,177,162,136,108,085,071
MA14,78/03/26,072,088,112,138,162,176,175,159,133,103,075,057,055,067,092,121,149,170,177,171,151,126,099,079
MA14,78/03/27,073,081,103,128,153,171,177,167,143,114,083,059,048,051,070,098,127,153,169,172,163,143,120,099
MA14,78/03/28,085,087,101,125,150,172,183,181,165,140,111,083,067,064,075,099,126,153,175,185,184,172,153,132
MA14,78/03/29,115,108,112,127,146,165,178,180,171,152,126,097,073,058,057,068,089,114,137,155,163,163,154,138
MA14,78/03/30,125,116,114,121,135,153,168,175,173,160,141,119,097,079,070,071,084,102,121,140,153,158,158,152
MA14,78/03/31,143,134,129,128,134,145,157,167,169,163,151,134,115,096,082,076,076,083,097,114,129,141,149,151
MA14,78/04/01,150,146,141,136,135,138,145,152,156,156,152,142,130,116,102,089,079,075,077,087,100,113,126,138
MA14,78/04/02,146,148,146,141,134,129,126,128,132,137,140,141,139,131,120,108,094,081,075,075,083,095,112,128
MA14,78/04/03,144,156,161,161,156,149,142,138,138,143,150,157,164,166,161,150,135,117,102,092,089,095,108,127
MA14,78/04/04,147,164,175,176,169,155,140,126,116,113,118,129,143,154,160,159,148,130,111,092,079,075,082,099
MA14,78/04/05,120,144,162,171,169,158,139,117,100,091,093,106,124,144,160,168,166,154,133,109,089,076,076,088
MA14,78/04/06,109,135,157,174,181,174,158,135,111,094,089,098,118,144,169,189,199,196,181,159,137,118,106,108
MA14,78/04/07,121,145,168,187,196,192,176,149,121,097,083,084,098,121,147,171,187,191,180,158,131,106,088,083
MA14,78/04/08,093,113,139,163,180,185,175,153,125,095,072,063,072,094,122,151,174,188,186,171,148,122,101,089
MA14,78/04/09,092,107,131,156,175,185,182,164,138,106,078,062,060,074,100,133,160,179,186,179,163,139,116,099
MA14,78/04/10,094,103,120,144,165,178,179,166,143,112,083,058,049,053,071,101,130,155,170,172,163,145,123,106
MA14,78/04/11,097,099,113,133,154,170,175,168,149,121,094,068,052,049,062,086,113,141,159,167,166,155,140,125
MA14,78/04/12,115,115,123,139,158,175,185,185,172,150,125,101,081,072,076,091,113,138,159,172,175,169,157,143
MA14,78/04/13,133,127,129,139,154,169,180,182,174,157,136,113,093,080,077,084,099,119,138,154,161,161,153,143
MA14,78/04/14,134,128,126,130,140,150,160,165,163,152,140,121,102,087,077,076,083,096,113,130,143,150,150,146
MA14,78/04/15,140,134,129,128,131,138,145,151,152,149,141,129,115,103,092,086,085,092,103,115,129,141,146,147
MA14,78/04/16,146,144,140,136,134,133,136,139,142,142,140,135,127,118,107,097,091,089,092,100,112,127,139,149
MA14,78/04/17,154,156,153,148,142,135,132,132,134,135,137,138,137,132,123,112,111,091,086,086,092,103,116,129
MA14,78/04/18,140,147,148,144,136,126,118,113,112,115,122,130,136,139,138,131,120,107,097,092,095,105,120,137
MA14,78/04/19,153,165,171,170,161,147,132,119,111,110,117,127,140,150,156,154,144,130,113,098,091,091,101,118
MA14,78/04/20,138,156,168,172,165,151,134,117,104,099,105,119,136,154,169,177,174,162,143,122,104,096,097,109
MA14,78/04/21,128,149,167,174,170,156,136,112,090,077,076,086,106,128,150,166,171,163,144,122,101,086,081,091
MA14,78/04/22,112,136,157,172,175,164,143,116,088,065,056,062,080,109,137,160,173,174,161,139,114,092,078,078
MA14,78/04/23,094,118,142,161,171,166,148,122,090,062,043,041,055,080,112,144,168,177,173,156,133,108,091,084
MA14,78/04/24,092,112,136,160,177,179,168,144,111,079,053,042,045,066,096,129,161,182,190,183,166,143,120,106
MA14,78/04/25,105,118,139,162,183,193,190,172,144,108,076,053,045,054,077,109,141,167,184,187,177,158,135,116
MA14,78/04/26,106,111,125,145,165,179,183,172,149,119,087,058,039,036,047,072,102,132,156,170,172,162,144,125
MA14,78/04/27,111,107,112,127,146,162,172,172,160,136,107,078,055,043,045,060,085,113,140,162,173,174,166,151
MA14,78/04/28,136,125,123,129,142,157,168,173,168,152,131,106,081,062,053,054,067,087,112,134,151,160,160,155
MA14,78/04/29,146,136,128,126,132,143,154,162,164,158,146,127,105,086,070,064,067,078,095,113,132,147,157,159
MA14,78/04/30,156,149,141,134,132,134,140,147,152,154,151,143,130,115,100,088,081,081,088,100,116,133,147,157
MA14,78/05/01,161,160,153,144,135,129,127,130,136,142,147,150,147,138,126,113,101,093,089,093,103,118,135,150
MA14,78/05/02,162,168,168,160,148,135,125,119,121,128,138,150,158,160,156,147,132,115,101,092,092,100,113,130
MA14,78/05/03,147,157,160,156,143,125,108,094,088,090,100,115,131,144,150,147,137,121,105,092,086,089,100,116
MA14,78/05/04,136,153,162,162,154,135,113,093,078,073,079,095,115,136,154,162,160,148,131,113,099,093,097,110
MA14,78/05/05,128,148,164,170,164,149,125,098,075,061,059,072,093,118,142,158,164,159,145,126,107,095,092,099
MA14,78/05/06,116,137,157,169,168,156,132,104,074,052,042,046,065,091,118,142,155,158,151,134,115,097,087,088
MA14,78/05/07,101,120,143,159,166,161,145,118,088,061,042,039,049,074,104,133,156,165,164,152,132,113,098,092
MA14,78/05/08,098,115,135,154,166,166,152,129,098,067,042,031,034,052,082,114,140,158,164,159,143,125,107,096
MA14,78/05/09,097,110,128,150,166,172,167,150,121,090,061,042,038,050,074,105,135,159,173,174,164,148,130,116
MA14,78/05/10,111,117,131,150,168,178,178,167,145,116,086,062,050,052,068,093,123,148,168,177,175,164,147,131
MA14,78/05/11,123,123,131,145,163,176,179,173,155,130,102,076,056,051,057,076,101,125,147,160,164,159,147,132
MA14,78/05/12,121,116,120,130,145,157,165,164,155,137,114,090,069,057,056,067,086,109,131,148,157,157,149,137
MA14,78/05/13,126,117,114,119,128,139,149,153,148,136,119,100,079,064,055,058,071,089,110,129,144,150,148,141
MA14,78/05/14,131,122,117,116,120,128,137,143,144,138,127,113,096,082,070,065,071,083,100,118,133,144,149,147
MA14,78/05/15,141,133,125,121,120,123,128,135,140,141,137,130,119,108,096,087,083,087,097,111,126,139,148,151
MA14,78/05/16,149,143,135,127,121,117,118,122,126,129,132,132,127,119,110,100,092,088,089,096,109,124,137,147
MA14,78/05/17,151,151,145,135,124,113,106,104,107,113,122,130,135,135,130,120,109,099,093,093,101,115,130,145
MA14,78/05/18,156,161,158,149,135,120,106,097,095,100,111,124,137,146,150,146,136,123,111,104,104,114,129,147
MA14,78/05/19,164,176,180,176,162,142,122,107,099,100,111,130,150,168,178,179,172,158,140,125,116,117,128,145
MA14,78/05/20,165,182,191,190,177,158,132,109,091,082,087,103,126,150,170,181,182,172,156,137,120,113,116,130
MA14,78/05/21,151,170,185,190,183,165,139,109,082,066,064,077,101,130,160,181,193,192,180,162,143,128,124,131
MA14,78/05/22,148,169,188,200,199,185,159,128,094,069,055,058,076,104,137,167,188,197,192,178,158,138,124,122
MA14,78/05/23,132,153,174,191,198,191,170,140,104,071,047,039,047,069,102,135,165,184,190,184,168,149,131,120
MA14,78/05/24,123,138,159,180,193,194,182,159,124,089,057,038,034,046,072,106,140,167,184,188,180,164,146,130
MA14,78/05/25,124,130,145,164,182,191,190,174,145,112,076,049,034,034,050,076,110,140,165,178,180,171,155,138
MA14,78/05/26,126,124,132,149,166,180,186,180,161,135,103,073,051,042,046,063,090,117,145,165,175,174,165,152
MA14,78/05/27,138,130,130,138,153,167,178,181,173,156,133,108,084,067,062,068,084,107,133,155,172,179,177,168
MA14,78/05/28,155,144,135,134,141,152,163,170,171,165,150,133,112,093,080,077,084,098,117,138,156,169,175,173
MA14,78/05/29,165,154,143,135,132,137,145,154,160,163,159,150,136,120,106,097,094,100,111,127,145,161,173,177
MA14,78/05/30,175,168,158,147,138,134,136,142,150,158,163,164,161,152,140,130,122,121,125,133,146,160,173,182
MA14,78/05/31,185,181,171,157,142,129,122,122,127,136,146,155,160,160,155,147,137,128,124,126,135,147,161,173
MA14,78/06/01,180,182,177,164,147,129,113,105,103,109,121,135,148,156,159,155,146,134,124,120,120,128,141,154
MA14,78/06/02,166,173,172,163,147,126,105,089,080,081,092,109,128,144,155,159,155,146,134,123,117,119,129,142
MA14,78/06/03,157,170,175,172,158,138,113,090,072,066,072,088,110,133,154,165,169,162,151,138,127,122,127,138
MA14,78/06/04,155,170,182,186,178,160,135,108,085,070,069,081,103,129,157,177,188,188,179,165,150,140,136,143
MA14,78/06/05,157,174,189,196,192,179,154,124,094,070,059,062,080,106,135,160,179,187,182,169,154,139,130,130
MA14,78/06/06,141,156,173,186,190,182,163,136,104,075,055,051,060,081,110,139,162,177,180,170,155,139,125,119
MA14,78/06/07,124,137,155,172,181,181,168,144,114,084,059,046,048,064,092,121,149,169,178,175,163,148,132,123
MA14,78/06/08,121,130,146,161,175,180,174,155,127,097,068,050,044,052,075,101,130,154,169,173,166,153,137,122
MA14,78/06/09,116,120,132,147,163,173,173,162,140,113,084,061,049,049,063,087,116,142,162,171,168,158,141,126
MA14,78/06/10,116,115,122,134,149,162,168,164,149,128,101,078,060,053,059,076,100,126,150,164,168,163,151,136
MA14,78/06/11,123,118,120,128,141,155,164,166,158,142,121,101,083,071,070,080,100,123,146,166,177,177,171,158
MA14,78/06/12,144,133,127,129,138,149,160,166,166,158,143,125,106,090,081,083,093,110,132,152,167,174,172,164
MA14,78/06/13,152,142,133,129,131,139,147,154,159,157,151,139,125,110,098,094,097,107,124,143,160,170,174,170
MA14,78/06/14,162,151,140,130,126,126,130,138,145,150,151,146,139,127,116,107,102,105,115,129,144,158,167,169
MA14,78/06/15,165,155,142,128,117,110,108,112,120,130,138,142,143,138,130,121,112,108,109,117,130,146,159,168
MA14,78/06/16,170,165,152,136,119,105,095,092,097,106,119,130,140,144,143,136,125,115,108,108,115,129,144,156
MA14,78/06/17,165,166,159,145,126,107,090,079,076,082,097,114,133,147,154,154,147,135,122,112,111,118,131,146
MA14,78/06/18,160,168,167,157,137,114,091,071,058,057,067,087,113,137,155,165,165,157,143,128,118,118,126,140
MA14,78/06/19,157,172,178,175,161,138,107,079,055,043,045,060,087,116,146,165,175,172,159,141,125,114,114,125
MA14,78/06/20,141,161,175,180,174,155,127,094,062,039,028,037,060,091,128,158,179,184,178,163,143,126,118,120
MA14,78/06/21,133,151,172,187,190,180,156,125,088,057,037,034,046,073,109,145,174,191,195,185,168,149,131,123
MA14,78/06/22,128,143,165,185,197,197,181,154,117,081,049,031,030,045,075,109,147,173,189,190,179,161,141,125
MA14,78/06/23,120,127,145,164,182,192,190,173,142,107,072,047,033,036,055,084,119,152,176,185,183,170,151,132
MA14,78/06/24,119,118,127,143,162,178,185,179,159,132,098,067,045,036,044,063,092,122,152,172,178,173,158,140
MA14,78/06/25,122,111,110,120,138,156,169,172,163,146,121,095,070,054,051,060,080,106,132,154,169,173,165,149
MA14,78/06/26,132,117,108,109,119,136,152,163,164,157,142,123,102,086,076,077,089,107,131,153,169,176,174,164
MA14,78/06/27,150,135,120,113,113,121,134,146,153,155,149,139,126,111,099,093,095,106,122,141,158,174,180,177
MA14,78/06/28,167,154,139,124,115,115,122,134,145,155,160,157,151,140,129,119,115,116,126,138,152,164,172,175
MA14,78/06/29,171,161,146,130,115,106,103,107,116,126,136,145,149,149,144,137,129,125,125,131,142,154,165,172
MA14,78/06/30,174,169,158,142,124,109,097,092,095,104,117,130,141,148,151,147,140,133,128,126,131,140,150,160
MA14,78/07/01,167,168,161,147,128,109,091,078,074,078,090,108,127,143,153,157,153,145,137,130,128,133,143,153
MA14,78/07/02,164,171,171,162,145,126,102,082,068,065,073,090,110,130,148,159,161,156,145,134,126,125,131,142
MA14,78/07/03,155,168,176,175,163,143,118,093,072,061,062,076,099,125,150,167,176,176,168,154,141,133,133,140
MA14,78/07/04,152,166,187,182,177,163,140,113,085,066,058,065,085,112,140,165,180,186,180,169,154,141,134,137
MA14,78/07/05,150,165,182,192,194,184,163,135,104,079,062,060,073,095,123,150,172,183,184,176,161,145,133,130
MA14,78/07/06,137,151,168,183,190,187,172,149,120,091,068,057,061,078,106,136,163,179,185,178,164,148,132,124
MA14,78/07/07,126,138,153,172,187,192,184,166,138,107,080,066,066,079,103,130,157,175,186,185,174,157,139,125
MA14,78/07/08,120,126,140,157,174,185,184,172,149,120,092,071,061,068,089,115,145,169,183,186,178,164,148,131
MA14,78/07/09,121,121,130,145,163,178,186,181,164,140,112,090,075,073,085,105,131,155,174,181,179,168,151,133
MA14,78/07/10,118,113,116,128,144,160,173,176,168,150,128,105,086,076,079,093,114,138,160,174,178,172,159,142
MA14,78/07/11,126,114,112,120,135,152,166,175,173,163,145,125,104,090,086,091,105,126,148,163,172,172,164,150
MA14,78/07/12,133,118,110,109,116,130,145,157,163,161,152,138,121,107,096,095,103,116,135,153,166,171,169,158
MA14,78/07/13,143,127,112,107,107,114,126,138,148,152,150,143,132,119,106,099,099,107,121,138,155,167,171,167
MA14,78/07/14,156,141,126,112,103,103,108,117,127,137,143,145,143,136,127,119,115,116,124,137,151,165,173,175
MA14,78/07/15,170,159,143,124,107,095,089,090,099,110,124,136,146,149,147,141,134,131,132,138,149,163,175,182
MA14,78/07/16,183,178,165,146,126,108,093,088,091,101,116,135,154,168,174,174,166,155,146,142,144,153,165,177
MA14,78/07/17,187,190,184,169,148,123,100,084,076,080,094,113,137,158,176,184,183,175,162,151,145,146,156,170
MA14,78/07/18,185,197,199,192,175,150,120,094,075,069,073,089,113,140,166,185,194,192,181,164,149,143,146,158
MA14,78/07/19,180,199,211,211,198,176,145,111,079,058,049,059,084,116,150,179,201,206,200,185,166,151,146,153
MA14,78/07/20,170,188,205,214,213,198,172,138,101,069,050,048,065,093,129,164,193,210,211,198,177,155,139,133
MA14,78/07/21,141,159,181,200,209,205,188,161,123,087,054,038,042,061,094,131,165,190,203,201,184,161,139,125
MA14,78/07/22,123,136,158,181,201,210,203,182,149,110,074,049,039,048,072,107,143,176,197,204,196,178,153,132
MA14,78/07/23,121,124,143,164,185,200,205,196,174,143,108,079,060,058,071,098,132,162,188,202,201,186,162,137
MA14,78/07/24,117,108,112,126,148,169,185,191,184,162,134,105,083,073,076,093,121,152,178,193,196,188,170,147
MA14,78/07/25,126,111,106,112,128,151,169,178,178,168,152,131,111,097,093,101,118,138,161,179,191,192,182,166
MA14,78/07/26,145,126,113,110,119,135,154,170,178,178,170,155,138,121,111,110,120,134,152,167,181,187,185,173
MA14,78/07/27,154,135,118,108,107,114,126,139,152,160,162,157,148,137,128,123,125,134,146,160,171,180,182,177
MA14,78/07/28,166,151,135,119,108,104,108,118,129,139,146,149,149,146,140,135,132,134,139,148,159,169,176,178
MA14,78/07/29,175,168,157,141,124,112,106,106,111,120,131,142,150,153,151,147,143,139,139,143,151,161,171,177
MA14,78/07/30,180,176,167,154,137,121,107,099,098,104,116,131,147,160,167,167,162,155,148,143,143,148,156,165
MA14,78/07/31,175,181,181,173,156,135,116,100,093,096,107,123,142,159,172,178,177,170,160,150,145,146,153,163
MA14,78/08/01,176,188,193,190,177,159,136,114,098,092,098,114,136,158,177,190,193,188,177,164,154,149,151,159
MA14,78/08/02,174,189,198,199,189,172,148,119,094,076,073,084,104,130,156,176,187,187,178,165,150,138,135,141
MA14,78/08/03,156,174,190,200,200,187,164,135,105,082,070,073,089,115,146,171,187,193,187,173,156,139,129,127
MA14,78/08/04,139,156,176,192,200,196,178,150,116,088,069,064,075,096,126,156,180,192,192,181,164,144,127,119
MA14,78/08/05,123,137,155,173,185,188,178,157,128,096,069,055,058,074,102,134,160,179,185,178,161,141,122,109
MA14,78/08/06,108,121,140,161,180,190,188,173,148,118,089,068,061,071,093,123,154,179,192,190,177,157,133,116
MA14,78/08/07,108,113,128,148,169,183,188,179,158,131,102,079,067,069,085,111,142,169,187,189,181,165,143,121
MA14,78/08/08,108,106,117,136,160,178,189,193,183,163,135,108,089,083,089,108,134,159,181,190,187,174,154,132
MA14,78/08/09,113,105,107,118,136,156,173,181,179,166,147,125,104,093,094,106,126,150,172,186,189,179,160,138
MA14,78/08/10,115,101,094,099,113,130,147,159,164,159,150,136,120,107,103,109,124,145,166,182,190,186,172,154
MA14,78/08/11,133,114,100,096,102,113,130,144,154,160,158,149,137,124,115,114,121,135,151,165,175,178,173,160
MA14,78/08/12,144,126,109,098,094,099,110,124,137,146,152,154,151,146,138,133,133,139,149,162,174,183,185,180
MA14,78/08/13,169,153,133,115,102,096,097,105,117,130,142,151,157,158,154,148,142,140,143,150,160,171,178,183
MA14,78/08/14,182,174,159,140,119,102,092,089,094,105,122,140,154,165,169,166,159,150,144,143,148,157,167,175
MA14,78/08/15,183,184,177,161,138,114,094,080,075,081,098,120,144,165,179,184,178,167,154,143,138,139,147,160
MA14,78/08/16,173,181,183,176,162,138,110,086,070,066,073,093,119,147,170,185,189,182,168,151,137,131,134,146
MA14,78/08/17,163,180,192,196,188,169,140,108,079,063,060,073,098,130,162,186,201,202,191,169,148,132,126,132
MA14,78/08/18,148,170,192,204,206,194,169,137,100,071,056,057,075,103,138,169,193,202,197,180,156,133,116,112
MA14,78/08/19,124,146,171,193,205,205,192,165,128,092,067,057,066,089,123,154,183,200,203,191,165,138,113,099
MA14,78/08/20,102,119,143,170,192,202,198,180,148,113,081,062,062,079,108,144,176,196,203,198,181,151,122,101
MA14,78/08/21,092,101,123,149,175,192,196,191,170,140,108,083,071,079,102,133,164,189,201,200,188,166,135,108
MA14,78/08/22,091,089,101,123,150,172,188,192,180,159,134,109,092,090,100,121,148,174,193,200,197,179,152,124
MA14,78/08/23,101,090,093,108,130,155,174,183,181,171,153,134,116,108,111,124,146,171,189,196,196,184,165,143
MA14,78/08/24,119,102,094,097,112,134,156,171,178,174,163,148,133,123,120,126,139,155,171,182,186,179,165,148
MA14,78/08/25,126,107,095,092,097,109,126,141,151,157,155,148,139,131,126,126,133,145,157,169,177,179,173,160
MA14,78/08/26,143,126,111,101,099,102,111,122,134,142,146,146,144,140,136,134,135,140,148,155,163,168,168,163
MA14,78/08/27,153,139,124,109,098,093,093,100,109,121,132,141,145,146,144,142,140,139,141,146,153,160,165,167
MA14,78/08/28,165,159,147,131,115,101,093,091,095,104,117,130,141,147,151,150,147,142,138,137,142,148,156,166
MA14,78/08/29,174,177,170,156,138,119,102,091,088,093,105,122,140,153,162,166,164,157,147,140,138,141,147,157
MA14,78/08/30,168,177,180,174,159,139,116,098,085,083,092,109,131,150,165,174,175,169,156,144,136,134,141,156
MA14,78/08/31,176,190,196,193,180,159,134,108,089,077,079,093,118,143,166,182,188,183,169,151,136,126,126,137
MA14,78/09/01,159,183,202,209,202,185,159,132,105,088,084,093,114,141,164,183,192,191,180,161,142,128,120,126
MA14,78/09/02,141,162,183,195,197,187,167,141,111,087,076,080,097,124,151,175,191,197,190,171,149,128,115,115
MA14,78/09/03,128,150,172,192,200,197,182,157,128,100,082,077,089,114,145,173,194,204,199,181,157,133,115,107
MA14,78/09/04,115,134,158,185,205,212,205,182,153,123,097,084,087,104,132,162,187,200,200,190,168,138,115,100
MA14,78/09/05,099,113,138,164,186,200,200,190,165,136,108,089,085,095,118,146,172,195,204,200,181,155,126,104
MA14,78/09/06,096,103,124,150,173,191,198,192,174,151,125,103,091,095,112,139,166,190,203,203,188,162,134,109
MA14,78/09/07,093,090,103,126,151,175,188,191,184,166,144,122,107,101,110,130,158,180,193,196,185,165,139,113
MA14,78/09/08,095,085,088,102,124,146,165,175,175,167,152,135,121,113,116,128,149,170,185,193,190,177,157,132
MA14,78/09/09,108,093,087,090,104,123,141,155,163,163,156,145,134,125,121,125,137,155,171,182,187,183,168,146
MA14,78/09/10,124,105,091,086,089,100,117,136,150,159,164,163,157,149,143,141,144,152,162,172,178,178,170,159
MA14,78/09/11,144,126,107,091,082,080,086,097,113,129,141,148,150,149,145,141,138,138,142,150,157,161,164,161
MA14,78/09/12,154,144,131,113,098,086,082,085,095,110,126,142,154,162,165,162,157,150,146,146,150,156,164,170
MA14,78/09/13,173,170,160,144,125,106,092,084,084,093,110,130,150,167,178,180,174,163,151,141,137,141,151,162
MA14,78/09/14,174,181,180,169,151,127,104,085,074,075,087,107,133,158,178,188,187,176,159,141,128,124,132,146
MA14,78/09/15,165,183,193,193,181,159,132,104,083,072,076,095,123,151,178,197,204,195,177,156,136,123,121,131
MA14,78/09/16,152,175,197,209,208,193,167,137,108,087,081,091,113,144,177,203,215,213,194,170,143,120,108,111
MA14,78/09/17,129,154,180,203,213,212,198,170,135,104,088,086,102,127,159,188,205,210,201,181,151,121,100,092
MA14,78/09/18,102,127,156,184,202,209,202,179,148,117,093,084,090,111,138,167,189,204,206,191,163,129,099,083
MA14,78/09/19,082,096,122,153,180,194,196,187,165,138,109,091,088,098,122,150,174,192,198,193,170,141,110,086
MA14,78/09/20,075,081,102,130,158,179,193,193,179,157,131,110,098,101,117,141,167,187,192,186,173,150,122,095
MA14,78/09/21,076,071,083,104,131,157,178,189,184,168,147,127,112,107,115,131,152,171,183,185,175,157,134,111
MA14,78/09/22,091,081,084,099,121,143,161,172,175,169,157,141,128,121,125,136,152,168,179,183,180,169,151,129
MA14,78/09/23,108,093,087,091,104,120,139,153,160,161,157,149,139,133,132,138,149,161,173,179,179,172,161,146
MA14,78/09/24,129,113,102,098,102,111,125,138,150,158,160,157,152,147,142,142,146,152,159,166,170,170,164,155
MA14,78/09/25,142,128,114,104,098,099,106,116,127,139,147,150,152,150,148,145,144,145,147,151,155,159,163,164
MA14,78/09/26,158,148,134,120,108,101,100,104,112,121,132,142,150,154,155,153,149,144,141,141,144,148,154,159
MA14,78/09/27,162,160,152,139,124,111,102,098,101,110,122,137,149,157,161,161,156,148,139,132,128,131,137,145
MA14,78/09/28,151,156,156,150,136,119,103,091,086,092,105,121,138,152,162,168,165,154,139,127,119,117,123,133
MA14,78/09/29,145,157,166,168,161,144,122,102,089,086,094,110,129,149,166,177,178,168,151,133,118,111,115,128
MA14,78/09/30,146,164,178,184,179,166,142,118,098,089,092,106,129,154,176,188,190,180,160,139,117,103,101,110
MA14,78/10/01,129,150,168,180,181,173,155,129,103,085,080,090,112,140,166,186,194,187,170,149,126,106,096,102
MA14,78/10/02,119,143,170,190,199,196,180,155,128,104,090,092,106,132,161,185,198,198,183,159,130,105,088,087
MA14,78/10/03,100,123,153,180,199,204,195,173,145,120,099,093,103,125,155,182,201,206,198,178,150,120,095,082
MA14,78/10/04,089,110,139,168,192,204,204,190,167,139,115,102,103,119,145,172,193,203,199,182,153,123,094,076
MA14,78/10/05,072,084,109,139,168,187,197,194,178,156,133,115,108,117,137,165,189,203,204,194,170,142,112,087
MA14,78/10/06,075,079,095,118,149,172,191,198,192,178,157,138,127,128,140,159,180,195,202,199,183,158,128,100
MA14,78/10/07,080,073,080,096,120,144,166,180,182,175,161,145,131,123,126,139,157,174,185,188,181,165,141,116
MA14,78/10/08,093,080,078,085,101,122,144,161,172,174,169,160,149,141,140,145,156,168,180,186,184,175,157,137
MA14,78/10/09,115,098,087,086,093,106,124,141,155,164,168,168,164,159,155,155,159,165,173,180,184,181,173,160
MA14,78/10/10,143,127,113,103,100,103,113,126,142,156,167,173,175,173,170,165,161,159,162,167,173,177,177,173
MA14,78/10/11,165,152,138,123,112,105,103,108,118,133,148,163,174,179,179,174,165,154,148,146,150,156,163,167
MA14,78/10/12,168,165,155,140,124,109,098,094,099,110,128,147,164,177,181,179,169,155,141,131,127,133,144,157
MA14,78/10/13,167,174,172,163,148,128,106,092,085,090,103,122,142,161,174,182,177,159,136,115,104,102,110,125
MA14,78/10/14,144,162,177,181,172,154,130,106,090,084,090,108,134,160,180,189,187,171,147,122,100,088,092,108
MA14,78/10/15,133,158,178,187,186,175,152,127,103,088,088,100,123,150,175,193,198,193,172,143,113,092,087,096
MA14,78/10/16,120,149,175,194,202,199,183,159,131,108,099,104,123,149,177,198,205,199,180,155,121,091,073,074
MA14,78/10/17,090,117,148,175,195,204,196,177,150,124,107,102,113,134,161,184,196,196,183,157,125,092,068,057
MA14,78/10/18,064,085,116,147,171,184,187,181,162,137,116,106,109,124,147,172,187,197,195,176,147,113,083,063
MA14,78/10/19,059,075,099,129,156,180,191,189,175,154,134,120,116,122,140,162,182,192,192,181,159,131,102,079
MA14,78/10/20,071,077,096,122,149,173,190,194,185,168,150,132,122,122,133,152,172,187,193,187,170,144,117,094
MA14,78/10/21,079,076,086,105,128,149,167,178,178,171,159,145,135,131,136,148,165,179,185,185,174,153,128,104
MA14,78/10/22,087,076,076,087,104,124,143,156,164,164,156,145,136,131,131,137,147,156,163,167,164,155,139,117
MA14,78/10/23,097,083,075,077,088,103,119,135,147,152,150,144,137,131,128,130,135,141,148,153,152,146,138,126
MA14,78/10/24,113,101,092,088,090,099,111,124,136,144,149,150,148,144,139,135,133,134,137,141,145,149,147,140
MA14,78/10/25,130,118,105,095,090,090,095,104,116,128,139,147,151,151,148,143,137,133,131,134,139,145,149,151
MA14,78/10/26,147,140,130,119,109,101,097,100,108,120,133,145,154,157,156,149,140,130,122,118,119,124,132,141
MA14,78/10/27,148,151,148,140,129,116,105,100,103,113,127,142,157,168,173,169,158,142,128,118,115,121,131,144
MA14,78/10/28,157,171,178,174,161,145,129,116,110,112,123,139,155,169,176,175,165,147,127,109,100,101,113,132
MA14,78/10/29,154,173,184,186,179,163,145,126,115,113,123,141,161,180,192,196,189,173,151,127,105,091,093,108
MA14,78/10/30,129,151,167,174,174,164,144,123,102,090,093,108,128,151,170,180,176,161,139,110,085,069,066,076
MA14,78/10/31,098,125,151,170,178,174,158,135,111,093,087,096,117,144,167,183,187,177,157,127,095,071,060,063
MA14,78/11/01,081,109,139,165,182,187,179,161,139,118,105,105,119,144,170,191,200,194,180,155,121,088,069,062
MA14,78/11/02,072,096,128,159,186,201,201,188,165,141,121,112,118,135,159,184,197,200,191,171,142,109,084,070
MA14,78/11/03,070,085,110,139,166,188,199,196,180,157,135,119,115,126,145,169,189,197,191,173,146,113,083,061
MA14,78/11/04,051,056,075,100,127,155,171,177,172,159,141,124,116,118,132,153,172,185,187,177,159,131,102,077
MA14,78/11/05,060,057,066,085,109,136,157,171,175,169,155,139,127,121,127,142,159,173,178,176,164,145,121,096
MA14,78/11/06,075,063,062,071,090,113,136,155,165,167,161,150,137,129,126,131,142,155,165,168,163,154,139,120
MA14,78/11/07,102,088,080,078,085,098,115,132,147,157,159,155,147,137,130,126,128,134,142,149,154,154,149,137
MA14,78/11/08,119,102,088,078,076,081,091,105,122,137,147,153,153,148,141,133,127,124,127,133,139,143,145,144
MA14,78/11/09,139,131,121,110,103,100,101,107,118,132,146,158,164,166,161,150,137,124,117,114,119,127,137,143
MA14,78/11/10,145,142,134,122,109,098,093,093,101,114,131,147,159,168,168,160,145,127,111,100,099,104,115,132
MA14,78/11/11,145,154,155,148,135,120,105,097,095,103,117,134,152,166,175,174,160,139,117,098,088,088,097,113
MA14,78/11/12,132,151,162,162,152,136,119,105,097,098,108,126,144,161,171,172,163,147,122,095,078,070,076,091
MA14,78/11/13,115,139,159,170,172,163,146,127,112,105,110,124,144,164,179,188,185,168,144,113,087,072,069,081
MA14,78/11/14,103,132,158,178,188,186,171,149,129,114,112,121,138,160,176,188,188,175,155,126,095,072,062,066
MA14,78/11/15,084,112,143,169,188,196,189,174,154,138,128,129,142,161,179,196,204,200,181,148,113,080,060,054
MA14,78/11/16,063,085,114,144,168,183,185,174,154,133,116,110,116,132,152,171,182,182,169,147,119,086,061,049
MA14,78/11/17,051,067,094,126,154,177,188,184,169,152,136,125,124,136,154,174,187,191,185,168,140,106,077,055
MA14,78/11/18,046,054,074,101,129,154,170,175,167,153,138,126,121,126,140,158,173,183,184,177,161,134,105,080
MA14,78/11/19,066,067,080,104,132,159,182,193,194,183,168,152,141,139,147,162,177,187,190,185,174,154,127,100
MA14,78/11/20,080,070,073,087,110,133,154,169,175,170,161,148,137,132,134,143,155,166,172,171,161,148,128,107
MA14,78/11/21,088,077,076,084,101,123,144,161,170,172,168,159,149,141,138,141,148,157,165,168,165,155,141,125
MA14,78/11/22,109,095,087,087,095,108,126,142,155,161,162,157,150,142,136,133,134,138,143,147,150,148,141,130
MA14,78/11/23,118,106,096,091,092,099,112,127,141,152,157,158,155,149,143,136,131,130,133,137,140,142,142,140
MA14,78/11/24,134,126,118,108,102,102,108,120,135,148,158,164,165,162,156,147,137,129,122,121,124,131,136,141
MA14,78/11/25,142,140,134,125,115,109,106,111,121,134,148,159,165,166,161,153,141,126,113,105,104,109,119,129
MA14,78/11/26,139,146,149,145,136,124,114,110,113,123,139,154,165,172,172,164,149,131,111,098,092,095,106,122
MA14,78/11/27,141,154,164,166,160,147,133,122,117,123,136,152,169,183,189,184,170,149,125,104,091,090,100,118
MA14,78/11/28,140,161,179,187,185,175,159,144,132,130,140,157,175,192,203,203,192,172,146,118,094,082,082,095
MA14,78/11/29,119,146,171,188,196,193,179,160,141,128,126,135,153,173,193,201,196,179,150,118,084,062,053,060
MA14,78/11/30,082,111,144,169,187,192,184,168,147,130,120,122,135,155,176,192,194,184,161,129,092,062,043,040
MA14,78/12/01,053,078,110,144,170,186,187,174,153,130,114,109,117,135,158,177,188,185,166,138,104,070,042,030
MA14,78/12/02,036,055,086,120,152,174,184,182,167,148,128,116,115,126,146,168,186,192,184,163,132,095,059,035
MA14,78/12/03,024,031,053,084,118,146,167,175,169,156,139,122,114,117,130,150,170,185,186,172,147,115,079,050
MA14,78/12/04,033,030,041,064,094,124,152,170,176,172,158,143,131,126,133,148,167,184,195,194,181,160,134,106
MA14,78/12/05,082,071,070,080,100,123,148,168,180,181,173,160,144,132,128,132,142,155,167,173,170,160,139,114
MA14,78/12/06,089,070,060,061,072,090,113,134,151,160,162,156,146,134,125,122,124,133,145,155,159,155,145,130
MA14,78/12/07,112,096,082,075,076,085,101,119,137,151,159,161,157,147,135,125,118,117,122,131,139,145,146,142
MA14,78/12/08,134,121,108,098,092,092,100,112,128,143,157,164,164,159,148,134,119,108,103,105,112,122,133,140
MA14,78/12/09,144,140,131,118,107,100,100,106,116,129,143,154,161,161,156,143,125,107,093,088,091,100,114,129
MA14,78/12/10,142,148,146,140,129,119,112,111,117,127,140,153,164,171,170,160,144,126,106,092,087,091,103,119
MA14,78/12/11,136,150,157,157,151,138,124,115,111,114,125,138,152,163,167,162,149,128,103,081,066,063,072,089
MA14,78/12/12,111,133,152,162,162,154,141,127,117,114,120,131,148,162,171,171,161,142,113,083,060,048,049,062
MA14,78/12/13,085,112,136,154,163,162,153,137,121,112,112,120,134,151,165,173,170,155,129,100,070,050,041,049
MA14,78/12/14,069,096,126,151,169,175,171,159,141,127,119,123,134,151,170,184,186,175,154,127,098,072,056,053
MA14,78/12/15,067,093,126,155,177,188,188,176,159,142,130,126,132,145,165,181,189,183,167,140,108,078,054,044
MA14,78/12/16,049,069,098,129,155,174,181,176,162,147,132,122,122,133,149,167,181,183,175,156,128,098,072,052
MA14,78/12/17,049,061,083,113,142,167,180,181,172,159,143,130,126,132,146,164,181,189,184,168,143,115,086,064
MA14,78/12/18,053,058,075,101,130,156,176,183,179,166,150,134,125,125,135,150,166,178,181,172,154,131,104,081
MA14,78/12/19,066,063,073,092,119,144,165,177,180,173,160,145,132,128,134,146,159,173,179,175,164,146,124,102
MA14,78/12/20,083,075,078,090,111,135,157,173,180,178,169,155,142,134,133,136,145,156,163,166,162,150,134,113
MA14,78/12/21,093,080,075,082,096,117,138,157,168,171,167,157,144,132,126,125,129,136,144,149,152,149,140,125
MA14,78/12/22,108,093,084,083,090,103,121,140,155,164,164,157,147,135,124,117,115,118,124,132,139,143,141,136
MA14,78/12/23,125,113,103,098,098,106,118,134,150,163,169,169,163,153,141,132,125,122,123,127,134,142,147,149
MA14,78/12/24,146,140,131,122,116,115,121,131,144,158,168,171,168,160,149,135,122,110,102,101,105,113,124,133
MA14,78/12/25,139,142,140,133,126,120,118,121,129,139,151,160,164,163,156,144,127,108,091,084,083,089,101,116
MA14,78/12/26,131,142,149,148,140,129,120,115,117,124,135,148,157,163,162,153,135,114,092,073,063,065,075,094
MA14,78/12/27,115,134,148,154,152,144,133,123,117,120,130,143,158,169,174,170,158,137,109,084,066,059,065,082
MA14,78/12/28,106,134,158,175,181,178,166,153,139,132,135,146,161,178,189,192,183,164,134,098,068,049,044,054
MA14,78/12/29,076,106,139,165,182,188,182,166,148,136,131,137,153,173,191,203,202,187,160,125,091,062,044,038
MA14,78/12/30,051,078,110,142,167,182,182,170,153,135,121,117,125,143,166,183,190,185,165,134,096,060,034,022
MA14,78/12/31,027,049,080,116,149,173,185,183,169,149,130,117,118,131,152,175,190,192,182,159,125,088,055,033
