MA14,82/01/01,079,059,058,076,093,114,137,156,169,173,167,154,142,131,126,128,137,147,156,160,160,148,133,115
MA14,82/01/02,097,082,074,075,084,100,119,138,153,162,162,155,143,131,121,116,116,121,129,137,143,143,135,121
MA14,82/01/03,105,089,078,073,074,084,099,115,131,143,149,147,139,129,116,105,098,097,102,110,119,126,130,126
MA14,82/01/04,119,109,099,091,088,092,101,114,129,144,155,159,155,148,136,122,111,102,099,104,113,124,134,142
MA14,82/01/05,146,147,143,136,130,128,130,136,145,158,171,179,181,178,165,148,125,105,090,084,086,097,111,125
MA14,82/01/06,138,146,149,144,136,126,120,119,125,134,148,160,169,172,167,153,132,107,084,067,061,067,082,103
MA14,82/01/07,126,146,160,165,164,157,148,140,136,140,149,161,173,182,183,175,155,128,091,064,049,044,052,072
MA14,82/01/08,099,127,150,163,169,165,155,144,134,130,135,146,162,176,186,187,174,150,117,081,053,038,035,048
MA14,82/01/09,074,106,140,165,179,183,177,165,151,142,138,143,158,176,194,202,198,179,147,111,077,050,038,038
MA14,82/01/10,052,079,111,144,170,182,182,172,157,142,130,128,137,154,173,189,195,188,165,132,094,058,031,021
MA14,82/01/11,026,047,082,115,147,170,181,178,165,150,135,126,128,141,159,179,192,193,181,159,125,090,058,035
MA14,82/01/12,029,039,064,095,129,159,178,184,179,165,150,136,130,135,151,172,189,199,197,183,157,126,092,063
MA14,82/01/13,046,046,059,084,116,145,172,184,184,174,157,140,127,126,135,152,170,186,194,189,174,151,121,093
MA14,82/01/14,070,060,062,078,104,131,157,174,181,176,162,145,130,122,122,131,146,162,174,178,171,156,137,115
MA14,82/01/15,092,077,073,080,097,120,144,164,175,176,169,154,138,125,119,121,130,143,156,164,165,159,145,129
MA14,82/01/16,110,096,087,088,100,118,138,157,170,176,173,162,146,132,121,117,118,125,134,143,150,153,148,139
MA14,82/01/17,126,115,105,100,104,115,129,145,159,167,168,161,151,137,124,113,107,106,110,117,124,129,132,131
MA14,82/01/18,127,120,114,110,109,114,124,137,150,161,166,165,158,150,138,128,118,111,110,113,120,128,136,142
MA14,82/01/19,146,148,146,142,139,138,140,145,153,161,168,170,166,160,149,135,120,105,095,092,095,101,109,119
MA14,82/01/20,129,136,140,140,135,131,129,128,131,140,148,155,157,155,149,139,125,105,089,078,074,077,088,100
MA14,82/01/21,115,129,142,147,147,144,139,134,133,135,140,147,153,158,159,152,141,122,100,080,065,060,066,078
MA14,82/01/22,095,116,136,148,154,152,147,138,130,126,129,138,148,157,162,160,150,130,105,081,061,049,050,061
MA14,82/01/23,082,106,129,148,160,163,160,148,137,128,125,130,141,153,164,168,164,146,120,091,063,042,033,038
MA14,82/01/24,057,083,111,136,152,160,158,148,133,121,114,116,128,141,158,168,170,161,141,114,086,063,048,048
MA14,82/01/25,060,084,114,144,169,183,185,175,160,145,131,125,131,145,161,176,184,178,160,132,101,071,049,040
MA14,82/01/26,045,064,092,121,148,169,176,172,160,142,126,117,117,130,148,167,182,184,173,148,120,090,063,045
MA14,82/01/27,044,058,081,110,140,165,180,182,173,157,140,127,120,128,143,164,182,194,192,174,149,120,086,063
MA14,82/01/28,055,059,078,105,135,161,180,188,181,167,150,133,121,120,130,150,170,185,193,186,168,142,113,087
MA14,82/01/29,068,064,073,092,117,144,169,181,184,174,155,136,121,113,116,129,147,165,176,178,169,150,125,098
MA14,82/01/30,076,065,065,078,099,124,147,164,170,165,152,134,116,102,099,105,119,135,151,159,160,150,133,111
MA14,82/01/31,091,076,071,076,091,111,135,153,165,166,160,146,129,111,101,100,106,120,136,150,159,160,152,139
MA14,82/02/01,124,110,104,102,108,125,142,158,172,178,174,162,143,123,108,099,096,100,111,124,136,143,145,141
MA14,82/02/02,131,122,113,110,111,118,130,143,155,164,166,160,148,131,114,099,089,085,086,095,106,118,127,133
MA14,82/02/03,134,132,128,122,120,122,127,135,145,154,161,163,158,147,133,116,100,087,077,075,081,093,107,121
MA14,82/02/04,133,142,147,147,143,139,138,139,143,150,157,163,164,160,149,133,113,091,074,062,060,067,082,100
MA14,82/02/05,119,136,148,154,153,149,143,138,136,139,146,154,162,166,164,154,135,110,084,062,046,044,052,074
MA14,82/02/06,098,125,148,162,169,167,160,150,141,136,140,149,160,174,182,181,170,150,120,090,065,047,045,057
MA14,82/02/07,080,110,138,160,174,177,170,157,142,132,127,132,143,160,174,182,178,161,132,100,066,040,029,031
MA14,82/02/08,049,076,112,145,165,177,175,163,146,130,119,117,125,143,163,181,189,183,161,130,092,057,033,023
MA14,82/02/09,030,054,086,120,150,171,178,171,154,134,118,110,111,124,144,165,182,188,180,158,125,091,060,040
MA14,82/02/10,036,050,076,105,138,163,175,173,160,140,119,104,098,105,122,146,168,182,183,170,146,113,080,052
MA14,82/02/11,040,042,059,086,118,147,165,171,164,143,122,104,092,092,103,122,145,165,173,171,155,131,101,072
MA14,82/02/12,053,048,057,077,106,132,156,166,163,149,130,109,090,082,087,104,124,144,158,163,156,139,117,094
MA14,82/02/13,073,063,067,081,102,127,150,162,163,153,136,117,099,087,085,094,108,126,142,152,153,145,129,112
MA14,82/02/14,094,083,081,088,104,125,145,160,166,162,149,131,112,096,088,089,097,112,125,138,144,143,135,123
MA14,82/02/15,110,100,095,096,106,121,137,151,159,160,152,137,120,102,090,083,085,092,102,113,121,126,127,124
MA14,82/02/16,118,111,106,104,108,116,128,140,149,151,148,139,127,111,098,089,084,084,088,094,102,110,116,119
MA14,82/02/17,121,121,119,117,117,121,127,135,142,146,149,146,138,129,116,105,097,090,086,087,091,099,109,118
MA14,82/02/18,126,131,134,134,133,132,133,134,138,142,144,145,143,137,128,115,102,089,078,070,070,074,084,097
MA14,82/02/19,110,124,133,138,138,136,132,128,128,130,133,139,142,143,138,128,113,098,082,070,065,065,075,089
MA14,82/02/20,105,125,140,151,155,153,147,140,135,135,140,148,158,165,165,158,146,128,107,087,070,062,065,079
MA14,82/02/21,098,121,142,157,166,165,158,146,136,130,129,136,147,160,169,172,165,150,127,100,078,062,060,068
MA14,82/02/22,085,110,135,157,170,174,170,156,140,127,121,123,134,149,165,174,173,162,139,111,083,058,046,047
MA14,82/02/23,062,087,115,142,162,170,169,156,138,120,109,106,115,132,152,168,176,170,154,125,095,066,047,041
MA14,82/02/24,050,071,100,131,156,173,175,165,147,125,109,100,104,120,142,165,182,185,176,152,121,090,064,048
MA14,82/02/25,048,065,093,124,152,174,182,176,160,137,115,100,096,106,126,150,174,186,185,169,142,110,080,058
MA14,82/02/26,049,056,076,105,134,160,174,174,161,139,115,094,083,085,102,126,151,169,176,171,152,123,095,069
MA14,82/02/27,054,053,067,091,120,146,165,171,163,143,119,093,075,070,079,100,124,148,165,169,160,140,115,090
MA14,82/02/28,070,062,067,085,107,135,155,165,164,150,129,103,080,068,067,079,099,123,143,155,156,148,132,112
MA14,82/03/01,095,083,082,092,112,135,154,170,174,165,151,125,103,085,077,079,091,112,133,151,160,161,153,141
MA14,82/03/02,127,114,111,114,124,139,155,169,175,172,160,143,122,102,086,080,085,095,108,124,139,148,150,146
MA14,82/03/03,139,131,127,125,129,137,148,158,164,164,159,148,131,111,093,080,072,072,079,090,103,116,125,130
MA14,82/03/04,133,131,129,126,127,131,136,143,149,152,152,147,137,124,108,093,080,070,065,068,076,089,105,119
MA14,82/03/05,131,140,144,145,143,142,142,144,147,152,157,161,163,161,151,138,122,105,090,080,076,082,095,110
MA14,82/03/06,130,145,158,163,163,159,151,143,140,140,143,149,155,159,156,147,132,111,089,070,060,058,067,085
MA14,82/03/07,110,133,155,168,169,164,155,141,129,123,124,133,143,155,163,163,154,134,108,080,057,045,045,057
MA14,82/03/08,080,108,134,155,167,166,157,142,126,112,107,113,126,143,161,172,172,159,137,105,077,056,047,050
MA14,82/03/09,069,096,125,153,170,176,167,151,131,113,103,102,113,132,153,173,182,179,160,132,100,069,051,045
MA14,82/03/10,054,077,108,139,160,173,172,156,136,112,094,086,092,108,131,157,174,181,171,149,120,088,060,046
MA14,82/03/11,047,065,093,124,150,168,170,158,137,111,089,074,073,085,107,134,157,171,170,157,132,100,073,053
MA14,82/03/12,047,056,078,108,135,159,168,161,141,115,089,068,062,066,084,111,138,159,170,165,150,126,101,077
MA14,82/03/13,067,071,086,110,137,160,174,173,158,135,110,087,073,071,083,105,130,152,169,172,163,144,121,099
MA14,82/03/14,084,079,086,104,127,148,162,165,155,136,111,087,069,061,064,079,100,123,141,152,152,140,125,108
MA14,82/03/15,093,085,087,100,118,138,155,163,158,145,124,100,080,067,064,073,090,109,128,142,150,148,140,129
MA14,82/03/16,119,112,112,119,130,144,157,166,166,155,139,118,098,082,073,073,082,097,110,124,135,139,136,129
MA14,82/03/17,121,115,112,113,119,129,138,146,149,144,133,117,100,085,074,069,070,078,088,101,112,120,125,125
MA14,82/03/18,124,120,118,118,122,128,136,143,146,145,139,128,115,101,089,078,073,071,073,077,087,096,104,111
MA14,82/03/19,115,118,120,119,118,120,122,124,126,127,126,123,118,110,100,089,080,073,070,070,074,082,094,106
MA14,82/03/20,118,128,134,136,135,133,130,128,127,128,130,131,133,130,122,113,102,090,080,073,070,075,085,100
MA14,82/03/21,117,134,146,153,154,151,144,139,135,135,139,144,150,155,155,150,138,122,104,088,077,074,078,092
MA14,82/03/22,110,132,150,161,164,159,148,133,122,114,114,121,134,145,152,152,144,128,107,085,067,058,060,072
MA14,82/03/23,094,119,143,162,169,167,156,140,122,110,106,111,126,143,160,170,170,158,138,114,090,073,066,073
MA14,82/03/24,092,119,147,170,185,188,176,157,134,113,102,104,118,139,160,177,184,177,159,132,103,077,063,060
MA14,82/03/25,073,094,123,152,172,179,171,153,130,105,084,078,086,108,133,158,176,180,167,142,112,081,059,052
MA14,82/03/26,058,077,106,138,161,172,169,151,125,096,072,061,065,082,109,140,167,179,173,156,130,098,072,056
MA14,82/03/27,055,069,093,123,150,168,170,159,134,103,072,052,047,059,081,115,145,167,176,169,151,124,095,073
MA14,82/03/28,066,074,092,118,142,164,173,166,144,113,082,056,043,045,060,090,120,146,165,169,160,140,115,093
MA14,82/03/29,083,081,090,111,133,155,168,168,154,130,100,072,052,042,046,066,091,121,146,163,166,156,140,121
MA14,82/03/30,106,100,102,115,132,150,165,171,165,149,125,098,074,056,050,058,077,102,128,148,160,160,153,141
MA14,82/03/31,130,120,119,125,137,152,167,176,176,167,153,132,110,091,078,073,079,093,109,127,142,151,153,149
MA14,82/04/01,142,134,128,127,131,138,147,153,155,152,142,126,108,089,071,060,057,060,070,087,103,118,130,138
MA14,82/04/02,140,139,135,132,132,133,137,142,145,147,144,138,127,113,098,084,070,062,062,069,082,096,114,129
MA14,82/04/03,140,149,153,152,149,146,143,142,142,144,148,151,150,144,134,120,102,087,074,065,065,074,090,108
MA14,82/04/04,125,138,147,149,144,135,126,119,114,112,116,124,132,136,136,129,114,095,076,061,053,053,064,082
MA14,82/04/05,105,125,139,146,145,136,123,108,096,090,094,104,117,130,138,139,130,111,091,067,051,043,047,062
MA14,82/04/06,085,112,133,146,149,143,130,111,095,082,081,090,104,126,143,152,153,141,120,095,072,053,048,058
MA14,82/04/07,078,105,131,152,161,158,145,124,101,082,075,081,096,120,145,165,175,171,156,132,106,084,074,076
MA14,82/04/08,091,117,145,170,184,185,174,154,128,104,087,084,092,112,137,161,178,185,175,154,129,102,082,075
MA14,82/04/09,085,105,130,156,173,181,173,154,129,101,081,070,076,095,123,152,175,190,192,179,160,135,115,106
MA14,82/04/10,111,127,147,168,185,191,186,171,145,112,086,067,061,071,092,122,147,167,174,168,153,130,108,089
MA14,82/04/11,083,092,108,131,152,165,168,156,136,107,080,057,047,050,067,092,120,144,157,159,150,133,114,095
MA14,82/04/12,086,088,101,121,141,158,165,159,142,116,089,065,050,045,055,077,101,128,149,158,159,149,134,118
MA14,82/04/13,106,102,108,123,139,155,164,163,150,129,104,080,061,051,054,067,089,114,135,150,156,153,144,132
MA14,82/04/14,121,116,117,127,140,152,162,165,160,144,124,098,079,064,060,066,077,097,117,132,143,147,144,138
MA14,82/04/15,131,126,124,130,139,150,160,166,164,155,140,123,107,094,086,087,095,109,125,140,151,159,161,158
MA14,82/04/16,154,148,145,144,146,152,159,164,163,156,149,136,121,107,097,090,090,097,107,119,131,142,151,155
MA14,82/04/17,156,154,152,148,146,145,147,150,151,150,148,143,135,125,114,104,097,093,093,098,107,117,128,138
MA14,82/04/18,146,151,151,147,143,139,136,135,135,136,138,140,139,134,127,117,107,097,092,091,095,105,118,132
MA14,82/04/19,146,158,163,161,155,145,135,128,124,125,129,136,142,145,144,136,124,109,094,083,080,085,096,112
MA14,82/04/20,131,147,158,161,156,145,132,119,110,107,113,124,138,149,157,154,145,128,108,091,081,080,088,103
MA14,82/04/21,123,144,160,167,164,152,134,115,100,093,096,109,133,153,164,166,159,143,122,101,086,078,080,094
MA14,82/04/22,117,141,163,179,181,172,153,128,104,088,084,094,110,135,158,175,180,172,154,130,106,088,079,085
MA14,82/04/23,105,130,156,179,189,186,167,140,109,082,068,069,084,109,141,167,186,191,181,160,131,107,089,086
MA14,82/04/24,095,116,143,166,184,186,172,147,113,080,056,048,056,082,116,150,175,188,187,172,147,120,098,091
MA14,82/04/25,096,113,138,164,183,191,182,161,128,092,059,040,038,053,083,117,153,177,187,181,165,141,118,101
MA14,82/04/26,099,109,128,152,172,184,183,168,141,106,069,043,032,037,061,093,125,155,175,179,171,156,136,118
MA14,82/04/27,110,113,126,145,164,180,185,176,156,125,091,058,038,032,042,065,095,125,151,166,170,163,151,134
MA14,82/04/28,123,120,126,140,156,172,181,181,168,146,121,090,062,047,045,058,080,105,131,154,166,168,163,153
MA14,82/04/29,142,136,137,143,154,166,174,176,170,157,140,117,092,070,057,055,064,081,102,124,144,159,162,158
MA14,82/04/30,150,142,137,137,141,147,154,158,158,153,143,130,111,091,074,064,063,070,083,100,119,140,153,159
MA14,82/05/01,158,156,150,146,143,144,147,151,154,155,153,146,135,122,107,091,081,077,079,089,100,117,133,147
MA14,82/05/02,156,161,159,154,147,141,139,138,139,143,147,150,150,144,133,120,106,094,087,088,092,106,123,141
MA14,82/05/03,155,165,169,164,154,143,132,124,121,125,132,141,148,155,154,148,136,121,107,096,096,106,121,139
MA14,82/05/04,156,170,178,178,168,153,138,123,114,113,119,130,145,157,164,162,153,137,120,102,093,094,102,118
MA14,82/05/05,138,157,168,170,161,147,129,106,091,084,089,102,120,141,157,167,167,155,137,116,098,089,091,103
MA14,82/05/06,121,144,161,172,170,156,137,113,092,075,070,079,096,118,143,160,168,164,150,132,112,098,093,100
MA14,82/05/07,118,141,163,181,186,180,159,130,102,082,071,074,088,110,135,159,175,178,169,152,131,113,102,102
MA14,82/05/08,114,132,155,174,184,181,164,137,107,079,060,055,064,084,111,139,163,175,175,164,148,128,111,105
MA14,82/05/09,111,129,150,170,185,187,176,155,122,090,065,053,054,069,097,125,155,174,182,177,163,145,127,115
MA14,82/05/10,114,125,143,163,179,186,179,161,136,106,076,057,052,060,082,108,135,160,176,180,173,159,140,125
MA14,82/05/11,118,122,135,152,169,179,179,166,145,116,087,063,050,050,063,086,114,139,158,169,169,159,146,133
MA14,82/05/12,123,123,130,145,160,173,180,175,160,135,106,080,060,052,058,076,100,125,149,163,170,169,156,145
MA14,82/05/13,134,129,132,140,152,165,172,171,161,143,120,098,078,066,065,074,093,115,140,159,171,175,171,163
MA14,82/05/14,153,147,143,147,155,166,175,178,173,160,141,118,098,082,075,077,087,101,119,136,148,155,155,151
MA14,82/05/15,145,137,133,133,136,143,148,152,152,145,135,120,105,092,081,077,081,091,106,123,139,150,154,155
MA14,82/05/16,153,149,143,138,136,138,142,146,148,148,144,136,127,115,104,095,091,094,102,113,127,141,152,159
MA14,82/05/17,163,161,156,149,141,136,135,136,139,142,144,144,142,134,121,112,104,099,099,103,114,130,145,158
MA14,82/05/18,168,172,168,159,147,136,128,125,125,130,137,145,149,149,145,134,122,111,103,099,104,114,130,147
MA14,82/05/19,161,170,172,167,155,140,124,112,106,110,120,135,148,158,160,152,142,126,111,100,098,104,116,134
MA14,82/05/20,154,170,181,181,169,151,131,112,098,097,106,121,143,165,180,185,181,168,150,130,118,115,122,139
MA14,82/05/21,159,181,196,202,196,178,153,124,100,088,089,104,128,157,178,193,197,190,172,150,131,117,117,127
MA14,82/05/22,145,169,188,199,197,180,155,122,089,067,057,064,086,114,145,172,189,193,182,164,144,124,115,118
MA14,82/05/23,132,154,177,195,199,191,171,139,105,073,050,046,060,088,120,155,180,194,193,177,153,133,119,118
MA14,82/05/24,128,146,168,186,194,189,169,142,104,070,041,031,038,060,095,128,161,183,190,186,170,150,132,121
MA14,82/05/25,123,135,153,171,186,192,182,158,124,085,052,030,022,031,056,091,125,154,175,178,170,157,140,127
MA14,82/05/26,122,126,138,156,173,185,185,171,145,111,080,050,032,031,045,070,105,137,163,179,181,173,158,145
MA14,82/05/27,136,135,140,150,163,176,183,178,163,141,110,081,058,044,042,054,077,107,136,160,175,179,172,160
MA14,82/05/28,150,143,142,147,155,167,176,180,175,160,140,115,092,072,063,063,074,094,119,142,161,174,175,169
MA14,82/05/29,160,150,145,143,146,153,162,166,167,163,154,139,118,100,084,076,077,085,100,119,139,155,164,165
MA14,82/05/30,161,153,144,138,135,136,140,145,150,153,153,147,136,122,108,097,090,090,096,108,124,140,156,164
MA14,82/05/31,167,163,155,144,134,127,123,125,130,135,141,144,143,137,126,114,103,095,093,098,109,125,142,155
MA14,82/06/01,164,168,165,155,143,132,123,119,120,127,136,147,154,158,156,149,140,127,120,120,125,137,152,165
MA14,82/06/02,177,183,180,170,155,138,121,110,106,111,122,136,150,160,166,163,155,143,131,123,123,129,143,158
MA14,82/06/03,174,184,186,179,165,145,125,110,101,102,112,128,147,166,181,184,178,166,150,135,124,124,133,146
MA14,82/06/04,162,175,182,179,168,148,123,098,079,070,074,088,110,132,152,167,171,165,153,138,125,118,120,132
MA14,82/06/05,149,166,179,183,175,156,130,104,079,062,058,066,088,112,138,159,171,171,162,148,130,119,114,120
MA14,82/06/06,135,151,170,178,176,164,141,111,082,060,048,051,066,091,120,146,165,174,172,160,145,130,120,119
MA14,82/06/07,128,145,161,175,180,174,155,130,099,074,054,048,056,079,106,134,159,175,180,173,158,143,131,124
MA14,82/06/08,129,143,160,177,188,187,172,148,118,086,061,047,049,062,087,115,144,165,176,175,165,150,136,126
MA14,82/06/09,124,132,147,164,178,182,175,157,131,102,075,055,047,056,070,096,124,147,166,172,169,159,143,131
MA14,82/06/10,124,128,139,153,169,179,179,168,145,117,089,067,052,050,062,083,110,135,157,170,172,167,156,142
MA14,82/06/11,133,130,135,146,162,175,179,174,158,131,106,082,065,057,062,078,100,125,146,162,169,169,161,150
MA14,82/06/12,141,135,136,144,155,168,174,173,163,145,125,103,084,073,071,078,094,114,134,152,165,169,165,157
MA14,82/06/13,147,139,136,137,144,153,161,165,162,152,137,120,104,089,082,082,090,104,122,140,156,166,169,165
MA14,82/06/14,158,149,142,138,138,144,152,160,164,164,157,146,132,119,106,099,099,106,118,135,150,163,170,173
MA14,82/06/15,168,160,150,140,133,132,135,140,147,152,152,148,140,129,117,107,101,101,108,119,133,149,161,169
MA14,82/06/16,168,162,153,141,128,118,115,116,122,130,138,144,145,140,131,121,113,105,103,107,116,131,147,162
MA14,82/06/17,170,170,164,148,131,114,101,095,096,105,118,133,146,152,151,144,129,117,108,107,113,125,141,158
MA14,82/06/18,170,176,171,158,138,116,095,081,075,081,095,115,135,150,159,160,152,137,125,116,115,121,133,149
MA14,82/06/19,166,179,181,171,153,130,100,074,060,058,069,091,118,141,162,174,173,163,151,136,126,124,129,142
MA14,82/06/20,161,178,188,186,172,148,116,085,059,044,045,060,089,121,150,174,186,186,176,159,144,135,134,142
MA14,82/06/21,159,178,194,200,194,174,145,110,075,048,037,042,062,095,130,164,187,196,194,182,166,150,142,143
MA14,82/06/22,154,172,190,203,205,197,175,143,107,073,048,038,044,066,100,139,168,191,202,199,187,169,154,147
MA14,82/06/23,150,163,180,196,207,207,196,171,137,099,066,045,040,050,075,110,143,173,194,202,197,185,170,158
MA14,82/06/24,154,160,173,189,205,215,214,199,174,140,107,080,060,058,070,095,125,159,184,200,203,197,183,168
MA14,82/06/25,158,156,163,175,190,202,206,201,186,161,133,102,078,063,064,077,100,130,157,179,189,189,180,168
MA14,82/06/26,155,147,147,153,165,178,187,189,181,167,146,121,099,080,073,079,094,117,144,167,184,192,191,182
MA14,82/06/27,170,159,153,153,158,166,176,183,184,180,170,154,134,119,107,103,109,123,142,165,182,194,195,191
MA14,82/06/28,181,167,155,147,145,149,157,165,170,172,170,162,152,139,126,118,116,121,133,150,166,180,187,187
MA14,82/06/29,180,171,159,147,140,137,138,143,150,156,161,164,161,155,145,135,129,128,134,146,159,171,180,184
MA14,82/06/30,180,171,160,146,133,122,118,118,124,132,142,150,156,157,152,145,138,133,133,137,146,158,170,177
MA14,82/07/01,180,176,168,153,136,121,110,105,105,111,124,138,150,158,159,156,150,142,138,137,141,152,163,173
MA14,82/07/02,179,179,171,158,139,118,102,090,087,092,105,120,134,149,159,163,160,151,143,137,135,139,148,160
MA14,82/07/03,170,175,175,167,151,130,107,088,074,071,079,094,113,135,153,164,167,161,153,143,135,133,139,150
MA14,82/07/04,163,174,180,177,164,145,120,095,076,065,065,078,098,120,142,160,169,170,162,151,140,133,133,141
MA14,82/07/05,153,166,175,177,169,153,129,100,075,056,050,057,075,101,128,151,166,171,166,155,142,131,127,130
MA14,82/07/06,142,156,169,178,175,161,140,110,082,056,044,041,053,075,104,131,156,169,171,164,150,136,125,122
MA14,82/07/07,129,143,160,173,179,175,159,134,105,074,052,045,053,072,102,130,157,173,180,176,164,151,136,128
MA14,82/07/08,128,138,154,169,181,181,170,148,117,090,064,048,046,058,082,110,139,159,170,172,165,152,137,125
MA14,82/07/09,123,131,146,162,177,183,176,161,135,109,081,061,051,053,069,094,122,147,165,171,169,160,145,131
MA14,82/07/10,122,123,135,149,166,176,178,169,149,124,095,072,057,055,063,084,110,135,156,168,169,163,150,137
MA14,82/07/11,126,121,126,138,153,166,173,170,159,138,113,090,071,062,065,078,099,124,147,163,169,168,158,144
MA14,82/07/12,130,123,121,128,142,157,169,174,169,156,137,116,101,085,080,083,095,114,137,157,168,173,168,156
MA14,82/07/13,141,128,119,115,119,131,144,154,158,154,142,128,110,096,087,086,094,107,126,145,162,171,170,163
MA14,82/07/14,151,137,123,114,113,118,128,139,147,151,151,144,133,121,109,103,102,109,122,137,154,166,172,171
MA14,82/07/15,162,150,134,118,108,104,108,116,127,139,146,150,148,141,132,124,119,119,125,135,147,161,171,174
MA14,82/07/16,170,159,143,124,107,095,089,091,100,115,131,143,152,154,151,145,138,131,129,133,143,157,170,179
MA14,82/07/17,183,177,164,145,123,103,087,081,082,090,108,130,151,165,171,170,164,156,147,142,144,152,164,176
MA14,82/07/18,187,190,183,167,142,116,089,068,058,061,076,099,126,149,166,175,174,168,158,147,140,140,150,162
MA14,82/07/19,176,187,188,179,158,132,100,072,048,040,043,060,090,120,149,171,181,180,172,159,148,143,144,155
MA14,82/07/20,170,187,196,197,187,166,132,097,064,041,034,042,064,095,131,161,180,188,185,174,159,148,141,144
MA14,82/07/21,158,175,192,203,202,189,163,130,090,059,038,035,052,079,116,149,176,192,195,185,170,154,141,137
MA14,82/07/22,142,156,174,192,203,202,188,163,127,091,058,037,036,049,078,112,147,172,186,186,175,160,142,131
MA14,82/07/23,128,135,154,173,190,199,195,178,150,115,080,052,039,043,063,094,128,154,174,182,177,164,145,129
MA14,82/07/24,119,120,133,150,171,186,192,185,164,137,104,077,056,050,059,083,114,142,167,179,179,169,152,134
MA14,82/07/25,119,114,120,134,152,169,180,182,173,154,128,102,080,069,071,084,109,135,159,175,180,176,165,148
MA14,82/07/26,130,117,114,119,132,148,164,176,177,168,153,131,110,095,087,091,104,123,146,165,177,180,170,155
MA14,82/07/27,138,123,112,108,113,125,139,151,158,159,154,142,127,111,101,098,103,117,135,153,165,171,169,159
MA14,82/07/28,145,129,113,103,100,104,114,125,135,144,146,144,137,127,119,114,115,123,135,149,162,170,173,166
MA14,82/07/29,155,140,124,111,102,100,103,110,120,129,136,141,143,142,138,132,129,130,135,145,155,164,169,168
MA14,82/07/30,163,154,141,126,116,100,094,093,097,108,119,131,141,147,149,145,141,136,133,135,141,150,158,166
MA14,82/07/31,168,163,151,137,120,102,088,080,078,083,096,113,129,141,149,153,150,144,138,135,138,143,151,160
MA14,82/08/01,167,169,165,153,136,115,095,080,072,072,082,099,124,144,158,168,170,165,157,152,151,156,170,187
MA14,82/08/02,202,213,216,208,187,160,129,105,085,073,074,082,102,121,140,152,160,160,152,140,128,121,121,130
MA14,82/08/03,144,159,167,168,159,138,111,083,065,052,045,053,073,099,124,147,162,168,162,152,139,128,122,126
MA14,82/08/04,139,155,170,181,179,169,147,116,088,063,048,048,062,086,118,146,166,176,173,161,146,129,119,116
MA14,82/08/05,123,138,155,170,177,170,152,126,095,067,048,041,049,071,100,132,158,172,174,166,151,137,123,117
MA14,82/08/06,120,134,154,172,184,184,173,149,118,088,064,049,050,065,092,117,146,167,177,176,163,146,129,115
MA14,82/08/07,111,120,135,155,172,184,181,165,139,106,078,057,046,054,072,103,131,157,175,179,171,153,133,114
MA14,82/08/08,104,107,120,140,160,177,183,174,155,127,096,070,054,054,066,092,121,149,169,180,176,159,140,118
MA14,82/08/09,104,099,105,122,143,163,176,176,164,143,116,091,072,063,068,087,113,140,161,174,178,166,149,129
MA14,82/08/10,109,096,095,107,126,145,163,171,169,157,136,110,091,077,077,087,106,129,152,166,174,171,157,136
MA14,82/08/11,116,100,094,096,107,125,146,158,166,162,150,133,117,102,095,097,109,127,147,164,177,178,168,151
MA14,82/08/12,130,109,094,087,092,102,118,133,145,151,149,141,128,117,108,107,111,122,137,152,165,172,169,156
MA14,82/08/13,139,121,103,091,085,088,097,111,125,137,143,145,142,137,131,126,125,129,137,148,159,169,172,169
MA14,82/08/14,159,142,124,105,089,079,078,085,097,110,125,137,144,149,149,145,141,138,139,143,150,159,166,170
MA14,82/08/15,169,160,145,125,105,088,074,067,070,082,099,118,137,151,158,159,156,150,144,139,142,149,157,166
MA14,82/08/16,172,172,164,148,127,105,084,069,060,064,079,102,129,151,167,178,180,175,164,154,147,148,155,165
MA14,82/08/17,177,186,187,180,165,142,114,084,063,053,058,077,101,133,162,182,191,188,177,162,148,141,140,150
MA14,82/08/18,164,181,195,200,194,175,143,111,080,058,048,057,078,111,150,178,194,195,186,169,150,135,127,129
MA14,82/08/19,142,161,180,194,200,194,172,139,102,069,048,044,056,083,117,151,178,194,192,178,159,137,122,117
MA14,82/08/20,125,144,170,193,203,204,197,175,141,104,074,058,059,077,107,142,172,193,199,192,172,149,127,114
MA14,82/08/21,112,127,150,181,207,219,215,195,166,132,099,074,062,073,096,130,161,187,203,201,185,162,138,119
MA14,82/08/22,109,114,130,152,175,195,208,206,188,158,126,098,080,080,096,122,153,182,198,201,192,172,146,121
MA14,82/08/23,106,101,110,130,154,177,193,194,183,161,136,112,094,087,096,120,147,173,191,195,189,175,153,129
MA14,82/08/24,109,097,097,111,130,151,168,179,177,166,150,131,115,103,106,122,143,167,187,196,196,187,170,147
MA14,82/08/25,125,107,098,102,114,131,147,159,164,163,156,144,131,120,115,117,129,148,164,180,188,187,179,163
MA14,82/08/26,145,125,111,106,110,119,131,142,152,159,160,155,147,136,129,127,134,145,158,169,175,175,171,159
MA14,82/08/27,143,129,114,105,100,104,115,126,138,150,157,159,157,153,150,148,149,154,163,173,182,185,181,174
MA14,82/08/28,163,150,136,124,117,112,112,116,125,135,146,154,159,162,163,162,161,160,161,166,174,182,185,184
MA14,82/08/29,178,169,157,142,128,115,107,104,105,111,122,135,147,157,165,167,165,160,156,153,153,157,161,165
MA14,82/08/30,168,169,165,156,141,125,110,099,093,096,105,120,136,153,168,174,174,169,159,151,146,145,148,156
MA14,82/08/31,164,171,174,170,156,135,111,093,080,076,082,099,120,141,161,173,178,175,167,156,145,140,141,150
MA14,82/09/01,163,174,180,179,168,153,133,109,089,076,075,086,109,135,161,179,189,185,171,156,141,131,130,139
MA14,82/09/02,156,173,186,192,186,169,145,120,091,074,068,075,095,120,149,171,188,192,183,168,151,136,128,131
MA14,82/09/03,148,168,189,204,204,192,171,141,110,086,070,069,085,111,143,172,192,200,193,177,155,134,121,121
MA14,82/09/04,132,152,175,195,207,206,190,167,137,109,086,080,089,110,141,172,196,211,212,199,179,155,135,125
MA14,82/09/05,127,143,165,188,207,214,208,189,161,131,104,089,088,102,127,156,183,201,207,198,180,156,132,118
MA14,82/09/06,114,124,144,168,191,206,209,199,176,148,121,102,092,100,120,146,173,194,204,202,189,167,142,120
MA14,82/09/07,110,112,126,150,176,198,209,206,191,170,144,122,109,108,122,143,167,188,203,205,194,175,150,124
MA14,82/09/08,108,101,108,125,145,166,185,191,185,170,151,131,116,112,118,133,152,172,188,194,191,176,153,130
MA14,82/09/09,108,090,088,098,116,137,158,170,176,171,159,145,131,123,123,131,145,163,178,188,190,182,163,140
MA14,82/09/10,117,100,089,090,100,115,134,151,163,166,164,159,150,144,141,143,151,164,176,186,191,187,174,156
MA14,82/09/11,133,114,098,091,088,093,107,123,138,150,157,159,158,156,153,150,153,150,168,176,182,183,178,169
MA14,82/09/12,156,140,123,107,096,092,096,106,118,135,150,165,176,185,190,189,193,201,213,225,232,229,219,206
MA14,82/09/13,193,179,161,141,120,098,083,078,083,095,112,131,148,161,169,171,169,164,162,161,160,162,164,167
MA14,82/09/14,169,166,157,142,120,099,079,067,061,068,084,107,130,154,169,177,176,167,154,143,136,136,141,150
MA14,82/09/15,162,170,173,165,149,122,095,069,051,045,052,078,105,134,159,175,182,178,164,148,135,125,127,138
MA14,82/09/16,154,172,184,188,182,162,134,105,079,062,058,068,093,123,152,177,190,191,177,158,138,121,114,118
MA14,82/09/17,133,155,177,191,193,183,162,131,099,072,059,060,078,106,140,166,185,190,181,163,139,117,101,099
MA14,82/09/18,113,135,160,180,194,194,181,156,124,092,070,062,070,094,126,158,180,190,186,171,146,120,099,090
MA14,82/09/19,096,116,140,166,187,197,193,176,149,118,092,077,077,094,121,152,178,192,194,179,158,130,106,089
MA14,82/09/20,085,098,123,150,175,192,198,192,173,146,123,103,094,103,122,150,175,195,202,194,176,148,119,096
MA14,82/09/21,086,086,104,127,155,177,189,189,178,159,135,116,104,105,118,140,165,184,195,192,176,152,124,097
MA14,82/09/22,079,073,080,097,123,146,162,172,171,158,141,124,112,106,114,128,150,168,182,184,174,156,131,106
MA14,82/09/23,085,074,074,085,104,126,148,159,163,160,150,138,126,119,120,127,143,159,172,178,175,163,145,123
MA14,82/09/24,106,093,088,089,098,112,130,145,156,159,155,148,140,135,134,138,146,157,168,176,176,168,156,139
MA14,82/09/25,121,107,098,095,099,106,118,134,148,154,157,162,161,157,154,156,161,170,174,177,176,172,164,152
MA14,82/09/26,137,123,111,102,098,101,106,115,124,134,142,148,152,155,155,155,154,154,155,156,158,158,155,150
MA14,82/09/27,143,134,125,113,104,096,094,097,104,113,123,134,144,153,158,159,156,150,144,140,140,143,146,148
MA14,82/09/28,148,145,139,128,116,103,093,088,088,093,104,119,134,148,157,160,157,149,141,132,128,130,137,145
MA14,82/09/29,152,156,154,145,132,116,101,088,080,081,091,108,128,146,160,168,168,159,146,131,120,116,121,132
MA14,82/09/30,145,156,161,158,150,137,118,096,080,073,078,094,117,142,162,171,181,173,156,139,122,112,112,123
MA14,82/10/01,139,158,170,175,170,158,137,111,089,074,073,083,103,130,154,175,184,179,163,140,119,102,098,106
MA14,82/10/02,125,150,170,184,186,179,161,134,106,084,075,080,098,124,152,179,196,198,183,159,133,108,095,095
MA14,82/10/03,108,134,159,180,192,192,179,155,128,100,082,081,091,115,143,174,191,196,188,166,138,108,086,078
MA14,82/10/04,088,111,140,167,188,195,190,173,144,114,091,080,085,105,135,162,183,194,186,171,145,111,082,068
MA14,82/10/05,070,089,120,153,179,192,198,188,163,135,109,090,087,098,122,151,176,193,195,184,159,124,092,070
MA14,82/10/06,061,070,094,123,153,174,187,189,178,154,130,110,101,104,124,151,176,191,196,188,172,147,117,087
MA14,82/10/07,071,070,084,110,140,166,185,193,191,177,157,140,127,126,136,155,174,192,199,197,182,158,131,100
MA14,82/10/08,079,067,071,088,113,142,167,184,190,185,174,162,152,146,149,162,177,194,204,205,198,182,162,137
MA14,82/10/09,114,099,092,096,109,126,148,168,182,188,186,179,172,167,167,171,178,187,198,205,202,192,174,155
MA14,82/10/10,136,118,103,096,096,104,119,134,150,165,174,177,175,174,172,171,173,176,180,182,184,182,175,165
MA14,82/10/11,152,137,121,106,098,095,098,106,118,132,145,157,165,169,170,168,165,161,158,158,159,160,160,157
MA14,82/10/12,153,147,136,119,104,091,085,085,092,106,122,137,149,161,170,170,164,156,147,139,135,136,140,146
MA14,82/10/13,152,156,154,143,128,108,091,078,076,082,094,114,134,151,163,168,163,150,135,121,112,111,117,128
MA14,82/10/14,142,153,160,160,148,126,102,081,068,066,074,093,116,143,164,176,175,162,143,121,105,097,100,115
MA14,82/10/15,132,152,167,179,176,158,134,107,086,074,076,091,114,141,163,182,187,178,160,135,112,097,093,102
MA14,82/10/16,120,147,169,185,194,187,169,142,115,094,086,093,112,138,165,186,194,191,174,147,119,093,082,084
MA14,82/10/17,100,127,154,178,192,192,180,159,133,106,092,092,106,132,160,186,200,199,187,166,131,102,082,077
MA14,82/10/18,088,110,140,166,189,200,197,182,167,135,114,105,112,131,156,181,197,200,191,171,144,111,087,071
MA14,82/10/19,072,089,114,144,170,190,199,193,175,153,134,121,119,132,153,181,202,213,208,190,162,134,109,092
MA14,82/10/20,089,101,124,155,178,199,211,212,201,182,163,147,139,146,163,182,202,215,216,205,182,151,122,097
MA14,82/10/21,083,084,099,120,147,171,188,197,194,182,165,152,142,142,152,169,187,203,205,197,178,154,126,104
MA14,82/10/22,086,078,083,099,120,141,161,172,175,170,160,149,140,137,142,153,167,180,188,187,177,160,136,113
MA14,82/10/23,094,082,081,090,106,126,144,161,170,172,169,163,156,151,151,158,168,178,187,189,182,170,152,134
MA14,82/10/24,116,103,098,099,107,120,136,150,164,171,174,173,169,166,164,167,172,178,183,186,185,180,169,154
MA14,82/10/25,138,124,111,102,098,102,111,121,133,144,153,159,163,162,160,159,158,160,164,167,168,166,161,152
MA14,82/10/26,142,130,118,107,101,098,101,108,118,129,140,150,158,162,162,159,154,149,146,144,144,145,147,146
MA14,82/10/27,143,137,128,117,106,097,092,092,097,107,119,133,146,155,160,159,152,142,133,127,124,127,133,140
MA14,82/10/28,146,149,143,134,123,109,099,091,090,097,111,131,149,164,174,173,165,150,135,122,115,116,122,134
MA14,82/10/29,146,156,158,153,141,125,108,094,088,089,100,118,140,162,177,180,173,157,137,117,103,098,103,117
MA14,82/10/30,137,154,166,168,160,144,123,102,087,082,088,105,128,154,174,185,182,168,146,118,097,084,084,098
MA14,82/10/31,120,147,168,180,180,169,150,126,105,092,091,102,123,150,175,191,193,180,157,126,099,079,074,083
MA14,82/11/01,104,135,165,185,194,192,178,154,131,111,102,108,125,150,175,198,206,198,177,144,111,080,062,061
MA14,82/11/02,075,105,136,165,185,192,185,166,142,117,101,097,106,128,153,175,189,188,171,142,105,071,047,038
MA14,82/11/03,048,072,103,136,165,181,183,172,154,133,114,107,109,125,147,168,184,188,180,155,123,088,058,039
MA14,82/11/04,036,051,078,110,144,167,180,180,170,153,136,122,120,128,144,165,181,190,187,172,146,113,079,053
MA14,82/11/05,038,042,063,090,120,149,171,183,182,172,157,144,136,137,148,162,177,187,189,180,160,133,103,075
MA14,82/11/06,051,041,048,066,091,116,141,159,167,166,160,151,143,140,143,152,164,177,183,180,170,151,126,101
MA14,82/11/07,077,061,056,062,077,098,121,141,156,163,164,161,156,152,150,153,159,167,173,175,172,162,147,127
MA14,82/11/08,108,090,078,073,077,088,104,122,139,153,162,164,163,160,157,153,153,154,156,159,160,157,151,141
MA14,82/11/09,128,114,098,086,079,079,087,101,118,134,148,157,163,165,162,158,152,147,145,146,149,152,154,155
MA14,82/11/10,153,145,134,120,107,099,097,100,111,126,142,157,168,174,175,170,161,150,141,136,135,140,147,155
MA14,82/11/11,162,164,161,149,136,123,112,108,111,123,139,157,174,187,194,191,180,165,149,136,129,130,137,148
MA14,82/11/12,161,173,178,173,160,145,128,116,108,111,121,137,155,171,179,178,167,148,125,105,091,088,096,112
MA14,82/11/13,130,150,165,170,165,150,131,113,101,097,104,120,140,160,174,180,173,156,130,106,085,074,076,089
MA14,82/11/14,111,135,156,171,176,169,152,133,116,106,106,116,134,155,173,185,183,169,146,116,088,069,062,069
MA14,82/11/15,090,117,144,166,180,180,169,151,131,115,106,112,127,149,169,185,187,177,157,129,097,070,055,055
MA14,82/11/16,069,095,126,154,176,186,182,170,151,131,118,115,124,141,161,180,188,182,165,137,104,074,052,043
MA14,82/11/17,049,069,099,130,157,175,181,174,158,140,125,116,119,133,151,169,181,181,169,145,116,084,059,043
MA14,82/11/18,040,053,079,110,137,158,172,172,164,150,135,124,121,128,143,161,176,181,176,157,133,102,075,055
MA14,82/11/19,045,052,069,095,122,146,165,174,170,158,146,134,130,133,145,159,173,182,179,168,146,120,092,068
MA14,82/11/20,057,057,068,088,112,135,154,165,167,160,150,139,132,132,137,149,163,173,176,169,154,132,107,084
MA14,82/11/21,067,060,062,075,094,117,137,151,158,158,153,144,136,132,134,141,152,160,166,163,153,137,115,095
MA14,82/11/22,079,068,065,071,085,102,121,140,153,158,159,155,148,144,142,144,150,157,163,166,162,153,139,123
MA14,82/11/23,107,094,087,086,092,104,117,132,145,153,158,157,154,150,146,143,143,144,148,151,152,148,142,132
MA14,82/11/24,120,108,099,093,092,096,106,118,134,148,161,168,171,169,165,158,151,145,139,137,139,140,138,132
MA14,82/11/25,124,113,102,092,084,081,084,091,103,117,133,145,153,154,150,142,132,122,113,110,111,116,122,128
MA14,82/11/26,130,128,122,111,100,092,087,088,095,107,123,139,150,157,158,150,138,121,107,097,094,099,109,121
MA14,82/11/27,133,139,138,131,121,108,097,090,091,098,114,132,149,163,167,162,147,127,106,088,078,077,087,104
MA14,82/11/28,123,139,148,149,141,127,111,098,091,093,104,122,143,161,170,170,158,137,111,085,067,060,066,084
MA14,82/11/29,108,135,157,168,167,156,139,124,110,104,109,124,144,165,181,186,178,159,131,102,075,059,058,074
MA14,82/11/30,100,133,167,188,199,199,188,172,156,145,143,149,165,183,202,210,206,188,159,122,086,059,043,043
MA14,82/12/01,061,090,126,159,181,188,182,166,146,128,116,115,125,147,171,187,192,184,161,129,089,052,029,019
MA14,82/12/02,030,056,092,128,159,178,183,175,159,142,127,119,121,135,156,178,193,191,175,149,112,076,042,022
MA14,82/12/03,021,038,067,099,137,165,182,185,176,159,143,131,127,133,150,169,185,192,185,164,130,096,065,036
MA14,82/12/04,023,023,041,069,100,133,161,173,173,167,152,138,132,133,146,161,178,188,189,177,155,125,091,061
MA14,82/12/05,040,033,040,057,086,118,146,163,171,170,163,153,142,140,143,154,168,179,184,181,168,149,127,103
MA14,82/12/06,075,057,052,060,077,098,123,144,159,164,163,156,146,137,132,134,141,152,161,165,162,152,138,117
MA14,82/12/07,094,073,061,058,065,079,100,122,140,153,157,156,150,144,137,133,132,136,142,148,153,153,148,138
MA14,82/12/08,124,107,093,082,078,082,094,109,129,144,155,158,155,151,142,133,127,123,125,129,136,140,143,142
MA14,82/12/09,135,124,110,098,088,084,088,099,115,129,146,155,158,156,150,140,129,120,114,113,119,125,134,143
MA14,82/12/10,148,148,143,133,120,111,108,111,120,131,147,160,170,173,167,157,142,125,111,102,101,106,118,132
MA14,82/12/11,146,155,159,155,145,135,126,121,124,133,148,162,177,186,187,181,163,145,123,108,099,098,108,125
MA14,82/12/12,144,161,172,176,172,163,151,141,135,138,146,161,176,190,195,191,176,155,130,106,089,081,083,096
MA14,82/12/13,117,139,161,175,178,173,160,146,136,131,134,145,160,173,9999,9999,9999,9999,133,104,079,065,062,069
MA14,82/12/14,091,118,145,166,177,178,170,156,141,132,129,133,146,162,177,185,183,170,146,114,086,062,053,054
MA14,82/12/15,070,096,125,150,171,181,178,166,151,137,129,129,138,153,169,182,184,176,156,129,098,071,051,046
MA14,82/12/16,056,078,105,135,159,175,180,175,162,146,134,130,134,147,163,180,190,186,172,146,116,085,060,045
MA14,82/12/17,046,061,087,115,146,170,182,184,176,161,146,136,135,148,165,181,192,193,183,161,132,101,073,055
MA14,82/12/18,049,057,077,105,135,158,173,178,173,157,142,129,124,128,138,151,170,176,172,154,132,101,075,055
MA14,82/12/19,042,042,056,076,105,131,153,163,162,153,141,128,119,118,127,141,154,165,167,157,140,116,088,066
MA14,82/12/20,050,045,051,069,092,119,140,155,161,158,149,137,126,122,124,134,146,158,164,159,142,128,104,082
MA14,82/12/21,063,052,051,062,079,102,125,143,152,154,150,140,129,123,120,123,133,142,151,152,148,136,119,097
MA14,82/12/22,077,064,060,064,076,097,117,137,151,159,159,154,146,137,132,130,133,141,150,156,159,155,145,131
MA14,82/12/23,115,102,093,090,096,108,125,144,160,170,173,170,164,154,145,138,132,130,130,133,137,138,135,127
MA14,82/12/24,118,106,095,087,083,089,099,115,131,145,155,158,155,148,137,126,117,112,110,112,119,126,130,131
MA14,82/12/25,129,124,115,107,101,099,101,109,120,135,147,154,156,152,142,129,114,100,091,086,091,102,115,126
MA14,82/12/26,134,137,134,127,119,112,108,109,118,132,147,160,170,172,167,155,138,118,100,087,086,096,112,128
MA14,82/12/27,146,157,162,161,155,146,136,130,128,135,147,161,172,181,181,170,150,125,099,079,068,068,079,098
MA14,82/12/28,121,143,161,168,168,160,147,133,123,121,128,142,159,174,179,172,155,129,100,071,046,037,042,062
MA14,82/12/29,089,122,147,164,173,173,164,151,139,133,131,139,154,172,186,190,180,158,128,090,059,038,031,040
MA14,82/12/30,064,096,131,160,179,187,185,173,159,147,140,142,154,171,189,201,200,184,154,116,077,045,026,021
MA14,82/12/31,035,064,099,135,164,183,189,182,170,153,139,133,139,153,171,188,197,191,172,140,103,064,034,017
