MA14,65/01/01,075,111,138,159,170,171,165,155,144,140,140,147,159,174,187,193,185,168,142,111,085,065,057,061
MA14,65/01/02,076,101,127,151,170,179,178,168,155,145,139,139,148,161,175,185,185,173,148,120,088,061,045,042
MA14,65/01/03,051,074,102,128,151,166,170,163,151,140,128,124,130,144,158,173,179,173,155,131,100,070,048,036
MA14,65/01/04,040,056,084,114,142,164,175,174,164,152,140,132,132,142,157,172,183,182,167,145,115,084,055,037
MA14,65/01/05,033,044,066,095,122,145,161,164,156,145,130,117,113,119,133,148,162,168,165,148,122,093,063,041
MA14,65/01/06,031,035,051,078,104,132,152,162,161,153,140,127,117,118,127,142,158,171,173,163,145,119,089,064
MA14,65/01/07,048,044,052,070,096,123,147,161,165,161,149,134,122,118,122,134,148,162,169,168,157,135,112,085
MA14,65/01/08,065,057,061,075,097,125,150,170,180,181,175,162,149,139,136,142,155,170,181,185,180,166,147,124
MA14,65/01/09,103,089,085,093,106,121,140,156,169,172,167,156,143,129,120,121,127,134,143,150,151,145,133,117
MA14,65/01/10,099,084,075,073,080,095,114,133,149,159,161,155,143,131,119,112,110,112,119,129,136,139,136,129
MA14,65/01/11,118,107,096,092,095,103,116,133,150,163,170,168,160,149,136,124,115,110,112,119,129,138,147,151
MA14,65/01/12,148,141,134,124,116,115,119,128,139,150,160,164,160,151,138,121,104,092,085,085,092,103,115,125
MA14,65/01/13,132,135,132,125,118,113,113,117,127,138,147,155,157,153,143,126,107,088,070,062,063,072,087,105
MA14,65/01/14,121,133,140,141,137,130,124,122,124,129,138,147,155,159,155,141,120,095,070,051,040,043,055,075
MA14,65/01/15,099,121,139,148,150,145,136,129,124,126,133,143,154,165,167,160,145,120,091,061,040,032,035,053
MA14,65/01/16,078,109,138,159,170,170,163,152,140,136,137,143,153,165,175,176,165,142,110,072,040,016,009,015
MA14,65/01/17,035,068,103,135,156,166,166,156,141,128,123,124,133,148,162,172,173,159,134,100,060,030,008,003
MA14,65/01/18,014,039,074,110,141,163,170,166,153,137,124,117,120,135,154,171,181,181,164,134,099,060,030,013
MA14,65/01/19,012,027,058,095,130,159,175,178,170,157,141,127,123,130,145,166,183,192,187,169,140,102,065,037
MA14,65/01/20,024,027,045,077,112,143,165,176,172,159,141,125,113,114,125,144,162,176,181,173,154,125,091,060
MA14,65/01/21,038,030,038,061,091,122,150,164,166,158,144,125,110,104,108,122,139,156,166,168,160,140,114,086
MA14,65/01/22,061,048,046,058,081,111,138,158,166,164,155,137,119,107,105,111,123,139,153,162,162,155,138,116
MA14,65/01/23,095,078,071,075,090,110,135,155,166,171,164,150,132,117,107,106,112,122,133,143,150,150,144,130
MA14,65/01/24,115,100,092,090,096,110,129,147,162,168,168,158,143,128,115,107,105,108,114,122,130,135,137,133
MA14,65/01/25,125,116,109,105,104,110,121,133,145,153,156,151,140,127,113,100,090,086,087,090,098,105,113,117
MA14,65/01/26,118,117,114,110,108,111,118,127,136,145,150,149,144,135,122,108,096,086,079,076,080,089,099,110
MA14,65/01/27,119,127,131,131,129,128,130,134,139,147,153,158,158,153,143,130,111,093,079,069,066,069,078,090
MA14,65/01/28,104,117,126,131,130,126,122,119,120,123,128,135,139,140,136,127,113,096,075,059,048,047,056,070
MA14,65/01/29,088,108,125,137,140,140,135,130,123,122,124,130,138,144,145,142,130,111,088,066,050,041,043,056
MA14,65/01/30,076,100,123,140,151,152,147,137,126,121,120,123,132,142,151,153,145,126,103,076,051,034,030,037
MA14,65/01/31,053,078,105,128,143,150,147,137,125,116,111,115,124,138,153,162,163,151,128,100,070,047,035,035
MA14,65/02/01,048,074,101,130,152,165,168,158,140,125,115,111,117,130,146,160,165,157,140,112,081,051,030,023
MA14,65/02/02,032,052,080,110,138,156,162,157,145,130,118,110,114,126,144,161,174,175,165,141,110,079,047,031
MA14,65/02/03,030,043,067,095,122,145,158,158,145,130,111,098,095,103,120,140,158,165,160,144,118,085,054,030
MA14,65/02/04,022,029,050,077,107,133,151,156,148,133,112,095,085,087,101,122,142,156,160,150,120,098,066,041
MA14,65/02/05,030,032,046,071,101,130,150,160,156,145,125,106,093,090,098,116,138,154,164,163,150,130,101,073
MA14,65/02/06,053,049,055,073,098,125,147,159,161,151,138,114,095,086,088,100,118,138,153,160,153,137,115,090
MA14,65/02/07,069,056,055,066,087,110,133,150,155,150,135,118,097,082,076,080,094,111,127,139,142,136,121,103
MA14,65/02/08,085,071,066,070,085,105,125,142,150,150,142,125,105,085,073,070,075,087,101,115,126,128,124,114
MA14,65/02/09,102,090,084,084,092,105,122,137,149,155,151,140,124,108,093,084,081,085,094,107,118,128,134,134
MA14,65/02/10,130,124,119,115,116,122,132,142,152,157,158,152,139,122,105,088,074,067,068,076,087,099,112,121
MA14,65/02/11,127,129,127,124,123,124,126,133,139,146,151,151,146,135,120,104,085,070,060,056,061,073,089,106
MA14,65/02/12,123,136,143,144,142,139,136,135,137,139,144,149,152,149,140,125,105,082,060,045,039,043,055,075
MA14,65/02/13,099,120,137,146,149,146,140,132,125,123,127,134,142,147,148,140,124,100,071,045,028,021,027,045
MA14,65/02/14,073,102,129,148,159,162,156,146,136,128,128,135,147,160,170,171,162,141,111,078,047,026,020,028
MA14,65/02/15,048,079,111,138,156,163,159,146,131,117,109,111,122,138,155,167,169,157,133,099,060,027,009,006
MA14,65/02/16,019,045,080,114,143,158,160,151,133,114,099,094,100,117,138,159,172,171,155,127,093,052,023,009
MA14,65/02/17,022,032,064,101,134,158,167,151,147,126,106,093,093,104,124,149,170,181,178,159,129,090,055,030
MA14,65/02/18,020,030,055,087,121,149,165,166,153,132,109,088,079,083,099,124,149,166,173,166,145,115,080,051
MA14,65/02/19,035,035,049,076,106,135,158,166,156,139,114,092,075,071,079,099,124,147,161,165,156,135,108,080
MA14,65/02/20,059,050,057,076,102,130,153,165,163,148,127,103,083,073,074,086,106,130,148,160,160,148,131,109
MA14,65/02/21,089,080,084,097,118,142,164,177,179,168,150,128,106,091,085,089,101,118,135,147,152,150,141,127
MA14,65/02/22,113,102,098,103,115,132,150,165,170,166,152,134,113,095,083,082,087,099,113,125,135,139,138,132
MA14,65/02/23,123,116,112,112,120,131,145,156,163,163,154,141,125,109,096,088,086,089,097,107,117,125,130,131
MA14,65/02/24,130,127,125,123,125,132,140,148,155,156,153,145,135,121,117,096,088,083,082,085,093,100,109,117
MA14,65/02/25,123,127,129,130,130,131,134,138,142,144,144,141,135,126,115,104,092,081,074,070,073,080,089,101
MA14,65/02/26,113,124,131,135,137,135,134,133,133,133,135,137,137,133,126,117,104,089,076,065,060,063,073,085
MA14,65/02/27,103,121,134,143,146,144,138,132,128,126,127,132,136,139,139,133,122,105,086,069,057,053,059,072
MA14,65/02/28,092,113,133,147,153,153,146,137,128,121,121,126,134,143,151,151,143,129,107,082,058,045,041,048
MA14,65/03/01,066,090,114,134,145,148,142,130,117,104,098,103,113,127,140,147,147,132,112,086,059,036,028,032
MA14,65/03/02,050,076,103,128,145,152,148,135,117,102,092,092,102,119,136,152,157,151,133,107,078,050,034,032
MA14,65/03/03,043,065,095,125,147,160,161,149,129,109,092,086,093,109,130,151,165,166,154,130,100,068,044,034
MA14,65/03/04,041,061,090,120,147,165,169,159,140,119,099,087,088,102,124,148,165,174,166,149,120,087,060,042
MA14,65/03/05,039,050,073,105,131,152,162,157,140,115,090,071,065,074,093,119,143,159,162,152,129,100,070,047
MA14,65/03/06,038,044,065,093,121,145,159,159,145,122,098,075,061,062,078,103,128,150,161,159,144,121,095,069
MA14,65/03/07,054,053,064,086,113,137,153,156,148,127,102,076,057,052,061,080,106,130,149,158,153,138,120,099
MA14,65/03/08,082,075,081,095,118,140,159,167,163,145,122,096,073,059,058,071,092,117,138,151,155,149,136,118
MA14,65/03/09,103,095,095,105,122,142,158,168,169,157,137,114,091,073,064,067,080,100,119,137,148,150,144,135
MA14,65/03/10,124,117,114,116,124,136,149,159,164,155,142,123,102,080,064,057,058,070,085,102,115,125,130,130
MA14,65/03/11,125,120,116,116,120,128,137,146,151,151,146,134,118,098,081,067,059,058,062,072,088,103,116,125
MA14,65/03/12,131,133,134,134,134,135,139,144,148,150,150,147,140,128,114,098,084,072,067,069,076,090,105,121
MA14,65/03/13,136,149,157,159,157,153,150,149,149,149,150,151,151,149,139,128,105,084,065,053,049,054,069,089
MA14,65/03/14,111,131,146,154,155,150,141,132,123,122,124,132,140,145,146,140,124,102,076,053,037,031,039,057
MA14,65/03/15,082,110,134,150,156,153,143,129,115,108,107,114,127,142,153,158,151,132,104,074,048,030,027,039
MA14,65/03/16,062,092,120,145,158,161,150,134,115,097,089,093,107,126,147,162,165,157,134,104,071,045,032,035
MA14,65/03/17,051,081,115,145,167,175,171,155,133,113,097,094,105,126,151,173,188,188,174,148,113,081,055,046
MA14,65/03/18,053,077,107,140,164,178,178,162,137,111,089,077,078,093,118,146,168,180,175,158,128,096,070,051
MA14,65/03/19,050,066,094,125,152,172,176,163,140,113,085,068,064,074,098,128,157,180,185,177,155,130,102,080
MA14,65/03/20,070,078,096,122,149,170,177,170,151,123,097,072,057,060,075,101,128,149,164,165,152,131,107,085
MA14,65/03/21,073,073,084,106,130,150,162,162,147,123,096,070,051,045,054,074,099,124,144,153,151,139,122,104
MA14,65/03/22,091,085,091,105,124,146,160,164,155,135,111,085,064,051,052,065,084,107,127,142,149,145,133,119
MA14,65/03/23,106,100,100,109,124,139,153,159,154,140,120,095,073,056,050,054,066,083,101,118,129,133,130,124
MA14,65/03/24,116,110,109,114,124,136,148,155,154,145,132,115,096,080,070,068,073,082,095,109,120,128,132,132
MA14,65/03/25,130,127,126,128,132,140,148,153,155,150,140,127,112,098,085,076,072,075,081,092,103,114,123,129
MA14,65/03/26,133,136,137,137,138,139,140,141,143,142,139,132,123,111,100,090,081,075,073,076,083,092,104,114
MA14,65/03/27,124,132,135,136,135,133,130,127,125,125,126,126,125,119,111,100,089,078,069,064,064,070,081,095
MA14,65/03/28,110,123,132,136,136,131,124,117,112,112,113,118,122,125,124,118,107,092,077,065,057,058,067,081
MA14,65/03/29,098,117,131,140,141,135,125,114,105,100,102,109,120,129,135,135,127,111,093,074,060,054,058,071
MA14,65/03/30,089,113,132,147,151,147,135,118,104,094,094,101,115,130,144,149,144,130,110,085,062,048,046,056
MA14,65/03/31,076,101,126,145,154,153,140,122,104,088,082,086,100,120,140,155,160,152,133,108,083,062,052,057
MA14,65/04/01,073,099,126,151,168,173,164,144,121,098,086,088,104,126,151,172,181,178,162,136,106,078,059,054
MA14,65/04/02,065,088,116,143,162,169,162,144,119,090,070,063,071,092,118,145,166,174,168,149,120,092,067,055
MA14,65/04/03,059,075,099,126,150,163,162,146,119,087,061,046,047,062,087,116,143,160,163,153,131,104,079,062
MA14,65/04/04,048,070,090,116,140,158,162,150,124,094,061,040,031,038,058,088,120,146,162,162,150,128,105,085
MA14,65/04/05,076,079,092,114,138,158,167,160,141,111,078,051,035,032,044,068,100,130,151,161,159,145,125,106
MA14,65/04/06,092,090,098,113,134,152,164,162,148,124,094,063,039,027,029,046,069,098,124,141,147,144,130,124
MA14,65/04/07,101,095,097,105,120,134,146,151,142,124,100,072,045,026,020,025,040,062,086,107,123,127,125,118
MA14,65/04/08,109,104,102,106,115,127,138,143,141,131,115,093,070,049,035,030,035,049,067,087,105,118,125,127
MA14,65/04/09,127,125,124,124,127,132,140,145,147,143,134,121,104,085,068,055,048,049,057,069,084,102,114,125
MA14,65/04/10,133,135,134,132,130,129,131,133,136,136,135,131,124,112,098,084,071,062,059,063,075,091,108,125
MA14,65/04/11,138,146,150,149,143,136,130,126,125,125,129,134,136,132,123,110,093,074,058,049,048,055,069,089
MA14,65/04/12,108,125,136,140,136,126,115,105,097,096,100,109,119,126,128,122,109,090,069,050,040,039,050,068
MA14,65/04/13,092,115,131,140,139,128,113,097,081,076,078,089,105,122,135,140,134,117,094,070,050,039,041,057
MA14,65/04/14,083,111,137,151,156,150,135,115,091,077,074,084,101,122,143,158,161,150,124,104,078,057,050,057
MA14,65/04/15,077,103,129,148,157,151,134,110,083,061,049,051,067,093,120,143,158,158,145,122,095,072,056,055
MA14,65/04/16,068,092,120,143,158,159,145,121,093,061,043,039,047,070,099,128,151,162,159,142,117,092,071,063
MA14,65/04/17,068,086,111,136,154,161,152,130,100,070,044,030,032,048,076,106,135,155,162,156,139,116,093,079
MA14,65/04/18,078,090,110,134,153,163,161,145,117,085,054,033,026,034,055,084,114,138,152,153,144,126,107,091
MA14,65/04/19,084,090,106,126,147,160,162,151,129,097,068,044,030,033,049,074,102,128,148,156,153,142,127,112
MA14,65/04/20,105,106,117,134,154,168,174,168,150,125,096,071,053,046,054,071,095,120,141,153,156,151,139,126
MA14,65/04/21,117,113,117,128,142,155,163,160,147,128,103,079,057,045,044,052,069,089,109,123,133,134,130,122
MA14,65/04/22,115,110,109,113,123,135,142,143,137,124,105,084,063,048,040,042,051,066,084,099,111,119,121,120
MA14,65/04/23,116,113,112,113,117,124,131,135,133,124,113,098,082,069,058,053,054,063,076,090,103,114,122,127
MA14,65/04/24,129,127,124,122,122,124,127,130,131,128,122,114,103,092,081,071,065,064,068,076,087,097,108,118
MA14,65/04/25,124,127,125,122,118,115,113,113,113,113,113,111,106,100,091,081,071,064,061,061,068,078,091,105
MA14,65/04/26,117,125,129,128,121,114,107,102,100,101,105,111,115,116,112,105,096,085,075,069,070,079,092,109
MA14,65/04/27,127,141,149,150,144,133,120,108,100,098,103,112,121,130,132,128,118,103,087,073,066,068,078,095
MA14,65/04/28,116,134,147,152,147,133,116,099,085,079,083,096,111,128,139,142,136,122,105,085,070,065,070,086
MA14,65/04/29,108,130,150,159,159,145,126,104,081,070,071,083,104,128,147,160,162,154,137,114,095,083,079,090
MA14,65/04/30,110,135,155,170,173,162,141,115,086,066,057,063,082,108,134,154,164,163,147,125,102,083,073,076
MA14,65/05/01,092,115,138,159,166,160,143,111,080,051,036,035,049,076,105,134,154,160,153,134,111,089,073,069
MA14,65/05/02,079,098,122,143,155,154,140,111,079,044,020,012,018,039,070,106,133,148,152,144,125,103,084,074
MA14,65/05/03,077,092,114,135,153,158,150,126,096,063,032,015,015,028,055,093,128,155,175,178,166,148,129,112
MA14,65/05/04,106,114,129,148,166,176,173,156,130,090,054,026,011,013,028,058,091,123,143,153,150,139,123,107
MA14,65/05/05,098,099,108,123,140,154,157,148,130,100,066,037,015,008,012,032,060,090,118,137,145,145,136,126
MA14,65/05/06,119,115,118,129,142,153,160,159,148,127,100,071,045,029,024,032,042,073,099,121,137,144,142,137
MA14,65/05/07,130,124,122,126,133,143,152,156,150,139,118,095,071,050,037,034,042,056,077,097,116,131,137,138
MA14,65/05/08,135,131,126,125,126,129,134,137,137,132,123,110,091,074,057,045,039,042,050,067,086,105,118,127
MA14,65/05/09,131,131,129,123,118,116,115,118,121,124,126,122,114,102,088,073,060,052,051,058,071,091,109,125
MA14,65/05/10,138,143,143,137,128,119,112,109,109,114,121,128,130,128,121,118,093,078,068,064,070,084,101,120
MA14,65/05/11,138,148,152,148,137,123,108,098,093,094,103,115,127,136,138,131,118,102,085,072,065,070,084,102
MA14,65/05/12,123,138,145,144,133,115,094,076,063,061,067,083,102,119,132,136,130,115,096,077,064,062,070,088
MA14,65/05/13,109,130,142,146,139,123,099,074,055,044,046,060,080,106,130,143,147,140,124,104,085,075,076,090
MA14,65/05/14,110,134,153,164,162,148,124,084,066,049,046,056,078,108,139,163,177,175,161,142,120,103,096,104
MA14,65/05/15,120,143,164,182,186,175,150,120,089,064,051,050,065,090,120,149,170,180,175,161,141,122,108,105
MA14,65/05/16,114,131,152,170,180,178,161,134,101,069,047,038,048,069,096,126,153,171,176,170,154,135,119,111
MA14,65/05/17,114,126,145,164,175,176,165,143,114,081,054,039,039,055,084,114,144,165,175,175,165,148,129,114
MA14,65/05/18,111,118,132,150,164,170,163,145,120,088,056,034,026,033,053,080,109,132,150,157,154,144,130,116
MA14,65/05/19,109,110,121,135,153,162,162,150,130,104,075,050,034,031,041,062,088,112,131,145,147,141,132,120
MA14,65/05/20,111,110,116,128,142,153,159,152,137,123,089,065,046,037,040,054,077,100,120,139,149,151,146,139
MA14,65/05/21,130,126,131,140,150,161,168,165,155,136,115,093,071,056,050,055,070,088,108,125,138,146,145,141
MA14,65/05/22,135,128,124,124,129,136,142,145,140,132,117,100,083,068,057,053,059,070,087,105,119,129,134,134
MA14,65/05/23,130,124,119,115,116,119,123,127,129,125,117,107,093,079,067,061,060,064,075,089,103,117,129,134
MA14,65/05/24,136,133,128,122,118,116,117,120,125,128,126,120,111,101,089,079,072,069,073,081,094,110,123,133
MA14,65/05/25,139,140,136,126,116,108,102,100,103,108,114,118,119,117,109,099,090,082,078,080,089,102,117,131
MA14,65/05/26,143,150,149,141,129,115,103,095,093,098,106,117,127,132,131,124,113,101,091,086,088,097,113,130
MA14,65/05/27,147,159,164,159,145,129,112,098,092,097,115,138,144,158,163,161,150,138,125,111,105,109,119,134
MA14,65/05/28,150,165,172,169,157,137,112,090,073,072,079,096,118,140,157,166,165,154,139,124,111,108,114,128
MA14,65/05/29,147,164,177,179,169,149,120,090,069,055,055,070,095,121,147,166,174,170,158,140,123,112,111,118
MA14,65/05/30,135,155,173,181,180,165,135,103,069,048,039,048,069,099,131,159,177,183,178,163,144,129,122,124
MA14,65/05/31,138,156,176,189,192,183,160,128,092,061,040,038,050,076,109,144,174,190,193,184,167,148,135,130
MA14,65/06/01,135,151,169,185,195,194,179,149,111,074,044,030,032,052,079,114,148,174,187,188,177,163,147,137
MA14,65/06/02,136,146,161,180,192,197,190,170,139,114,067,042,031,036,057,088,122,154,175,186,185,177,163,150
MA14,65/06/03,144,147,156,171,186,195,195,182,160,132,100,069,047,040,049,069,099,128,156,175,183,183,176,161
MA14,65/06/04,152,149,154,165,179,195,203,200,186,163,136,106,078,060,055,065,085,110,138,162,177,181,178,170
MA14,65/06/05,160,151,147,148,156,165,175,180,177,168,149,128,104,083,069,066,075,093,114,137,156,168,171,166
MA14,65/06/06,158,148,138,133,133,138,145,152,154,153,147,134,119,100,081,068,067,074,088,108,128,147,158,161
MA14,65/06/07,159,150,140,128,121,120,122,128,135,140,144,145,137,126,110,095,084,080,086,098,113,133,148,157
MA14,65/06/08,160,157,147,133,120,109,104,105,109,118,127,136,139,137,128,114,102,092,087,089,099,115,131,144
MA14,65/06/09,152,153,147,134,117,102,089,083,084,090,101,116,128,137,139,135,124,112,101,097,100,111,127,141
MA14,65/06/10,152,160,159,151,134,112,092,076,068,070,081,097,115,131,143,146,140,128,116,104,100,104,115,131
MA14,65/06/11,146,157,159,153,141,120,096,073,057,053,060,076,100,121,140,152,156,150,140,124,113,109,115,127
MA14,65/06/12,143,158,168,168,157,138,114,087,063,051,051,064,088,114,140,159,167,167,159,146,130,121,120,129
MA14,65/06/13,144,161,175,181,175,157,132,105,077,057,049,056,074,100,128,153,170,179,176,164,150,136,127,128
MA14,65/06/14,138,155,170,179,178,166,146,119,088,063,045,043,053,075,104,131,154,170,176,170,155,140,126,122
MA14,65/06/15,127,139,155,169,176,172,157,134,106,075,050,040,046,063,089,119,149,165,176,177,166,152,140,130
MA14,65/06/16,130,139,154,171,181,182,170,147,120,092,064,045,041,051,072,101,129,155,169,176,173,162,148,134
MA14,65/06/17,128,133,144,159,171,177,172,155,131,104,075,051,040,043,057,080,106,133,153,164,167,161,149,137
MA14,65/06/18,128,127,136,149,164,175,178,169,152,130,102,076,057,050,057,073,097,120,142,156,161,160,150,138
MA14,65/06/19,127,120,122,130,141,153,160,158,149,131,109,086,067,054,052,062,079,102,126,145,154,156,152,142
MA14,65/06/20,130,123,118,121,129,139,150,155,139,136,120,103,084,068,059,062,074,091,112,132,147,156,158,153
MA14,65/06/21,143,134,127,123,126,133,143,150,152,146,136,121,104,088,078,072,075,086,103,120,136,147,153,151
MA14,65/06/22,144,134,123,114,111,112,119,127,133,136,133,125,114,101,090,082,079,084,095,109,126,140,149,152
MA14,65/06/23,150,143,132,120,110,105,105,111,120,126,132,133,130,123,113,104,096,093,095,104,116,132,145,152
MA14,65/06/24,154,151,140,126,111,099,091,081,088,108,119,130,136,136,132,125,115,107,103,106,114,128,142,155
MA14,65/06/25,162,162,155,139,120,100,084,076,076,085,098,115,130,141,144,140,133,120,114,107,108,117,129,143
MA14,65/06/26,153,158,155,142,124,100,075,057,050,054,068,087,111,133,148,153,151,144,132,121,115,118,129,144
MA14,65/06/27,159,175,182,178,161,138,106,077,055,050,058,077,104,129,150,167,173,168,158,144,130,124,125,125
MA14,65/06/28,149,164,174,173,161,140,108,075,046,030,026,040,065,100,132,159,176,181,174,160,145,132,127,131
MA14,65/06/29,142,157,173,180,177,161,134,100,064,034,016,017,034,064,101,135,161,176,180,172,158,141,129,124
MA14,65/06/30,130,145,162,177,186,182,163,134,096,057,030,018,019,037,068,107,138,165,181,182,173,158,141,130
MA14,65/07/01,129,139,154,171,185,189,181,160,128,094,056,031,021,026,049,081,116,147,169,181,179,166,151,136
MA14,65/07/02,127,129,140,157,173,186,186,173,154,127,091,059,036,028,038,059,089,121,152,171,180,178,165,149
MA14,65/07/03,134,127,130,140,156,169,180,180,167,150,121,094,069,053,050,061,083,110,138,159,171,175,167,153
MA14,65/07/04,138,127,124,128,139,153,164,173,173,162,143,120,095,073,062,066,078,099,122,145,163,173,172,163
MA14,65/07/05,149,135,123,118,122,132,145,156,162,167,159,145,126,107,091,082,083,095,112,133,153,167,171,166
MA14,65/07/06,155,140,123,110,107,109,117,127,137,142,142,139,131,119,106,097,093,097,108,123,139,153,160,160
MA14,65/07/07,153,140,125,109,096,091,091,098,106,116,124,132,133,129,122,113,106,104,106,115,127,140,151,155
MA14,65/07/08,153,147,135,118,102,090,081,081,089,096,109,122,133,139,139,136,130,124,120,124,132,143,154,161
MA14,65/07/09,164,163,154,137,118,100,084,074,072,079,090,106,121,136,145,148,146,139,132,127,127,133,142,152
MA14,65/07/10,159,161,153,148,131,111,090,072,064,060,067,083,106,125,142,151,154,150,141,132,126,127,133,144
MA14,65/07/11,156,164,168,162,149,130,109,088,070,062,065,078,101,126,150,169,176,175,167,155,144,137,137,143
MA14,65/07/12,153,164,172,173,164,148,124,098,072,057,050,056,074,101,128,151,168,173,171,161,147,137,132,134
MA14,65/07/13,144,157,169,178,175,163,142,112,083,058,043,042,054,076,104,131,152,164,166,154,147,133,122,120
MA14,65/07/14,126,140,155,165,171,166,150,124,092,065,044,037,041,057,083,111,135,152,160,157,145,131,118,112
MA14,65/07/15,115,125,141,156,167,165,155,134,104,080,053,037,035,046,066,095,121,145,161,165,158,145,129,118
MA14,65/07/16,114,121,136,150,163,170,167,150,126,095,067,045,037,044,061,086,115,139,156,163,161,153,138,124
MA14,65/07/17,117,119,129,145,160,170,172,163,143,119,092,068,053,051,062,083,109,136,157,168,170,164,152,137
MA14,65/07/18,126,124,128,138,153,167,173,171,158,138,113,090,072,065,068,083,105,128,151,165,172,169,158,143
MA14,65/07/19,128,117,116,123,135,150,161,164,158,145,125,105,096,074,072,080,097,118,140,157,168,169,162,149
MA14,65/07/20,132,121,114,115,123,136,148,156,157,151,138,121,103,090,083,086,096,112,131,148,160,168,163,154
MA14,65/07/21,141,128,117,111,112,121,132,143,150,150,146,136,124,112,105,102,106,118,133,148,163,172,173,167
MA14,65/07/22,156,142,128,115,108,109,116,125,136,145,149,148,142,134,127,121,120,123,133,145,157,168,173,171
MA14,65/07/23,163,151,135,120,108,101,101,106,116,128,138,146,148,147,143,137,130,126,127,134,142,150,158,160
MA14,65/07/24,157,148,133,116,097,082,075,074,083,094,108,122,134,143,145,143,138,132,129,130,134,142,152,159
MA14,65/07/25,163,160,151,134,112,090,071,060,056,061,076,097,116,134,147,154,153,148,140,134,131,135,142,151
MA14,65/07/26,158,164,160,147,127,100,074,052,036,035,046,064,090,115,139,154,159,158,151,141,133,130,133,141
MA14,65/07/27,153,163,168,162,146,123,091,058,032,022,021,036,060,088,120,145,161,168,165,155,142,132,127,132
MA14,65/07/28,144,157,169,174,170,152,123,088,053,027,013,014,032,061,093,127,154,168,170,164,151,136,125,124
MA14,65/07/29,130,145,161,174,180,172,152,121,084,047,019,009,013,036,069,105,137,160,171,168,157,140,123,114
MA14,65/07/30,116,129,148,167,182,185,177,154,120,083,047,024,016,028,053,087,122,151,170,176,167,151,131,115
MA14,65/07/31,108,113,127,147,167,181,183,171,147,115,081,051,033,031,044,072,106,137,162,172,172,159,139,119
MA14,65/08/01,106,101,109,125,144,162,174,174,161,141,113,083,060,048,053,070,096,123,150,166,173,165,148,128
MA14,65/08/02,110,099,098,107,123,141,157,164,163,152,133,110,088,073,070,077,095,118,141,158,167,166,154,135
MA14,65/08/03,115,100,092,092,100,113,130,143,148,147,138,121,105,091,083,085,097,114,133,149,162,165,158,143
MA14,65/08/04,125,108,094,089,090,098,111,122,133,137,137,133,125,115,107,105,109,119,133,147,159,167,164,156
MA14,65/08/05,141,123,107,094,088,088,084,103,113,125,133,136,136,133,128,125,125,129,135,146,155,165,166,162
MA14,65/08/06,153,141,126,110,100,091,089,092,102,109,120,130,138,143,145,144,141,140,142,146,151,158,163,164
MA14,65/08/07,160,153,142,128,112,098,089,086,088,095,106,118,132,144,152,155,155,152,148,146,147,150,155,160
MA14,65/08/08,160,158,150,138,120,102,086,073,067,069,078,094,111,129,143,153,155,153,147,141,137,138,143,148
MA14,65/08/09,158,158,157,148,134,114,094,075,060,057,061,076,096,118,138,153,161,161,155,146,138,132,133,139
MA14,65/08/10,148,157,163,160,151,134,111,087,064,051,049,058,076,099,124,147,160,164,160,149,138,129,124,127
MA14,65/08/11,138,149,160,165,162,149,126,100,072,051,041,043,058,083,108,134,153,162,160,152,137,123,114,114
MA14,65/08/12,123,136,151,162,167,158,142,115,085,059,041,037,047,070,098,126,149,163,166,159,144,128,114,107
MA14,65/08/13,114,127,145,160,169,170,157,136,105,076,053,041,045,063,087,115,143,162,170,166,153,136,117,108
MA14,65/08/14,108,118,136,154,169,175,169,152,124,097,069,049,045,057,078,105,132,155,168,170,160,142,123,108
MA14,65/08/15,102,108,122,141,160,173,175,164,141,109,080,059,051,059,077,101,128,153,167,169,160,143,123,105
MA14,65/08/16,095,097,108,126,147,163,168,163,146,127,100,074,058,057,068,088,112,138,157,165,161,148,128,108
MA14,65/08/17,092,085,089,103,121,140,154,159,151,134,114,091,073,066,070,086,106,128,146,159,159,150,133,112
MA14,65/08/18,094,082,079,087,102,118,136,148,148,140,124,107,090,080,077,086,102,120,138,151,157,152,139,120
MA14,65/08/19,100,082,073,073,082,097,114,128,136,136,129,118,106,097,092,096,105,118,134,148,156,155,148,133
MA14,65/08/20,114,094,078,072,073,081,096,110,121,128,131,129,123,116,112,110,116,123,134,146,157,160,156,146
MA14,65/08/21,131,113,097,083,076,075,081,093,107,117,127,135,140,141,139,136,135,138,143,151,158,163,163,158
MA14,65/08/22,149,136,118,102,087,076,072,077,088,103,118,134,150,159,165,169,168,168,170,173,178,181,182,179
MA14,65/08/23,175,167,153,136,113,089,069,059,057,066,083,102,122,139,151,157,157,152,144,140,139,142,147,152
MA14,65/08/24,157,157,151,137,117,093,067,048,037,036,049,069,096,123,144,159,166,164,155,145,137,134,134,142
MA14,65/08/25,153,164,168,164,151,127,099,066,041,030,031,047,073,103,135,159,172,174,167,155,140,129,124,130
MA14,65/08/26,142,158,172,179,175,159,130,096,061,035,022,027,047,077,113,145,167,178,174,160,143,125,113,111
MA14,65/08/27,122,140,158,177,185,178,158,128,092,056,031,023,034,058,093,128,158,175,177,166,147,126,107,098
MA14,65/08/28,104,120,142,156,184,190,181,159,125,087,054,037,036,052,080,114,145,169,177,171,154,130,106,089
MA14,65/08/29,087,097,118,143,167,182,184,173,148,116,083,058,048,054,073,103,133,160,174,174,160,138,110,088
MA14,65/08/30,076,078,092,115,139,160,172,172,158,133,107,082,065,064,075,097,126,150,169,175,167,149,124,098
MA14,65/08/31,081,073,079,096,118,141,159,167,164,152,132,111,094,087,092,106,128,150,168,177,175,161,139,115
MA14,65/09/01,095,080,078,087,102,121,142,156,160,158,150,138,125,116,115,123,137,155,172,183,184,176,158,137
MA14,65/09/02,116,097,086,088,097,110,127,141,150,154,151,144,135,130,128,131,139,150,163,174,178,175,163,146
MA14,65/09/03,127,110,099,092,092,099,110,122,133,141,145,145,144,142,141,141,145,150,158,167,174,174,166,155
MA14,65/09/04,142,127,113,103,096,096,099,104,113,123,132,140,146,150,152,153,154,156,159,162,166,167,166,161
MA14,65/09/05,154,145,133,119,107,097,092,091,096,107,118,130,141,150,158,161,162,158,155,154,157,158,158,160
MA14,65/09/06,158,153,144,133,118,104,093,086,084,088,099,114,133,147,159,167,169,166,161,154,152,150,151,155
MA14,65/09/07,160,163,160,152,147,118,101,084,074,073,080,094,112,133,150,162,167,163,163,141,132,128,130,136
MA14,65/09/08,146,152,155,152,143,126,104,082,063,056,059,072,092,115,139,156,165,165,154,140,126,117,116,121
MA14,65/09/09,133,146,156,163,157,142,121,095,070,054,049,059,078,103,130,153,169,172,163,147,131,116,108,112
MA14,65/09/10,128,146,163,178,181,171,152,129,103,084,070,077,096,120,145,170,194,207,202,186,162,142,126,119
MA14,65/09/11,130,146,166,181,187,184,168,143,112,083,065,057,069,091,118,145,168,179,176,160,139,113,094,084
MA14,65/09/12,089,105,130,152,167,173,162,142,112,085,060,047,047,065,092,120,149,164,167,156,134,108,083,067
MA14,65/09/13,067,082,103,131,155,168,169,156,131,105,078,061,060,071,092,118,143,163,170,164,146,122,096,077
MA14,65/09/14,070,077,093,119,145,164,174,168,153,130,105,085,076,079,093,116,141,163,174,175,161,137,109,085
MA14,65/09/15,072,071,081,102,125,149,168,171,164,147,130,110,095,091,100,118,139,159,173,176,168,149,124,096
MA14,65/09/16,078,069,073,089,105,131,152,169,168,161,146,130,117,110,114,127,143,162,177,183,176,162,140,114
MA14,65/09/17,093,076,072,080,095,115,138,155,162,163,155,145,136,130,128,135,147,162,176,190,197,198,192,180
MA14,65/09/18,169,154,141,133,129,133,142,151,155,153,149,143,134,126,121,122,126,133,142,150,155,153,143,127
MA14,65/09/19,110,089,069,055,051,053,062,078,095,109,120,129,132,132,131,133,135,139,144,148,154,155,149,138
MA14,65/09/20,123,106,087,071,058,052,054,060,072,089,104,119,132,142,147,148,148,146,143,142,141,142,143,142
MA14,65/09/21,138,132,120,105,087,069,055,049,052,063,082,102,123,139,150,157,156,149,140,133,128,128,133,138
MA14,65/09/22,145,149,145,133,115,092,068,051,044,044,058,079,105,129,147,160,162,155,142,127,117,112,115,127
MA14,65/09/23,140,153,162,162,150,127,099,068,046,036,042,061,086,117,144,163,170,166,153,135,117,105,103,110
MA14,65/09/24,127,147,165,176,174,157,131,098,068,046,039,048,072,102,134,160,176,178,165,143,120,102,089,092
MA14,65/09/25,108,128,154,175,185,180,160,130,096,069,051,049,064,093,126,156,178,184,177,159,132,105,087,079
MA14,65/09/26,088,109,141,169,190,195,189,168,136,105,079,069,076,098,126,156,182,194,190,173,147,116,091,075
MA14,65/09/27,078,095,120,150,176,195,195,185,163,133,108,091,087,100,125,153,178,195,198,185,161,129,097,077
MA14,65/09/28,069,078,097,126,155,180,192,191,177,154,128,109,099,102,120,143,168,187,194,186,164,136,105,077
MA14,65/09/29,062,062,073,095,123,148,166,174,169,155,138,121,110,107,116,136,156,173,183,181,166,143,117,091
MA14,65/09/30,065,057,064,083,110,134,153,161,164,155,144,133,121,116,121,133,146,161,171,172,164,148,124,100
MA14,65/10/01,079,064,059,064,080,097,115,131,140,142,138,130,124,120,121,127,137,146,155,160,157,146,128,108
MA14,65/10/02,090,076,067,065,071,083,097,112,124,133,139,140,138,135,135,137,140,145,152,157,158,155,145,133
MA14,65/10/03,120,105,092,083,082,085,093,103,114,122,130,139,146,151,152,149,148,149,152,155,157,159,156,149
MA14,65/10/04,139,129,118,106,098,094,095,100,110,119,130,140,151,158,162,162,159,156,154,152,152,154,155,156
MA14,65/10/05,153,148,141,130,118,107,099,096,100,107,117,131,146,158,166,169,165,160,151,142,136,136,140,147
MA14,65/10/06,152,154,151,143,130,116,103,092,087,090,100,116,135,152,163,169,167,158,145,132,124,122,126,135
MA14,65/10/07,146,156,161,158,148,132,113,094,080,080,086,101,121,144,162,172,172,163,146,129,115,108,110,121
MA14,65/10/08,136,154,166,167,160,144,122,100,081,074,076,090,112,137,160,176,181,174,158,138,118,104,101,109
MA14,65/10/09,126,146,166,177,177,165,146,122,097,083,076,085,106,131,158,179,188,185,168,141,116,098,086,092
MA14,65/10/10,108,129,153,171,181,177,161,137,107,087,073,075,090,113,140,163,177,176,161,137,108,083,067,063
MA14,65/10/11,076,098,127,154,170,174,163,142,115,088,073,069,078,099,125,153,170,174,164,143,113,083,060,050
MA14,65/10/12,056,078,105,137,161,173,173,160,135,110,089,079,081,096,120,147,166,175,170,152,123,091,061,044
MA14,65/10/13,042,056,082,114,144,164,172,168,152,133,111,096,092,102,121,145,166,178,179,165,139,110,079,054
MA14,65/10/14,042,049,068,098,126,154,171,174,165,153,133,119,111,114,128,146,166,182,185,177,156,127,095,066
MA14,65/10/15,052,048,059,082,109,134,157,168,166,158,145,130,120,118,124,138,155,169,177,172,158,135,105,075
MA14,65/10/16,050,038,038,048,070,095,118,137,144,145,140,132,124,120,121,129,140,153,161,165,159,145,123,101
MA14,65/10/17,079,063,052,051,061,079,099,119,135,144,148,148,145,140,140,142,147,154,161,165,163,156,143,126
MA14,65/10/18,108,090,074,063,060,064,077,092,113,126,137,146,150,150,149,147,147,146,147,150,152,151,148,140
MA14,65/10/19,130,117,102,088,078,072,072,079,093,112,129,143,153,160,162,161,157,150,143,140,140,142,146,150
MA14,65/10/20,150,145,133,117,099,084,075,073,078,093,111,128,147,160,168,165,156,144,133,125,120,121,129,137
MA14,65/10/21,145,151,150,138,120,102,079,066,063,067,080,102,125,144,158,163,158,144,128,110,101,097,104,116
MA14,65/10/22,133,147,156,157,144,125,102,080,065,060,070,090,114,139,160,170,169,155,134,112,094,084,087,100
MA14,65/10/23,121,145,164,175,173,158,136,111,090,074,076,092,118,144,166,182,184,171,148,121,095,077,071,083
MA14,65/10/24,105,134,160,179,187,182,164,139,112,093,085,092,111,137,164,182,190,183,160,132,100,074,060,062
MA14,65/10/25,080,109,140,164,181,186,175,154,128,104,089,087,100,123,150,173,185,179,161,131,098,064,045,038
MA14,65/10/26,050,077,108,139,161,175,174,160,141,117,100,091,098,117,143,167,183,183,170,145,115,082,053,037
MA14,65/10/27,039,057,084,113,141,162,172,167,154,138,120,109,108,118,140,162,180,187,181,161,135,100,069,048
MA14,65/10/28,042,051,071,100,127,151,166,170,163,151,135,123,118,121,133,152,169,179,178,166,145,115,085,062
MA14,65/10/29,048,049,062,082,108,130,147,159,157,154,143,131,124,122,128,140,155,165,170,162,148,127,101,076
MA14,65/10/30,057,049,053,066,086,107,124,135,147,147,142,134,126,122,124,132,145,154,158,156,147,132,112,092
MA14,65/10/31,073,062,060,066,081,096,113,127,139,146,151,149,146,144,146,152,159,164,166,166,164,155,143,125
MA14,65/11/01,108,095,085,082,085,094,105,116,125,132,137,139,140,140,137,136,138,140,142,144,144,140,134,124
MA14,65/11/02,111,099,092,087,087,091,097,106,117,127,137,145,149,152,152,149,146,141,140,141,141,141,141,139
MA14,65/11/03,134,128,119,109,100,096,096,100,109,117,127,137,145,151,151,149,143,133,126,120,118,120,125,128
MA14,65/11/04,130,129,123,114,103,092,083,080,088,095,106,123,136,148,154,154,147,134,123,113,107,110,118,128
MA14,65/11/05,137,145,150,146,137,122,109,099,097,102,113,128,147,163,174,176,168,151,130,113,100,098,105,118
MA14,65/11/06,135,149,158,158,150,135,115,099,088,083,092,107,125,143,158,165,159,142,119,095,076,069,074,088
MA14,65/11/07,110,130,147,155,154,141,123,105,090,080,085,101,121,142,162,172,168,154,130,104,079,067,068,073
MA14,65/11/08,104,131,157,172,178,170,154,134,116,102,097,105,123,148,167,180,183,170,145,113,084,062,052,062
MA14,65/11/09,083,114,144,171,188,193,185,167,149,132,122,126,141,165,188,205,217,204,183,150,109,070,052,048
MA14,65/11/10,062,089,121,151,174,188,187,170,155,133,118,114,123,143,165,184,197,193,176,148,113,074,048,035
MA14,65/11/11,039,061,093,126,156,176,186,179,164,143,126,118,119,135,156,175,189,191,181,158,126,093,060,040
MA14,65/11/12,033,043,067,098,130,158,174,176,170,157,142,128,123,132,148,168,185,192,187,171,143,110,076,046
MA14,65/11/13,030,029,043,066,096,126,150,162,166,160,148,139,122,132,141,155,170,180,182,172,155,132,104,076
MA14,65/11/14,055,046,047,060,084,111,136,156,166,168,165,158,152,149,151,161,170,175,179,175,162,143,120,094
MA14,65/11/15,069,053,043,046,058,075,096,119,138,148,153,152,150,147,145,147,152,160,165,166,163,155,143,125
MA14,65/11/16,104,085,073,067,067,074,089,109,129,142,154,162,163,160,155,152,149,149,152,153,154,153,150,140
MA14,65/11/17,125,110,093,079,069,065,071,082,099,117,134,145,151,153,149,141,133,127,124,124,126,131,136,138
MA14,65/11/18,138,132,120,104,090,079,073,077,088,104,123,139,152,159,158,150,138,125,113,107,106,113,122,133
MA14,65/11/19,142,147,145,134,120,104,091,085,088,099,115,135,154,167,170,165,152,133,116,100,094,098,109,125
MA14,65/11/20,143,157,165,164,153,138,120,108,101,103,116,135,155,172,181,179,167,146,122,099,081,078,085,105
MA14,65/11/21,127,150,167,178,176,165,147,128,114,108,115,130,150,168,182,185,173,153,126,095,068,055,052,065
MA14,65/11/22,090,118,145,165,175,171,158,139,121,113,112,121,138,158,174,185,184,165,141,109,079,058,049,057
MA14,65/11/23,078,106,136,164,172,187,183,169,150,134,127,128,140,160,169,193,196,186,165,134,160,069,051,049
MA14,65/11/24,063,086,118,147,172,188,191,180,167,153,140,135,141,155,174,190,199,193,177,151,119,089,062,048
MA14,65/11/25,050,070,096,126,156,177,190,189,178,164,149,139,140,148,166,183,195,197,186,166,140,109,084,067
MA14,65/11/26,063,074,094,120,146,172,188,193,188,177,164,155,155,160,174,188,200,203,197,179,152,121,090,065
MA14,65/11/27,051,051,063,085,109,137,155,166,168,162,151,140,133,133,139,150,163,172,172,161,144,120,093,068
MA14,65/11/28,052,047,052,067,087,109,129,146,151,153,146,137,129,125,129,138,146,155,159,156,145,129,108,086
MA14,65/11/29,067,056,057,066,082,100,120,137,149,153,153,149,141,137,135,139,146,153,157,156,150,139,123,104
MA14,65/11/30,085,073,068,070,080,095,112,128,142,150,154,153,149,143,139,138,138,141,146,148,147,142,132,119
MA14,65/12/01,107,093,083,077,079,086,098,111,123,135,143,145,143,139,134,127,121,115,112,112,113,113,111,105
MA14,65/12/02,098,088,078,069,064,065,073,084,096,110,122,130,133,133,130,122,113,106,101,101,103,108,113,116
MA14,65/12/03,116,113,106,096,088,081,081,087,097,109,122,132,138,143,140,129,118,104,094,088,088,092,102,113
MA14,65/12/04,119,123,122,115,108,099,092,090,094,106,120,135,147,154,156,150,135,116,098,086,082,084,095,107
MA14,65/12/05,122,133,137,136,127,115,103,094,091,098,111,126,141,152,156,151,137,118,095,073,062,062,072,090
MA14,65/12/06,110,129,144,153,154,144,131,118,109,107,112,125,141,153,162,160,146,124,096,068,047,039,042,058
MA14,65/12/07,085,111,134,150,155,150,138,124,112,105,107,118,134,151,165,171,162,144,116,084,056,036,030,041
MA14,65/12/08,067,094,124,147,162,165,157,145,128,118,113,118,130,148,155,176,176,160,134,099,064,035,020,023
MA14,65/12/09,040,069,104,135,157,169,169,158,142,124,114,112,120,135,153,168,175,166,145,113,073,039,014,006
MA14,65/12/10,013,036,068,103,135,156,167,167,155,140,127,120,121,133,150,166,177,178,166,139,103,064,031,011
MA14,65/12/11,005,016,041,075,110,142,161,170,166,154,142,131,125,128,141,158,172,181,178,161,134,100,064,036
MA14,65/12/12,020,020,036,061,094,126,154,173,178,168,158,148,141,139,146,158,172,181,183,177,157,130,097,063
MA14,65/12/13,037,022,021,032,055,084,111,135,148,151,144,134,123,116,115,123,133,145,152,153,147,129,106,079
MA14,65/12/14,052,034,027,032,045,067,094,118,137,145,147,141,131,124,120,120,125,135,144,151,154,149,136,121
MA14,65/12/15,101,083,068,060,064,078,097,119,141,152,157,157,151,143,134,127,122,122,125,131,139,143,143,136
MA14,65/12/16,127,114,100,090,084,090,102,118,137,153,164,167,165,158,146,132,121,113,110,112,118,125,134,139
MA14,65/12/17,139,132,121,108,099,093,093,102,115,132,144,154,155,153,143,130,114,100,088,083,085,092,103,114
MA14,65/12/18,124,128,126,119,110,101,095,095,101,112,126,140,149,153,148,134,117,099,082,069,065,071,082,098
MA14,65/12/19,116,131,139,141,134,123,113,107,108,114,126,139,150,157,157,149,132,112,088,066,056,054,064,079
MA14,65/12/20,099,121,138,147,150,145,133,121,115,116,124,136,150,161,167,163,149,129,103,075,056,048,051,065
MA14,65/12/21,086,112,136,152,163,162,154,143,129,123,124,132,145,158,169,173,163,143,115,085,058,039,034,043
MA14,65/12/22,062,089,117,141,157,163,159,149,135,124,117,122,133,148,162,172,169,154,130,099,069,044,030,032
MA14,65/12/23,048,074,104,134,156,172,176,174,163,154,147,144,151,166,184,197,198,189,170,137,104,075,050,040
MA14,65/12/24,049,071,099,131,156,176,187,186,176,163,152,145,146,156,173,189,195,192,176,150,115,080,053,036
MA14,65/12/25,034,046,069,096,125,149,164,170,166,152,139,127,125,131,143,158,170,174,166,147,120,088,056,035
MA14,65/12/26,025,029,047,071,099,127,145,156,156,148,136,123,115,116,127,141,151,164,164,152,133,107,078,054
MA14,65/12/27,037,031,041,059,083,108,130,145,148,146,134,121,109,107,111,122,135,146,151,148,134,115,089,065
MA14,65/12/28,045,036,040,054,072,095,118,136,146,146,140,129,118,111,111,118,127,139,147,150,144,132,112,092
MA14,65/12/29,072,061,060,068,084,104,124,141,156,166,158,147,136,128,125,127,132,140,147,151,148,142,129,112
MA14,65/12/30,095,083,075,076,085,101,118,135,150,159,163,159,151,140,134,129,129,131,137,143,145,144,138,127
MA14,65/12/31,113,100,089,085,088,096,110,124,139,152,157,155,149,137,126,117,110,108,110,115,122,126,128,126
