MA14,74/01/01,121,105,098,098,105,121,141,159,172,178,176,165,149,134,120,113,112,119,129,140,148,153,150,143
MA14,74/01/02,133,122,114,110,113,123,137,153,165,174,175,168,154,139,124,112,103,100,104,112,123,132,138,139
MA14,74/01/03,137,132,126,122,120,125,134,144,157,167,172,171,163,150,133,116,101,089,084,086,094,106,118,129
MA14,74/01/04,136,139,138,135,131,128,130,135,145,156,164,168,166,159,146,130,109,089,074,065,068,079,094,113
MA14,74/01/05,131,144,153,156,153,149,145,144,147,153,162,169,175,174,166,152,130,105,081,062,052,054,067,086
MA14,74/01/06,111,133,151,160,161,156,147,139,134,136,143,153,164,171,173,164,145,118,087,058,036,025,031,046
MA14,74/01/07,074,105,134,154,165,167,161,150,139,132,134,142,155,169,180,181,169,147,114,080,046,023,013,022
MA14,74/01/08,048,079,115,144,164,173,172,161,145,133,125,128,141,157,173,185,185,173,144,109,072,039,018,013
MA14,74/01/09,030,057,092,126,157,175,182,176,160,144,131,125,131,146,167,185,195,193,175,145,107,069,037,018
MA14,74/01/10,021,040,072,106,141,167,183,183,172,157,139,124,122,132,152,174,192,200,194,176,144,107,072,046
MA14,74/01/11,033,040,063,093,129,161,180,189,182,168,145,127,115,116,132,152,174,189,194,186,166,138,104,074
MA14,74/01/12,054,050,062,085,116,146,170,182,183,171,152,131,113,107,111,126,146,164,177,179,172,153,128,101
MA14,74/01/13,077,066,068,083,108,136,160,177,183,178,161,140,119,105,101,108,124,142,157,165,167,159,144,124
MA14,74/01/14,105,092,087,093,110,134,158,175,186,185,172,154,133,116,106,104,113,127,140,150,156,158,151,138
MA14,74/01/15,124,113,107,108,116,133,153,170,183,187,179,165,146,127,111,104,103,108,117,128,138,145,148,145
MA14,74/01/16,139,133,127,126,129,139,153,166,177,183,182,172,158,142,127,115,106,103,104,109,117,126,133,139
MA14,74/01/17,143,142,139,136,137,140,146,155,164,172,176,171,163,152,138,124,111,101,094,092,095,103,115,126
MA14,74/01/18,136,144,149,151,150,149,150,153,158,165,168,170,168,163,153,139,124,107,093,082,078,082,093,107
MA14,74/01/19,123,137,149,156,158,156,153,150,148,152,157,163,166,166,163,154,139,120,099,082,071,069,074,087
MA14,74/01/20,104,123,142,154,159,157,151,144,139,137,141,147,154,161,163,159,147,127,102,078,059,051,052,064
MA14,74/01/21,083,108,131,149,160,163,158,149,140,134,135,141,151,164,174,179,175,159,136,111,089,076,072,076
MA14,74/01/22,094,119,145,169,186,194,192,181,166,153,147,148,157,169,183,192,191,179,157,128,098,075,060,059
MA14,74/01/23,073,096,126,154,179,189,191,183,169,155,144,143,151,167,184,198,204,199,181,152,121,092,072,062
MA14,74/01/24,069,091,118,147,170,185,190,183,169,151,134,127,129,144,162,181,194,195,184,159,129,096,069,052
MA14,74/01/25,052,066,089,119,148,170,181,179,165,147,129,115,111,119,138,158,177,186,182,163,136,105,075,057
MA14,74/01/26,049,054,072,102,135,160,177,179,168,151,130,112,103,104,129,140,163,178,184,175,155,128,098,073
MA14,74/01/27,059,059,071,097,127,153,172,180,174,159,141,121,103,097,106,126,149,169,179,177,165,143,117,095
MA14,74/01/28,079,076,088,108,131,156,176,182,177,164,143,122,103,092,092,104,122,142,158,163,157,144,125,104
MA14,74/01/29,086,077,079,091,112,136,156,171,173,165,149,128,107,092,086,090,104,121,138,150,154,148,135,119
MA14,74/01/30,104,093,090,096,110,130,150,166,172,169,156,137,117,098,087,082,088,100,114,127,137,151,136,127
MA14,74/01/31,116,107,102,104,111,125,141,155,164,166,158,141,122,104,088,077,074,077,086,098,110,121,127,127
MA14,74/02/01,124,120,116,115,118,125,137,149,158,164,162,154,141,124,107,091,081,075,076,083,094,106,118,127
MA14,74/02/02,134,137,136,135,134,135,140,147,154,160,164,162,154,142,126,108,089,074,064,061,066,078,093,109
MA14,74/02/03,125,138,145,147,146,143,141,141,143,148,153,157,158,154,144,128,108,086,064,050,044,049,063,083
MA14,74/02/04,105,127,144,154,157,153,146,139,134,134,140,148,157,164,164,157,140,116,088,061,041,033,039,057
MA14,74/02/05,083,113,140,160,170,171,163,152,140,133,134,145,156,171,183,188,178,158,129,095,066,047,041,051
MA14,74/02/06,073,107,141,169,187,193,187,172,155,141,133,136,148,166,185,198,200,190,164,128,091,059,039,035
MA14,74/02/07,050,081,117,151,179,192,191,180,159,139,126,122,129,148,172,193,207,208,192,164,131,094,067,052
MA14,74/02/08,058,081,116,153,184,208,214,206,187,163,142,130,128,141,165,191,214,222,217,196,166,131,099,075
MA14,74/02/09,068,078,103,137,169,194,206,203,186,161,136,111,106,110,127,151,177,196,202,193,173,144,112,086
MA14,74/02/10,070,071,086,114,146,174,193,197,185,162,136,111,094,089,099,121,148,173,186,191,181,150,135,110
MA14,74/02/11,092,087,095,115,141,168,189,198,192,175,149,122,100,088,090,101,122,146,163,173,172,165,143,124
MA14,74/02/12,106,096,097,109,129,151,172,184,183,171,149,125,102,083,076,080,092,110,128,144,151,151,142,129
MA14,74/02/13,116,108,107,114,125,143,163,175,180,172,155,136,113,093,080,074,079,088,101,113,125,130,130,127
MA14,74/02/14,121,115,111,112,117,128,142,154,160,159,151,139,121,103,087,077,073,075,080,089,099,109,115,118
MA14,74/02/15,119,119,118,119,122,128,137,146,152,155,153,144,132,118,103,091,082,077,077,082,089,099,109,119
MA14,74/02/16,128,134,139,143,145,147,149,151,154,157,158,156,150,141,129,117,104,092,083,079,080,086,096,108
MA14,74/02/17,121,133,141,145,146,145,143,141,141,143,147,150,150,148,142,132,118,103,088,076,069,071,079,094
MA14,74/02/18,112,129,143,152,154,152,145,139,134,133,137,142,149,153,153,146,135,116,097,076,062,055,059,072
MA14,74/02/19,092,113,132,146,153,150,143,133,123,117,118,125,135,146,154,156,149,133,112,089,070,055,054,063
MA14,74/02/20,082,107,134,154,165,166,159,147,133,121,119,125,139,155,168,176,172,160,139,112,086,066,055,058
MA14,74/02/21,073,097,123,146,162,168,162,149,131,113,102,103,115,131,151,167,174,169,152,126,098,073,056,052
MA14,74/02/22,062,085,112,140,162,174,172,159,140,118,102,098,105,124,146,169,183,184,172,150,123,095,072,061
MA14,74/02/23,068,087,114,145,171,186,186,174,156,133,111,097,097,109,130,153,170,178,173,156,129,101,074,057
MA14,74/02/24,054,068,092,121,147,167,174,167,151,123,099,080,075,084,105,131,156,174,179,169,149,122,097,077
MA14,74/02/25,070,078,097,123,151,173,185,183,169,143,115,093,080,082,098,121,148,173,184,182,170,150,123,102
MA14,74/02/26,090,090,102,124,150,173,188,189,177,152,124,096,078,070,077,096,119,146,163,172,166,151,130,110
MA14,74/02/27,093,089,096,111,133,156,171,178,171,153,137,102,080,067,065,076,084,118,139,153,156,148,135,118
MA14,74/02/28,104,095,096,106,122,141,157,167,165,153,131,106,082,062,054,055,065,083,101,118,129,131,126,117
MA14,74/03/01,107,100,099,103,113,128,142,152,156,150,137,118,095,074,060,054,056,066,081,096,111,122,126,126
MA14,74/03/02,123,119,117,118,122,131,141,150,156,154,148,134,116,098,070,067,059,058,064,074,086,098,109,118
MA14,74/03/03,123,125,126,126,127,130,134,138,142,145,145,142,133,119,104,089,074,064,057,058,066,078,094,119
MA14,74/03/04,124,134,140,142,141,139,136,137,139,142,145,149,150,147,138,123,105,087,071,058,054,061,075,095
MA14,74/03/05,115,134,148,154,155,148,138,129,125,124,130,139,148,155,155,147,131,117,082,060,045,040,049,069
MA14,74/03/06,096,122,145,158,161,157,145,131,118,111,114,125,141,157,168,172,163,144,115,085,060,045,044,057
MA14,74/03/07,082,115,145,168,179,177,163,146,127,110,104,111,126,147,168,183,187,174,149,114,083,054,043,046
MA14,74/03/08,065,096,127,157,172,173,163,144,117,093,079,078,092,116,144,168,181,181,165,137,104,070,048,042
MA14,74/03/09,052,076,108,139,163,172,166,145,117,088,068,058,064,084,113,145,169,181,179,159,131,099,074,060
MA14,74/03/10,063,081,111,144,171,186,187,174,150,121,091,073,069,081,104,135,162,181,186,178,157,129,101,081
MA14,74/03/11,074,082,102,131,158,177,182,173,151,122,091,065,054,058,075,105,133,158,172,174,162,141,118,097
MA14,74/03/12,087,088,101,123,147,166,177,172,156,130,100,073,057,053,061,082,108,134,153,163,163,152,135,114
MA14,74/03/13,102,098,104,119,138,156,168,170,160,142,116,089,067,053,052,063,083,104,122,137,142,140,132,119
MA14,74/03/14,109,103,103,112,126,143,155,160,156,141,122,098,077,061,052,054,065,082,100,114,126,131,129,124
MA14,74/03/15,118,112,110,115,125,136,148,154,154,146,132,114,095,078,065,060,064,072,084,096,107,116,122,124
MA14,74/03/16,123,121,119,121,125,133,142,148,151,148,143,133,118,104,092,083,080,082,087,096,106,116,125,132
MA14,74/03/17,136,138,139,138,138,141,143,147,149,150,148,144,136,126,114,104,094,088,086,088,094,103,115,127
MA14,74/03/18,137,146,150,151,149,147,145,144,145,146,148,149,149,144,138,129,118,106,096,090,090,095,106,119
MA14,74/03/19,134,148,156,159,157,151,144,137,133,133,138,144,152,155,155,149,137,121,102,087,080,080,088,102
MA14,74/03/20,119,139,152,160,160,153,142,129,121,118,121,131,143,153,159,158,148,132,113,094,079,073,077,091
MA14,74/03/21,111,133,152,163,166,159,146,129,114,106,106,116,133,150,164,171,166,153,132,111,092,078,077,087
MA14,74/03/22,106,129,153,171,177,173,160,140,122,106,100,107,124,147,168,184,186,176,155,129,101,079,067,069
MA14,74/03/23,084,108,133,153,166,166,154,131,105,084,071,072,086,109,136,162,175,177,165,144,118,093,079,076
MA14,74/03/24,087,109,135,160,176,182,172,150,121,094,074,067,076,097,124,154,177,186,180,161,138,109,088,078
MA14,74/03/25,083,102,126,152,173,182,177,158,128,097,071,056,058,075,102,133,160,177,179,167,147,122,099,084
MA14,74/03/26,083,094,116,141,163,178,177,161,135,103,074,053,045,055,077,107,139,163,173,173,159,139,117,101
MA14,74/03/27,094,099,116,141,163,179,185,176,155,127,095,069,054,053,067,094,124,152,171,177,173,158,141,122
MA14,74/03/28,111,110,121,137,157,174,182,180,166,140,111,081,059,048,052,070,094,121,144,159,163,157,146,132
MA14,74/03/29,120,116,121,131,145,161,172,174,165,146,123,097,071,053,046,052,067,089,111,131,144,147,144,136
MA14,74/03/30,127,121,120,125,134,147,158,164,163,152,135,114,092,072,057,052,057,070,088,106,123,134,140,142
MA14,74/03/31,139,135,132,132,137,145,153,160,163,162,155,142,126,109,092,079,073,073,082,097,113,127,141,150
MA14,74/04/01,155,157,155,154,152,153,155,160,164,167,167,163,157,145,130,114,100,091,088,089,097,110,125,139
MA14,74/04/02,151,159,159,156,149,143,138,137,138,141,145,150,154,153,145,131,114,097,083,074,075,083,097,115
MA14,74/04/03,134,149,158,158,150,139,126,117,111,112,121,132,145,154,157,151,135,116,093,074,064,064,076,096
MA14,74/04/04,120,141,156,161,156,143,126,108,094,089,094,108,129,147,160,164,158,141,116,093,073,064,068,085
MA14,74/04/05,110,136,156,168,168,157,137,115,094,080,078,089,110,135,158,173,176,166,144,117,091,072,064,072
MA14,74/04/06,092,119,145,162,166,156,136,110,082,061,050,054,073,100,129,156,169,169,158,137,112,089,074,073
MA14,74/04/07,090,114,141,163,174,172,155,130,098,070,051,046,056,080,113,143,167,178,175,161,139,116,094,087
MA14,74/04/08,095,113,138,165,181,184,172,151,120,086,057,042,042,057,086,116,145,164,171,165,148,127,106,094
MA14,74/04/09,093,106,128,152,172,181,176,159,132,101,071,051,044,052,075,104,135,160,177,178,169,154,135,121
MA14,74/04/10,114,120,136,157,179,193,196,185,161,131,100,075,060,059,064,099,127,153,173,181,178,170,155,141
MA14,74/04/11,132,132,141,157,176,188,194,188,171,145,116,089,068,059,063,078,101,125,146,159,166,162,153,141
MA14,74/04/12,132,128,132,142,155,168,178,178,166,148,125,100,078,064,061,067,081,099,119,136,145,149,143,136
MA14,74/04/13,128,123,123,128,136,147,157,161,157,145,128,107,087,071,063,062,070,083,100,116,129,137,140,138
MA14,74/04/14,134,130,127,128,133,139,147,154,155,149,139,126,111,096,086,081,082,087,096,106,118,128,134,137
MA14,74/04/15,137,135,131,128,127,128,130,133,135,135,131,125,116,105,095,086,079,076,079,087,098,110,121,130
MA14,74/04/16,138,141,141,138,135,132,130,132,136,139,142,142,139,133,124,114,104,097,094,094,098,108,120,132
MA14,74/04/17,144,152,155,151,142,132,123,119,116,118,124,129,134,136,134,126,116,104,093,086,086,092,102,117
MA14,74/04/18,132,145,151,151,145,133,121,108,102,102,109,121,136,144,150,146,138,125,110,098,093,096,106,122
MA14,74/04/19,140,157,166,167,158,144,124,106,092,088,094,107,125,142,154,157,151,138,120,102,088,084,089,103
MA14,74/04/20,123,143,158,162,156,141,120,097,077,066,067,080,101,125,146,159,160,150,132,113,095,083,082,094
MA14,74/04/21,114,137,157,169,169,158,136,110,085,067,062,071,093,120,151,173,186,185,174,155,137,119,110,113
MA14,74/04/22,127,147,167,182,186,177,158,128,095,068,051,051,065,091,121,150,169,177,172,157,136,116,102,098
MA14,74/04/23,108,127,151,169,179,177,161,135,101,068,045,035,041,063,095,127,153,168,172,162,145,126,106,097
MA14,74/04/24,100,113,132,153,168,170,160,137,106,072,040,020,017,029,056,090,123,147,161,161,151,134,115,102
MA14,74/04/25,098,106,122,140,158,168,165,150,124,091,055,030,014,016,035,063,095,127,150,160,159,150,134,121
MA14,74/04/26,115,115,126,142,161,174,180,172,152,125,092,063,043,033,039,057,084,104,132,161,168,166,157,145
MA14,74/04/27,133,127,130,140,153,166,176,176,164,145,117,090,062,045,039,046,063,086,112,135,150,156,152,144
MA14,74/04/28,135,129,125,128,137,147,158,164,162,152,134,113,089,069,056,053,059,074,095,117,137,152,159,159
MA14,74/04/29,154,149,146,147,149,154,162,171,174,171,163,150,131,111,094,079,073,074,083,098,117,134,146,152
MA14,74/04/30,155,151,145,137,130,128,130,134,140,145,147,145,138,127,113,099,088,082,083,092,106,123,140,153
MA14,74/05/01,161,162,157,149,139,130,124,122,126,133,142,150,155,153,146,135,121,107,098,097,103,105,131,146
MA14,74/05/02,158,163,161,152,139,122,108,099,096,101,112,126,140,149,151,144,132,117,102,091,089,096,111,127
MA14,74/05/03,146,158,162,156,142,122,102,085,075,074,085,101,121,139,153,158,151,138,119,101,092,093,102,117
MA14,74/05/04,137,154,166,166,156,135,109,086,066,057,063,080,103,129,152,166,170,163,148,130,113,106,108,121
MA14,74/05/05,140,160,175,182,176,159,134,107,080,062,059,069,081,119,149,171,185,185,173,155,135,118,109,112
MA14,74/05/06,128,147,163,174,174,162,139,109,077,052,039,041,058,085,116,144,165,174,171,159,140,123,109,108
MA14,74/05/07,117,135,154,169,176,172,156,129,096,063,039,029,037,058,087,117,144,162,167,163,149,132,116,106
MA14,74/05/08,109,122,140,158,161,173,164,143,112,080,052,034,032,046,071,101,130,152,166,167,158,144,129,117
MA14,74/05/09,114,121,137,155,171,180,178,163,138,110,082,057,047,051,070,097,126,152,170,178,175,166,152,140
MA14,74/05/10,131,132,142,157,171,182,184,174,154,126,096,070,052,047,056,074,098,123,145,158,161,156,144,131
MA14,74/05/11,119,116,120,130,144,156,161,158,143,123,099,073,053,042,043,055,076,098,120,136,144,144,136,127
MA14,74/05/12,118,111,111,116,125,136,144,146,139,124,105,084,064,050,045,050,063,082,102,120,132,138,136,130
MA14,74/05/13,122,114,111,111,115,124,134,139,139,130,117,102,085,071,062,061,067,078,095,112,126,136,141,139
MA14,74/05/14,133,126,120,116,116,120,126,134,136,135,130,120,108,095,085,079,077,083,094,108,122,135,144,149
MA14,74/05/15,148,143,134,126,121,119,121,127,132,135,137,135,129,121,112,104,097,096,100,108,120,133,144,152
MA14,74/05/16,156,154,148,137,125,116,109,108,111,117,124,129,132,130,124,116,107,100,096,097,105,116,129,141
MA14,74/05/17,149,152,147,136,122,107,093,086,086,092,104,116,126,133,135,131,121,111,101,097,098,107,119,133
MA14,74/05/18,147,154,155,147,131,112,093,079,072,075,086,102,120,135,144,145,140,128,116,105,101,104,115,129
MA14,74/05/19,146,159,164,159,144,122,097,075,060,057,066,085,108,132,150,159,159,151,137,123,112,109,114,127
MA14,74/05/20,143,160,172,173,164,146,119,091,066,052,053,068,096,126,153,171,179,176,164,147,130,120,118,126
MA14,74/05/21,143,162,167,186,184,169,144,112,082,058,049,056,079,108,141,167,185,191,185,171,154,138,130,132
MA14,74/05/22,143,161,178,191,194,183,164,136,099,067,046,042,054,080,113,145,173,189,195,187,172,153,140,134
MA14,74/05/23,139,153,172,188,198,197,185,160,124,088,058,040,040,055,086,120,154,181,196,197,184,167,150,137
MA14,74/05/24,136,144,160,177,194,201,197,191,146,109,072,047,032,036,058,088,126,157,181,189,187,177,159,143
MA14,74/05/25,133,133,143,159,177,180,194,185,164,131,096,064,041,031,038,057,087,117,146,165,172,170,157,145
MA14,74/05/26,133,126,130,141,157,172,184,185,175,155,127,097,071,053,048,057,078,106,135,158,173,178,172,162
MA14,74/05/27,148,138,133,135,144,157,171,178,178,170,154,131,107,085,073,071,081,099,124,147,166,176,177,169
MA14,74/05/28,156,142,131,125,124,131,141,151,157,158,153,142,125,107,088,078,077,085,100,120,141,156,164,163
MA14,74/05/29,156,144,132,120,112,110,114,122,131,139,143,144,138,127,114,102,093,092,099,112,130,147,161,167
MA14,74/05/30,165,156,143,127,112,103,100,103,110,120,131,140,144,141,133,123,114,106,104,109,121,139,156,167
MA14,74/05/31,173,171,163,149,133,117,106,101,104,116,130,144,156,166,170,164,154,142,133,129,132,142,155,169
MA14,74/06/01,181,185,180,169,151,131,111,096,090,094,107,125,147,164,175,179,174,165,153,142,137,141,151,163
MA14,74/06/02,176,183,182,175,159,137,112,089,073,069,076,094,116,141,161,173,178,171,159,147,138,134,139,151
MA14,74/06/03,165,178,182,181,169,148,121,093,070,057,059,074,097,123,149,170,181,181,171,157,144,135,134,141
MA14,74/06/04,155,170,181,184,177,160,144,104,076,054,045,051,070,098,126,152,170,179,176,165,152,138,131,133
MA14,74/06/05,145,162,178,188,188,178,157,129,097,072,054,052,065,088,116,146,171,185,188,180,167,153,141,136
MA14,74/06/06,142,156,174,189,195,191,177,151,119,088,062,048,053,068,095,125,153,175,184,182,172,157,142,131
MA14,74/06/07,131,141,157,173,186,189,182,162,134,102,073,052,046,055,076,104,133,158,174,179,172,160,146,131
MA14,74/06/08,126,129,143,158,173,181,179,168,145,117,087,064,050,051,064,086,114,141,161,171,171,164,152,139
MA14,74/06/09,127,125,132,144,159,172,178,173,158,135,109,084,066,059,065,082,106,132,155,169,175,171,161,146
MA14,74/06/10,131,125,126,135,148,161,171,173,165,147,125,102,081,068,066,076,093,115,136,153,164,165,160,159
MA14,74/06/11,136,124,119,122,131,143,155,162,161,152,136,118,100,086,079,082,093,111,132,150,162,169,168,161
MA14,74/06/12,150,137,127,121,124,132,142,152,157,154,146,134,120,105,095,091,095,106,121,138,152,163,166,162
MA14,74/06/13,153,139,127,116,110,113,121,131,139,145,145,141,133,123,113,104,102,109,120,135,152,166,175,175
MA14,74/06/14,168,156,141,124,112,108,110,116,126,135,142,145,143,137,130,122,116,114,120,130,142,155,165,172
MA14,74/06/15,172,166,153,136,120,107,110,102,109,122,135,147,154,155,152,146,138,130,9999,9999,9999,9999,9999,9999
MA14,74/06/16,9999,9999,9999,142,125,103,088,081,082,090,104,122,140,153,161,162,156,147,139,135,138,146,156,167
MA14,74/06/17,176,180,174,160,139,115,091,071,062,064,076,096,120,141,155,164,164,157,147,137,132,134,143,156
MA14,74/06/18,170,182,190,183,166,143,116,089,068,061,069,089,114,142,165,182,187,183,172,158,146,140,142,152
MA14,74/06/19,166,182,193,192,181,159,128,095,065,046,041,054,078,109,153,169,185,189,184,170,156,143,138,144
MA14,74/06/20,157,174,190,198,195,180,153,118,081,050,032,031,049,077,112,148,175,191,194,186,170,151,141,136
MA14,74/06/21,143,160,179,196,204,201,185,157,118,080,051,037,041,059,091,126,159,183,194,193,181,165,149,139
MA14,74/06/22,141,154,172,191,206,211,203,181,148,110,075,050,040,051,073,104,142,173,193,199,192,175,155,139
MA14,74/06/23,131,134,148,166,187,201,204,194,171,138,101,070,049,044,055,080,113,145,172,187,188,180,164,145
MA14,74/06/24,132,129,135,152,171,189,200,200,187,165,134,102,078,064,063,076,100,129,158,178,191,191,180,161
MA14,74/06/25,143,131,127,134,148,168,185,193,192,179,160,137,113,094,085,087,100,122,148,172,187,191,184,169
MA14,74/06/26,151,134,122,119,125,138,152,163,169,168,160,145,127,110,097,092,098,112,131,153,169,178,178,168
MA14,74/06/27,153,137,120,109,105,111,122,132,143,152,155,152,143,131,120,113,113,120,134,152,169,182,187,184
MA14,74/06/28,173,159,141,125,113,109,113,121,132,143,153,159,162,159,151,143,137,137,142,152,166,178,188,190
MA14,74/06/29,185,174,158,139,119,104,097,097,102,113,127,139,149,155,156,154,148,143,142,146,154,167,178,185
MA14,74/06/30,185,179,166,149,130,111,096,086,083,088,100,116,132,147,157,161,159,154,149,145,147,154,163,171
MA14,74/07/01,179,181,176,163,145,123,102,083,072,070,078,094,114,135,153,164,168,166,158,150,144,144,150,159
MA14,74/07/02,169,177,180,175,159,138,113,089,070,059,061,072,092,116,140,159,171,173,167,156,146,140,140,146
MA14,74/07/03,157,169,177,178,171,153,130,103,076,057,049,054,076,102,129,153,169,175,171,161,150,140,137,139
MA14,74/07/04,150,166,178,185,184,170,148,118,088,063,048,048,052,084,111,139,162,174,176,168,155,142,132,131
MA14,74/07/05,139,153,169,181,186,181,164,137,107,077,057,048,053,072,099,128,154,173,180,176,165,149,134,127
MA14,74/07/06,129,142,158,174,186,186,174,154,125,094,067,049,048,061,083,112,139,162,174,174,164,149,134,123
MA14,74/07/07,119,128,143,161,175,184,180,165,141,112,085,063,055,061,078,105,134,158,173,179,174,162,147,133
MA14,74/07/08,125,128,138,154,171,185,188,178,161,135,108,085,073,070,081,103,129,155,174,184,181,170,154,136
MA14,74/07/09,124,119,124,136,154,169,178,178,167,147,121,095,078,070,074,091,115,139,161,176,178,172,159,142
MA14,74/07/10,125,113,113,120,136,154,167,173,169,155,136,114,096,083,082,092,109,133,156,172,179,177,166,150
MA14,74/07/11,132,118,112,112,121,138,153,167,172,166,151,135,117,103,097,101,112,129,149,166,177,182,175,162
MA14,74/07/12,146,128,114,107,108,117,130,143,151,155,151,142,131,121,114,112,116,127,142,158,171,178,178,169
MA14,74/07/13,155,138,122,108,102,103,110,121,132,141,145,145,141,135,128,122,122,128,139,150,162,172,174,171
MA14,74/07/14,161,146,129,112,098,090,090,096,106,119,130,138,142,143,141,137,135,135,138,147,157,167,175,177
MA14,74/07/15,172,162,147,128,108,092,084,082,086,098,113,132,145,154,159,158,155,149,147,147,152,160,168,175
MA14,74/07/16,178,173,162,145,124,101,081,067,063,069,085,106,129,148,160,166,166,162,154,148,146,151,159,168
MA14,74/07/17,176,182,179,166,146,121,094,070,052,048,057,077,102,129,152,168,175,172,164,154,146,142,145,155
MA14,74/07/18,167,178,185,183,171,147,117,084,056,036,033,048,074,106,136,161,179,181,175,162,149,138,137,144
MA14,74/07/19,158,174,189,195,191,173,143,107,073,044,028,030,051,080,115,148,172,186,187,176,159,143,132,132
MA14,74/07/20,141,160,180,195,201,194,174,141,103,064,037,025,032,055,087,126,158,178,185,179,164,145,127,117
MA14,74/07/21,118,132,152,173,189,195,187,164,132,092,058,035,026,038,064,100,136,165,180,181,169,150,129,110
MA14,74/07/22,103,109,125,148,171,188,193,183,160,128,094,063,047,046,063,092,124,158,181,190,186,170,148,124
MA14,74/07/23,107,103,111,129,152,174,189,191,181,159,130,100,078,068,073,092,119,149,173,187,189,178,158,133
MA14,74/07/24,112,098,098,108,125,146,164,175,175,165,147,123,101,087,083,095,114,140,163,181,188,183,169,146
MA14,74/07/25,124,105,096,097,107,123,141,156,163,163,154,140,126,112,105,106,117,137,157,175,185,186,176,158
MA14,74/07/26,137,118,101,092,094,102,116,130,142,149,150,145,137,127,121,119,126,136,151,167,178,184,181,169
MA14,74/07/27,153,133,115,101,093,092,099,109,121,132,140,144,145,142,138,135,136,143,152,163,174,181,183,177
MA14,74/07/28,165,151,133,115,101,092,089,093,101,112,124,135,144,149,151,150,149,148,150,156,164,171,177,177
MA14,74/07/29,173,164,151,134,117,101,090,084,085,092,103,118,134,146,156,160,159,155,152,151,153,159,165,171
MA14,74/07/30,173,172,165,151,135,116,098,083,076,076,086,102,120,138,154,164,169,165,159,152,147,146,150,157
MA14,74/07/31,164,171,171,165,150,131,108,087,071,063,067,080,098,122,143,159,168,169,162,152,142,136,136,144
MA14,74/08/01,154,166,174,174,167,150,128,102,080,064,058,065,084,108,134,156,171,175,170,159,146,135,130,133
MA14,74/08/02,145,159,171,180,176,163,140,112,086,064,053,058,076,100,129,154,171,178,174,162,147,130,122,123
MA14,74/08/03,133,149,167,179,182,174,156,130,101,074,056,052,064,086,116,144,165,177,177,166,149,131,116,112
MA14,74/08/04,118,134,152,169,180,180,168,145,114,084,060,055,054,072,098,127,153,170,175,168,152,133,115,103
MA14,74/08/05,104,117,137,157,174,181,175,158,132,102,074,057,054,066,091,121,148,171,180,177,163,142,120,104
MA14,74/08/06,097,104,122,144,164,178,181,171,150,122,096,075,065,072,089,114,144,169,182,184,174,155,133,112
MA14,74/08/07,099,098,109,129,152,170,180,178,164,141,116,094,080,079,091,112,138,164,181,186,180,164,141,118
MA14,74/08/08,100,092,096,111,132,153,168,173,167,151,131,109,093,086,091,106,128,152,171,181,181,169,150,128
MA14,74/08/09,106,093,088,096,112,131,150,161,162,156,143,127,111,101,101,110,127,146,163,176,181,174,158,139
MA14,74/08/10,118,101,090,090,099,114,131,146,155,155,149,138,126,117,113,117,127,141,158,171,178,177,166,151
MA14,74/08/11,131,112,096,087,087,095,108,123,137,144,146,144,139,133,128,127,131,140,151,162,172,175,170,159
MA14,74/08/12,144,125,107,093,083,082,087,098,111,124,134,140,143,142,140,139,139,142,148,156,164,169,170,166
MA14,74/08/13,156,142,124,105,089,077,072,076,086,099,116,130,142,150,154,154,152,149,148,151,157,162,167,170
MA14,74/08/14,168,162,149,131,110,090,074,066,067,077,092,113,134,153,165,170,170,164,157,152,150,153,159,167
MA14,74/08/15,174,178,175,163,142,119,094,073,061,060,071,092,118,145,168,182,188,182,172,161,151,146,150,159
MA14,74/08/16,172,183,191,190,178,154,125,095,068,054,054,068,097,129,158,182,194,192,181,165,149,138,136,145
MA14,74/08/17,160,178,193,201,196,179,151,118,084,061,052,058,079,111,145,175,194,199,191,175,153,136,124,125
MA14,74/08/18,138,157,179,196,206,199,179,148,110,077,057,052,064,088,123,158,185,197,196,181,159,134,114,107
MA14,74/08/19,113,130,156,181,200,206,198,175,141,105,076,061,062,086,108,142,174,193,199,189,169,141,116,099
MA14,74/08/20,096,106,127,153,179,195,200,190,166,136,104,082,075,083,104,135,166,188,200,197,181,156,127,104
MA14,74/08/21,091,093,107,133,160,183,196,196,184,161,135,111,097,098,111,134,161,186,201,203,193,169,141,114
MA14,74/08/22,094,087,092,107,131,156,173,181,180,166,149,129,113,107,112,127,150,173,191,198,194,177,154,128
MA14,74/08/23,106,092,088,096,111,132,151,165,170,167,158,146,134,126,126,134,149,168,184,193,194,184,165,143
MA14,74/08/24,121,104,093,091,098,110,126,142,152,157,156,151,144,138,125,138,147,160,173,182,186,183,171,154
MA14,74/08/25,136,118,104,095,093,098,108,120,131,140,147,150,151,150,148,149,153,158,165,172,177,177,171,161
MA14,74/08/26,147,132,116,101,090,086,089,096,106,121,145,164,168,168,166,161,158,156,155,156,160,162,159,152
MA14,74/08/27,143,130,116,103,090,078,072,070,072,080,091,103,116,126,133,136,135,133,130,128,130,134,139,144
MA14,74/08/28,147,144,135,122,105,087,073,064,060,064,074,089,106,123,135,142,143,138,132,126,121,122,127,134
MA14,74/08/29,142,149,150,144,130,111,093,075,064,060,067,081,099,120,139,152,156,152,141,130,120,117,120,129
MA14,74/08/30,143,155,162,162,151,132,113,094,075,064,065,078,101,124,146,166,175,173,162,148,134,123,121,129
MA14,74/08/31,146,162,176,184,182,167,144,120,097,079,076,082,099,124,149,172,188,191,179,162,142,126,118,121
MA14,74/09/01,136,154,174,190,194,186,167,141,113,091,079,079,096,120,147,169,184,191,185,166,145,123,109,109
MA14,74/09/02,122,144,169,190,202,202,188,162,132,104,087,082,092,114,143,170,191,199,190,172,148,123,102,095
MA14,74/09/03,101,121,147,173,191,194,185,166,139,114,093,084,086,101,128,159,182,192,189,177,153,127,102,088
MA14,74/09/04,088,103,128,156,179,190,192,180,160,134,109,093,090,102,125,155,180,193,194,186,165,136,107,086
MA14,74/09/05,078,087,107,137,165,185,194,187,171,149,126,107,098,101,117,143,169,189,197,191,175,151,119,094
MA14,74/09/06,077,076,087,112,138,159,173,175,168,153,134,116,103,102,112,130,153,174,187,186,176,157,131,104
MA14,74/09/07,083,074,077,092,117,141,161,182,170,160,147,132,119,113,119,134,154,173,187,193,187,172,149,122
MA14,74/09/08,097,081,075,081,096,118,139,153,160,159,152,143,132,126,125,133,147,167,175,182,180,171,155,135
MA14,74/09/09,114,094,081,078,084,098,116,133,147,154,156,154,148,142,139,141,149,159,170,180,184,182,173,159
MA14,74/09/10,140,120,102,089,083,086,097,111,126,139,151,156,158,156,153,151,151,153,157,164,171,174,173,168
MA14,74/09/11,159,145,127,109,093,084,081,087,097,110,124,138,149,156,159,158,155,152,150,153,158,162,165,166
MA14,74/09/12,165,158,145,128,107,089,076,070,074,084,101,122,140,155,163,165,162,153,146,140,139,142,149,158
MA14,74/09/13,167,171,168,158,138,115,091,071,061,064,079,100,126,150,168,176,174,164,149,135,126,123,129,142
MA14,74/09/14,157,170,178,176,163,141,114,087,066,056,061,079,108,139,162,177,182,175,158,136,118,106,107,118
MA14,74/09/15,139,165,186,196,193,178,152,122,093,069,061,071,095,128,161,184,195,192,175,152,125,103,093,096
MA14,74/09/16,113,138,167,189,200,197,182,156,122,091,068,063,076,103,136,164,183,186,176,155,126,098,078,072
MA14,74/09/17,083,107,140,168,189,197,192,175,146,114,089,078,084,105,135,165,187,199,196,181,153,121,089,072
MA14,74/09/18,073,088,117,149,176,194,201,194,170,141,112,094,090,101,125,155,182,202,208,193,166,134,105,084
MA14,74/09/19,076,085,108,138,166,188,198,193,176,154,130,112,105,112,131,158,184,201,207,198,176,145,112,086
MA14,74/09/20,070,071,084,105,131,155,173,179,174,162,146,131,121,122,134,155,178,195,202,197,183,160,128,099
MA14,74/09/21,078,071,075,091,115,137,154,165,168,165,154,142,132,128,133,146,165,182,192,194,186,168,143,116
MA14,74/09/22,093,078,072,078,091,107,126,142,151,154,150,142,133,128,128,137,149,163,176,181,178,167,153,134
MA14,74/09/23,114,098,087,084,088,099,111,125,136,142,145,143,140,137,134,138,146,156,165,172,174,171,164,154
MA14,74/09/24,141,125,110,099,096,098,106,116,127,136,145,151,154,155,155,155,155,156,159,164,169,170,169,167
MA14,74/09/25,159,146,133,121,111,105,104,107,115,126,137,149,157,162,164,161,157,152,149,148,150,154,157,158
MA14,74/09/26,155,150,142,131,119,108,098,093,095,104,117,133,148,159,166,166,162,155,147,140,140,142,147,154
MA14,74/09/27,161,165,162,154,140,124,109,098,094,099,111,129,147,162,171,174,171,162,150,138,131,132,140,153
MA14,74/09/28,166,176,179,176,165,149,130,112,102,099,107,123,144,163,179,187,186,176,159,142,127,122,126,139
MA14,74/09/29,156,173,183,185,180,167,146,123,105,096,099,117,140,164,182,196,199,191,173,152,132,120,121,133
MA14,74/09/30,152,173,191,202,202,192,171,148,124,108,103,114,134,158,182,198,204,197,180,156,129,109,100,107
MA14,74/10/01,124,149,174,194,200,197,182,157,132,111,102,108,126,151,177,196,204,201,184,159,130,105,092,092
MA14,74/10/02,107,134,162,188,203,205,196,176,150,127,110,109,121,144,169,192,206,206,193,168,138,109,087,079
MA14,74/10/03,090,114,146,175,197,210,208,195,173,149,130,121,126,146,171,193,210,214,205,186,160,126,099,083
MA14,74/10/04,083,099,126,156,184,203,210,205,189,168,148,135,134,145,163,186,203,214,210,195,171,140,108,084
MA14,74/10/05,074,079,098,124,154,178,192,196,187,171,153,137,130,134,149,168,188,201,203,195,176,149,119,090
MA14,74/10/06,072,068,077,096,124,151,171,181,181,173,160,147,137,136,144,159,177,192,198,195,184,162,135,108
MA14,74/10/07,084,071,071,080,100,124,146,161,170,169,163,154,146,140,141,150,162,175,185,188,182,168,149,125
MA14,74/10/08,102,086,077,077,087,104,124,144,159,166,169,166,160,155,152,153,161,169,178,183,183,176,164,147
MA14,74/10/09,127,109,094,084,084,092,104,119,136,151,160,163,162,158,156,154,153,155,159,164,167,167,163,155
MA14,74/10/10,145,132,117,101,089,084,088,097,110,126,140,152,158,160,159,154,148,142,139,139,143,150,155,157
MA14,74/10/11,155,148,137,121,105,091,082,082,090,104,124,143,157,166,169,167,157,145,134,126,126,131,142,154
MA14,74/10/12,164,169,166,155,138,118,100,087,086,096,115,136,156,174,184,184,174,156,137,120,110,111,120,135
MA14,74/10/13,153,169,177,176,164,145,123,099,086,084,096,117,144,168,183,190,183,165,141,117,099,092,099,115
MA14,74/10/14,138,164,183,191,189,176,154,128,106,094,096,113,137,163,183,195,193,177,153,124,098,080,075,087
MA14,74/10/15,109,139,167,187,195,191,175,150,123,104,096,104,125,150,176,193,197,186,162,130,096,069,055,057
MA14,74/10/16,076,106,136,164,183,189,181,162,137,113,096,094,106,131,158,181,193,189,170,141,106,072,050,040
MA14,74/10/17,050,073,106,138,164,179,181,171,151,128,109,099,102,119,144,169,188,192,179,155,125,092,062,045
MA14,74/10/18,044,059,086,116,145,169,180,180,169,153,131,118,117,129,149,174,193,199,191,172,145,111,081,060
MA14,74/10/19,051,059,079,106,135,160,174,178,173,161,144,130,122,126,140,159,177,188,188,176,152,125,094,066
MA14,74/10/20,049,045,056,075,101,127,148,160,161,156,144,133,124,122,130,143,158,171,177,174,159,137,112,087
MA14,74/10/21,066,056,057,069,087,108,128,143,151,152,147,139,132,127,129,135,145,155,164,166,161,147,129,108
MA14,74/10/22,089,076,071,074,085,100,118,134,148,155,157,154,150,147,145,147,152,160,169,176,178,172,160,145
MA14,74/10/23,129,115,105,101,105,113,125,141,154,164,169,169,166,161,156,154,152,152,155,157,159,158,153,144
MA14,74/10/24,134,124,112,103,099,100,105,114,125,136,146,152,154,154,151,146,140,135,132,134,136,139,141,140
MA14,74/10/25,137,130,121,112,104,098,096,099,107,118,131,144,152,156,155,150,141,131,122,119,121,125,131,138
MA14,74/10/26,143,145,142,132,122,112,104,100,102,112,126,140,153,163,166,162,154,138,123,113,109,112,121,134
MA14,74/10/27,146,155,158,153,143,131,118,107,106,110,122,137,154,168,175,175,165,147,130,114,105,105,113,129
MA14,74/10/28,148,164,175,178,171,160,144,127,117,114,119,132,150,167,178,181,172,153,130,108,089,082,087,101
MA14,74/10/29,123,147,167,176,175,166,149,131,116,107,109,121,140,160,177,185,181,166,141,113,088,073,070,081
MA14,74/10/30,103,131,156,177,186,183,169,152,133,119,115,122,138,159,179,194,194,181,157,128,099,076,066,070
MA14,74/10/31,088,117,148,174,191,195,188,171,153,136,124,125,137,157,179,192,203,196,176,147,114,085,065,060
MA14,74/11/01,070,094,124,154,178,190,190,178,160,140,125,119,124,138,160,179,192,189,173,146,110,073,048,034
MA14,74/11/02,036,056,085,119,149,168,177,172,157,137,120,111,112,122,141,160,174,178,169,148,117,083,052,029
MA14,74/11/03,022,032,056,087,118,144,161,164,158,144,128,115,110,116,129,149,167,175,173,159,134,104,074,048
MA14,74/11/04,033,032,045,068,097,127,152,165,167,159,146,134,126,125,133,146,160,172,179,175,157,134,105,077
MA14,74/11/05,054,046,047,059,081,108,134,154,163,164,156,146,135,128,129,136,147,158,168,169,162,148,126,103
MA14,74/11/06,081,064,057,058,071,091,113,134,150,157,157,152,143,136,133,134,140,147,154,159,160,154,144,127
MA14,74/11/07,109,091,077,069,072,081,098,116,136,149,157,159,155,148,140,135,133,134,138,143,149,152,151,145
MA14,74/11/08,133,119,103,090,083,082,088,101,121,138,153,161,162,160,153,143,133,125,122,123,128,137,145,150
MA14,74/11/09,150,145,133,120,108,100,097,102,113,129,147,162,171,173,169,158,143,127,116,109,111,119,132,145
MA14,74/11/10,156,162,161,151,137,123,111,105,109,121,137,154,170,178,178,168,152,131,112,095,089,093,105,122
MA14,74/11/11,142,159,169,169,160,144,128,115,109,114,129,147,164,178,186,181,167,145,120,099,085,082,089,105
MA14,74/11/12,128,151,171,181,180,169,151,134,121,116,123,139,160,179,193,194,184,163,134,105,082,068,069,081
MA14,74/11/13,106,136,163,183,191,187,173,155,137,123,121,128,146,166,184,193,188,171,142,110,078,055,044,048
MA14,74/11/14,068,097,131,159,179,184,178,162,143,128,117,117,130,149,169,186,190,178,154,123,086,055,035,029
MA14,74/11/15,041,066,106,132,158,173,176,167,150,133,118,113,119,134,156,174,186,183,166,139,105,073,046,032
MA14,74/11/16,035,053,083,113,143,162,172,170,159,144,127,117,118,132,152,171,183,184,174,153,121,089,061,045
MA14,74/11/17,042,055,078,106,137,158,172,176,169,157,144,134,129,135,151,169,184,192,189,175,152,124,099,079
MA14,74/11/18,071,077,095,120,146,168,185,192,191,184,170,157,148,148,154,168,183,192,193,181,160,135,107,079
MA14,74/11/19,058,050,053,066,090,113,136,150,157,153,144,132,122,117,119,129,143,156,163,162,152,134,112,090
MA14,74/11/20,072,061,060,069,084,105,126,142,153,155,149,140,131,124,121,126,135,146,156,160,157,147,132,117
MA14,74/11/21,101,089,083,085,094,110,129,146,161,167,168,165,157,149,143,140,140,145,153,157,158,155,146,133
MA14,74/11/22,120,107,096,089,089,095,107,122,137,148,153,152,147,140,131,124,119,117,120,125,129,133,134,130
MA14,74/11/23,122,114,105,098,094,096,102,111,123,136,146,151,151,146,137,127,117,109,106,106,110,118,126,131
MA14,74/11/24,132,130,126,119,114,110,111,116,124,136,148,157,161,160,154,143,127,111,098,092,092,099,109,121
MA14,74/11/25,130,135,134,129,121,112,106,103,106,115,127,141,152,156,153,143,127,109,091,077,073,076,089,105
MA14,74/11/26,122,136,143,143,139,130,121,113,111,115,126,140,153,163,167,161,146,124,100,080,065,061,070,088
MA14,74/11/27,111,133,151,158,157,149,137,126,117,114,120,132,147,162,172,171,158,136,107,080,058,048,050,066
MA14,74/11/28,090,117,143,161,168,163,153,139,126,118,117,126,141,159,174,180,172,154,125,093,066,046,040,048
MA14,74/11/29,071,101,133,160,176,180,173,159,144,132,126,128,141,160,178,191,192,177,152,117,084,056,039,036
MA14,74/11/30,051,078,113,143,168,181,183,172,157,141,128,122,131,148,167,184,192,185,164,131,096,061,034,021
MA14,74/12/01,026,048,080,113,146,168,179,175,162,147,130,121,121,131,150,169,182,186,175,152,120,084,051,029
MA14,74/12/02,020,029,055,087,123,153,174,179,173,160,145,132,126,133,148,168,185,194,190,173,146,113,079,052
MA14,74/12/03,038,038,055,083,115,146,172,185,185,176,161,144,134,135,145,159,177,191,195,190,175,148,117,088
MA14,74/12/04,069,059,066,083,110,139,166,184,190,186,173,157,141,134,135,145,158,171,182,184,177,159,136,110
MA14,74/12/05,086,072,068,075,094,119,145,168,183,186,180,167,154,142,134,135,143,154,163,170,172,166,152,134
MA14,74/12/06,114,097,086,084,090,105,126,147,164,173,174,168,155,143,132,125,124,128,136,146,154,158,156,149
MA14,74/12/07,138,124,111,102,101,108,122,139,155,168,174,173,165,152,137,123,113,107,108,114,124,134,141,144
MA14,74/12/08,143,137,127,117,108,108,113,125,139,154,164,169,167,160,146,130,114,101,092,091,099,111,124,135
MA14,74/12/09,143,146,144,137,128,121,117,120,128,141,155,165,168,166,157,143,122,102,086,076,076,084,098,116
MA14,74/12/10,133,147,155,156,149,139,131,127,129,137,149,162,172,176,174,164,144,120,096,079,068,070,083,102
MA14,74/12/11,125,146,163,171,172,165,154,144,137,138,145,157,170,179,184,179,162,139,109,083,065,055,061,077
MA14,74/12/12,100,127,153,169,177,175,167,154,141,134,135,144,158,173,183,186,176,155,126,094,065,046,039,049
MA14,74/12/13,069,097,127,152,169,174,171,159,145,133,128,132,144,161,178,187,185,173,147,115,084,059,045,047
MA14,74/12/14,061,088,120,152,179,193,196,188,172,159,149,147,152,166,182,197,202,193,171,140,106,073,051,041
MA14,74/12/15,048,066,095,125,152,170,180,176,164,149,134,125,127,137,155,173,186,187,174,150,118,085,055,040
MA14,74/12/16,037,051,075,104,134,155,169,171,162,149,133,121,116,123,138,155,170,176,171,154,130,101,070,049
MA14,74/12/17,039,045,064,091,119,144,162,167,162,151,137,122,114,115,126,142,159,172,172,162,144,119,093,070
MA14,74/12/18,056,054,066,087,113,139,160,173,177,171,157,142,130,125,131,144,161,173,183,180,170,152,128,103
MA14,74/12/19,083,074,079,093,113,136,157,173,178,175,163,148,134,124,123,128,141,153,164,168,161,149,130,110
MA14,74/12/20,093,080,078,085,101,122,143,159,169,172,166,154,139,128,122,123,129,139,149,157,160,156,144,129
MA14,74/12/21,114,101,094,094,102,116,133,148,161,166,165,155,142,129,118,111,110,114,121,130,136,137,133,124
MA14,74/12/22,114,104,096,091,095,104,117,133,148,157,159,154,147,135,123,111,104,102,105,111,119,126,130,129
MA14,74/12/23,127,121,114,109,107,112,119,129,141,152,158,158,153,143,129,114,101,092,087,088,095,106,116,123
MA14,74/12/24,129,131,130,125,120,118,121,127,138,149,158,164,166,160,150,134,118,103,091,085,088,098,111,127
MA14,74/12/25,140,150,155,153,148,142,137,135,139,147,156,164,168,168,162,149,128,106,084,069,063,066,080,099
MA14,74/12/26,119,137,149,154,152,146,138,131,128,131,138,147,156,163,163,153,134,110,081,056,042,037,045,063
MA14,74/12/27,088,113,135,149,154,151,141,129,121,119,122,132,145,156,164,161,149,126,095,064,036,022,022,037
MA14,74/12/28,063,095,124,148,160,164,158,145,133,124,122,129,142,157,172,181,179,163,133,097,062,037,025,027
MA14,74/12/29,048,079,113,144,166,178,178,166,151,135,125,125,137,154,174,188,193,184,162,129,093,061,037,029
MA14,74/12/30,039,064,096,132,163,182,189,182,166,148,134,125,129,144,166,187,200,201,186,160,127,088,052,031
MA14,74/12/31,030,044,073,107,142,169,186,189,178,159,139,123,118,125,144,166,186,195,192,178,150,118,080,052
