MA14,07/01/01,106,128,147,160,165,163,157,150,147,148,154,162,171,178,180,174,158,133,104,077,058,049,051,066
MA14,07/01/02,091,120,147,167,180,183,179,171,162,158,158,163,172,182,190,190,181,160,130,098,069,049,040,047
MA14,07/01/03,066,094,126,155,176,186,186,177,165,155,149,150,158,172,185,193,192,179,154,121,087,058,040,036
MA14,07/01/04,048,073,105,139,167,186,192,186,173,159,150,147,153,165,180,194,200,194,175,147,113,079,052,038
MA14,07/01/05,041,058,085,117,147,171,183,182,173,160,147,139,139,148,164,182,194,196,186,166,140,109,078,057
MA14,07/01/06,051,061,082,112,143,171,190,196,192,180,166,155,151,157,172,191,208,217,217,205,185,158,128,102
MA14,07/01/07,090,092,106,128,155,181,201,211,210,199,184,168,154,149,152,164,178,190,194,189,172,147,117,089
MA14,07/01/08,069,061,067,084,110,137,161,177,181,175,162,145,131,125,127,138,152,167,175,176,169,153,131,108
MA14,07/01/09,088,076,075,086,106,129,152,167,174,172,162,146,130,119,115,120,131,144,156,163,163,156,142,124
MA14,07/01/10,107,093,088,092,105,124,144,162,172,173,167,153,137,123,114,113,119,129,139,147,150,148,140,128
MA14,07/01/11,115,105,099,099,107,121,139,156,167,172,168,158,143,128,116,110,110,114,121,128,135,139,140,136
MA14,07/01/12,130,124,118,115,118,126,139,153,164,172,173,167,156,144,131,120,113,111,112,117,124,132,139,143
MA14,07/01/13,144,142,139,137,136,140,147,157,166,174,177,175,168,157,143,129,116,106,101,101,105,113,122,131
MA14,07/01/14,139,145,148,148,147,146,148,152,158,164,169,171,168,161,150,136,120,104,091,083,083,088,099,113
MA14,07/01/15,127,140,150,155,156,154,152,151,151,155,161,165,167,165,159,148,132,112,092,077,069,070,079,094
MA14,07/01/16,114,134,151,162,167,165,160,154,149,148,152,158,164,169,168,161,147,127,104,082,065,058,062,077
MA14,07/01/17,100,126,150,168,179,182,178,169,159,153,152,157,166,176,183,182,173,154,128,099,073,056,050,058
MA14,07/01/18,076,103,132,158,177,187,186,177,165,153,148,151,160,173,186,193,190,175,150,117,084,057,041,040
MA14,07/01/19,053,077,108,138,163,178,183,177,163,148,136,133,139,153,169,182,187,180,160,130,096,064,040,029
MA14,07/01/20,033,052,081,114,144,168,180,179,167,150,134,124,124,136,154,174,188,192,181,158,125,089,056,035
MA14,07/01/21,030,041,066,099,132,160,177,181,173,158,140,125,119,126,144,167,186,198,196,180,153,119,086,059
MA14,07/01/22,046,048,065,093,125,156,179,190,188,177,159,139,125,122,132,151,173,191,199,194,176,148,116,087
MA14,07/01/23,066,057,063,082,110,139,165,182,185,176,158,136,117,106,107,120,141,163,179,185,178,161,136,110
MA14,07/01/24,087,073,073,085,106,132,157,176,184,180,166,146,124,107,099,103,118,137,155,168,172,167,153,134
MA14,07/01/25,114,099,094,098,112,133,157,177,188,188,178,159,137,116,102,096,100,112,128,143,154,158,154,145
MA14,07/01/26,132,119,112,112,120,134,152,169,180,184,180,168,149,128,109,096,091,094,103,116,130,141,149,151
MA14,07/01/27,151,147,143,141,143,150,161,172,182,188,187,180,165,147,128,109,094,085,082,086,095,106,119,129
MA14,07/01/28,136,140,142,142,141,143,148,154,160,167,170,169,162,151,136,118,100,084,072,066,069,078,093,110
MA14,07/01/29,125,139,149,154,157,157,156,156,158,162,167,170,169,166,158,144,125,103,083,067,059,061,070,087
MA14,07/01/30,108,129,147,159,165,166,163,159,155,154,156,161,167,171,170,163,148,127,101,078,061,054,057,070
MA14,07/01/31,093,119,144,163,175,179,177,169,161,156,154,158,167,177,185,186,176,157,130,101,074,056,050,058
MA14,07/02/01,075,100,128,154,173,183,183,176,165,154,147,148,156,169,182,190,190,178,155,125,093,065,048,045
MA14,07/02/02,056,079,109,138,161,174,177,170,157,142,131,129,135,149,167,182,189,185,169,142,109,076,051,040
MA14,07/02/03,045,064,092,124,152,171,178,173,159,141,125,117,119,132,151,172,187,192,184,164,135,101,072,055
MA14,07/02/04,054,067,091,120,149,172,183,180,165,145,125,110,106,113,129,150,170,182,180,165,139,108,077,054
MA14,07/02/05,045,051,070,097,127,153,169,172,163,145,124,106,096,098,111,132,154,172,180,176,159,134,106,082
MA14,07/02/06,067,067,080,104,132,159,178,184,178,161,140,119,104,100,107,124,144,164,176,178,169,152,128,105
MA14,07/02/07,087,080,086,102,125,150,170,181,180,167,147,125,107,097,097,108,125,143,159,166,164,153,135,115
MA14,07/02/08,097,088,090,102,121,144,163,176,178,169,152,131,112,098,094,099,111,128,145,157,162,159,151,139
MA14,07/02/09,125,116,114,121,135,154,172,184,189,184,171,152,131,114,105,104,111,124,139,152,161,164,161,154
MA14,07/02/10,145,139,136,139,147,160,174,186,193,192,184,169,151,134,121,114,114,119,127,138,148,155,158,157
MA14,07/02/11,155,153,151,152,155,161,169,178,183,184,178,168,154,139,125,113,105,102,103,108,116,125,133,139
MA14,07/02/12,144,147,150,151,152,155,159,164,168,170,169,165,156,146,134,121,109,100,093,090,093,101,112,124
MA14,07/02/13,136,147,155,159,160,159,158,158,159,160,161,161,159,153,144,132,116,100,086,076,072,075,085,101
MA14,07/02/14,120,139,155,165,169,169,165,161,159,161,165,170,175,178,177,171,160,143,124,108,098,092,094,108
MA14,07/02/15,129,153,174,191,200,202,196,187,176,167,164,167,174,183,189,188,178,158,131,100,073,055,049,057
MA14,07/02/16,077,105,134,159,175,181,177,164,149,137,132,136,147,163,177,184,181,167,141,109,077,052,038,040
MA14,07/02/17,056,084,118,149,171,183,182,169,150,131,120,118,128,146,166,183,191,186,168,139,104,072,049,042
MA14,07/02/18,052,076,111,147,178,198,204,196,177,155,136,127,130,145,168,192,209,213,201,176,142,105,074,057
MA14,07/02/19,056,071,100,134,167,192,203,198,179,153,127,109,104,114,136,165,191,207,208,194,166,131,096,071
MA14,07/02/20,060,066,087,118,151,179,196,196,182,156,126,100,087,088,103,130,159,183,196,195,178,151,120,093
MA14,07/02/21,076,074,087,111,141,169,189,195,186,165,135,106,084,076,083,103,130,156,176,185,181,165,141,116
MA14,07/02/22,097,089,095,112,135,160,179,188,184,168,142,112,087,072,070,080,101,126,149,166,173,168,154,136
MA14,07/02/23,121,112,113,124,142,162,180,192,195,186,168,142,116,096,085,085,096,112,130,147,159,163,160,152
MA14,07/02/24,143,136,134,140,151,165,179,188,190,185,171,152,130,109,094,086,086,092,104,118,132,142,148,149
MA14,07/02/25,148,146,145,147,153,160,169,176,179,177,170,159,144,127,110,096,087,084,085,092,102,113,124,134
MA14,07/02/26,141,147,151,154,157,161,165,169,171,171,169,164,157,146,133,119,106,094,086,084,087,094,106,120
MA14,07/02/27,134,147,156,161,163,163,162,161,161,161,161,161,162,159,153,143,130,113,097,085,079,080,089,105
MA14,07/02/28,124,143,160,170,175,175,170,164,158,155,156,161,167,172,173,168,156,136,113,091,074,066,068,081
MA14,07/03/01,102,126,148,163,171,171,165,155,146,139,139,145,155,166,176,180,175,159,135,108,084,068,065,074
MA14,07/03/02,093,117,142,162,174,176,169,157,143,131,125,129,139,155,170,181,182,173,153,126,097,073,061,063
MA14,07/03/03,078,103,131,156,173,180,174,160,141,123,112,111,121,139,160,178,189,186,171,146,117,089,070,065
MA14,07/03/04,075,097,125,153,174,184,182,168,147,124,107,100,106,122,145,168,185,192,185,166,138,109,086,074
MA14,07/03/05,078,096,123,152,176,191,193,182,162,137,116,104,105,119,143,170,193,207,208,197,177,151,126,107
MA14,07/03/06,102,113,135,162,186,202,207,198,180,155,130,111,105,113,131,155,179,197,203,196,177,150,123,102
MA14,07/03/07,093,099,116,140,165,185,194,190,173,149,123,102,091,093,108,132,157,179,192,194,183,164,142,121
MA14,07/03/08,108,108,119,139,162,182,193,192,179,157,131,107,091,086,094,112,135,157,172,178,173,160,142,124
MA14,07/03/09,112,108,114,130,149,168,181,183,174,156,132,107,086,076,077,090,108,129,147,159,162,157,146,133
MA14,07/03/10,122,117,120,130,146,162,174,178,174,160,141,118,098,084,079,084,096,113,130,144,153,155,152,147
MA14,07/03/11,142,139,141,150,162,176,190,197,198,191,176,155,134,116,105,102,106,115,126,138,147,153,156,156
MA14,07/03/12,154,152,151,153,159,166,175,180,180,174,163,149,132,118,107,101,100,103,109,118,127,136,143,149
MA14,07/03/13,153,155,156,158,160,163,168,172,174,172,167,158,147,135,122,111,102,097,096,099,105,113,124,136
MA14,07/03/14,147,156,163,166,166,166,165,164,163,162,160,158,153,146,135,123,109,095,085,080,080,087,099,116
MA14,07/03/15,133,150,163,170,171,167,161,154,150,148,149,153,156,157,154,145,131,112,093,077,068,067,077,095
MA14,07/03/16,118,142,162,175,179,174,163,150,140,135,136,144,155,166,172,171,161,141,117,091,071,061,064,080
MA14,07/03/17,104,133,159,178,187,184,172,155,136,123,120,128,144,162,177,185,182,167,141,111,083,063,056,064
MA14,07/03/18,084,114,145,172,187,189,177,156,132,111,102,106,123,147,171,191,198,190,169,139,105,076,058,057
MA14,07/03/19,071,099,132,162,184,191,183,162,134,105,086,081,093,117,147,176,195,200,190,166,134,101,076,065
MA14,07/03/20,072,093,123,154,180,193,189,171,142,109,081,066,069,088,118,152,181,198,199,186,161,132,103,085
MA14,07/03/21,082,096,120,149,175,192,195,183,157,122,088,064,054,063,087,120,154,180,194,193,179,156,130,109
MA14,07/03/22,100,105,123,147,172,191,198,191,170,139,104,073,055,053,068,095,127,158,179,188,185,172,153,134
MA14,07/03/23,121,120,130,147,167,185,195,192,177,151,120,089,064,051,054,069,094,122,146,163,171,168,159,148
MA14,07/03/24,138,135,140,151,166,182,194,196,188,169,144,116,091,072,066,071,086,106,128,147,161,168,168,163
MA14,07/03/25,159,158,160,168,179,192,202,208,206,196,180,160,138,116,100,093,096,106,119,132,145,155,160,162
MA14,07/03/26,162,161,161,163,167,173,179,182,181,176,167,154,139,122,107,097,091,089,093,101,112,124,135,144
MA14,07/03/27,151,157,160,162,162,163,165,167,167,166,164,159,151,141,128,115,104,095,090,091,096,106,120,134
MA14,07/03/28,148,160,167,170,169,165,161,158,156,155,156,157,158,155,148,137,123,109,097,088,087,092,103,119
MA14,07/03/29,137,153,164,169,168,162,155,149,145,144,147,153,159,164,166,161,150,133,114,098,088,087,093,107
MA14,07/03/30,127,148,165,174,175,169,160,150,141,136,138,146,158,169,177,178,169,152,130,107,089,080,081,093
MA14,07/03/31,113,136,156,169,173,167,153,136,119,109,107,115,130,149,167,179,181,173,155,132,110,095,091,099
MA14,07/04/01,118,143,169,187,194,189,175,155,133,115,105,108,122,142,165,182,190,186,170,146,120,098,086,088
MA14,07/04/02,103,127,153,174,185,183,170,148,122,099,086,086,099,120,146,169,184,188,180,162,138,114,099,096
MA14,07/04/03,107,128,153,176,191,194,184,162,135,109,089,082,089,107,133,160,181,192,189,174,152,128,108,099
MA14,07/04/04,104,121,143,166,182,189,182,163,136,107,083,070,072,086,111,140,167,184,188,179,161,139,117,104
MA14,07/04/05,102,112,131,153,171,180,177,161,136,105,078,059,052,061,080,107,134,156,168,167,157,139,120,105
MA14,07/04/06,101,107,122,141,160,172,173,161,139,110,081,058,047,050,065,089,116,140,157,164,160,149,134,120
MA14,07/04/07,113,115,125,142,159,172,176,170,153,129,102,077,061,056,065,083,106,131,151,163,167,162,152,140
MA14,07/04/08,133,131,137,149,162,176,183,181,168,147,123,098,078,068,068,078,095,115,134,148,156,157,153,146
MA14,07/04/09,140,138,140,148,159,170,178,178,170,155,136,114,094,080,073,074,083,098,114,128,140,147,149,148
MA14,07/04/10,146,145,145,148,154,161,167,170,167,158,144,128,110,095,084,079,081,089,100,113,126,137,146,152
MA14,07/04/11,155,157,156,156,158,160,163,165,164,160,152,143,131,117,104,093,087,085,088,096,106,118,131,142
MA14,07/04/12,152,158,161,159,156,153,151,150,150,150,149,147,142,135,124,111,098,087,081,080,085,096,111,128
MA14,07/04/13,145,158,165,165,160,150,141,135,133,134,139,146,151,152,147,137,122,105,090,080,078,085,100,120
MA14,07/04/14,144,164,178,183,179,168,153,140,132,130,136,148,162,174,179,175,160,139,115,094,082,080,088,107
MA14,07/04/15,131,155,174,184,181,168,148,127,109,101,105,120,142,164,181,188,183,166,142,116,095,084,085,099
MA14,07/04/16,123,151,175,190,192,181,159,131,105,087,083,095,118,148,177,197,205,197,178,153,127,108,101,108
MA14,07/04/17,127,155,183,204,212,204,181,150,116,087,071,073,090,119,154,184,203,206,195,175,149,126,110,107
MA14,07/04/18,118,141,167,190,203,202,185,155,119,084,059,051,060,084,118,154,184,201,203,192,172,150,131,122
MA14,07/04/19,126,142,166,189,206,211,200,175,139,100,066,046,042,055,082,117,152,179,192,192,179,160,141,128
MA14,07/04/20,125,133,150,170,188,196,192,175,145,108,072,045,032,035,052,079,112,143,166,177,175,164,149,137
MA14,07/04/21,131,133,145,161,178,190,192,181,159,127,094,063,041,034,040,058,083,111,136,154,162,160,151,141
MA14,07/04/22,135,135,140,151,166,179,185,183,170,148,121,093,070,054,050,058,074,095,118,139,153,159,159,155
MA14,07/04/23,151,149,151,157,166,176,184,186,180,168,149,127,105,087,076,073,077,089,105,123,139,150,155,157
MA14,07/04/24,157,155,155,155,158,163,169,172,172,166,155,142,125,108,094,085,082,087,096,110,124,139,149,157
MA14,07/04/25,162,162,160,159,158,159,162,165,167,166,165,160,152,140,126,114,103,098,099,104,114,127,140,151
MA14,07/04/26,159,164,164,160,155,148,144,142,142,144,147,150,151,149,143,132,120,107,099,096,098,107,119,134
MA14,07/04/27,147,155,157,153,145,134,124,117,114,116,122,131,139,143,143,136,124,110,097,089,088,095,109,126
MA14,07/04/28,143,156,162,161,153,140,125,113,105,104,111,124,139,152,160,161,153,138,121,105,096,096,105,119
MA14,07/04/29,137,153,164,166,159,144,126,106,091,084,088,102,120,139,155,164,163,154,138,122,108,101,104,116
MA14,07/04/30,134,154,169,175,170,155,134,110,089,076,075,086,105,129,151,167,173,167,154,136,118,105,103,112
MA14,07/05/01,129,150,168,177,176,164,143,116,090,070,063,069,087,112,139,162,177,181,173,157,139,124,117,120
MA14,07/05/02,134,155,175,190,194,186,168,143,115,091,076,075,088,110,139,167,188,197,195,183,165,146,132,128
MA14,07/05/03,136,153,172,188,195,191,175,149,118,089,068,061,068,088,116,147,173,189,193,186,172,156,142,135
MA14,07/05/04,138,152,170,189,200,201,188,165,135,103,078,064,065,079,103,133,162,184,195,194,185,171,157,146
MA14,07/05/05,144,152,166,183,197,203,196,178,151,120,092,073,065,071,089,114,143,168,185,191,188,179,167,157
MA14,07/05/06,152,155,165,179,194,202,201,189,166,138,110,087,074,074,086,107,135,164,185,197,200,196,186,177
MA14,07/05/07,170,170,176,186,198,209,212,206,189,165,138,114,095,086,087,099,118,140,162,179,189,191,187,179
MA14,07/05/08,172,168,170,175,185,194,200,199,190,173,151,127,106,092,086,089,100,118,138,157,172,180,182,180
MA14,07/05/09,175,171,169,170,174,179,184,187,184,175,160,142,123,106,094,090,093,102,116,134,151,166,176,180
MA14,07/05/10,181,178,174,171,170,172,176,181,184,183,179,170,157,143,130,120,116,117,124,136,152,168,181,190
MA14,07/05/11,194,194,189,182,174,168,165,166,169,173,177,177,171,162,149,135,122,114,112,116,128,144,162,178
MA14,07/05/12,190,195,193,184,172,159,150,146,148,155,164,174,180,181,175,164,149,135,125,122,127,139,157,176
MA14,07/05/13,193,204,206,198,184,165,148,135,131,136,148,164,180,191,195,190,177,159,141,127,123,127,140,158
MA14,07/05/14,179,194,201,197,183,160,135,113,100,099,109,130,154,177,192,198,193,180,162,144,133,130,137,153
MA14,07/05/15,172,191,204,205,194,172,143,113,090,079,083,101,127,157,183,200,206,199,183,163,145,135,135,144
MA14,07/05/16,161,181,197,204,198,178,148,113,080,057,049,058,081,112,146,174,192,198,192,178,161,146,140,144
MA14,07/05/17,158,178,197,209,210,198,174,141,104,073,056,056,072,101,136,171,198,214,217,210,195,178,165,160
MA14,07/05/18,166,180,197,211,217,211,192,162,125,088,059,045,047,064,092,126,159,183,197,200,193,181,168,160
MA14,07/05/19,160,170,185,201,212,214,205,184,153,117,084,061,051,057,077,106,138,167,188,196,195,187,175,164
MA14,07/05/20,159,162,172,185,198,206,204,192,168,137,104,075,055,050,058,078,105,133,158,174,181,179,172,162
MA14,07/05/21,154,152,156,167,179,189,194,189,174,152,125,097,075,061,059,069,087,110,134,155,168,173,171,165
MA14,07/05/22,158,153,153,157,166,176,182,184,178,165,146,124,102,084,075,075,084,100,120,140,157,168,171,169
MA14,07/05/23,163,157,152,151,154,160,166,171,171,166,156,141,125,108,095,088,089,098,112,129,146,160,168,170
MA14,07/05/24,167,162,155,149,146,147,151,155,158,160,159,153,142,129,117,106,101,103,111,123,137,151,163,169
MA14,07/05/25,171,168,161,152,145,141,140,142,147,153,159,163,163,159,151,142,135,130,132,139,151,165,179,189
MA14,07/05/26,194,193,185,174,161,149,141,137,139,144,153,162,169,172,170,164,154,146,141,141,147,157,170,182
MA14,07/05/27,190,192,187,177,163,148,134,125,123,127,137,150,164,176,181,179,172,162,151,145,144,150,160,172
MA14,07/05/28,183,189,188,180,165,147,128,112,103,103,112,126,143,160,172,177,174,166,155,144,138,139,147,159
MA14,07/05/29,173,184,188,184,171,152,130,109,094,088,093,107,127,149,169,182,186,183,174,162,153,150,153,163
MA14,07/05/30,177,191,200,200,190,172,148,122,101,088,087,098,119,144,169,189,200,201,195,183,171,163,161,167
MA14,07/05/31,178,192,203,207,201,185,161,133,107,087,079,083,100,125,152,177,194,200,197,187,174,163,157,159
MA14,07/06/01,168,182,195,203,202,190,168,140,110,083,066,063,074,097,125,154,177,191,195,189,177,164,154,150
MA14,07/06/02,155,166,180,192,196,190,173,147,116,086,063,051,054,071,097,126,154,174,184,184,176,165,152,144
MA14,07/06/03,144,153,167,180,189,189,179,158,129,098,069,050,044,052,073,101,131,156,173,180,177,168,157,146
MA14,07/06/04,141,145,156,170,182,188,184,169,146,116,087,063,050,049,062,085,113,141,162,175,178,174,164,153
MA14,07/06/05,145,143,149,161,174,184,187,179,162,137,109,083,064,055,059,074,097,124,148,166,176,176,170,160
MA14,07/06/06,151,145,145,152,163,174,181,180,171,153,130,105,082,067,062,068,084,107,131,152,166,173,171,164
MA14,07/06/07,154,145,140,140,146,156,165,170,169,160,145,125,104,085,074,072,079,095,115,135,153,165,169,166
MA14,07/06/08,158,148,138,131,130,135,143,151,157,158,152,141,126,109,095,087,086,092,105,123,142,157,167,170
MA14,07/06/09,166,156,144,131,123,121,125,133,141,148,152,151,145,134,121,109,101,100,105,117,133,150,164,171
MA14,07/06/10,172,165,152,136,121,111,107,110,119,131,143,153,157,156,148,138,127,120,118,122,133,147,162,174
MA14,07/06/11,180,178,167,149,128,108,094,087,090,102,118,136,152,162,164,160,151,140,132,129,133,143,157,170
MA14,07/06/12,180,184,178,162,139,114,091,074,069,075,090,111,135,156,170,175,173,165,154,146,143,148,157,170
MA14,07/06/13,183,192,192,182,161,134,104,078,061,056,064,084,112,140,164,180,187,185,176,165,156,154,158,169
MA14,07/06/14,182,194,201,198,184,160,129,096,068,050,047,059,084,115,147,174,191,197,194,184,173,165,164,171
MA14,07/06/15,183,197,208,212,207,190,163,128,092,064,048,048,063,091,125,158,184,199,203,196,184,172,163,161
MA14,07/06/16,167,181,195,206,209,200,179,148,112,077,050,038,043,062,092,126,158,182,193,193,184,171,158,151
MA14,07/06/17,151,161,175,189,199,200,189,166,134,098,066,045,037,045,067,099,132,160,179,187,184,174,161,150
MA14,07/06/18,146,150,161,175,188,195,193,180,156,124,091,063,046,044,056,079,108,138,161,175,177,171,159,146
MA14,07/06/19,137,135,140,151,165,177,182,178,163,139,109,081,059,048,050,064,088,116,141,160,169,167,158,145
MA14,07/06/20,132,125,125,132,144,158,168,172,166,151,130,107,084,069,064,071,087,109,133,154,168,172,167,155
MA14,07/06/21,143,132,126,127,134,145,157,165,166,160,148,131,112,096,086,085,093,110,130,151,167,175,175,166
MA14,07/06/22,154,141,130,125,127,133,144,155,162,163,160,150,137,123,112,106,108,118,133,152,169,181,184,179
MA14,07/06/23,168,155,140,128,122,121,125,132,140,147,150,148,142,134,126,118,114,117,126,139,153,164,171,172
MA14,07/06/24,166,156,143,129,117,109,108,111,119,128,136,143,145,144,140,133,127,124,127,136,147,160,170,175
MA14,07/06/25,174,168,156,140,124,111,102,100,103,112,124,136,146,152,154,152,147,142,140,141,147,156,166,175
MA14,07/06/26,178,176,168,154,136,118,102,092,090,096,108,124,140,154,163,166,164,158,152,148,148,154,163,172
MA14,07/06/27,180,182,177,166,148,127,106,089,079,079,088,105,125,145,161,172,175,171,163,155,151,153,159,168
MA14,07/06/28,177,184,185,177,162,141,117,093,075,067,070,084,105,130,153,171,180,180,173,164,156,151,152,159
MA14,07/06/29,170,182,189,189,178,159,133,106,081,066,061,070,090,117,146,170,186,192,189,180,169,159,154,156
MA14,07/06/30,167,180,192,197,193,179,156,125,094,070,056,055,068,091,121,149,172,185,189,183,172,159,150,147
MA14,07/07/01,154,167,182,193,196,187,168,140,109,079,058,047,052,070,099,130,159,180,190,190,180,167,155,148
MA14,07/07/02,150,160,177,192,202,202,190,167,137,104,076,058,055,066,089,120,151,178,195,199,192,179,165,153
MA14,07/07/03,148,153,167,184,198,205,200,184,159,127,096,072,059,060,075,101,131,160,182,194,195,186,172,157
MA14,07/07/04,147,146,155,171,189,202,207,200,181,153,122,094,074,066,073,092,119,149,174,191,198,195,183,167
MA14,07/07/05,154,147,150,161,177,193,204,205,195,174,147,119,094,079,076,086,107,132,158,178,191,194,186,169
MA14,07/07/06,151,137,131,135,147,164,180,188,188,178,160,138,117,099,091,093,107,127,150,172,187,194,190,178
MA14,07/07/07,160,143,130,124,129,141,156,170,178,179,173,161,144,127,115,111,116,129,147,166,183,193,194,185
MA14,07/07/08,170,151,134,120,116,119,130,143,155,164,167,165,158,148,137,131,131,137,148,164,180,192,197,193
MA14,07/07/09,182,165,145,126,112,105,106,114,127,141,154,163,165,163,158,152,148,148,153,162,174,186,194,196
MA14,07/07/10,191,179,161,139,119,103,094,094,101,113,129,146,159,166,169,168,165,162,162,164,171,181,191,197
MA14,07/07/11,198,192,180,160,137,115,097,086,083,089,103,123,145,163,175,181,182,179,174,170,170,176,184,194
MA14,07/07/12,202,205,200,184,162,135,107,084,069,066,073,090,114,140,163,180,189,191,187,179,175,175,181,191
MA14,07/07/13,200,207,208,201,184,160,130,099,073,057,054,064,086,116,147,173,189,195,193,185,176,168,166,171
MA14,07/07/14,182,195,206,209,203,185,158,125,091,065,051,055,073,101,131,161,187,203,206,200,188,177,170,170
MA14,07/07/15,180,197,213,224,227,220,201,172,141,114,096,089,099,123,153,185,210,226,230,223,208,191,176,167
MA14,07/07/16,167,177,193,209,219,220,208,184,152,116,086,067,063,075,101,133,164,189,204,207,201,186,170,157
MA14,07/07/17,154,162,177,194,210,219,217,201,174,143,112,087,075,079,096,124,155,183,202,208,204,191,174,157
MA14,07/07/18,148,149,159,176,193,207,211,205,188,161,131,103,085,080,090,112,139,166,187,198,197,186,169,151
MA14,07/07/19,137,131,136,149,166,183,194,195,185,167,143,118,098,088,090,104,126,152,175,190,193,185,170,151
MA14,07/07/20,134,124,122,128,142,158,172,180,180,170,154,134,115,103,099,105,121,143,164,181,189,187,176,159
MA14,07/07/21,140,125,116,115,123,136,151,162,168,166,157,143,128,115,109,111,121,137,156,172,182,185,179,165
MA14,07/07/22,148,131,117,109,110,117,129,142,151,156,156,150,142,133,127,125,130,141,155,170,181,186,183,173
MA14,07/07/23,158,142,126,115,108,109,114,123,132,140,145,148,148,146,142,139,139,142,150,160,170,177,178,174
MA14,07/07/24,165,152,138,123,110,103,101,105,113,124,134,143,149,153,154,152,151,152,155,160,166,171,174,173
MA14,07/07/25,169,161,149,134,119,106,097,093,096,104,115,128,142,153,161,165,164,162,160,160,162,166,171,174
MA14,07/07/26,176,174,167,155,139,122,106,094,089,093,103,117,135,153,167,177,180,177,171,165,162,162,165,171
MA14,07/07/27,176,178,176,168,154,135,114,094,081,078,084,099,120,143,164,180,187,188,182,173,165,160,161,167
MA14,07/07/28,177,186,191,187,174,153,128,104,083,071,070,083,105,133,161,183,198,203,199,188,175,164,160,163
MA14,07/07/29,173,185,195,198,192,178,155,126,096,072,060,062,079,105,135,162,183,194,196,188,173,158,148,148
MA14,07/07/30,158,174,191,202,204,194,175,147,114,084,063,058,068,091,121,152,178,194,200,196,183,165,150,143
MA14,07/07/31,147,162,182,200,211,210,196,170,136,103,076,062,063,079,106,138,168,192,205,205,192,173,153,138
MA14,07/08/01,136,146,164,185,204,217,215,199,170,134,100,076,068,075,095,125,157,184,200,202,194,176,153,133
MA14,07/08/02,123,126,140,161,184,201,207,199,177,145,112,084,068,066,079,103,133,161,182,193,191,177,154,131
MA14,07/08/03,114,110,118,137,161,185,201,203,192,173,147,122,105,099,105,122,146,172,192,203,203,192,171,147
MA14,07/08/04,125,112,111,122,142,164,184,195,195,183,164,141,122,110,109,120,139,161,182,196,201,194,177,154
MA14,07/08/05,130,111,100,101,112,131,152,170,180,183,177,164,148,137,134,140,153,169,186,199,205,202,191,172
MA14,07/08/06,150,127,110,100,101,111,126,143,157,166,169,167,161,155,151,153,160,170,182,194,202,203,197,184
MA14,07/08/07,166,145,124,107,098,098,104,114,127,139,150,158,162,163,163,163,165,169,176,184,191,195,194,188
MA14,07/08/08,177,161,142,122,104,092,087,089,097,109,124,139,153,163,169,172,174,174,175,178,182,187,191,191
MA14,07/08/09,188,179,165,145,124,104,088,078,077,084,099,118,139,158,172,181,183,182,178,174,172,175,179,184
MA14,07/08/10,188,189,183,170,150,126,102,083,071,069,078,097,122,148,169,184,191,192,187,180,174,172,174,180
MA14,07/08/11,188,196,199,194,180,158,130,101,078,066,066,079,101,127,154,175,188,192,188,177,166,158,156,162
MA14,07/08/12,173,187,199,203,197,180,154,123,093,069,058,062,081,109,140,168,187,196,194,183,168,153,145,147
MA14,07/08/13,158,175,193,206,211,202,182,152,118,088,068,063,074,099,129,160,185,199,200,191,175,158,144,140
MA14,07/08/14,147,162,182,200,212,212,199,175,143,110,084,070,072,091,119,150,178,196,201,193,177,156,138,127
MA14,07/08/15,128,140,159,180,198,208,205,188,161,130,102,082,076,086,110,140,170,191,201,197,182,160,137,121
MA14,07/08/16,115,121,137,160,182,198,203,194,175,148,120,098,087,090,107,133,162,187,201,202,191,171,148,127
MA14,07/08/17,115,115,126,144,166,186,198,198,186,166,142,120,106,103,114,136,162,186,202,206,199,182,158,135
MA14,07/08/18,117,110,115,129,148,168,184,191,187,175,157,139,125,120,125,140,160,180,196,204,201,187,166,143
MA14,07/08/19,124,113,110,117,131,149,166,177,179,174,163,150,137,130,131,141,157,174,189,196,196,186,170,149
MA14,07/08/20,130,114,106,107,116,128,143,155,161,163,159,152,144,138,137,142,152,165,178,187,190,186,173,156
MA14,07/08/21,137,120,108,103,104,111,121,133,143,149,152,151,149,147,147,150,156,164,173,182,187,186,178,165
MA14,07/08/22,150,134,120,109,102,102,105,113,122,132,140,147,152,155,156,157,159,163,167,172,177,177,174,166
MA14,07/08/23,155,143,130,116,105,096,092,092,097,105,116,128,140,150,155,158,159,158,158,160,163,165,165,164
MA14,07/08/24,160,153,142,129,113,098,086,080,080,085,096,111,129,145,157,165,167,164,160,156,155,156,159,162
MA14,07/08/25,165,165,159,148,131,111,093,077,068,066,075,092,114,137,157,170,176,173,166,157,150,147,150,157
MA14,07/08/26,166,173,176,172,159,139,115,091,072,062,065,079,102,130,155,175,185,185,177,163,150,142,141,148
MA14,07/08/27,160,174,185,188,181,163,137,108,081,063,057,064,084,113,144,170,187,191,184,169,152,136,129,133
MA14,07/08/28,146,165,184,196,198,189,167,136,103,075,060,059,074,100,132,164,188,199,195,180,159,137,121,117
MA14,07/08/29,127,146,171,192,204,202,188,161,127,094,069,059,066,087,117,151,180,198,200,188,166,140,118,106
MA14,07/08/30,108,124,149,176,199,209,206,188,160,127,098,080,078,090,115,146,176,197,205,197,177,149,122,102
MA14,07/08/31,095,103,124,152,181,202,211,205,184,156,128,107,097,102,120,147,176,200,213,211,195,168,138,111
MA14,07/09/01,095,092,104,128,155,180,196,200,191,171,148,126,112,111,122,143,168,191,205,208,197,176,147,117
MA14,07/09/02,094,084,087,103,127,153,175,188,191,183,169,151,138,133,138,151,170,189,204,211,206,190,165,137
MA14,07/09/03,111,094,087,091,105,125,147,165,176,178,173,164,155,149,151,158,171,185,198,205,204,194,176,153
MA14,07/09/04,129,109,095,091,096,107,123,140,154,163,168,168,166,163,163,167,174,183,191,197,199,194,184,169
MA14,07/09/05,151,131,114,102,096,097,104,116,130,143,154,163,169,172,175,177,180,184,189,193,196,196,192,184
MA14,07/09/06,174,159,143,127,114,107,105,109,118,130,146,161,176,188,198,204,207,206,206,207,210,213,217,220
MA14,07/09/07,223,221,213,199,179,155,132,116,109,110,120,136,152,166,176,182,182,178,170,163,159,159,164,169
MA14,07/09/08,174,175,170,158,140,118,097,079,067,065,075,094,117,140,159,170,174,170,160,149,140,136,139,147
MA14,07/09/09,159,169,175,173,162,142,117,092,072,062,064,078,100,128,154,172,180,177,167,152,138,128,126,133
MA14,07/09/10,148,165,180,188,184,169,146,117,090,071,065,073,092,119,147,170,183,184,173,155,135,119,111,115
MA14,07/09/11,128,148,169,184,190,182,164,137,107,081,067,068,083,108,138,165,182,187,179,161,139,119,106,105
MA14,07/09/12,116,136,161,184,199,201,190,168,139,111,091,085,093,113,140,166,186,194,188,171,147,122,103,096
MA14,07/09/13,102,119,144,169,189,198,195,179,153,126,103,091,092,108,133,160,184,197,196,182,160,134,109,094
MA14,07/09/14,093,106,127,152,176,192,196,187,167,143,120,105,100,110,130,155,179,194,197,187,166,139,112,093
MA14,07/09/15,085,091,108,132,156,177,187,186,174,155,135,118,111,116,131,152,174,190,196,190,173,148,121,099
MA14,07/09/16,086,086,097,116,139,160,175,181,176,164,147,132,122,122,132,148,168,184,192,189,176,154,129,105
MA14,07/09/17,089,082,086,098,117,138,156,166,167,161,150,138,129,127,133,145,162,176,185,185,177,161,138,115
MA14,07/09/18,096,085,083,091,105,122,140,152,158,157,152,144,137,133,135,143,155,167,177,181,177,166,149,130
MA14,07/09/19,112,098,091,090,097,109,123,138,150,156,158,157,155,153,154,158,165,172,178,182,181,174,163,148
MA14,07/09/20,132,117,106,099,098,102,110,120,131,140,147,151,154,156,159,161,164,167,169,171,171,168,161,152
MA14,07/09/21,141,129,117,106,098,095,095,099,108,118,130,141,151,158,163,164,164,162,161,160,161,161,160,157
MA14,07/09/22,153,145,134,122,108,096,089,087,090,100,114,131,147,161,171,174,172,166,159,153,150,151,154,158
MA14,07/09/23,162,162,156,144,128,110,094,082,078,082,095,114,136,158,175,183,183,174,162,150,142,140,145,155
MA14,07/09/24,166,175,178,172,159,139,116,096,083,079,086,104,129,156,179,193,196,188,173,155,140,132,134,145
MA14,07/09/25,162,181,195,199,191,172,147,120,096,083,083,097,121,150,178,199,207,201,183,160,137,120,115,124
MA14,07/09/26,143,166,187,201,202,189,165,135,105,083,075,081,101,129,160,185,200,199,183,158,130,105,091,092
MA14,07/09/27,109,136,166,192,206,205,190,164,132,104,087,085,098,124,155,184,203,208,196,172,140,107,084,076
MA14,07/09/28,087,111,143,176,201,212,208,189,162,133,110,101,107,127,154,183,205,213,205,183,150,112,078,057
MA14,07/09/29,056,072,101,135,166,187,195,188,170,146,123,108,106,118,140,167,190,203,203,188,161,126,091,065
MA14,07/09/30,053,058,078,108,141,170,187,192,186,170,151,136,130,133,147,168,188,204,209,201,179,148,114,083
MA14,07/10/01,064,059,070,092,120,149,173,186,189,183,172,160,151,151,158,172,189,202,209,205,191,168,140,111
MA14,07/10/02,087,073,072,082,101,124,146,162,172,174,172,166,161,159,163,171,182,194,201,201,194,179,158,134
MA14,07/10/03,111,093,082,080,086,098,115,133,148,157,162,163,163,163,164,168,173,179,184,187,185,177,165,148
MA14,07/10/04,131,113,099,089,086,089,099,112,126,139,149,157,163,167,169,171,172,173,174,176,177,175,170,163
MA14,07/10/05,153,141,127,114,104,099,099,104,114,127,141,155,167,175,178,178,175,171,168,166,165,165,166,167
MA14,07/10/06,165,160,151,137,123,110,100,097,100,109,124,141,157,171,179,180,177,168,159,151,147,149,153,160
MA14,07/10/07,167,171,169,160,146,130,113,100,095,099,111,129,149,167,179,184,180,169,154,141,133,130,136,146
MA14,07/10/08,160,173,181,180,169,152,132,113,101,098,106,122,144,167,186,194,192,179,162,143,127,118,118,128
MA14,07/10/09,145,164,179,185,180,165,143,119,099,086,087,101,123,149,172,185,186,174,154,131,110,096,094,103
MA14,07/10/10,121,146,169,184,187,178,159,135,112,096,091,100,120,145,170,188,193,185,166,141,115,095,086,090
MA14,07/10/11,106,131,157,179,192,192,180,159,135,115,104,106,119,141,165,186,196,193,177,152,123,098,083,082
MA14,07/10/12,093,115,142,169,188,196,191,175,153,130,114,110,118,137,161,182,195,195,182,157,127,098,077,068
MA14,07/10/13,073,092,118,146,171,186,189,179,162,141,123,115,118,132,153,174,190,195,187,167,139,109,084,069
MA14,07/10/14,068,080,103,130,157,177,186,184,173,156,139,128,127,136,152,172,188,196,191,175,150,121,094,075
MA14,07/10/15,067,073,091,116,142,165,179,183,177,164,150,138,132,137,149,166,181,190,190,178,157,130,103,081
MA14,07/10/16,068,068,079,098,122,145,163,174,176,170,160,150,144,144,152,165,179,189,192,187,173,153,129,106
MA14,07/10/17,089,082,086,098,116,136,154,167,175,176,171,166,161,160,163,170,179,186,190,189,180,165,145,124
MA14,07/10/18,105,094,090,094,105,119,134,149,160,167,169,168,165,162,162,166,171,176,180,181,176,166,152,135
MA14,07/10/19,118,105,096,092,095,103,115,128,142,153,161,166,168,169,169,169,171,173,176,178,178,175,169,158
MA14,07/10/20,145,133,121,113,109,110,114,123,136,150,162,173,180,184,185,184,181,178,177,175,175,174,172,168
MA14,07/10/21,161,152,140,127,115,106,103,105,113,127,142,158,170,178,181,178,171,162,154,149,148,151,156,161
MA14,07/10/22,164,163,156,143,128,113,101,095,097,107,123,142,160,174,182,182,174,160,145,132,127,130,140,152
MA14,07/10/23,163,171,171,163,149,129,110,095,088,092,105,125,149,169,183,9999,9999,158,136,115,100,096,104,121
MA14,07/10/24,140,159,170,172,162,144,121,100,084,079,085,103,128,154,173,182,177,159,133,104,081,069,072,088
MA14,07/10/25,114,143,168,182,184,173,152,126,104,091,090,102,125,153,177,191,191,175,147,115,085,063,056,065
MA14,07/10/26,090,123,157,184,198,196,182,160,136,116,108,113,132,158,184,203,209,198,172,136,099,068,051,051
MA14,07/10/27,069,100,136,170,195,206,203,188,167,147,134,131,143,164,191,216,230,225,204,171,131,092,061,047
MA14,07/10/28,052,075,110,148,182,205,213,208,193,173,156,146,148,160,180,201,216,219,209,184,149,112,079,056
MA14,07/10/29,049,060,084,116,149,177,195,201,197,185,171,159,155,161,176,194,208,214,208,191,163,129,095,065
MA14,07/10/30,047,045,056,079,108,137,159,171,173,167,158,149,143,145,154,169,186,197,198,189,170,145,115,085
MA14,07/10/31,062,049,050,062,083,109,133,153,165,168,167,162,158,156,159,166,176,185,190,189,179,163,143,121
MA14,07/11/01,100,083,074,074,085,103,124,145,162,173,176,175,172,170,170,174,178,183,187,189,186,178,165,148
MA14,07/11/02,129,112,100,092,091,098,110,126,142,155,164,169,170,168,165,163,161,160,160,162,163,162,158,152
MA14,07/11/03,142,129,116,105,097,094,097,108,122,138,152,164,170,172,170,165,158,151,146,144,146,150,153,155
MA14,07/11/04,153,148,138,126,113,104,099,101,109,121,137,152,162,168,168,162,152,139,128,121,120,124,132,142
MA14,07/11/05,149,152,149,140,128,116,106,101,103,113,128,145,160,170,173,167,155,139,123,111,107,109,118,132
MA14,07/11/06,147,159,166,163,154,140,125,114,110,115,128,146,164,178,185,183,171,153,132,114,102,100,108,124
MA14,07/11/07,143,161,175,179,175,163,148,133,122,120,129,145,165,183,195,195,185,166,142,118,099,091,095,111
MA14,07/11/08,133,157,178,189,191,183,169,152,138,131,135,148,166,186,199,204,196,178,152,123,098,083,081,092
MA14,07/11/09,113,140,166,185,194,191,180,163,146,134,131,139,156,176,194,203,201,186,161,131,102,080,071,077
MA14,07/11/10,096,124,153,177,193,199,194,181,165,151,144,146,159,177,196,209,212,203,182,154,122,095,078,075
MA14,07/11/11,087,111,141,170,192,206,208,201,188,172,161,160,169,185,203,218,225,220,203,177,145,115,092,082
MA14,07/11/12,086,104,130,159,185,203,210,207,196,182,169,163,166,179,196,213,224,224,212,189,160,128,100,082
MA14,07/11/13,078,088,111,139,165,187,199,202,195,183,171,162,160,167,181,197,209,211,204,185,160,131,103,082
MA14,07/11/14,073,075,090,113,139,164,183,192,192,186,177,168,164,167,176,190,203,210,209,197,177,152,125,102
MA14,07/11/15,086,082,090,107,129,151,169,181,186,185,179,170,163,162,167,176,188,198,203,200,186,165,141,118
MA14,07/11/16,099,089,088,096,111,131,151,168,179,183,181,177,171,168,169,174,182,190,195,195,188,176,159,140
MA14,07/11/17,122,109,103,104,111,125,142,159,174,185,190,189,186,182,180,180,182,186,191,194,194,189,179,167
MA14,07/11/18,153,140,129,123,122,128,141,157,172,187,197,202,201,196,190,184,178,174,173,172,172,172,170,165
MA14,07/11/19,156,144,131,119,111,109,113,124,138,154,168,178,184,184,179,168,156,145,139,138,144,153,161,167
MA14,07/11/20,168,164,156,145,133,124,121,125,136,151,169,183,194,198,195,184,168,150,135,126,125,133,146,159
MA14,07/11/21,171,177,176,168,155,141,129,123,125,135,151,169,185,194,195,187,169,145,122,104,097,101,113,132
MA14,07/11/22,153,171,181,182,173,160,145,132,126,129,142,160,178,193,200,195,178,151,121,092,074,068,077,098
MA14,07/11/23,126,154,176,187,188,179,164,148,135,129,134,147,166,184,195,195,183,157,123,088,059,042,042,058
MA14,07/11/24,086,119,151,174,187,187,177,162,146,135,133,140,156,175,191,199,194,175,144,106,070,043,030,035
MA14,07/11/25,055,086,122,154,178,189,189,179,163,148,139,139,148,165,182,195,197,186,161,126,086,050,026,018
MA14,07/11/26,028,053,087,123,156,178,188,187,178,165,154,149,154,167,185,201,209,205,189,163,128,092,061,042
MA14,07/11/27,039,052,079,112,145,173,191,199,195,182,169,159,157,163,176,192,203,207,200,182,154,121,086,059
MA14,07/11/28,045,046,060,085,115,145,169,184,189,183,173,162,155,156,164,177,191,200,201,192,175,150,121,091
MA14,07/11/29,070,061,065,079,101,128,154,174,185,186,181,173,164,160,163,170,180,188,193,192,185,172,150,125
MA14,07/11/30,103,088,081,085,098,119,143,164,177,183,183,177,169,161,156,156,160,167,174,178,178,170,157,140
MA14,07/12/01,122,105,094,090,096,108,126,145,161,172,176,174,167,159,152,147,146,149,153,158,161,162,158,150
MA14,07/12/02,138,125,112,103,102,107,118,133,149,163,172,174,172,165,157,148,141,137,137,140,144,147,148,148
MA14,07/12/03,145,139,131,121,114,112,116,127,140,155,167,175,175,172,164,153,141,131,124,122,124,130,137,144
MA14,07/12/04,149,149,146,138,130,124,122,126,134,146,159,169,174,173,167,156,141,126,112,104,103,109,120,133
MA14,07/12/05,146,155,159,158,152,144,138,135,138,147,158,170,178,182,178,168,153,133,114,099,092,093,101,116
MA14,07/12/06,132,148,159,163,160,154,145,138,135,138,147,158,170,178,179,172,158,138,115,095,081,077,084,100
MA14,07/12/07,120,142,161,172,175,172,165,155,148,146,150,159,170,181,187,185,172,151,125,099,079,069,069,081
MA14,07/12/08,102,127,150,168,177,178,171,160,149,143,142,149,160,174,184,188,181,163,138,109,083,065,060,067
MA14,07/12/09,086,111,139,164,180,187,185,175,162,152,146,148,158,171,184,191,189,175,150,120,089,064,049,048
MA14,07/12/10,061,084,113,142,164,178,181,174,163,150,142,140,146,158,172,184,187,179,159,131,100,072,052,044
MA14,07/12/11,051,069,095,125,152,172,182,181,172,159,147,141,144,154,170,185,194,193,180,156,126,096,071,055
MA14,07/12/12,053,065,088,118,147,171,187,193,188,176,163,153,151,157,170,184,196,200,193,174,149,119,091,069
MA14,07/12/13,060,064,081,107,137,165,186,198,199,192,180,169,162,163,171,185,199,208,208,198,178,152,124,099
MA14,07/12/14,083,079,086,103,127,153,176,191,197,193,184,172,161,157,160,168,180,190,194,189,177,156,131,105
MA14,07/12/15,084,073,073,084,103,127,151,171,182,185,179,169,158,150,147,151,159,169,176,178,174,162,143,121
MA14,07/12/16,100,086,080,083,095,113,134,154,168,175,174,166,155,144,136,133,135,141,149,156,159,157,147,133
MA14,07/12/17,116,100,088,084,087,099,116,136,154,167,172,170,162,151,139,130,126,127,133,141,149,154,154,149
MA14,07/12/18,139,126,115,106,104,109,120,135,152,166,176,179,174,165,152,138,126,118,116,120,127,137,145,149
MA14,07/12/19,148,143,134,125,118,115,119,129,142,156,168,176,176,169,155,137,118,102,092,091,097,108,123,138
MA14,07/12/20,149,154,153,148,140,133,130,132,140,151,164,174,179,176,166,149,126,102,082,070,067,075,091,112
MA14,07/12/21,134,151,162,165,161,153,146,141,140,145,154,164,172,175,171,158,136,108,080,057,044,043,055,076
MA14,07/12/22,102,129,151,164,168,164,156,148,142,141,147,157,168,178,181,175,159,132,100,069,045,034,036,053
MA14,07/12/23,080,112,144,169,185,189,186,176,167,161,160,165,176,189,198,201,192,171,139,104,071,047,036,042
MA14,07/12/24,062,093,127,159,182,195,197,190,178,166,158,157,164,177,190,199,199,186,161,126,087,053,029,021
MA14,07/12/25,029,052,084,119,151,174,185,184,174,161,150,144,147,158,174,188,197,195,180,153,117,081,049,030
MA14,07/12/26,026,039,064,098,132,161,179,186,181,170,156,145,141,147,160,177,190,196,190,172,144,109,075,049
MA14,07/12/27,035,037,054,081,113,144,168,181,182,174,160,146,138,139,149,164,180,192,195,186,167,140,108,080
MA14,07/12/28,060,052,060,080,108,138,164,181,186,182,170,155,143,139,143,154,169,183,192,193,184,166,143,119
MA14,07/12/29,098,086,086,099,121,148,175,195,206,207,199,185,170,159,156,161,172,185,195,201,199,190,174,155
MA14,07/12/30,135,121,113,117,131,152,175,195,208,213,209,197,182,169,161,158,161,167,175,183,186,185,178,166
MA14,07/12/31,151,137,127,124,129,142,160,179,195,204,202,194,182,168,155,146,142,143,148,155,161,166,167,164
