MA14,89/01/01,118,110,106,102,103,109,121,136,149,160,166,162,154,142,129,118,108,100,098,098,103,110,116,122
MA14,89/01/02,124,124,120,115,114,114,118,126,136,145,152,154,148,141,130,114,098,086,078,074,078,086,098,110
MA14,89/01/03,121,128,130,130,128,126,126,129,134,143,150,155,156,150,140,126,111,093,076,066,064,070,082,097
MA14,89/01/04,112,127,137,143,143,138,134,130,130,133,140,147,151,153,148,136,118,094,071,052,042,043,050,067
MA14,89/01/05,087,109,127,139,144,143,138,131,126,126,130,137,145,152,154,148,134,112,084,058,039,031,034,046
MA14,89/01/06,067,094,120,141,152,156,151,142,133,126,126,132,140,151,161,162,152,130,102,071,042,022,017,023
MA14,89/01/07,043,069,101,129,147,156,156,147,133,124,117,118,126,140,157,166,164,149,124,091,058,030,013,010
MA14,89/01/08,021,045,079,113,142,161,170,166,157,144,134,130,134,147,166,181,186,180,159,127,091,054,028,014
MA14,89/01/09,016,032,062,098,130,154,168,170,162,147,132,120,117,126,144,166,180,182,173,150,118,081,050,026
MA14,89/01/10,017,024,046,080,114,144,166,174,172,158,142,124,115,118,131,149,170,183,186,172,147,114,077,048
MA14,89/01/11,032,030,042,067,098,130,154,167,168,160,143,124,110,104,111,127,150,168,178,176,161,137,108,077
MA14,89/01/12,053,044,048,065,092,120,148,168,176,172,160,141,121,107,104,113,130,147,162,169,166,153,132,106
MA14,89/01/13,082,064,059,066,084,108,134,154,166,166,158,140,122,104,094,094,104,119,134,148,156,152,144,127
MA14,89/01/14,107,092,082,084,094,110,133,152,167,172,165,152,134,113,098,091,090,096,110,124,136,140,140,134
MA14,89/01/15,125,114,104,100,103,112,126,143,156,164,164,154,141,125,108,092,084,082,086,098,110,123,132,136
MA14,89/01/16,136,132,127,124,124,130,138,149,162,173,176,173,164,148,130,110,093,082,076,078,087,100,113,123
MA14,89/01/17,132,136,140,140,140,140,142,148,156,162,168,169,164,156,142,124,104,084,070,063,061,068,081,096
MA14,89/01/18,117,130,140,145,146,146,144,144,144,147,152,158,160,159,152,140,121,098,074,057,047,048,057,073
MA14,89/01/19,094,118,137,150,157,158,156,151,148,148,152,159,166,174,176,170,154,130,104,077,058,048,050,062
MA14,89/01/20,083,109,132,152,166,170,168,162,154,150,151,156,167,180,187,188,180,164,140,110,084,064,056,058
MA14,89/01/21,075,100,128,152,172,181,181,173,160,150,144,143,150,164,178,188,188,177,155,125,091,061,042,036
MA14,89/01/22,048,069,098,127,153,168,174,166,153,141,130,126,132,146,161,176,186,182,166,141,108,074,049,035
MA14,89/01/23,038,056,084,115,145,168,179,177,166,157,137,128,129,142,164,186,201,206,200,181,150,116,085,066
MA14,89/01/24,062,071,093,122,153,177,192,194,184,166,148,134,128,133,147,165,182,192,192,177,154,124,093,068
MA14,89/01/25,054,056,070,096,126,153,173,178,173,158,138,118,107,106,116,132,153,168,174,170,153,129,101,075
MA14,89/01/26,056,054,064,086,111,137,159,170,168,156,138,120,104,098,102,117,137,155,166,168,162,145,124,101
MA14,89/01/27,082,076,080,095,117,144,166,182,185,177,160,141,123,114,112,120,134,149,161,167,168,150,140,120
MA14,89/01/28,100,088,086,094,109,130,150,165,168,166,153,135,116,102,094,097,106,117,130,138,142,139,131,120
MA14,89/01/29,105,096,092,094,106,123,141,155,162,162,152,138,117,100,090,086,088,096,106,117,126,128,126,122
MA14,89/01/30,115,108,104,105,111,122,138,150,157,160,154,142,127,109,095,086,083,083,088,096,106,113,118,120
MA14,89/01/31,120,119,118,118,119,126,136,144,152,156,155,148,136,122,108,096,088,083,083,086,092,102,113,122
MA14,89/02/01,129,134,138,140,143,148,152,157,162,166,168,165,159,148,136,122,108,095,086,082,082,087,098,110
MA14,89/02/02,123,135,145,151,152,151,150,150,152,154,156,159,158,156,148,136,120,103,084,072,064,064,071,087
MA14,89/02/03,107,128,146,157,163,164,160,154,150,148,150,154,158,162,160,153,137,115,090,066,050,043,046,060
MA14,89/02/04,081,108,133,153,164,166,164,153,144,136,134,138,148,156,164,164,155,134,107,076,052,035,028,035
MA14,89/02/05,055,083,115,141,161,168,166,156,141,129,122,124,133,148,162,172,172,156,131,099,066,040,024,022
MA14,89/02/06,037,063,098,132,158,173,176,167,151,134,120,116,124,138,157,174,184,179,158,129,094,059,033,020
MA14,89/02/07,023,043,075,110,141,164,173,169,152,132,113,102,100,113,136,159,176,184,176,153,120,084,050,027
MA14,89/02/08,020,031,057,092,127,155,171,172,160,138,115,096,086,093,112,139,166,183,186,176,150,120,087,059
MA14,89/02/09,044,047,065,096,131,160,184,192,186,166,138,111,094,090,102,122,149,172,184,186,175,150,122,095
MA14,89/02/10,076,070,080,102,130,157,180,192,189,172,149,124,100,087,090,104,127,151,169,179,178,164,144,121
MA14,89/02/11,100,089,090,105,125,149,171,184,185,174,153,128,102,083,074,078,095,116,136,152,158,156,146,133
MA14,89/02/12,119,108,106,112,127,146,163,178,182,175,160,139,114,091,079,074,081,094,108,125,137,143,144,139
MA14,89/02/13,131,125,124,126,137,148,162,173,178,175,166,149,129,109,091,078,074,078,085,095,108,118,124,127
MA14,89/02/14,128,128,128,132,137,144,152,158,162,161,155,146,132,116,099,084,074,066,064,066,074,085,096,107
MA14,89/02/15,116,123,127,132,135,138,142,144,146,148,148,145,137,129,116,102,086,072,060,054,054,061,072,088
MA14,89/02/16,104,117,130,138,142,142,140,137,136,138,140,142,142,140,135,124,109,090,072,055,048,048,057,072
MA14,89/02/17,094,114,134,146,150,152,148,143,136,134,134,138,144,148,152,144,133,114,092,068,050,040,042,055
MA14,89/02/18,076,103,128,148,160,163,158,149,140,134,132,136,146,158,169,170,164,148,124,095,067,050,042,047
MA14,89/02/19,065,092,119,142,157,164,158,145,132,117,112,114,123,138,156,164,166,156,134,106,075,049,034,034
MA14,89/02/20,048,074,103,129,149,156,154,143,126,108,098,098,106,123,143,163,172,169,154,128,096,066,044,036
MA14,89/02/21,045,066,096,126,151,166,166,154,133,110,093,086,090,104,126,149,165,170,163,141,111,079,053,036
MA14,89/02/22,036,050,077,107,136,157,162,154,134,111,088,074,070,082,102,127,148,161,160,148,123,092,063,041
MA14,89/02/23,035,044,065,093,120,144,153,149,132,107,083,065,057,062,078,103,129,150,158,154,137,111,082,061
MA14,89/02/24,050,056,071,095,124,148,162,164,152,129,103,080,067,065,076,097,122,144,158,161,150,131,109,086
MA14,89/02/25,072,070,082,100,124,150,167,171,161,140,117,093,075,068,074,090,113,137,156,164,163,153,136,120
MA14,89/02/26,108,104,110,126,144,166,182,186,181,161,138,113,091,078,076,082,097,116,134,144,147,142,130,116
MA14,89/02/27,103,096,096,106,120,137,152,160,157,146,128,105,083,067,060,062,072,086,102,116,125,126,122,116
MA14,89/02/28,108,104,103,108,118,132,146,156,158,150,137,119,100,081,070,066,070,078,090,102,113,120,123,124
MA14,89/03/01,122,120,122,126,130,139,149,156,158,154,144,130,114,097,084,074,068,068,072,078,086,094,102,107
MA14,89/03/02,113,117,122,122,122,124,128,132,136,136,134,127,118,104,090,077,066,058,053,054,060,069,081,094
MA14,89/03/03,108,120,129,134,135,136,135,136,136,138,142,142,138,132,122,108,094,077,064,056,054,058,070,088
MA14,89/03/04,107,126,142,153,157,156,151,144,142,142,144,149,154,158,156,147,132,113,092,073,061,058,064,082
MA14,89/03/05,106,131,154,169,176,172,164,151,140,134,134,142,152,164,170,170,159,140,113,085,062,047,046,059
MA14,89/03/06,082,111,141,164,177,178,170,154,136,122,118,124,140,158,176,186,184,169,143,110,080,055,043,046
MA14,89/03/07,063,093,126,156,178,184,177,159,136,115,101,100,112,133,160,183,194,188,168,139,103,070,048,040
MA14,89/03/08,048,073,108,141,167,180,177,161,137,108,085,074,078,098,128,157,179,188,178,155,123,088,059,042
MA14,89/03/09,042,058,089,122,154,171,174,160,137,105,075,056,053,066,091,128,158,177,180,168,144,115,086,064
MA14,89/03/10,056,063,084,114,142,165,174,166,143,113,080,052,038,040,058,088,121,149,164,163,152,130,106,083
MA14,89/03/11,071,074,088,110,137,159,173,168,151,125,092,061,042,034,043,064,093,123,144,156,156,144,128,108
MA14,89/03/12,096,094,100,116,136,156,170,174,162,142,115,083,059,041,039,051,070,094,119,136,144,140,132,121
MA14,89/03/13,112,107,110,120,136,152,166,171,166,152,130,104,079,060,050,050,062,080,099,119,134,142,144,143
MA14,89/03/14,139,136,136,142,153,164,174,182,180,173,158,139,120,100,086,078,078,083,094,108,121,130,138,140
MA14,89/03/15,142,143,146,152,156,161,168,170,170,168,159,146,132,116,100,087,080,076,078,084,094,104,115,124
MA14,89/03/16,132,139,143,145,148,150,152,153,154,154,150,146,140,132,119,106,094,083,076,073,076,084,097,113
MA14,89/03/17,126,140,148,154,155,154,151,147,145,144,146,148,152,148,142,132,119,101,086,072,068,070,080,096
MA14,89/03/18,116,134,148,156,156,152,144,137,132,130,133,142,152,158,162,156,144,125,104,084,072,068,074,088
MA14,89/03/19,109,133,150,161,163,160,150,138,126,120,120,130,142,156,166,170,163,148,125,100,080,067,067,077
MA14,89/03/20,097,124,148,164,170,166,156,140,123,112,111,115,131,150,168,178,180,167,147,122,096,076,070,075
MA14,89/03/21,094,118,145,166,176,176,162,143,124,106,097,100,114,136,159,176,183,178,162,137,111,088,076,076
MA14,89/03/22,090,114,140,165,180,184,173,153,129,106,092,092,101,121,145,168,184,186,177,156,130,106,086,079
MA14,89/03/23,088,108,134,158,175,182,173,155,130,104,083,072,076,094,119,144,165,176,174,160,138,112,090,080
MA14,89/03/24,082,098,119,143,164,174,171,155,130,100,075,061,060,074,098,126,152,170,176,170,153,130,111,097
MA14,89/03/25,096,109,130,156,178,192,192,177,152,123,093,073,064,068,088,114,139,162,171,170,160,139,119,102
MA14,89/03/26,094,099,111,132,154,169,173,163,144,117,088,066,052,050,063,085,112,136,153,160,156,146,130,116
MA14,89/03/27,108,108,117,133,152,168,176,172,156,134,106,082,065,057,063,078,100,124,146,158,163,159,150,138
MA14,89/03/28,129,126,132,142,155,171,182,182,172,152,130,106,085,072,071,078,094,113,132,147,154,156,152,144
MA14,89/03/29,138,135,136,142,152,163,172,174,168,154,136,113,093,077,068,068,073,086,102,117,128,134,137,135
MA14,89/03/30,134,132,131,133,138,146,153,156,154,148,134,118,100,083,070,062,060,064,072,083,096,107,116,124
MA14,89/03/31,128,132,132,133,136,139,142,144,146,144,138,130,119,106,094,082,074,070,068,074,082,095,108,123
MA14,89/04/01,134,144,150,150,148,145,142,141,140,141,143,142,140,134,124,114,100,086,076,060,062,079,094,111
MA14,89/04/02,129,144,152,155,150,141,132,124,120,120,124,132,140,144,140,132,116,098,079,064,056,058,070,093
MA14,89/04/03,118,140,157,165,164,153,138,123,115,107,114,125,141,156,164,162,151,132,108,084,067,060,066,081
MA14,89/04/04,106,134,158,173,174,164,145,123,102,088,087,099,119,140,159,169,166,152,126,096,070,053,051,062
MA14,89/04/05,085,115,143,164,172,166,148,122,094,072,062,069,090,118,148,169,179,174,156,127,099,074,061,062
MA14,89/04/06,077,105,135,162,174,173,155,127,092,062,040,040,053,083,117,148,170,177,170,149,122,095,074,067
MA14,89/04/07,077,098,125,151,170,174,162,137,103,066,037,023,027,049,083,117,150,169,172,163,144,119,096,086
MA14,89/04/08,088,103,126,150,171,179,174,154,124,085,051,028,021,031,057,093,128,157,174,175,165,148,129,115
MA14,89/04/09,110,117,132,153,174,185,185,170,143,109,073,043,024,023,037,062,093,122,146,156,155,145,132,117
MA14,89/04/10,110,111,122,139,157,171,176,170,152,124,092,060,037,026,030,046,070,096,122,139,148,147,140,131
MA14,89/04/11,125,122,129,140,154,167,174,172,162,141,117,089,066,048,042,047,062,080,101,121,134,139,138,135
MA14,89/04/12,130,128,130,135,143,152,160,162,158,147,130,111,091,071,057,053,058,067,083,100,115,126,132,135
MA14,89/04/13,135,135,135,136,140,144,150,152,150,144,135,124,109,093,080,070,065,066,070,081,094,107,119,127
MA14,89/04/14,134,136,138,138,138,138,138,138,138,137,136,132,125,116,105,095,082,076,074,076,086,098,112,124
MA14,89/04/15,134,142,146,144,140,136,132,128,127,128,131,134,135,135,130,120,107,094,085,080,082,090,103,120
MA14,89/04/16,134,148,156,158,154,146,138,131,128,128,132,140,148,154,154,148,137,122,106,094,092,095,103,119
MA14,89/04/17,136,151,162,165,161,148,132,117,103,098,101,112,125,137,146,147,138,123,104,086,073,069,076,089
MA14,89/04/18,109,128,143,150,148,136,118,097,082,074,075,084,102,123,140,149,148,137,121,099,081,071,070,082
MA14,89/04/19,100,123,141,151,150,139,118,097,075,058,056,064,080,103,124,143,150,147,132,111,091,078,072,077
MA14,89/04/20,095,116,137,152,156,149,130,105,077,057,047,052,067,091,120,144,161,163,156,138,117,100,087,088
MA14,89/04/21,100,120,141,156,163,159,141,115,087,060,043,041,052,073,102,132,153,164,161,148,131,111,096,090
MA14,89/04/22,097,114,133,153,166,166,152,131,101,070,049,038,042,060,088,117,144,162,168,163,147,130,112,102
MA14,89/04/23,105,117,136,155,171,175,167,147,118,086,061,043,040,052,073,106,136,160,174,177,169,156,141,130
MA14,89/04/24,130,138,154,171,187,193,189,175,149,119,088,066,056,059,075,103,131,158,178,185,182,172,158,146
MA14,89/04/25,138,142,151,165,180,188,188,178,157,130,101,076,061,056,066,085,109,134,155,168,172,168,158,150
MA14,89/04/26,142,140,145,155,167,177,181,176,163,142,117,092,072,060,060,070,088,110,132,148,160,164,160,152
MA14,89/04/27,147,144,144,150,159,168,174,174,166,153,132,111,090,074,067,070,081,098,117,137,154,162,165,163
MA14,89/04/28,158,155,153,154,159,164,167,168,166,156,142,124,105,086,072,065,065,073,086,100,117,131,140,145
MA14,89/04/29,146,144,141,138,137,138,142,145,148,146,142,134,122,108,094,083,074,072,078,087,101,118,132,144
MA14,89/04/30,152,154,152,146,140,134,130,130,132,134,138,140,135,127,116,102,088,077,072,072,081,096,112,130
MA14,89/05/01,145,154,156,150,140,126,116,110,110,115,124,136,142,144,141,131,116,100,086,080,082,092,110,130
MA14,89/05/02,151,167,173,170,159,142,123,108,098,100,112,129,146,158,166,162,149,133,113,096,087,088,100,119
MA14,89/05/03,140,160,174,174,163,142,118,095,076,071,080,097,121,146,166,174,172,156,137,115,097,090,095,111
MA14,89/05/04,133,154,172,178,171,151,123,092,065,048,046,060,085,119,148,170,178,172,157,137,116,102,098,106
MA14,89/05/05,125,149,169,180,180,164,137,103,068,042,030,036,057,091,126,156,176,183,179,163,144,127,115,116
MA14,89/05/06,128,147,168,182,188,180,158,126,090,056,031,023,034,060,095,130,160,178,183,176,162,144,129,124
MA14,89/05/07,130,146,165,182,193,192,180,156,123,086,053,036,035,052,083,117,147,172,187,192,186,172,156,145
MA14,89/05/08,142,151,166,182,195,200,194,175,147,114,082,054,040,042,061,089,121,150,170,183,184,176,164,152
MA14,89/05/09,146,148,158,173,186,198,200,189,169,142,110,081,060,050,056,072,100,131,157,168,174,172,164,154
MA14,89/05/10,142,140,142,152,163,174,178,176,162,141,117,090,067,052,050,058,075,099,123,143,158,162,158,154
MA14,89/05/11,146,140,138,140,149,160,166,168,165,152,135,114,092,075,064,064,070,086,105,124,140,152,158,156
MA14,89/05/12,152,146,139,138,141,146,152,156,156,152,143,130,114,097,084,076,075,081,095,111,127,142,150,154
MA14,89/05/13,154,152,146,142,140,140,144,148,152,152,151,146,138,126,112,101,094,093,098,108,123,137,149,158
MA14,89/05/14,162,161,158,151,145,140,138,139,143,146,150,154,154,152,145,134,124,118,114,114,121,132,143,153
MA14,89/05/15,160,162,159,152,140,126,117,111,111,114,122,132,139,142,142,134,123,112,103,099,100,110,123,137
MA14,89/05/16,150,156,156,148,134,117,102,090,085,087,096,110,126,138,145,146,139,128,114,104,102,108,117,134
MA14,89/05/17,149,159,163,158,144,127,105,087,076,072,080,095,114,132,146,153,150,140,126,113,103,103,110,123
MA14,89/05/18,139,154,163,162,150,131,108,083,065,056,058,071,092,116,137,148,153,150,137,122,109,102,104,115
MA14,89/05/19,131,149,9999,9999,9999,9999,9999,9999,9999,044,040,049,070,098,122,144,156,157,148,137,121,109,106,114
MA14,89/05/20,129,148,162,168,166,152,130,100,072,050,040,044,061,088,116,143,162,170,169,159,145,134,125,124
MA14,89/05/21,137,154,172,184,186,176,157,130,100,072,053,048,058,079,108,137,162,178,184,178,166,152,139,134
MA14,89/05/22,139,152,167,181,188,183,168,143,110,079,055,042,044,060,086,116,143,165,178,178,171,159,147,140
MA14,89/05/23,140,148,162,178,190,193,184,164,137,104,077,056,048,054,072,099,129,155,173,180,178,170,158,147
MA14,89/05/24,142,145,156,171,184,190,186,174,151,122,089,066,052,048,060,080,104,131,154,169,174,170,161,151
MA14,89/05/25,144,143,148,157,172,182,186,179,164,140,112,085,065,054,055,068,090,115,137,157,170,174,170,162
MA14,89/05/26,154,150,152,157,167,180,186,187,180,163,143,121,098,084,076,078,090,107,129,150,163,173,174,168
MA14,89/05/27,161,152,146,146,149,158,165,170,170,165,151,135,116,100,088,083,086,098,113,132,150,166,174,175
MA14,89/05/28,172,164,154,149,146,147,152,159,163,164,162,153,142,128,113,102,098,099,107,121,137,154,167,173
MA14,89/05/29,174,168,158,146,134,130,129,133,140,148,153,154,152,144,133,120,110,105,106,114,125,142,158,170
MA14,89/05/30,176,174,164,150,133,119,110,108,112,123,136,146,154,154,149,139,127,116,110,110,116,130,146,161
MA14,89/05/31,170,171,166,151,131,108,090,080,078,086,103,121,138,150,154,150,140,128,118,110,110,119,135,150
MA14,89/06/01,163,172,170,157,136,110,084,061,051,052,064,087,114,136,152,160,158,148,135,122,114,116,124,138
MA14,89/06/02,153,166,171,164,147,121,089,059,037,027,032,051,078,107,135,154,162,159,150,136,125,118,120,130
MA14,89/06/03,146,162,172,173,164,142,112,079,047,025,020,028,052,084,117,144,164,172,168,157,144,134,128,132
MA14,89/06/04,144,160,175,183,180,166,141,107,070,038,020,016,030,054,087,121,148,165,170,166,154,142,132,128
MA14,89/06/05,134,147,164,177,184,178,160,132,095,061,032,017,018,035,063,096,129,154,168,171,164,154,141,134
MA14,89/06/06,134,143,157,173,185,188,180,161,130,095,062,040,030,034,054,082,113,143,163,173,172,163,151,138
MA14,89/06/07,132,134,143,156,172,182,182,170,147,117,085,057,038,033,042,064,090,120,144,159,164,161,151,140
MA14,89/06/08,130,128,134,144,158,172,178,175,161,140,115,088,064,052,050,061,081,104,128,147,160,162,158,148
MA14,89/06/09,136,130,128,135,146,157,167,170,166,153,138,113,093,076,070,075,087,106,130,150,165,172,170,164
MA14,89/06/10,154,144,139,138,141,150,158,164,167,162,150,135,118,102,090,086,091,104,122,140,156,166,170,167
MA14,89/06/11,158,149,139,132,131,135,140,147,153,154,152,144,132,119,107,101,100,104,118,132,145,157,164,163
MA14,89/06/12,158,148,137,125,117,116,117,122,129,135,138,138,134,127,117,109,104,103,108,121,133,147,156,160
MA14,89/06/13,158,152,141,127,114,103,098,100,106,114,122,130,134,134,130,124,117,114,112,118,126,138,148,155
MA14,89/06/14,158,154,145,132,116,100,090,084,086,094,105,116,127,135,138,138,132,126,122,120,126,136,146,155
MA14,89/06/15,161,162,155,143,127,108,092,080,075,078,090,107,125,139,150,154,152,146,138,132,130,135,144,154
MA14,89/06/16,163,169,168,158,143,124,102,084,070,068,075,093,113,133,152,164,168,165,157,150,144,144,150,164
MA14,89/06/17,178,190,194,187,173,152,125,100,080,068,068,078,097,123,146,163,172,173,168,157,147,140,139,146
MA14,89/06/18,158,172,180,181,173,156,132,103,077,059,053,062,079,107,135,159,177,186,184,175,161,152,147,151
MA14,89/06/19,160,174,187,193,190,176,152,122,091,065,050,050,062,085,114,142,165,181,184,179,168,156,146,143
MA14,89/06/20,149,162,178,189,192,185,167,139,107,074,051,040,043,061,087,118,148,170,181,182,172,160,147,138
MA14,89/06/21,140,150,164,180,188,188,176,153,122,089,060,042,036,046,069,097,127,154,171,176,172,161,148,136
MA14,89/06/22,134,138,151,166,180,186,182,166,140,110,077,052,039,037,050,076,105,134,157,169,173,166,154,142
MA14,89/06/23,132,132,139,153,167,180,184,178,164,136,106,079,057,046,050,067,093,123,150,168,178,176,167,152
MA14,89/06/24,139,132,132,140,154,169,179,182,175,158,134,106,082,065,059,066,084,109,134,156,172,176,171,160
MA14,89/06/25,146,132,125,124,132,146,158,168,172,166,152,134,114,094,084,084,092,109,130,150,166,176,178,169
MA14,89/06/26,156,138,122,113,112,120,131,144,153,156,152,142,127,113,100,094,094,102,118,136,152,166,170,168
MA14,89/06/27,157,143,125,109,100,100,106,118,131,141,147,148,144,135,124,115,110,112,121,135,150,163,172,172
MA14,89/06/28,165,154,137,118,103,092,088,093,104,118,132,143,149,152,152,146,141,138,138,144,154,167,178,183
MA14,89/06/29,181,175,160,140,118,097,083,078,082,094,111,128,143,154,160,160,157,150,146,144,148,157,167,175
MA14,89/06/30,180,178,168,151,129,106,081,065,060,063,077,099,122,143,158,167,170,167,162,155,150,152,158,168
MA14,89/07/01,180,183,181,172,152,126,097,069,051,044,049,066,091,119,141,160,169,169,164,155,146,142,144,153
MA14,89/07/02,166,176,182,179,166,146,117,086,057,039,034,044,065,095,126,152,171,179,178,168,158,147,144,148
MA14,89/07/03,159,173,186,194,190,175,150,118,083,054,040,038,051,076,107,139,164,180,183,177,166,154,144,141
MA14,89/07/04,146,160,176,187,194,190,171,143,108,075,050,036,040,057,085,119,149,171,182,182,174,160,146,136
MA14,89/07/05,138,147,162,180,194,198,189,170,141,106,075,053,045,054,076,104,136,160,176,182,179,166,150,137
MA14,89/07/06,130,136,149,165,182,192,194,184,160,133,100,073,068,067,072,095,122,150,173,183,180,170,155,139
MA14,89/07/07,128,127,134,148,164,178,184,182,169,148,121,095,076,068,074,091,114,140,162,174,179,173,157,141
MA14,89/07/08,125,118,120,129,144,159,170,174,168,154,135,113,094,081,080,091,110,133,155,170,176,174,164,147
MA14,89/07/09,129,115,110,113,124,140,153,164,166,159,146,130,113,100,096,103,117,136,156,171,180,182,173,160
MA14,89/07/10,143,126,115,110,115,124,135,145,152,153,146,134,123,112,104,103,109,123,137,152,166,170,167,157
MA14,89/07/11,144,128,113,102,099,102,111,123,132,139,141,140,134,125,117,114,116,122,135,147,159,169,170,166
MA14,89/07/12,156,142,127,114,105,103,108,116,129,140,148,152,153,150,145,138,134,136,140,150,159,165,170,168
MA14,89/07/13,161,150,133,117,105,095,090,092,099,108,121,133,140,145,148,146,142,140,140,144,150,158,164,165
MA14,89/07/14,162,155,142,126,110,094,083,079,080,087,100,116,130,141,147,151,150,147,144,142,142,146,152,156
MA14,89/07/15,161,158,153,141,126,106,088,074,066,068,078,094,114,133,148,158,162,160,153,146,142,143,147,154
MA14,89/07/16,162,166,164,158,142,122,099,076,060,054,058,072,094,119,141,160,170,170,166,156,146,142,142,149
MA14,89/07/17,160,170,176,173,163,145,121,095,071,055,053,062,084,109,137,162,178,183,179,168,155,146,142,145
MA14,89/07/18,157,174,187,193,186,169,142,110,079,054,042,043,058,083,114,143,165,176,177,170,157,142,134,134
MA14,89/07/19,140,157,176,190,193,184,165,137,100,070,047,038,047,067,097,131,161,180,186,181,168,153,139,133
MA14,89/07/20,139,154,172,187,198,197,183,157,125,088,059,041,038,052,075,106,138,163,177,180,171,157,138,124
MA14,89/07/21,120,126,142,162,180,190,188,172,145,113,079,054,040,041,059,088,120,151,171,178,174,160,142,122
MA14,89/07/22,108,108,120,139,161,180,188,181,162,134,103,073,052,047,057,079,107,137,159,174,176,164,147,127
MA14,89/07/23,108,102,106,120,145,169,183,186,177,158,134,107,085,073,075,091,114,139,161,177,183,177,161,141
MA14,89/07/24,120,105,100,106,121,142,161,174,175,167,152,132,114,100,095,101,117,138,159,176,184,184,172,155
MA14,89/07/25,133,113,100,097,103,116,134,149,159,163,158,148,135,124,118,117,122,136,153,167,177,182,176,161
MA14,89/07/26,142,120,100,086,082,086,096,112,126,136,142,142,139,135,128,125,128,137,148,162,175,179,180,172
MA14,89/07/27,158,138,117,098,085,078,080,089,101,115,126,136,140,144,144,144,144,148,152,158,166,172,176,174
MA14,89/07/28,166,153,136,116,094,079,068,068,074,084,100,116,132,143,150,153,154,152,152,154,156,163,168,172
MA14,89/07/29,172,166,153,136,115,093,075,062,056,060,071,090,111,132,148,156,161,160,156,153,150,153,159,166
MA14,89/07/30,172,176,171,159,141,118,091,068,053,046,052,070,093,120,142,161,172,174,169,162,156,154,159,169
MA14,89/07/31,179,188,193,190,178,156,129,100,076,060,058,067,088,120,149,173,188,194,191,181,170,162,160,163
MA14,89/08/01,174,188,200,204,202,188,164,134,101,076,061,062,076,105,134,163,185,197,196,189,175,162,153,152
MA14,89/08/02,162,178,194,208,214,207,189,159,124,092,067,059,065,085,114,144,170,187,192,185,170,154,140,132
MA14,89/08/03,136,150,168,186,201,204,194,171,141,106,077,060,060,074,098,129,158,180,190,187,174,157,139,126
MA14,89/08/04,126,138,153,175,194,206,206,189,165,133,104,083,073,081,102,129,158,185,201,203,193,175,154,139
MA14,89/08/05,132,136,149,167,186,202,209,203,186,162,136,112,099,098,110,131,158,185,204,211,207,195,177,159
MA14,89/08/06,147,147,155,170,189,206,216,217,209,193,169,148,135,130,135,154,176,198,214,223,221,207,186,165
MA14,89/08/07,147,139,140,148,163,178,189,193,192,181,166,147,131,121,123,136,154,176,192,202,202,191,173,153
MA14,89/08/08,135,123,118,125,136,149,163,171,173,168,159,146,132,123,121,126,140,158,174,185,187,182,168,151
MA14,89/08/09,132,118,110,107,115,126,138,150,157,159,156,150,142,138,134,139,147,159,172,183,188,187,177,163
MA14,89/08/10,145,129,115,108,107,111,119,129,138,145,150,152,152,149,148,148,153,161,170,177,184,186,182,172
MA14,89/08/11,160,145,131,118,108,105,107,113,123,131,140,149,154,157,160,161,162,164,166,171,176,180,179,173
MA14,89/08/12,166,156,143,126,112,099,093,092,097,104,117,129,141,152,159,164,165,164,162,161,162,165,166,165
MA14,89/08/13,164,159,149,135,118,101,086,077,076,080,091,106,124,142,155,164,167,165,161,156,153,155,158,162
MA14,89/08/14,165,165,160,150,132,112,091,073,062,061,068,083,104,129,151,165,173,172,164,154,147,144,146,154
MA14,89/08/15,164,171,174,169,156,134,110,084,061,050,049,062,086,115,143,166,179,182,175,162,147,136,136,142
MA14,89/08/16,154,170,181,187,180,161,135,104,075,052,043,048,068,098,129,159,178,188,185,170,152,136,127,128
MA14,89/08/17,140,160,181,195,198,188,166,135,102,071,050,044,057,082,117,151,178,193,195,182,163,142,126,121
MA14,89/08/18,127,146,170,193,206,207,193,167,133,096,069,055,056,076,105,139,170,191,198,191,173,148,125,108
MA14,89/08/19,107,120,142,168,189,202,201,183,154,119,088,065,056,065,090,120,152,180,193,188,172,147,119,096
MA14,89/08/20,085,090,108,134,160,182,191,186,165,138,107,083,068,067,082,107,136,163,180,183,171,150,122,093
MA14,89/08/21,075,067,076,097,126,151,171,177,169,152,128,105,088,082,091,107,134,158,176,182,176,159,133,104
MA14,89/08/22,080,064,065,076,097,121,142,155,159,151,137,121,107,099,102,116,134,155,172,181,180,167,145,118
MA14,89/08/23,092,073,062,064,076,095,114,133,142,146,143,136,126,119,121,127,140,157,172,181,183,176,161,140
MA14,89/08/24,117,097,080,073,074,083,097,112,126,134,140,142,141,138,140,144,150,159,170,177,182,181,173,159
MA14,89/08/25,144,125,105,090,081,078,080,089,100,114,126,137,143,148,152,154,156,159,162,167,170,172,171,167
MA14,89/08/26,159,146,130,113,096,084,079,078,083,093,108,125,141,152,160,164,164,162,160,158,160,162,165,167
MA14,89/08/27,168,165,155,140,123,102,086,076,072,077,092,112,133,154,171,182,185,184,179,173,170,170,172,177
MA14,89/08/28,182,184,180,168,151,128,106,087,071,063,068,083,104,129,149,162,168,167,157,145,135,130,129,136
MA14,89/08/29,150,161,168,168,157,137,111,084,060,046,045,058,079,106,134,153,163,164,155,140,128,115,112,118
MA14,89/08/30,134,151,164,172,170,154,132,103,075,053,044,052,071,100,129,154,171,173,165,149,133,117,108,111
MA14,89/08/31,125,144,164,178,186,178,159,131,099,072,057,053,066,092,124,150,171,178,172,155,135,116,099,095
MA14,89/09/01,105,124,147,169,182,184,171,149,119,088,066,057,063,085,112,143,168,178,177,163,143,120,099,089
MA14,89/09/02,091,105,128,153,174,184,182,168,144,116,092,077,077,091,115,142,167,182,186,175,155,131,106,091
MA14,89/09/03,088,100,118,143,166,182,188,180,161,135,112,094,089,096,117,142,166,184,189,182,163,138,111,090
MA14,89/09/04,081,083,101,123,148,166,176,175,163,143,120,102,092,093,110,132,156,173,181,177,164,140,115,092
MA14,89/09/05,077,072,081,101,125,147,161,166,160,146,127,110,099,098,107,123,145,165,176,176,165,145,120,096
MA14,89/09/06,078,068,069,082,103,124,143,152,154,147,135,121,112,109,112,124,141,158,169,172,166,152,130,105
MA14,89/09/07,086,073,068,073,087,104,121,134,143,143,138,131,124,120,121,127,139,152,162,168,167,157,141,122
MA14,89/09/08,102,088,080,076,082,093,107,122,132,137,140,139,137,136,137,140,148,155,163,168,169,165,155,142
MA14,89/09/09,125,110,097,088,086,089,096,105,116,126,135,142,146,150,152,154,156,159,163,168,170,168,163,155
MA14,89/09/10,146,133,121,109,098,092,094,096,104,114,126,139,151,161,166,169,170,169,167,167,168,168,168,167
MA14,89/09/11,162,156,145,132,118,103,094,090,090,098,110,128,146,162,175,181,180,174,168,161,158,158,161,166
MA14,89/09/12,168,169,164,152,135,113,095,080,071,073,083,104,128,150,169,181,182,175,164,152,143,140,144,152
MA14,89/09/13,164,172,175,170,156,132,106,083,064,057,062,077,103,133,158,176,182,176,160,143,127,116,117,128
MA14,89/09/14,146,164,178,183,173,154,126,097,071,053,052,065,088,119,150,173,186,183,168,147,123,105,100,107
MA14,89/09/15,127,151,175,191,192,181,157,125,091,065,053,055,073,102,136,167,185,188,176,153,125,098,083,081
MA14,89/09/16,095,124,153,178,193,193,178,153,118,087,064,055,065,090,122,154,178,188,180,162,131,099,073,062
MA14,89/09/17,068,090,120,152,180,192,189,173,148,117,092,077,078,094,121,152,177,195,194,177,149,115,086,064
MA14,89/09/18,060,073,097,131,163,187,198,192,175,152,127,110,105,113,132,158,184,201,204,193,167,133,101,074
MA14,89/09/19,057,058,075,100,132,160,179,184,178,164,146,129,119,122,135,156,176,193,202,199,182,156,126,094
MA14,89/09/20,073,064,071,091,119,159,169,178,181,173,161,148,137,134,139,152,168,182,191,191,183,165,140,110
MA14,89/09/21,085,068,062,066,080,099,121,140,152,155,154,149,143,142,144,152,162,171,179,182,178,167,148,127
MA14,89/09/22,105,085,074,071,073,083,097,114,129,140,144,148,149,149,150,152,158,164,170,172,172,167,158,142
MA14,89/09/23,127,110,093,083,076,077,082,094,107,121,133,142,149,154,157,158,159,159,160,161,162,161,157,151
MA14,89/09/24,145,134,121,107,095,088,084,086,092,106,121,135,149,159,165,167,166,162,158,157,157,158,160,162
MA14,89/09/25,164,164,156,144,127,112,100,093,093,102,117,135,155,171,182,186,183,178,169,160,157,156,161,167
MA14,89/09/26,175,180,178,172,156,137,119,102,094,096,106,123,143,164,178,186,185,177,163,150,138,134,138,149
MA14,89/09/27,161,175,184,183,175,158,135,114,097,090,094,110,132,155,174,186,188,179,165,147,131,122,121,130
MA14,89/09/28,146,164,179,187,184,170,149,125,103,090,088,100,119,144,167,183,186,180,161,139,117,100,095,100
MA14,89/09/29,115,138,160,175,180,171,151,126,100,080,071,076,093,119,143,167,176,172,156,130,105,084,073,074
MA14,89/09/30,090,113,140,162,175,174,163,140,115,093,079,080,093,115,144,167,182,183,171,148,123,095,078,073
MA14,89/10/01,082,105,131,158,180,188,184,169,147,125,109,102,110,128,150,173,189,194,187,166,140,112,089,076
MA14,89/10/02,080,096,121,146,169,184,188,179,162,141,122,110,112,124,143,165,182,191,186,170,146,117,093,074
MA14,89/10/03,069,077,097,123,150,169,180,180,169,153,136,123,119,124,140,159,177,188,187,176,157,131,104,083
MA14,89/10/04,074,077,092,114,140,162,178,184,182,170,154,141,134,135,147,162,178,191,192,184,167,143,116,094
MA14,89/10/05,078,076,083,099,121,142,161,169,170,165,155,146,137,136,142,152,166,177,182,178,165,146,122,101
MA14,89/10/06,083,074,077,086,103,122,139,150,157,158,155,149,143,140,143,151,162,170,176,177,168,153,135,113
MA14,89/10/07,095,083,078,080,092,105,123,137,148,154,156,156,156,157,158,162,168,174,179,182,177,169,157,142
MA14,89/10/08,129,114,103,099,100,104,115,127,140,151,160,164,168,170,170,170,171,171,170,170,170,168,162,152
MA14,89/10/09,141,128,114,103,095,092,093,100,109,123,136,148,157,162,164,161,156,152,150,149,150,151,151,149
MA14,89/10/10,144,137,126,113,100,090,083,082,088,101,116,133,150,162,167,167,161,152,143,137,135,138,143,150
MA14,89/10/11,155,155,149,136,121,103,088,078,077,087,101,121,144,162,174,176,171,158,142,130,122,124,134,148
MA14,89/10/12,161,172,176,168,153,133,112,092,082,081,092,112,138,161,179,186,181,163,142,120,104,099,107,123
MA14,89/10/13,144,163,176,177,168,152,127,100,078,071,076,095,122,149,172,182,181,166,144,115,091,078,080,094
MA14,89/10/14,119,147,170,186,194,183,161,133,107,091,087,098,121,147,171,193,200,188,163,132,099,075,067,075
MA14,89/10/15,097,126,159,182,196,197,181,156,131,109,098,102,122,148,176,195,202,196,177,145,108,073,054,050
MA14,89/10/16,064,096,131,163,187,198,196,181,159,135,119,114,124,148,174,198,210,211,197,168,133,096,066,051
MA14,89/10/17,055,075,107,141,172,194,200,194,180,160,140,129,129,140,161,183,201,206,197,177,146,108,073,046
MA14,89/10/18,035,042,063,093,123,152,168,173,168,156,143,132,128,134,149,170,189,197,195,180,156,125,091,064
MA14,89/10/19,044,042,053,075,100,126,149,161,166,162,155,147,142,142,151,167,183,195,198,189,174,151,125,098
MA14,89/10/20,073,062,058,068,087,109,130,145,154,159,158,153,148,145,147,154,166,177,182,179,169,155,142,120
MA14,89/10/21,097,078,067,065,071,086,103,120,134,144,148,150,150,149,149,152,157,162,166,169,167,160,150,136
MA14,89/10/22,121,106,093,084,082,088,098,110,123,135,145,151,154,155,154,153,152,153,156,158,160,159,156,151
MA14,89/10/23,144,133,121,110,102,098,101,107,119,132,145,155,162,166,165,160,154,148,143,140,140,142,146,148
MA14,89/10/24,149,144,137,124,113,099,093,091,096,108,123,137,150,159,161,157,150,139,130,122,120,122,129,137
MA14,89/10/25,145,150,152,146,134,118,104,093,090,096,108,124,142,154,160,158,150,136,119,106,097,097,106,119
MA14,89/10/26,134,147,155,154,146,133,115,102,094,095,104,121,140,158,170,172,162,146,126,105,089,085,091,106
MA14,89/10/27,126,146,161,168,164,151,133,115,100,094,098,113,131,150,164,169,164,146,122,097,079,068,071,087
MA14,89/10/28,111,139,160,171,174,170,159,139,122,112,113,123,142,165,181,192,188,174,151,124,096,078,073,082
MA14,89/10/29,101,130,157,178,188,187,174,154,135,119,113,118,134,156,175,188,189,178,157,126,095,071,059,061
MA14,89/10/30,079,106,133,156,173,179,173,160,143,125,115,116,128,148,170,187,192,185,167,140,107,079,061,057
MA14,89/10/31,067,091,118,144,165,179,180,173,157,141,129,124,128,145,166,184,192,189,177,156,129,101,080,068
MA14,89/11/01,071,088,111,140,165,185,192,190,178,162,147,138,138,149,166,186,198,202,192,171,142,111,082,062
MA14,89/11/02,055,063,084,110,138,161,173,176,170,156,144,135,131,134,147,164,178,185,181,167,144,116,088,067
MA14,89/11/03,055,056,069,089,115,140,160,171,172,166,155,147,140,142,150,164,177,185,187,180,161,139,111,088
MA14,89/11/04,072,064,068,080,101,124,144,158,164,162,155,147,142,140,143,151,162,170,175,171,161,144,123,103
MA14,89/11/05,084,071,067,071,085,103,122,139,151,155,156,153,146,141,141,145,150,157,162,163,159,149,134,115
MA14,89/11/06,096,084,075,071,077,087,101,117,131,142,149,151,149,144,141,140,138,142,146,148,150,148,141,131
MA14,89/11/07,118,105,092,084,082,086,095,108,123,138,149,156,160,158,153,148,142,138,136,136,140,143,144,145
MA14,89/11/08,138,128,115,102,092,087,088,096,109,123,140,154,161,165,161,152,140,129,122,117,119,128,138,146
MA14,89/11/09,152,151,144,131,117,106,097,096,102,116,133,150,168,180,182,173,157,139,121,109,105,112,125,142
MA14,89/11/10,156,166,167,160,147,129,112,101,098,104,119,138,157,173,179,174,158,136,109,089,078,080,092,113
MA14,89/11/11,136,157,172,174,167,151,132,117,106,106,115,133,154,173,184,184,171,148,118,086,064,056,062,082
MA14,89/11/12,108,138,165,180,185,176,157,137,120,112,114,125,144,164,180,188,180,159,127,090,056,036,033,047
MA14,89/11/13,074,108,140,165,180,183,175,161,143,131,126,133,150,174,197,209,207,189,164,126,085,055,038,037
MA14,89/11/14,056,087,121,154,178,192,192,181,162,147,134,133,143,161,181,197,202,192,166,133,093,053,027,014
MA14,89/11/15,022,043,079,116,146,168,177,177,166,152,139,133,135,146,162,179,190,191,183,158,123,085,052,032
MA14,89/11/16,024,035,057,090,123,150,169,175,172,162,149,139,137,143,158,176,187,191,188,174,152,120,088,061
MA14,89/11/17,045,045,058,081,110,136,156,170,174,170,160,150,145,148,156,171,184,193,195,184,170,148,121,095
MA14,89/11/18,075,064,066,076,097,120,143,161,170,171,167,158,151,147,152,160,172,184,191,189,181,166,149,130
MA14,89/11/19,112,098,092,095,106,122,139,155,167,174,175,166,158,150,147,148,152,159,166,170,168,161,148,131
MA14,89/11/20,113,095,082,076,078,086,100,118,134,146,152,152,148,142,136,133,132,134,137,142,146,148,147,139
MA14,89/11/21,126,112,098,087,082,083,091,104,118,134,144,149,149,147,139,131,123,118,115,116,120,125,129,132
MA14,89/11/22,130,125,118,107,099,095,098,105,117,134,147,159,166,166,161,152,139,126,117,113,113,116,124,134
MA14,89/11/23,142,146,143,137,127,118,111,111,117,128,142,154,162,165,162,153,137,120,106,095,092,097,108,123
MA14,89/11/24,139,150,154,152,146,137,126,120,120,129,141,153,167,173,175,167,152,131,110,093,084,083,093,109
MA14,89/11/25,127,144,155,162,161,151,138,127,121,122,131,143,158,169,174,169,156,136,111,087,070,064,070,084
MA14,89/11/26,106,130,150,166,168,163,154,141,130,125,128,139,153,168,175,175,165,147,119,091,071,058,058,071
MA14,89/11/27,091,121,147,168,177,176,167,157,142,133,131,137,150,166,180,188,184,167,143,113,084,064,056,063
MA14,89/11/28,081,110,139,164,181,188,186,177,163,149,142,145,155,173,191,201,201,186,162,131,100,073,057,054
MA14,89/11/29,066,093,124,151,173,185,187,180,167,151,139,136,142,156,174,189,192,185,164,136,105,073,049,039
MA14,89/11/30,044,061,089,118,145,165,174,172,161,147,133,127,128,137,154,169,179,181,171,152,122,092,063,045
MA14,89/12/01,041,051,073,102,130,155,170,174,168,155,143,132,128,134,146,160,172,179,177,161,135,102,073,049
MA14,89/12/02,038,040,055,080,108,134,155,164,164,158,146,135,127,128,138,153,169,181,185,175,158,130,102,077
MA14,89/12/03,062,056,060,076,098,122,144,159,165,162,156,145,138,134,139,149,162,174,180,177,166,147,124,100
MA14,89/12/04,081,069,066,075,092,113,137,158,172,176,173,167,158,152,150,153,161,172,178,180,179,169,152,130
MA14,89/12/05,108,091,082,081,090,105,124,144,160,168,170,166,157,148,140,136,138,144,151,160,165,167,161,150
MA14,89/12/06,133,116,104,096,096,104,118,135,152,166,175,176,171,161,151,140,132,130,134,140,148,154,155,151
MA14,89/12/07,144,133,121,111,102,103,111,124,141,158,171,178,178,172,161,147,134,123,118,121,130,142,154,163
MA14,89/12/08,168,167,159,149,138,132,130,137,147,161,173,183,187,185,174,157,137,117,101,096,097,108,123,140
MA14,89/12/09,153,163,166,162,153,145,136,135,140,151,163,178,188,191,185,169,147,118,091,073,066,070,084,105
MA14,89/12/10,127,147,161,165,162,152,142,133,130,133,143,156,168,176,178,169,150,123,093,066,050,046,056,077
MA14,89/12/11,105,134,157,171,175,169,158,147,137,135,139,150,164,178,188,188,172,149,117,083,057,041,040,054
MA14,89/12/12,079,112,142,167,180,184,179,166,151,141,141,146,157,173,186,193,187,170,140,103,067,040,028,030
MA14,89/12/13,048,075,110,141,164,177,180,171,157,145,137,137,145,162,178,189,192,182,159,127,093,058,036,028
MA14,89/12/14,036,057,089,125,157,177,190,189,179,166,155,149,152,165,182,199,208,211,197,173,141,106,074,055
MA14,89/12/15,052,065,090,122,155,181,197,202,195,181,165,153,148,153,166,182,196,202,198,181,155,122,090,064
MA14,89/12/16,050,051,065,090,120,149,173,185,188,180,167,153,144,144,153,167,182,194,197,192,178,151,123,094
MA14,89/12/17,073,066,072,089,111,138,163,179,186,182,173,157,145,140,141,150,162,173,180,180,172,156,134,108
MA14,89/12/18,086,073,072,081,097,121,143,161,172,174,168,154,142,132,127,130,138,148,157,162,162,153,141,123
MA14,89/12/19,103,088,081,083,093,111,132,150,164,170,169,161,147,135,127,123,125,131,138,145,150,151,147,137
MA14,89/12/20,125,112,103,100,103,115,130,147,162,172,175,170,160,147,136,126,122,122,125,130,137,143,146,145
MA14,89/12/21,140,131,122,116,115,119,128,140,154,164,172,170,165,155,143,131,121,115,112,114,119,127,134,142
MA14,89/12/22,144,144,141,134,130,129,132,141,151,161,168,171,171,165,155,141,128,117,109,106,108,117,128,140
MA14,89/12/23,151,158,162,161,156,152,151,152,157,165,173,178,182,180,173,162,144,127,111,100,096,100,110,123
MA14,89/12/24,138,152,162,166,165,160,155,151,152,158,166,174,180,182,181,170,154,134,113,096,087,086,094,109
MA14,89/12/25,127,147,166,176,180,177,169,162,157,158,163,169,177,183,185,179,166,144,120,096,080,072,075,088
MA14,89/12/26,107,133,156,174,184,185,180,171,162,158,158,165,174,186,193,194,184,166,143,114,089,074,071,080
MA14,89/12/27,097,122,150,174,189,196,193,183,172,162,159,162,171,184,196,201,198,184,161,131,103,081,068,069
MA14,89/12/28,082,105,135,163,184,197,199,194,180,167,157,155,160,173,188,200,202,194,174,147,114,086,066,060
MA14,89/12/29,066,084,112,142,169,189,200,197,185,171,158,153,152,164,180,197,207,207,193,168,136,103,076,059
MA14,89/12/30,056,068,092,122,151,174,188,191,183,168,154,142,138,145,161,180,195,201,195,177,151,118,087,064
MA14,89/12/31,053,057,076,103,132,160,181,190,188,176,160,145,136,137,149,165,182,193,194,184,163,134,103,075
