MA14,87/01/01,054,074,102,135,166,188,197,196,188,170,156,148,147,157,173,190,197,195,181,155,123,085,052,028
MA14,87/01/02,020,030,054,087,120,153,175,185,184,174,160,144,138,144,158,178,194,202,200,184,162,131,095,065
MA14,87/01/03,052,052,065,093,125,159,185,203,208,200,186,169,158,154,161,177,192,205,209,202,187,162,130,098
MA14,87/01/04,074,064,067,081,105,134,163,182,193,193,183,167,152,142,142,149,163,176,186,190,183,166,143,117
MA14,87/01/05,093,077,071,078,095,117,141,165,178,179,175,160,145,134,127,128,137,151,163,171,173,168,157,140
MA14,87/01/06,121,104,094,094,104,123,143,163,176,182,181,172,158,143,132,126,127,133,142,152,159,159,155,144
MA14,87/01/07,132,118,108,102,105,116,131,147,161,170,173,169,158,145,132,121,114,113,118,128,140,149,153,152
MA14,87/01/08,147,140,134,128,129,136,146,160,172,182,185,181,170,158,144,128,116,107,105,107,114,124,132,139
MA14,87/01/09,143,144,144,143,141,141,144,153,162,173,180,183,180,173,165,153,139,121,108,102,103,111,121,132
MA14,87/01/10,142,151,156,156,151,148,146,148,152,160,167,173,175,173,168,158,141,118,099,083,080,083,091,104
MA14,87/01/11,122,136,148,153,154,149,146,142,141,144,150,156,161,162,160,152,137,116,093,072,060,058,064,078
MA14,87/01/12,100,121,139,152,159,160,156,151,146,142,147,156,164,172,178,175,163,144,122,098,083,075,075,090
MA14,87/01/13,110,133,157,179,191,196,193,186,179,172,170,174,182,192,200,201,194,175,149,119,092,070,061,067
MA14,87/01/14,082,109,134,159,176,184,184,176,167,154,149,149,156,168,182,188,187,176,154,127,098,072,057,054
MA14,87/01/15,067,088,114,140,163,177,180,175,164,149,139,134,138,150,164,176,182,175,156,131,102,071,049,037
MA14,87/01/16,041,062,088,119,144,163,171,168,158,145,131,124,125,134,149,169,181,184,175,154,129,098,070,051
MA14,87/01/17,049,062,085,117,148,175,190,194,188,174,159,145,140,146,159,176,193,199,193,178,156,125,095,070
MA14,87/01/18,058,060,075,101,129,157,175,183,178,165,150,134,125,125,136,153,173,186,189,181,164,138,110,082
MA14,87/01/19,065,059,069,090,117,146,169,183,185,173,157,139,126,120,126,142,160,175,183,182,173,151,127,103
MA14,87/01/20,080,070,073,088,109,137,159,174,179,174,158,141,126,115,113,122,135,151,163,167,164,153,136,113
MA14,87/01/21,094,080,076,083,100,122,145,161,170,168,160,142,125,108,101,102,111,125,136,145,149,146,137,123
MA14,87/01/22,107,092,083,083,093,111,129,146,158,162,156,143,126,110,095,089,090,097,108,120,128,134,133,129
MA14,87/01/23,121,109,101,097,102,113,129,145,158,164,164,157,144,128,114,102,097,098,106,115,130,141,148,150
MA14,87/01/24,150,145,143,141,142,145,152,164,173,180,182,176,164,149,133,115,101,090,085,090,097,109,122,134
MA14,87/01/25,141,147,150,147,144,144,147,152,160,167,172,174,170,162,149,133,115,097,085,078,079,088,103,120
MA14,87/01/26,136,152,161,164,164,160,156,154,154,157,161,165,167,165,156,143,124,099,077,058,048,049,061,080
MA14,87/01/27,104,130,150,164,170,170,165,157,150,148,152,158,166,174,175,167,149,125,097,068,048,036,036,050
MA14,87/01/28,075,106,134,159,174,180,175,164,150,143,140,144,153,165,174,176,168,145,118,083,053,029,017,023
MA14,87/01/29,042,075,106,136,162,175,177,169,155,141,133,133,143,160,176,189,190,179,155,121,084,050,028,020
MA14,87/01/30,028,054,085,124,153,175,183,180,167,150,134,126,130,144,164,183,195,195,182,154,119,080,048,026
MA14,87/01/31,020,034,060,094,129,158,175,179,170,152,132,115,111,118,137,161,182,192,190,172,144,108,072,044
MA14,87/02/01,029,033,051,081,113,146,168,176,169,153,132,112,100,099,110,132,155,173,179,173,154,126,096,063
MA14,87/02/02,045,042,051,075,103,133,156,170,170,156,137,114,097,090,098,118,138,162,177,180,174,156,133,107
MA14,87/02/03,086,078,082,100,122,152,174,189,193,186,168,148,128,116,114,122,141,161,177,185,183,173,157,137
MA14,87/02/04,118,105,101,108,124,146,166,184,188,182,169,150,128,111,103,103,114,128,143,154,161,161,154,141
MA14,87/02/05,128,118,114,119,131,148,165,180,187,186,178,161,142,124,111,104,105,114,126,138,148,152,150,144
MA14,87/02/06,137,131,128,129,136,146,160,172,178,181,175,162,146,127,112,100,095,094,100,109,118,126,133,136
MA14,87/02/07,136,135,134,135,140,145,154,163,170,173,171,164,155,142,126,112,100,094,093,096,102,111,119,128
MA14,87/02/08,135,141,146,148,149,152,154,158,160,163,163,161,156,149,138,125,110,096,084,079,079,084,094,107
MA14,87/02/09,120,132,142,148,151,151,150,148,147,148,151,153,154,153,150,140,126,107,091,075,067,068,076,091
MA14,87/02/10,106,126,143,153,159,160,156,151,146,143,145,148,154,157,158,155,143,125,104,082,066,057,061,073
MA14,87/02/11,091,115,136,153,164,166,164,155,146,140,140,144,150,160,170,172,163,147,125,099,077,062,058,065
MA14,87/02/12,085,108,135,157,173,179,176,169,157,146,141,145,154,164,176,185,185,170,148,116,088,061,047,047
MA14,87/02/13,061,083,109,137,155,167,168,160,146,130,121,119,126,141,159,173,180,174,157,130,100,073,053,046
MA14,87/02/14,054,077,106,136,162,179,185,179,164,147,133,125,127,139,157,173,187,188,176,152,121,086,059,044
MA14,87/02/15,044,060,087,118,146,164,173,168,154,133,116,104,102,110,128,153,173,184,180,164,136,104,075,052
MA14,87/02/16,046,055,076,107,136,162,174,174,161,140,117,100,093,097,112,134,158,172,178,168,149,119,090,064
MA14,87/02/17,051,052,068,094,124,151,167,170,162,143,119,097,083,082,092,113,137,157,170,170,160,138,113,087
MA14,87/02/18,071,064,075,096,122,151,170,178,176,158,135,110,092,081,083,098,120,143,160,167,165,153,133,111
MA14,87/02/19,092,082,086,099,120,147,167,177,176,162,142,116,095,080,075,082,096,116,135,148,153,150,140,123
MA14,87/02/20,107,097,096,103,116,137,156,168,173,164,148,127,105,085,074,074,083,097,115,130,141,145,142,136
MA14,87/02/21,127,119,117,119,127,141,155,167,172,168,156,140,121,101,085,078,078,083,094,107,121,132,139,142
MA14,87/02/22,143,142,141,142,145,152,161,170,175,176,171,161,146,129,113,098,088,084,085,091,101,114,127,138
MA14,87/02/23,146,154,157,160,161,162,164,166,170,172,170,165,158,146,132,116,101,087,079,075,078,088,102,120
MA14,87/02/24,138,155,166,172,174,172,169,166,164,164,166,168,169,166,160,147,129,110,093,078,069,070,082,100
MA14,87/02/25,121,147,169,183,189,189,183,176,167,163,163,167,174,180,181,175,159,135,104,077,057,046,048,063
MA14,87/02/26,085,116,145,168,182,184,177,164,150,139,138,144,157,170,182,186,181,163,137,105,075,052,042,046
MA14,87/02/27,064,094,124,156,175,183,181,165,149,131,121,121,133,153,174,188,194,184,163,131,096,065,046,040
MA14,87/02/28,050,077,108,142,168,184,184,172,153,130,110,103,110,127,153,176,190,192,180,157,125,090,061,047
MA14,87/03/01,047,066,095,129,159,179,184,178,158,133,111,096,095,110,135,164,184,192,187,170,144,112,083,059
MA14,87/03/02,050,060,082,114,144,168,179,175,158,129,102,080,072,080,101,128,156,176,181,174,156,127,099,075
MA14,87/03/03,063,068,085,110,137,162,175,174,162,137,112,085,071,068,080,105,132,158,173,176,166,145,124,102
MA14,87/03/04,085,083,095,114,137,162,176,179,169,148,122,094,075,067,074,089,112,136,153,163,162,150,135,116
MA14,87/03/05,104,100,105,120,140,161,177,182,177,163,140,112,092,076,074,082,099,119,137,149,154,151,142,128
MA14,87/03/06,119,113,117,127,142,162,174,182,179,168,150,130,107,090,080,079,088,100,117,132,142,144,141,135
MA14,87/03/07,128,124,124,128,138,148,160,166,168,162,150,134,116,100,089,082,086,094,106,120,130,140,144,146
MA14,87/03/08,144,143,143,144,146,153,160,166,167,163,154,143,128,113,100,090,084,082,086,092,100,110,120,128
MA14,87/03/09,135,140,146,149,151,154,158,160,162,160,157,153,146,135,124,114,105,096,092,091,095,102,112,124
MA14,87/03/10,134,143,150,153,153,151,150,148,147,146,145,144,143,139,132,123,111,096,085,077,074,078,088,103
MA14,87/03/11,122,138,152,160,162,162,158,152,147,144,145,148,154,157,157,152,141,124,106,088,078,073,079,093
MA14,87/03/12,112,131,149,162,166,165,156,147,137,130,129,134,144,154,159,160,152,135,115,093,074,062,062,075
MA14,87/03/13,094,117,142,159,169,170,161,148,132,122,116,122,134,149,162,172,170,157,135,108,083,065,060,066
MA14,87/03/14,086,114,142,164,179,182,174,158,141,125,117,118,132,152,172,188,194,189,171,146,117,089,072,070
MA14,87/03/15,082,104,130,155,174,180,174,157,136,114,097,092,103,120,145,168,182,186,174,152,124,096,073,064
MA14,87/03/16,070,090,119,148,171,183,182,166,142,117,095,085,088,104,128,156,178,188,184,166,140,110,082,066
MA14,87/03/17,064,079,105,134,160,178,180,168,144,116,089,072,069,079,102,132,160,180,187,182,161,136,110,090
MA14,87/03/18,084,093,114,140,166,186,194,185,163,134,104,080,068,069,088,114,142,165,180,180,168,148,124,100
MA14,87/03/19,088,090,105,126,152,171,181,178,161,134,105,077,059,055,065,087,114,140,162,172,172,160,144,128
MA14,87/03/20,114,112,122,140,164,189,206,210,192,166,136,108,084,069,067,076,094,118,140,156,163,159,148,136
MA14,87/03/21,122,115,115,123,138,155,168,175,170,154,130,105,080,063,054,057,069,086,107,126,141,148,148,143
MA14,87/03/22,136,132,132,136,144,155,166,172,170,162,145,125,104,084,070,062,064,072,082,098,114,126,134,138
MA14,87/03/23,139,140,141,142,144,151,158,162,164,160,151,139,124,107,091,078,070,066,069,076,088,102,118,131
MA14,87/03/24,144,153,159,162,161,160,161,163,164,166,166,164,158,148,135,120,106,094,086,082,084,094,108,125
MA14,87/03/25,142,157,168,172,170,166,160,155,152,152,156,160,162,160,155,147,130,112,094,077,068,067,074,088
MA14,87/03/26,109,132,149,158,160,155,144,131,120,116,118,126,138,147,152,148,137,116,093,070,054,046,052,068
MA14,87/03/27,092,119,143,159,166,161,148,130,114,104,101,109,125,142,156,161,157,142,119,092,068,051,046,053
MA14,87/03/28,073,101,127,150,161,162,148,128,105,085,076,080,097,119,142,159,164,156,138,111,082,058,044,044
MA14,87/03/29,061,088,118,144,161,166,156,137,112,087,069,067,079,102,130,156,172,176,165,144,116,088,066,058
MA14,87/03/30,065,085,113,142,161,171,166,147,119,088,066,054,062,081,110,141,168,183,183,170,148,120,096,084
MA14,87/03/31,086,103,128,154,177,188,188,171,142,110,080,061,057,069,094,124,153,174,182,174,156,130,106,088
MA14,87/04/01,084,092,111,132,157,170,171,161,139,108,076,053,043,046,067,093,123,150,166,169,159,144,125,110
MA14,87/04/02,100,105,118,138,157,173,180,175,155,129,099,074,058,056,063,084,110,137,158,169,168,160,144,128
MA14,87/04/03,119,118,124,140,155,171,179,177,163,140,111,085,066,057,060,074,094,118,140,154,160,156,147,135
MA14,87/04/04,126,124,129,140,154,167,174,174,165,147,125,100,079,064,060,067,079,097,117,132,143,146,144,137
MA14,87/04/05,130,127,128,134,142,152,158,162,158,148,131,112,093,076,069,067,072,082,096,110,123,131,135,134
MA14,87/04/06,132,130,132,134,138,145,150,154,152,146,134,120,105,092,080,074,071,075,080,091,102,114,123,130
MA14,87/04/07,134,136,138,140,142,144,147,149,151,148,144,136,129,119,111,102,097,093,092,096,104,115,127,138
MA14,87/04/08,147,154,158,160,159,156,154,152,150,148,146,144,142,136,128,118,106,094,085,082,082,089,100,115
MA14,87/04/09,130,142,148,150,150,145,138,132,128,126,128,133,138,140,139,132,119,106,093,083,079,082,092,108
MA14,87/04/10,128,148,164,168,169,164,153,141,133,128,130,140,152,162,170,170,161,145,125,108,094,089,093,108
MA14,87/04/11,128,152,170,179,180,171,156,140,122,114,114,122,137,154,167,174,170,157,136,111,090,078,076,088
MA14,87/04/12,112,138,9999,9999,9999,9999,9999,9999,9999,9999,9999,9999,9999,9999,9999,9999,9999,9999,9999,9999,9999,9999,9999,9999
MA14,87/04/13,9999,9999,9999,9999,9999,9999,9999,9999,9999,9999,9999,9999,9999,9999,9999,9999,9999,9999,9999,9999,9999,9999,9999,9999
MA14,87/04/14,9999,9999,9999,9999,9999,9999,9999,9999,9999,9999,9999,9999,9999,9999,9999,9999,9999,9999,9999,9999,9999,9999,9999,9999
MA14,87/04/15,9999,9999,9999,9999,9999,9999,9999,9999,9999,9999,9999,9999,044,063,091,127,154,175,182,176,159,134,114,097
MA14,87/04/16,097,112,133,156,174,182,176,156,127,093,064,042,034,042,065,096,126,154,170,173,166,151,130,112
MA14,87/04/17,108,114,129,150,168,179,179,168,146,114,082,052,036,034,048,073,102,132,154,168,171,163,148,130
MA14,87/04/18,120,118,127,142,158,171,176,170,153,125,095,066,045,035,039,055,078,105,132,152,164,166,160,146
MA14,87/04/19,138,134,136,146,158,170,176,176,166,145,121,094,071,052,046,050,060,080,100,120,135,148,151,149
MA14,87/04/20,145,141,139,143,151,159,165,170,167,156,140,120,099,079,067,061,062,070,085,101,119,134,144,151
MA14,87/04/21,152,152,150,149,150,154,158,161,162,161,155,147,136,118,101,087,079,077,081,090,102,120,135,148
MA14,87/04/22,159,168,170,167,164,161,160,160,162,163,164,162,158,150,135,120,107,095,088,088,093,104,120,139
MA14,87/04/23,156,167,171,169,164,152,140,134,133,134,140,148,153,156,151,139,124,106,092,082,080,090,102,122
MA14,87/04/24,143,164,178,183,177,162,145,131,123,121,128,141,155,165,169,165,152,135,115,097,085,083,091,107
MA14,87/04/25,129,151,166,172,170,157,138,118,100,092,095,108,126,147,163,171,167,153,132,109,091,084,084,099
MA14,87/04/26,120,144,164,176,179,167,145,119,096,081,080,092,112,139,160,176,180,174,160,137,115,101,096,105
MA14,87/04/27,123,146,166,180,182,170,150,121,092,067,058,064,080,110,139,162,176,177,168,149,127,108,098,100
MA14,87/04/28,115,135,157,172,180,177,162,134,103,071,054,053,065,090,120,150,171,183,181,165,147,125,111,107
MA14,87/04/29,116,132,152,172,180,180,166,141,110,077,052,042,046,067,095,125,152,172,178,172,158,140,125,116
MA14,87/04/30,118,128,145,164,177,182,174,152,122,087,060,039,036,047,071,101,130,157,168,168,159,146,130,120
MA14,87/05/01,118,126,139,156,172,180,178,162,142,110,080,058,048,052,068,095,124,151,168,175,171,162,150,137
MA14,87/05/02,131,134,143,157,171,181,184,176,160,134,106,080,063,058,063,080,103,129,152,168,174,171,162,151
MA14,87/05/03,144,142,146,157,171,182,188,183,172,152,131,107,087,077,078,089,106,129,150,166,174,174,170,162
MA14,87/05/04,152,148,148,152,160,166,171,170,162,147,129,110,091,076,070,072,082,098,115,133,148,158,160,158
MA14,87/05/05,154,150,148,148,151,156,162,164,162,155,147,132,118,102,092,088,090,099,110,125,140,150,157,158
MA14,87/05/06,160,156,152,150,148,150,152,154,154,153,148,140,130,117,106,097,094,094,102,111,123,138,149,157
MA14,87/05/07,162,165,163,158,153,150,148,147,148,149,150,150,146,140,130,119,109,101,100,103,111,124,138,148
MA14,87/05/08,159,163,163,156,149,140,133,128,126,128,134,141,145,144,138,125,113,101,092,090,093,106,119,136
MA14,87/05/09,150,161,164,161,152,137,123,113,109,109,116,127,140,151,153,146,134,119,104,094,088,094,106,124
MA14,87/05/10,143,156,164,162,154,136,117,100,090,088,094,110,127,146,158,160,157,143,123,110,099,098,105,122
MA14,87/05/11,139,158,169,171,165,145,121,096,078,068,073,086,109,135,157,169,170,160,143,124,107,098,102,116
MA14,87/05/12,136,157,172,180,175,157,132,103,077,062,060,069,092,119,148,170,182,182,170,151,130,115,110,117
MA14,87/05/13,133,153,172,182,183,169,146,114,082,056,043,046,065,093,126,156,180,191,187,173,155,136,124,123
MA14,87/05/14,135,153,174,190,198,191,170,140,103,070,047,038,046,068,100,134,165,183,191,184,170,153,138,132
MA14,87/05/15,137,151,169,186,198,196,184,158,122,086,058,040,038,053,078,114,149,177,193,198,191,178,163,151
MA14,87/05/16,148,156,171,188,200,206,199,179,150,115,080,056,043,046,060,086,118,148,172,183,187,182,170,158
MA14,87/05/17,153,154,162,177,192,200,200,189,168,139,106,078,056,047,052,070,096,123,149,169,180,184,178,169
MA14,87/05/18,160,155,157,164,175,185,192,191,180,159,132,104,080,062,054,058,072,093,116,136,152,162,166,163
MA14,87/05/19,157,152,148,148,152,161,168,171,168,156,141,121,100,080,067,062,066,076,092,112,131,146,156,161
MA14,87/05/20,160,156,149,143,142,145,151,158,160,158,154,143,130,112,097,086,080,082,090,103,122,140,152,161
MA14,87/05/21,166,163,155,146,139,133,133,136,141,146,148,146,142,132,120,105,095,088,088,095,107,124,140,154
MA14,87/05/22,164,164,159,150,136,125,118,114,120,127,135,145,150,150,144,133,121,110,103,104,108,121,137,155
MA14,87/05/23,170,178,177,169,153,138,124,114,114,121,134,150,164,174,175,168,157,143,130,121,122,128,142,158
MA14,87/05/24,173,183,186,179,163,143,120,100,093,092,101,118,137,154,165,169,163,151,135,124,118,118,128,141
MA14,87/05/25,157,174,181,178,164,143,118,092,074,067,072,088,111,135,157,170,172,165,154,141,130,124,129,140
MA14,87/05/26,157,171,182,185,177,159,132,103,078,064,062,075,098,128,156,176,185,187,177,164,149,140,137,141
MA14,87/05/27,154,169,183,188,185,170,145,115,086,061,052,059,075,102,133,159,178,187,185,175,161,148,141,141
MA14,87/05/28,151,166,180,189,190,181,160,131,098,069,051,046,056,078,108,137,162,176,180,175,164,149,137,132
MA14,87/05/29,136,147,162,175,182,179,162,136,103,073,050,038,038,053,078,110,138,160,170,170,162,151,139,130
MA14,87/05/30,130,138,152,166,176,178,170,150,124,092,066,045,040,046,066,092,121,147,163,170,167,158,146,136
MA14,87/05/31,132,135,144,157,170,177,174,161,137,110,080,058,045,044,055,074,100,125,146,159,162,158,150,138
MA14,87/06/01,130,128,132,142,155,165,168,162,146,124,097,074,054,044,046,060,080,105,127,143,151,152,146,136
MA14,87/06/02,128,124,126,131,140,152,158,158,149,133,112,091,072,059,055,060,074,092,114,132,145,153,151,144
MA14,87/06/03,138,132,128,129,135,144,152,155,153,144,132,116,100,087,078,077,085,099,120,140,156,166,168,164
MA14,87/06/04,155,146,140,136,135,138,144,148,150,148,142,132,119,104,093,087,086,092,105,123,137,153,161,162
MA14,87/06/05,158,151,142,132,126,125,127,130,134,138,138,134,128,118,109,099,094,094,100,109,125,140,152,160
MA14,87/06/06,163,158,148,136,124,115,112,113,116,124,132,137,141,138,129,120,109,103,102,108,119,135,150,161
MA14,87/06/07,167,167,159,145,129,113,101,096,098,105,120,134,145,151,151,144,133,121,113,112,118,130,146,162
MA14,87/06/08,170,174,170,158,139,119,097,086,080,084,096,113,135,150,158,160,155,142,127,118,116,123,133,147
MA14,87/06/09,162,173,174,165,147,124,100,080,068,066,075,094,121,147,164,176,175,164,151,138,128,126,132,146
MA14,87/06/10,160,174,181,176,160,135,107,079,057,045,047,063,088,117,144,167,178,178,169,154,138,130,129,139
MA14,87/06/11,153,169,180,182,174,155,124,091,062,038,030,038,060,089,123,154,175,184,184,173,158,144,136,136
MA14,87/06/12,147,162,178,185,182,171,146,110,077,047,027,022,038,063,094,129,159,178,189,188,175,160,148,142
MA14,87/06/13,148,162,175,188,195,196,180,150,113,076,9999,9999,9999,9999,9999,9999,9999,9999,9999,9999,9999,9999,9999,9999
MA14,87/06/14,9999,9999,9999,9999,9999,9999,9999,9999,9999,9999,9999,9999,9999,9999,9999,9999,9999,9999,9999,9999,9999,9999,9999,9999
MA14,87/06/15,9999,9999,9999,9999,9999,9999,9999,9999,9999,9999,9999,9999,9999,9999,9999,9999,9999,9999,9999,9999,9999,9999,9999,9999
MA14,87/06/16,9999,9999,9999,9999,9999,9999,9999,9999,9999,9999,9999,9999,9999,058,054,063,079,105,132,156,170,176,172,162
MA14,87/06/17,149,139,132,131,138,149,159,166,165,158,142,120,098,082,070,070,080,098,119,139,158,170,172,166
MA14,87/06/18,156,143,128,120,119,125,136,144,150,152,147,136,121,102,089,080,080,086,101,119,139,157,168,168
MA14,87/06/19,162,149,133,119,110,107,111,120,129,139,146,146,140,129,115,106,100,100,108,122,136,156,166,169
MA14,87/06/20,168,159,148,133,116,106,102,106,116,130,144,156,163,163,159,150,142,138,138,144,152,164,176,182
MA14,87/06/21,184,182,172,155,136,120,107,102,107,118,131,145,157,166,168,167,162,154,148,148,154,165,174,184
MA14,87/06/22,189,189,183,169,148,130,112,100,094,099,112,130,147,162,171,176,174,169,162,155,155,160,168,177
MA14,87/06/23,186,192,188,178,161,139,115,094,080,080,087,104,123,144,160,172,177,176,167,158,152,152,156,166
MA14,87/06/24,176,183,188,185,176,155,132,102,082,069,069,080,102,128,150,169,180,180,175,166,158,152,154,161
MA14,87/06/25,172,185,195,199,194,176,153,124,097,080,074,079,094,119,146,170,186,192,192,182,170,160,156,155
MA14,87/06/26,163,179,190,198,196,182,161,135,109,085,071,073,085,110,135,162,181,193,195,186,173,161,153,149
MA14,87/06/27,155,165,180,191,195,189,173,150,123,092,072,062,068,081,106,132,159,180,191,188,177,164,152,146
MA14,87/06/28,147,159,174,186,194,191,180,159,132,101,073,058,054,065,085,113,136,161,178,185,180,169,154,144
MA14,87/06/29,144,149,160,175,185,194,194,181,159,127,098,075,064,068,084,107,129,153,172,179,181,174,162,150
MA14,87/06/30,143,145,154,167,182,191,192,183,167,146,118,092,077,070,078,100,122,146,168,179,183,177,164,152
MA14,87/07/01,141,138,140,152,164,177,183,180,167,150,127,103,084,073,073,084,105,133,156,176,183,182,173,161
MA14,87/07/02,151,143,140,143,154,166,175,180,177,166,150,127,107,093,086,091,100,119,143,162,175,180,176,164
MA14,87/07/03,151,139,130,128,132,143,154,162,166,162,155,143,127,110,100,099,104,117,135,155,171,183,183,178
MA14,87/07/04,167,153,140,131,128,131,140,151,157,160,160,156,147,135,121,114,114,120,133,150,167,179,183,179
MA14,87/07/05,167,155,141,129,122,120,123,130,141,150,156,158,155,148,140,133,128,128,134,147,160,172,181,183
MA14,87/07/06,178,167,149,135,120,111,109,113,119,130,142,152,160,163,162,158,152,147,148,153,163,176,187,194
MA14,87/07/07,194,188,174,155,136,118,105,100,100,111,125,141,157,167,173,174,170,163,158,154,156,166,174,182
MA14,87/07/08,186,185,177,160,138,114,092,080,073,076,089,107,130,154,169,177,179,174,165,157,152,154,161,172
MA14,87/07/09,181,188,186,175,157,129,101,074,057,049,054,071,098,127,152,171,182,184,177,166,158,152,154,160
MA14,87/07/10,171,184,191,188,176,155,124,089,063,044,038,044,069,099,128,156,177,188,188,180,168,154,149,151
MA14,87/07/11,159,174,186,193,190,177,150,117,083,053,035,031,045,070,105,137,168,187,195,190,177,162,150,146
MA14,87/07/12,151,165,181,192,197,193,175,147,109,073,043,028,029,045,074,110,146,172,192,193,184,166,148,138
MA14,87/07/13,136,145,160,177,191,196,189,171,142,107,071,048,038,042,062,088,123,153,177,187,182,171,153,135
MA14,87/07/14,126,127,137,153,174,187,193,186,165,135,104,080,061,056,061,080,110,137,165,181,185,175,158,137
MA14,87/07/15,120,114,117,127,147,168,183,187,181,160,133,105,082,067,066,077,099,128,151,167,176,177,165,146
MA14,87/07/16,128,115,108,113,126,144,161,172,174,167,152,130,107,089,081,082,095,117,140,160,172,177,170,155
MA14,87/07/17,135,117,105,104,109,122,138,152,161,162,156,142,126,110,100,100,107,123,141,158,170,177,177,169
MA14,87/07/18,152,137,119,106,104,108,118,132,142,149,151,147,139,130,121,118,119,128,140,154,168,175,177,171
MA14,87/07/19,159,145,127,112,100,098,100,111,122,133,142,148,149,148,145,141,140,142,151,161,170,180,184,183
MA14,87/07/20,175,163,148,131,115,105,101,102,109,118,130,142,151,156,158,157,154,152,154,158,165,173,178,181
MA14,87/07/21,181,174,162,144,125,109,095,089,089,095,107,121,137,149,158,162,163,161,159,157,158,164,170,175
MA14,87/07/22,179,176,169,157,137,116,096,083,075,077,086,103,122,142,159,169,172,170,165,159,156,155,160,167
MA14,87/07/23,175,180,180,171,156,138,114,093,074,067,068,083,104,125,147,163,170,171,166,159,152,147,147,152
MA14,87/07/24,161,170,176,174,165,147,121,092,068,052,047,054,076,101,129,151,165,172,170,160,149,140,133,137
MA14,87/07/25,147,161,172,177,172,158,136,107,080,057,042,044,060,083,114,141,163,172,174,166,149,135,128,127
MA14,87/07/26,134,148,162,174,179,172,155,128,095,064,046,038,047,070,096,126,153,170,176,171,155,141,127,121
MA14,87/07/27,123,136,154,169,178,180,169,147,118,083,059,044,043,057,083,114,142,162,174,174,162,147,129,119
MA14,87/07/28,117,126,143,162,177,185,182,167,141,111,081,060,051,059,078,105,134,159,175,178,168,153,136,123
MA14,87/07/29,116,120,133,152,169,181,184,177,158,134,106,083,068,066,078,099,128,155,176,186,185,175,157,137
MA14,87/07/30,122,118,124,137,156,174,186,189,178,158,134,110,090,082,086,103,126,151,171,186,189,180,163,145
MA14,87/07/31,130,121,122,132,150,168,184,192,188,176,156,133,114,102,100,112,131,153,174,189,196,190,177,158
MA14,87/08/01,138,123,118,122,134,152,168,180,183,178,166,150,132,120,115,119,131,150,170,186,195,194,184,167
MA14,87/08/02,148,131,118,116,120,132,149,162,168,170,166,158,146,134,125,124,132,143,159,174,186,192,186,172
MA14,87/08/03,152,134,117,106,104,108,118,132,146,155,159,159,156,150,144,142,143,150,159,172,182,187,184,175
MA14,87/08/04,161,144,126,112,101,098,101,112,124,136,146,152,156,158,157,155,152,152,157,164,174,182,185,185
MA14,87/08/05,179,168,151,133,117,104,097,097,104,115,128,143,156,167,175,176,175,170,168,169,172,177,184,189
MA14,87/08/06,192,191,175,157,135,113,096,083,079,082,095,114,134,152,169,178,180,176,168,161,158,160,165,174
MA14,87/08/07,182,189,191,184,167,140,110,085,067,062,068,083,107,133,160,176,187,187,180,169,161,156,159,169
MA14,87/08/08,182,193,198,193,179,157,127,097,071,054,052,062,083,112,141,168,185,193,189,177,162,150,143,145
MA14,87/08/09,158,175,193,199,194,177,148,115,077,048,030,027,041,068,101,137,167,183,186,174,158,141,127,122
MA14,87/08/10,132,150,171,188,198,197,177,145,105,068,040,025,027,047,078,114,149,174,183,176,160,140,121,110
MA14,87/08/11,109,124,145,170,188,196,192,172,139,103,069,046,038,044,070,104,137,167,184,184,173,153,129,110
MA14,87/08/12,102,108,125,150,173,190,196,186,164,132,098,071,054,055,070,097,129,159,180,188,179,160,137,112
MA14,87/08/13,096,093,103,123,150,170,184,186,174,153,125,098,079,072,079,100,128,155,178,190,187,173,150,122
MA14,87/08/14,097,086,087,100,121,145,164,174,175,162,142,123,105,095,098,108,129,152,172,186,189,180,162,139
MA14,87/08/15,113,095,086,089,104,122,139,155,161,160,150,137,123,114,111,118,130,146,165,179,184,180,166,147
MA14,87/08/16,124,105,088,084,089,101,119,133,147,151,151,146,140,133,129,131,139,152,165,176,181,182,174,157
MA14,87/08/17,140,119,105,095,093,097,105,116,128,137,144,150,151,150,149,149,153,159,165,172,177,179,176,169
MA14,87/08/18,157,141,124,109,095,090,090,095,104,114,123,131,138,144,149,151,152,153,157,161,166,169,168,166
MA14,87/08/19,163,155,143,129,113,100,092,089,092,101,110,123,137,148,156,159,160,158,156,155,157,159,160,161
MA14,87/08/20,160,157,155,146,132,118,108,097,091,092,104,118,134,152,164,170,172,170,162,158,155,155,158,164
MA14,87/08/21,170,172,169,162,150,135,119,104,094,090,094,107,126,147,164,178,183,183,174,165,156,152,153,158
MA14,87/08/22,167,174,179,178,165,148,126,102,084,070,070,083,101,129,151,172,184,187,180,166,153,142,140,144
MA14,87/08/23,156,168,178,184,178,167,145,120,093,071,062,068,084,110,139,162,177,182,179,168,153,139,132,136
MA14,87/08/24,145,165,181,193,196,187,167,141,111,085,070,068,080,104,134,162,179,190,188,175,159,143,130,127
MA14,87/08/25,136,153,172,190,201,197,185,162,132,099,075,066,071,091,119,150,173,187,188,180,163,142,125,114
MA14,87/08/26,118,135,156,180,194,200,195,179,155,125,099,082,080,094,119,147,175,191,198,193,178,155,132,115
MA14,87/08/27,110,118,136,159,180,193,196,185,163,137,110,089,079,087,106,132,161,182,190,187,175,153,130,110
MA14,87/08/28,099,102,115,139,163,181,190,189,176,156,131,107,093,093,107,132,160,182,196,194,183,162,137,114
MA14,87/08/29,099,096,105,123,144,165,182,188,180,164,144,124,110,104,112,126,150,173,188,192,186,168,143,117
MA14,87/08/30,096,086,086,095,116,137,156,168,170,162,150,130,115,108,108,120,140,160,174,184,182,170,147,124
MA14,87/08/31,099,082,074,077,089,107,128,145,155,155,151,140,132,126,127,134,145,160,176,185,188,180,162,144
MA14,87/09/01,120,104,092,084,086,095,108,124,138,146,150,150,148,142,141,143,147,156,165,174,177,175,164,149
MA14,87/09/02,131,112,095,082,074,073,077,089,102,115,127,137,141,145,146,147,148,150,156,160,163,166,164,158
MA14,87/09/03,149,131,111,095,082,073,070,073,082,093,109,124,138,150,159,162,163,160,157,154,156,158,160,161
MA14,87/09/04,160,154,143,127,110,092,078,069,068,074,091,112,134,155,170,180,182,178,170,162,160,160,166,174
MA14,87/09/05,180,184,178,166,148,125,100,080,066,063,074,093,120,148,170,188,195,189,179,164,153,147,151,159
MA14,87/09/06,172,184,191,187,176,154,125,095,071,056,058,071,095,125,156,183,193,194,182,163,145,133,131,138
MA14,87/09/07,156,177,195,203,200,184,158,123,090,065,055,063,085,115,145,175,193,202,194,176,152,129,117,117
MA14,87/09/08,130,155,180,199,213,208,189,157,119,086,068,061,072,096,129,163,192,205,201,181,156,126,105,097
MA14,87/09/09,103,125,154,183,201,204,195,177,144,112,087,074,076,096,125,159,186,202,204,190,166,132,106,085
MA14,87/09/10,081,092,117,148,177,197,204,193,171,142,114,091,087,100,123,152,180,200,206,196,176,147,114,087
MA14,87/09/11,076,081,099,129,160,182,194,195,183,161,137,118,108,109,125,147,174,194,203,198,184,163,130,100
MA14,87/09/12,080,076,086,108,135,160,178,186,182,169,152,137,123,120,131,150,172,190,202,199,191,174,149,123
MA14,87/09/13,100,088,088,100,118,142,158,170,175,174,164,152,142,137,140,154,172,188,200,204,198,183,162,139
MA14,87/09/14,116,099,092,096,108,126,142,156,168,170,167,159,149,145,147,154,170,184,192,192,188,180,164,145
MA14,87/09/15,128,115,103,097,102,113,128,141,149,156,159,158,156,153,153,155,164,174,179,182,182,180,173,164
MA14,87/09/16,152,138,126,116,112,114,119,127,137,147,156,160,162,167,170,173,177,180,183,184,185,184,181,176
MA14,87/09/17,169,162,151,141,129,123,121,123,129,140,151,162,173,184,189,192,193,192,190,189,188,188,189,190
MA14,87/09/18,192,188,181,170,159,146,134,128,129,133,143,159,174,188,197,203,203,199,192,185,181,181,184,189
MA14,87/09/19,194,194,192,183,171,154,138,122,114,114,122,136,154,173,185,194,194,188,178,167,157,154,157,164
MA14,87/09/20,171,179,182,180,170,152,131,108,092,087,092,104,124,145,164,182,186,181,166,151,136,129,129,137
MA14,87/09/21,151,166,177,184,182,169,147,119,096,082,080,092,112,137,160,178,183,180,169,150,130,115,110,117
MA14,87/09/22,133,155,176,191,199,190,169,141,115,092,082,088,105,130,157,178,190,188,177,157,134,114,102,102
MA14,87/09/23,116,142,170,186,194,192,175,152,125,098,082,079,094,118,150,177,197,203,194,172,148,124,106,101
MA14,87/09/24,110,132,157,180,194,200,191,171,145,116,096,086,094,113,142,169,189,196,190,172,146,118,096,083
MA14,87/09/25,091,109,134,164,190,210,212,200,178,150,125,111,112,128,151,175,194,205,202,186,161,129,102,082
MA14,87/09/26,078,091,115,148,173,194,203,198,181,158,138,121,114,124,142,171,196,213,213,199,176,142,110,085
MA14,87/09/27,072,073,088,114,144,168,183,188,181,165,146,129,118,117,130,152,174,192,200,195,177,149,117,087
MA14,87/09/28,070,063,071,091,116,142,161,172,173,168,157,143,134,132,140,156,176,191,199,197,184,160,136,110
MA14,87/09/29,089,074,070,078,096,117,136,152,160,162,160,153,148,145,147,156,167,181,190,192,188,174,156,133
MA14,87/09/30,112,094,086,084,090,102,117,134,148,158,162,164,165,166,167,169,174,180,186,190,190,184,172,156
MA14,87/10/01,138,121,106,097,093,094,101,112,127,143,156,166,175,180,182,183,182,182,183,185,188,187,183,176
MA14,87/10/02,167,154,140,124,112,103,100,103,111,126,143,160,176,187,194,197,196,191,184,182,182,184,186,190
MA14,87/10/03,188,184,172,156,138,121,108,100,101,109,125,146,166,183,196,202,198,188,175,165,159,159,164,173
MA14,87/10/04,182,186,184,172,153,129,107,088,077,076,088,110,134,160,179,189,190,178,161,144,130,125,130,142
MA14,87/10/05,159,176,185,185,174,151,124,097,077,068,071,087,111,140,165,183,186,176,156,132,113,099,097,110
MA14,87/10/06,131,157,178,191,190,174,149,119,090,074,069,080,102,132,159,182,190,184,166,138,111,088,080,087
MA14,87/10/07,106,136,163,186,196,192,176,149,121,098,084,086,104,130,157,184,198,196,180,154,124,095,077,074
MA14,87/10/08,088,117,148,178,198,203,194,174,149,124,107,102,112,133,157,182,200,204,192,167,136,101,076,064
MA14,87/10/09,069,093,121,153,180,197,198,187,168,144,126,116,118,132,152,176,194,204,198,176,147,114,084,064
MA14,87/10/10,060,073,096,128,156,178,189,187,176,158,141,128,125,135,151,172,188,199,199,185,160,128,099,074
MA14,87/10/11,062,064,083,109,135,161,178,184,180,170,156,144,138,142,153,171,187,199,201,192,174,146,118,092
MA14,87/10/12,075,070,079,097,120,145,163,174,176,172,166,157,152,149,156,170,183,193,197,192,178,158,136,110
MA14,87/10/13,090,078,076,085,100,119,136,149,157,158,155,151,148,147,149,158,168,177,182,182,174,158,141,120
MA14,87/10/14,102,089,082,082,090,105,120,134,145,152,153,154,154,154,155,162,168,173,177,178,174,165,153,139
MA14,87/10/15,124,109,098,093,093,099,108,120,130,140,146,151,153,155,156,157,159,161,162,163,162,157,152,144
MA14,87/10/16,134,125,114,103,097,096,100,108,118,128,140,150,158,163,166,168,167,163,161,160,160,162,164,164
MA14,87/10/17,162,157,151,142,133,125,124,126,135,150,165,178,187,194,197,196,189,180,170,161,155,153,155,158
MA14,87/10/18,160,161,156,145,132,117,104,092,091,100,115,134,152,167,174,176,170,157,143,132,124,124,130,142
MA14,87/10/19,152,161,166,162,150,133,114,100,092,094,105,125,146,166,179,184,178,163,144,124,111,105,110,124
MA14,87/10/20,142,160,170,173,165,148,127,105,090,082,089,107,131,154,171,180,179,164,142,120,100,088,088,100
MA14,87/10/21,122,146,167,178,178,167,146,123,102,088,087,099,121,148,170,184,186,173,151,123,098,080,073,081
MA14,87/10/22,101,130,156,177,186,182,167,143,120,100,090,096,115,140,163,182,189,178,157,129,100,074,060,060
MA14,87/10/23,077,105,134,162,180,184,174,155,133,111,098,096,106,129,152,172,182,178,161,133,102,070,051,045
MA14,87/10/24,055,079,110,140,167,182,184,174,157,135,119,110,117,132,153,178,191,193,179,156,126,088,064,050
MA14,87/10/25,050,067,095,128,160,183,192,192,182,165,145,132,130,139,156,177,194,202,195,178,147,115,082,060
MA14,87/10/26,054,060,078,104,132,159,179,188,183,170,156,143,137,139,150,167,182,191,192,180,158,129,100,074
MA14,87/10/27,054,051,060,080,104,135,160,173,180,177,166,156,150,148,153,166,178,188,192,184,169,147,122,093
MA14,87/10/28,071,058,056,065,081,105,125,145,158,163,162,158,153,150,150,157,165,174,178,179,171,156,137,112
MA14,87/10/29,089,071,060,060,068,082,100,119,134,147,154,157,156,154,152,154,156,160,165,168,167,160,147,133
MA14,87/10/30,116,097,082,073,067,071,081,096,115,130,142,152,158,160,158,156,153,150,150,152,155,158,158,150
MA14,87/10/31,140,126,114,099,086,078,078,085,095,113,129,144,157,162,163,159,151,141,133,131,131,136,143,149
MA14,87/11/01,151,148,138,124,110,095,084,080,085,097,111,132,150,165,173,168,159,143,130,120,115,118,126,139
MA14,87/11/02,150,161,162,152,140,123,107,094,091,097,112,132,154,172,181,182,171,152,131,114,104,104,114,131
MA14,87/11/03,150,168,178,178,170,152,131,113,104,103,110,127,150,170,183,187,176,155,128,103,086,078,083,101
MA14,87/11/04,124,149,167,177,174,161,145,125,109,100,103,115,135,159,176,184,180,162,135,104,080,064,063,076
MA14,87/11/05,102,131,158,181,191,188,178,158,141,126,123,130,147,170,191,204,206,192,165,130,098,071,058,058
MA14,87/11/06,074,102,134,160,182,186,182,166,149,130,121,121,131,153,175,189,197,188,166,135,099,070,048,042
MA14,87/11/07,052,080,115,146,169,183,185,177,161,147,134,129,136,150,171,189,202,199,180,156,123,091,069,054
MA14,87/11/08,054,073,102,133,165,186,194,190,180,165,152,144,142,152,168,185,197,200,190,169,139,107,078,058
MA14,87/11/09,051,059,080,107,137,162,177,183,179,167,155,145,140,145,157,174,187,194,192,177,154,128,100,075
MA14,87/11/10,060,057,069,090,116,141,161,171,175,169,160,150,144,146,152,164,175,182,184,176,160,137,113,088
MA14,87/11/11,069,061,061,073,094,115,137,152,160,162,160,152,147,144,147,154,162,170,176,175,167,153,133,111
MA14,87/11/12,089,073,067,070,082,099,118,135,149,155,157,155,152,147,148,150,156,161,166,168,165,156,143,129
MA14,87/11/13,114,100,090,087,092,103,119,133,147,156,161,163,161,157,154,152,151,152,154,155,154,152,146,136
MA14,87/11/14,125,114,104,096,093,095,104,117,131,143,153,160,162,161,157,155,151,146,143,142,144,145,145,144
MA14,87/11/15,139,132,122,112,104,100,100,105,117,130,144,156,162,164,163,156,148,138,130,125,125,129,135,141
MA14,87/11/16,144,144,139,131,120,110,104,104,110,121,135,150,163,170,170,164,154,141,128,120,116,120,129,141
MA14,87/11/17,153,160,162,157,148,134,121,114,113,118,132,146,160,169,170,165,151,134,114,098,088,087,097,114
MA14,87/11/18,133,149,158,160,154,141,124,111,106,109,119,135,154,169,177,176,164,144,122,100,084,079,087,105
MA14,87/11/19,127,150,170,181,181,170,155,138,126,121,126,140,158,174,185,190,182,162,134,105,080,065,064,076
MA14,87/11/20,099,125,152,170,180,176,163,146,130,119,117,126,145,164,180,186,180,161,131,100,071,051,044,053
MA14,87/11/21,077,105,137,164,182,188,184,171,154,139,132,133,148,167,185,200,201,187,162,131,097,070,050,047
MA14,87/11/22,061,087,120,150,175,186,190,182,166,149,136,131,137,154,173,189,196,189,167,138,102,068,040,028
MA14,87/11/23,032,050,079,111,145,167,184,188,180,166,153,145,145,155,173,191,204,206,194,170,137,103,071,049
MA14,87/11/24,040,046,067,095,129,158,180,190,189,180,167,155,147,150,160,176,190,195,190,175,149,117,084,059
MA14,87/11/25,040,036,048,069,097,122,148,164,170,170,165,156,9999,9999,9999,9999,9999,174,177,172,155,130,100,072
MA14,87/11/26,048,035,033,044,062,085,110,130,147,156,160,156,146,142,142,146,156,166,171,173,168,156,136,114
MA14,87/11/27,090,073,064,064,074,090,112,133,152,165,171,171,166,161,156,155,156,162,169,173,174,171,163,149
MA14,87/11/28,133,115,100,093,092,098,111,129,147,165,174,179,179,173,164,156,150,148,150,155,160,165,166,162
MA14,87/11/29,151,139,126,113,106,104,110,121,136,153,167,174,178,176,168,156,143,132,126,124,131,138,146,152
MA14,87/11/30,152,146,138,126,114,105,103,107,119,133,150,163,172,174,168,155,138,123,110,104,105,116,130,144
MA14,87/12/01,157,164,164,157,146,136,127,124,130,142,158,174,186,194,194,183,165,142,122,108,103,109,124,143
MA14,87/12/02,161,176,183,183,177,167,152,142,135,137,149,164,178,189,192,183,165,140,113,089,075,072,082,100
MA14,87/12/03,124,146,165,173,175,168,157,145,137,136,142,155,169,184,192,189,174,152,123,095,072,061,061,076
MA14,87/12/04,102,129,155,173,182,180,173,160,148,140,139,148,163,179,191,194,185,165,135,103,074,055,046,055
MA14,87/12/05,076,103,134,160,176,182,180,170,158,148,144,148,159,173,188,197,195,180,155,124,091,065,048,046
MA14,87/12/06,063,088,119,149,173,186,189,184,173,162,154,151,157,170,183,194,199,191,172,143,110,080,055,044
MA14,87/12/07,048,065,093,123,152,172,183,182,174,162,149,142,142,150,165,179,187,187,174,150,119,089,060,042
MA14,87/12/08,035,045,068,098,128,152,167,172,169,159,146,136,132,137,150,165,178,183,179,162,136,107,076,053
MA14,87/12/09,041,041,056,081,113,140,160,170,172,165,152,140,134,134,144,156,168,176,180,170,151,126,098,075
MA14,87/12/10,057,050,057,074,099,125,150,166,172,170,160,148,138,135,138,147,160,170,175,173,161,143,121,098
MA14,87/12/11,076,065,064,072,092,116,142,160,170,173,168,159,148,143,141,147,154,162,168,169,166,156,139,120
MA14,87/12/12,102,088,082,082,094,112,133,155,168,174,173,164,155,147,143,141,144,150,155,160,162,157,148,135
MA14,87/12/13,120,108,098,094,099,110,127,143,158,169,173,171,163,156,148,143,140,140,142,147,150,152,150,144
MA14,87/12/14,135,122,113,106,102,106,115,128,143,156,163,163,158,151,141,132,123,116,114,116,120,126,131,134
MA14,87/12/15,133,126,120,113,106,104,108,116,128,142,153,158,158,155,148,137,124,113,105,103,107,116,125,136
MA14,87/12/16,145,150,150,144,136,128,126,128,135,147,159,169,174,174,168,156,137,117,100,089,086,091,103,118
MA14,87/12/17,134,146,152,152,145,137,130,126,128,137,148,160,169,174,170,157,136,112,088,069,057,058,066,085
MA14,87/12/18,107,128,144,150,149,142,130,122,116,119,127,139,153,162,165,160,146,126,101,075,058,051,056,072
MA14,87/12/19,097,124,149,164,171,170,162,150,140,135,139,148,160,174,181,180,171,153,121,089,063,047,043,054
MA14,87/12/20,076,106,138,165,184,188,184,172,159,149,144,146,157,172,186,194,191,175,148,114,081,053,037,035
MA14,87/12/21,051,077,109,143,170,187,194,188,176,162,152,148,153,166,182,194,197,188,165,135,098,063,037,024
MA14,87/12/22,027,047,076,109,145,169,183,185,176,163,149,143,144,153,170,187,196,196,183,163,132,094,059,037
MA14,87/12/23,028,038,060,089,121,152,176,187,185,174,158,144,136,138,149,165,180,189,185,168,142,111,078,046
MA14,87/12/24,026,023,034,057,088,122,151,170,177,174,162,144,133,131,136,148,164,178,184,178,162,133,101,072
MA14,87/12/25,046,035,035,047,069,098,126,149,160,163,158,147,133,126,126,132,145,161,171,175,171,157,135,109
MA14,87/12/26,085,068,059,059,070,092,117,139,156,163,161,152,138,126,118,116,122,133,146,156,162,160,148,130
MA14,87/12/27,110,092,080,076,083,097,118,138,156,166,170,164,155,141,128,120,116,121,129,139,148,153,152,147
MA14,87/12/28,133,121,109,102,102,109,122,138,155,168,175,174,167,155,141,126,116,112,114,120,129,139,147,151
MA14,87/12/29,150,146,139,132,128,128,134,144,157,171,181,185,182,175,162,144,127,115,107,106,113,124,135,147
MA14,87/12/30,156,160,162,158,153,150,150,153,162,173,185,193,196,193,182,164,145,124,102,088,084,088,099,114
MA14,87/12/31,130,144,153,157,156,150,145,143,144,150,157,165,172,174,169,157,137,114,092,073,064,063,072,090
