MA14,06/01/01,031,051,082,118,151,177,189,190,180,167,153,146,148,159,176,191,201,201,186,159,123,087,054,034
MA14,06/01/02,030,041,067,101,139,171,192,201,197,185,169,156,151,155,168,186,203,210,205,187,158,123,088,059
MA14,06/01/03,044,045,060,087,121,155,183,199,203,197,184,168,156,152,157,168,184,197,201,195,178,149,116,084
MA14,06/01/04,061,051,055,071,096,126,155,177,188,187,177,160,145,136,136,144,159,174,185,189,183,166,141,112
MA14,06/01/05,087,071,066,072,089,114,141,165,180,185,178,164,147,133,125,126,134,147,160,169,171,165,151,131
MA14,06/01/06,110,092,082,082,091,108,130,152,170,180,179,170,155,138,125,118,118,125,137,150,159,162,159,150
MA14,06/01/07,138,125,114,110,112,122,137,154,171,182,186,180,169,153,135,121,113,110,113,121,131,140,146,147
MA14,06/01/08,144,137,130,123,121,125,134,146,159,170,176,176,169,157,141,124,108,097,092,094,101,111,121,131
MA14,06/01/09,138,140,138,135,133,132,135,141,149,158,166,169,167,160,148,131,113,096,084,078,079,086,099,116
MA14,06/01/10,131,144,152,155,154,152,152,152,156,162,169,175,178,176,169,155,136,114,093,078,072,074,084,101
MA14,06/01/11,120,139,154,163,166,165,160,156,153,154,158,164,170,174,173,164,148,124,098,074,059,053,057,070
MA14,06/01/12,091,115,136,153,163,166,162,154,147,143,144,149,157,165,171,170,159,138,110,081,057,041,038,046
MA14,06/01/13,065,091,119,142,158,165,164,157,148,140,136,138,147,159,170,176,172,157,133,103,074,051,038,040
MA14,06/01/14,055,080,110,139,163,178,182,177,167,156,148,148,155,169,185,199,206,202,182,152,120,089,066,057
MA14,06/01/15,062,079,106,136,162,180,188,184,173,158,144,137,140,151,167,183,193,192,178,153,122,089,061,046
MA14,06/01/16,045,059,084,114,145,169,183,185,178,164,148,137,135,144,159,177,191,197,190,172,144,112,082,061
MA14,06/01/17,053,060,079,107,137,163,180,186,179,165,147,132,124,126,137,153,171,182,182,171,150,122,092,066
MA14,06/01/18,050,050,063,086,115,143,164,175,175,165,149,132,121,120,128,143,160,174,180,177,162,140,112,086
MA14,06/01/19,069,063,070,087,111,138,161,175,179,172,157,139,124,117,118,128,144,160,171,173,166,150,128,105
MA14,06/01/20,085,073,073,083,103,127,150,167,174,171,158,141,125,113,110,115,126,140,153,161,162,154,139,122
MA14,06/01/21,105,093,090,096,110,130,151,168,178,180,172,158,142,128,119,118,125,136,147,157,163,163,157,147
MA14,06/01/22,135,124,117,116,123,137,154,169,181,185,181,170,155,139,127,120,120,125,133,143,152,158,158,153
MA14,06/01/23,146,139,132,129,131,139,150,163,173,179,177,168,153,137,122,110,102,098,099,105,114,123,131,136
MA14,06/01/24,138,137,134,132,132,134,141,150,160,167,170,166,157,144,130,115,100,089,082,081,085,094,106,119
MA14,06/01/25,130,137,141,142,142,142,143,146,152,158,164,165,162,155,144,130,113,096,081,073,071,077,090,106
MA14,06/01/26,124,141,153,160,162,161,159,157,157,161,166,172,175,175,168,155,137,116,094,076,065,064,073,090
MA14,06/01/27,112,137,159,174,183,184,181,174,167,164,167,173,180,186,188,183,168,146,118,091,069,057,057,069
MA14,06/01/28,091,120,149,173,190,196,193,184,172,162,159,162,170,181,190,192,183,164,135,101,069,044,033,036
MA14,06/01/29,053,081,115,147,171,185,188,179,165,151,141,139,146,160,176,188,190,180,156,122,084,051,028,021
MA14,06/01/30,030,055,090,127,159,182,191,186,172,154,138,130,133,146,165,185,197,197,183,156,119,080,047,027
MA14,06/01/31,023,036,064,099,134,164,182,185,175,158,138,121,114,121,140,163,185,197,194,177,147,109,072,045
MA14,06/02/01,032,035,054,085,120,153,177,189,186,172,151,130,117,117,131,155,182,204,214,208,189,158,122,090
MA14,06/02/02,067,059,067,088,117,148,172,185,185,173,152,128,107,096,099,114,138,162,179,185,179,163,139,114
MA14,06/02/03,093,081,083,098,121,148,172,188,193,186,169,145,122,106,102,108,123,142,157,166,168,161,145,126
MA14,06/02/04,107,094,090,096,110,131,154,170,178,175,162,142,120,099,086,083,090,104,121,136,146,149,145,136
MA14,06/02/05,125,116,111,113,123,138,156,171,179,179,170,154,133,112,094,084,082,087,097,109,122,131,135,134
MA14,06/02/06,130,125,123,124,129,139,150,162,170,172,169,159,144,128,110,095,085,082,084,091,101,112,123,132
MA14,06/02/07,137,141,144,147,151,158,164,171,178,182,184,180,172,162,149,135,123,112,106,104,107,115,126,137
MA14,06/02/08,147,155,161,165,165,164,164,165,167,169,171,173,172,167,159,147,131,114,098,087,080,081,089,102
MA14,06/02/09,119,136,149,157,161,161,159,156,152,150,151,154,157,158,155,147,133,114,092,073,061,057,062,076
MA14,06/02/10,096,119,141,156,165,166,163,157,151,146,147,152,159,168,173,172,162,145,122,097,075,061,058,065
MA14,06/02/11,082,107,132,153,166,172,169,160,149,140,137,140,150,164,177,184,181,167,143,115,087,065,054,057
MA14,06/02/12,071,095,122,148,167,175,173,164,150,136,127,127,135,149,164,177,181,173,152,122,090,062,044,040
MA14,06/02/13,049,070,099,128,152,166,169,162,148,132,120,115,120,134,154,173,185,184,170,146,115,083,058,045
MA14,06/02/14,048,064,091,122,149,168,174,168,153,135,117,105,106,119,139,161,179,185,178,159,132,101,073,055
MA14,06/02/15,051,062,087,118,146,166,175,172,158,139,119,103,098,105,122,144,165,178,179,167,145,116,088,067
MA14,06/02/16,057,061,079,104,133,158,172,174,163,144,122,103,093,094,106,127,151,171,180,176,160,136,109,085
MA14,06/02/17,070,069,080,102,129,155,173,178,170,152,129,107,092,086,092,109,131,151,165,168,159,141,118,096
MA14,06/02/18,078,072,077,093,115,140,159,167,163,149,128,105,086,076,076,087,106,127,145,155,154,144,128,110
MA14,06/02/19,094,086,088,099,117,139,158,169,168,157,138,115,095,080,075,081,096,114,132,145,149,146,136,123
MA14,06/02/20,110,102,101,107,120,138,155,167,170,164,149,130,109,091,081,079,084,096,112,126,137,142,142,137
MA14,06/02/21,130,124,121,123,131,144,157,167,172,169,159,144,125,107,092,083,082,086,095,106,117,127,133,136
MA14,06/02/22,137,137,137,138,141,148,157,166,171,171,166,156,142,128,112,099,090,086,086,091,099,110,121,131
MA14,06/02/23,140,147,152,156,158,160,164,168,170,172,171,166,158,146,131,114,098,085,076,071,073,081,093,109
MA14,06/02/24,126,141,153,160,162,161,159,156,155,155,156,158,158,154,145,132,114,093,073,057,049,050,060,079
MA14,06/02/25,102,125,146,160,166,165,158,150,143,141,144,151,159,164,164,155,139,116,090,065,046,036,039,055
MA14,06/02/26,080,110,138,160,174,177,171,159,146,137,135,143,157,173,187,193,185,163,132,098,070,050,042,047
MA14,06/02/27,066,096,129,158,178,185,181,166,145,127,116,115,127,146,167,182,185,174,149,114,078,046,026,021
MA14,06/02/28,033,060,095,130,158,173,173,161,140,117,098,092,101,123,150,175,191,193,178,150,115,078,049,035
MA14,06/03/01,038,057,089,125,158,181,190,182,162,136,112,097,096,111,137,168,194,209,209,195,168,134,101,078
MA14,06/03/02,070,078,100,132,163,188,200,195,177,150,120,096,084,087,106,136,166,190,200,195,176,149,119,093
MA14,06/03/03,078,078,094,120,149,174,188,189,176,152,122,093,073,067,077,101,130,156,173,179,171,153,130,106
MA14,06/03/04,090,085,092,110,134,159,175,180,170,150,122,092,067,053,052,066,090,116,137,151,154,148,135,118
MA14,06/03/05,104,097,099,111,130,151,167,174,170,155,132,106,082,064,056,060,074,093,114,131,142,144,140,131
MA14,06/03/06,121,115,116,123,137,153,167,174,173,163,147,127,105,084,070,066,069,080,094,110,123,131,134,133
MA14,06/03/07,131,129,130,134,140,150,159,165,167,162,153,138,121,103,087,078,074,077,084,094,106,117,125,132
MA14,06/03/08,137,141,144,147,152,157,163,168,169,167,162,154,143,130,116,103,092,085,082,084,089,097,107,118
MA14,06/03/09,129,138,145,148,150,151,151,151,151,150,149,147,144,137,128,117,104,092,082,076,076,081,091,105
MA14,06/03/10,121,136,148,155,157,157,154,151,148,148,149,152,155,156,153,146,134,118,100,085,076,076,084,098
MA14,06/03/11,117,136,152,163,167,167,162,154,146,142,144,151,161,169,173,172,162,145,124,103,087,081,084,096
MA14,06/03/12,115,137,159,175,183,182,174,163,151,143,143,149,160,173,184,190,187,175,153,129,106,090,085,092
MA14,06/03/13,110,133,156,175,185,185,177,161,144,130,123,126,138,155,173,187,192,186,167,141,114,091,078,079
MA14,06/03/14,093,116,142,166,181,186,179,162,142,124,113,113,125,144,165,184,194,192,175,148,117,090,071,066
MA14,06/03/15,074,095,122,149,168,176,170,154,132,109,092,086,093,110,133,157,175,181,174,155,129,101,079,067
MA14,06/03/16,071,089,115,142,165,178,176,161,137,111,090,078,080,095,118,146,170,185,185,173,152,128,107,094
MA14,06/03/17,095,109,135,164,187,202,203,189,164,134,104,083,074,080,098,123,149,169,176,170,154,130,106,088
MA14,06/03/18,080,085,101,124,149,168,176,170,151,126,099,078,066,067,082,107,135,160,175,180,173,157,137,120
MA14,06/03/19,110,111,123,144,168,189,201,199,185,162,136,111,093,086,092,109,132,156,174,184,183,172,156,139
MA14,06/03/20,126,123,129,142,160,177,187,188,178,159,135,109,088,076,076,088,107,129,149,164,171,169,160,149
MA14,06/03/21,139,134,136,145,158,172,182,186,180,166,145,121,099,083,077,081,093,110,127,142,152,156,155,151
MA14,06/03/22,145,142,142,146,154,164,173,178,176,167,151,131,111,093,082,078,081,089,102,117,131,143,151,155
MA14,06/03/23,157,158,160,163,168,175,182,187,187,184,175,161,145,128,112,102,096,094,097,104,114,126,138,149
MA14,06/03/24,158,164,167,169,169,168,168,168,167,166,163,157,149,138,125,111,098,087,080,078,083,092,106,123
MA14,06/03/25,140,154,164,168,167,163,157,152,149,148,149,151,152,149,141,128,112,095,079,067,062,066,078,097
MA14,06/03/26,119,141,158,167,168,163,153,143,135,131,134,143,154,163,165,160,146,125,101,079,064,058,064,080
MA14,06/03/27,106,134,159,174,180,174,160,141,124,115,115,125,141,159,172,177,170,153,127,098,072,056,053,065
MA14,06/03/28,089,121,153,176,187,185,172,150,126,108,102,110,129,154,179,197,202,193,172,143,113,089,077,079
MA14,06/03/29,098,127,160,187,203,203,190,165,135,107,088,086,100,125,155,182,199,200,187,161,130,100,078,069
MA14,06/03/30,077,098,128,158,180,189,182,161,130,098,073,063,070,091,124,159,188,202,199,182,156,127,101,087
MA14,06/03/31,088,102,126,154,178,191,188,171,141,107,075,054,048,059,085,119,152,177,187,184,169,145,121,104
MA14,06/04/01,099,107,126,150,173,188,191,179,154,121,087,060,046,048,066,094,126,155,175,183,179,166,148,133
MA14,06/04/02,126,128,140,159,179,196,204,199,181,154,122,094,074,068,077,099,127,158,184,200,202,196,184,171
MA14,06/04/03,161,159,165,179,194,206,213,210,197,174,146,117,092,077,074,083,100,121,143,159,169,170,165,158
MA14,06/04/04,151,148,150,159,170,181,189,191,183,168,148,125,103,086,078,079,089,105,123,140,152,160,162,161
MA14,06/04/05,159,159,161,166,174,182,189,193,191,183,171,157,141,124,111,104,103,108,118,130,142,151,158,162
MA14,06/04/06,164,165,165,166,168,172,175,175,173,168,161,152,141,127,115,104,097,095,097,103,113,124,135,146
MA14,06/04/07,155,162,165,165,165,164,163,162,161,160,158,155,151,144,134,122,111,102,096,094,098,107,120,134
MA14,06/04/08,148,159,165,167,165,161,156,152,150,150,153,158,163,164,161,153,141,125,110,100,096,099,109,123
MA14,06/04/09,140,155,165,169,166,158,147,137,130,127,130,138,147,155,159,155,145,129,111,094,085,083,090,105
MA14,06/04/10,125,145,160,167,167,158,145,131,118,112,114,123,136,149,160,163,157,144,125,105,089,082,084,096
MA14,06/04/11,116,138,156,168,170,162,148,129,110,098,097,105,121,140,158,170,172,163,146,125,105,091,088,098
MA14,06/04/12,118,143,167,184,191,185,169,148,125,107,099,104,119,140,163,182,190,187,174,153,129,109,098,101
MA14,06/04/13,115,138,161,180,190,187,173,149,121,097,083,082,095,117,144,170,188,193,185,167,144,121,106,102
MA14,06/04/14,111,131,155,176,188,188,175,151,121,091,070,063,071,090,118,147,171,184,184,172,152,129,111,102
MA14,06/04/15,106,122,144,165,181,185,177,156,127,096,072,058,059,074,101,132,161,182,191,186,172,152,133,121
MA14,06/04/16,122,133,152,174,192,201,196,179,151,120,091,071,064,071,092,120,151,176,191,193,185,169,150,135
MA14,06/04/17,129,133,146,164,182,192,192,179,155,125,093,068,053,052,064,086,114,141,163,173,173,164,151,137
MA14,06/04/18,128,128,135,148,164,176,180,174,156,130,100,074,055,047,051,066,088,113,135,151,158,158,152,143
MA14,06/04/19,136,132,134,142,154,166,172,170,158,139,115,090,068,054,050,056,070,090,111,130,144,152,154,152
MA14,06/04/20,147,144,144,149,156,166,174,178,175,165,150,131,111,094,082,080,085,096,110,125,140,152,159,163
MA14,06/04/21,165,165,163,161,162,166,170,173,173,168,160,148,133,117,102,091,084,083,088,098,111,126,140,152
MA14,06/04/22,160,165,165,162,158,155,154,155,156,156,156,153,145,134,121,107,094,085,081,083,093,108,126,143
MA14,06/04/23,159,170,174,171,164,155,146,142,141,144,150,155,159,157,151,139,123,107,094,087,088,098,114,135
MA14,06/04/24,156,173,182,183,175,162,147,135,129,130,139,152,166,175,178,171,157,139,120,103,094,094,105,124
MA14,06/04/25,148,170,185,191,184,168,147,126,111,106,113,129,150,169,182,186,179,164,143,121,103,094,097,110
MA14,06/04/26,132,156,176,187,184,171,148,120,094,079,079,092,115,142,168,185,190,184,167,143,121,107,103,110
MA14,06/04/27,129,154,178,194,198,189,166,135,102,076,064,069,090,120,152,179,196,200,191,172,149,128,116,116
MA14,06/04/28,130,151,174,192,199,192,173,143,107,074,052,048,060,087,122,155,181,194,194,183,164,142,125,119
MA14,06/04/29,126,144,165,185,198,199,185,159,124,088,058,043,045,065,095,129,160,183,193,190,178,160,143,131
MA14,06/04/30,132,144,162,181,196,201,194,175,144,107,074,051,042,050,073,104,138,166,184,190,185,172,156,144
MA14,06/05/01,140,146,161,178,194,203,202,190,167,136,104,077,060,056,067,090,119,147,169,181,183,178,168,157
MA14,06/05/02,150,149,156,168,181,192,195,188,172,149,122,094,073,062,063,075,095,119,141,158,168,169,164,156
MA14,06/05/03,149,146,148,156,166,177,182,181,170,153,130,106,082,066,060,064,076,095,116,134,147,154,155,151
MA14,06/05/04,147,144,144,148,154,162,168,170,165,153,138,120,101,084,073,070,074,084,099,116,131,141,147,149
MA14,06/05/05,148,145,142,141,143,147,151,154,154,150,143,133,120,106,094,085,082,085,092,104,117,130,141,148
MA14,06/05/06,151,151,148,145,142,140,140,141,143,144,144,142,136,128,118,107,097,092,092,097,107,121,135,146
MA14,06/05/07,155,160,159,154,147,140,134,131,131,134,139,145,147,145,139,129,117,107,099,098,104,115,129,144
MA14,06/05/08,157,165,167,162,153,141,130,122,118,120,127,137,147,153,154,148,136,122,110,102,101,108,120,137
MA14,06/05/09,153,166,171,168,158,143,127,113,104,103,111,125,141,155,165,165,158,145,130,117,110,112,121,137
MA14,06/05/10,156,172,181,180,171,154,133,114,099,093,098,112,131,150,166,174,173,163,148,132,120,116,121,134
MA14,06/05/11,153,172,185,189,182,165,142,118,097,085,084,096,117,141,164,179,184,178,164,145,128,117,115,122
MA14,06/05/12,138,156,170,177,173,159,135,106,079,059,051,058,078,106,136,160,175,178,170,155,138,124,116,119
MA14,06/05/13,132,150,168,181,183,174,152,123,092,066,050,050,064,089,120,151,175,188,189,180,165,148,136,133
MA14,06/05/14,142,158,176,191,198,193,176,150,117,085,061,051,056,075,103,134,161,180,188,184,172,156,141,133
MA14,06/05/15,135,146,161,178,187,187,175,152,120,087,059,041,037,049,072,101,131,157,173,178,173,162,148,137
MA14,06/05/16,134,140,153,168,180,186,180,163,136,103,072,048,035,037,052,077,106,134,156,168,171,167,157,146
MA14,06/05/17,139,139,147,160,173,182,182,172,152,124,094,067,047,040,045,061,085,112,136,155,166,168,164,155
MA14,06/05/18,148,145,147,155,166,176,181,178,166,146,120,094,071,056,051,057,073,094,118,139,156,165,167,164
MA14,06/05/19,158,153,150,152,158,166,173,175,172,160,143,122,101,084,072,069,075,089,108,129,149,165,174,176
MA14,06/05/20,175,169,163,160,160,164,169,174,176,173,165,152,136,118,103,093,090,093,103,118,136,152,165,172
MA14,06/05/21,173,169,161,151,143,138,138,142,148,152,154,151,143,130,114,099,088,082,083,092,106,124,140,153
MA14,06/05/22,162,164,158,147,133,121,114,114,118,126,136,143,146,143,134,121,106,094,088,088,096,112,130,147
MA14,06/05/23,160,167,164,154,138,119,104,095,093,101,116,133,147,156,157,151,139,123,110,103,103,112,127,146
MA14,06/05/24,164,176,179,171,154,130,106,087,077,078,090,110,132,152,165,169,163,150,134,119,111,111,119,134
MA14,06/05/25,152,168,176,173,158,134,105,077,057,049,055,072,098,126,149,163,167,161,148,133,120,113,116,127
MA14,06/05/26,144,162,176,178,168,146,117,086,057,038,033,044,068,099,129,154,168,171,164,151,137,127,123,128
MA14,06/05/27,142,160,176,185,182,167,140,106,073,046,032,034,051,079,112,144,167,180,181,173,161,148,139,138
MA14,06/05/28,147,163,182,196,201,193,172,142,107,074,050,041,047,067,098,133,162,182,190,189,179,165,153,147
MA14,06/05/29,149,160,174,188,197,196,182,158,125,091,061,043,038,049,072,103,135,161,178,183,179,168,156,146
MA14,06/05/30,144,149,161,176,188,194,188,171,143,111,078,053,041,042,056,081,110,139,159,170,172,167,156,145
MA14,06/05/31,139,139,145,158,171,181,182,172,153,126,097,070,051,043,048,065,090,118,142,158,165,164,157,148
MA14,06/06/01,140,136,138,145,156,167,174,173,162,142,118,093,072,058,055,062,079,102,126,145,156,160,157,150
MA14,06/06/02,141,135,133,136,144,154,163,167,163,152,134,114,094,078,069,069,079,095,115,135,150,160,162,157
MA14,06/06/03,150,143,137,135,137,143,150,156,157,153,144,131,115,100,089,083,085,095,110,127,143,155,161,162
MA14,06/06/04,159,153,144,137,134,136,140,145,148,150,149,143,134,123,112,103,099,102,110,123,138,152,162,167
MA14,06/06/05,167,162,153,143,135,130,130,132,136,142,147,149,148,142,134,125,117,114,115,122,134,147,160,169
MA14,06/06/06,172,169,161,149,136,125,118,115,118,125,134,143,149,151,148,142,133,126,122,123,131,142,155,167
MA14,06/06/07,174,175,169,157,141,125,110,102,100,106,117,131,144,153,157,155,148,138,129,124,126,134,146,158
MA14,06/06/08,169,174,171,161,144,124,104,089,081,082,093,110,130,147,160,165,162,154,143,134,130,133,143,157
MA14,06/06/09,172,182,185,179,164,143,119,098,083,078,085,103,127,151,171,184,188,183,172,159,149,144,146,156
MA14,06/06/10,170,183,190,189,177,155,128,098,074,058,055,065,087,115,143,165,177,179,173,161,148,137,134,140
MA14,06/06/11,153,169,180,184,177,160,134,103,072,049,038,042,060,088,120,148,170,181,182,174,161,148,139,139
MA14,06/06/12,147,161,175,184,184,173,150,119,086,055,035,029,039,061,093,126,154,173,181,179,170,156,144,137
MA14,06/06/13,140,153,169,183,191,187,171,145,112,078,049,032,030,043,069,101,133,159,176,181,176,164,151,140
MA14,06/06/14,137,143,157,173,186,189,181,160,131,098,066,041,028,031,047,075,108,138,162,175,178,171,159,146
MA14,06/06/15,137,137,145,160,175,185,187,176,155,126,094,064,044,036,042,061,088,118,145,165,175,175,167,155
MA14,06/06/16,144,138,139,149,164,179,189,188,177,156,129,100,075,059,054,061,078,104,131,153,168,174,170,160
MA14,06/06/17,148,137,131,132,141,154,167,174,172,162,144,121,097,077,065,063,071,088,112,136,155,168,171,167
MA14,06/06/18,157,145,134,129,129,136,147,159,167,168,161,147,129,110,094,085,085,095,111,131,150,165,173,174
MA14,06/06/19,167,155,140,126,118,116,122,132,143,152,155,153,145,132,118,107,100,101,109,122,138,154,166,171
MA14,06/06/20,169,160,145,127,111,101,097,102,112,126,138,147,150,147,140,130,120,114,114,120,132,147,160,169
MA14,06/06/21,172,168,156,137,116,098,085,081,085,097,113,130,143,151,153,149,142,134,129,129,134,145,158,170
MA14,06/06/22,177,178,171,155,133,109,087,073,068,075,090,110,132,150,161,165,163,157,149,143,143,148,159,171
MA14,06/06/23,182,188,187,176,157,131,104,080,065,062,071,090,114,139,160,173,178,175,168,158,151,150,154,164
MA14,06/06/24,176,186,191,187,173,150,121,090,064,050,050,063,086,114,141,163,176,180,176,167,157,151,151,158
MA14,06/06/25,171,185,195,195,187,168,141,109,078,054,043,046,063,090,120,148,169,181,183,177,166,155,150,151
MA14,06/06/26,160,173,187,196,196,185,164,134,100,069,048,042,050,071,100,132,161,180,188,185,176,164,154,149
MA14,06/06/27,153,165,181,193,200,197,183,158,127,094,066,049,047,060,085,116,146,169,184,187,181,170,158,148
MA14,06/06/28,146,154,167,181,192,197,190,172,144,112,081,058,048,052,071,098,127,154,173,181,180,170,157,146
MA14,06/06/29,140,141,151,165,181,191,191,180,160,132,102,076,059,054,063,083,110,138,160,174,177,171,159,146
MA14,06/06/30,136,134,139,150,164,177,184,181,168,146,121,095,076,065,067,082,105,130,154,170,178,177,168,156
MA14,06/07/01,144,137,137,143,154,166,176,180,174,161,141,118,098,083,078,083,097,118,141,160,171,175,170,159
MA14,06/07/02,146,135,128,128,135,146,158,166,169,163,151,134,118,104,096,098,108,124,143,161,174,180,176,167
MA14,06/07/03,154,141,131,126,127,134,144,154,161,163,158,148,135,121,111,106,109,119,135,153,168,177,179,173
MA14,06/07/04,163,150,136,125,120,121,127,136,145,152,154,152,146,138,129,122,121,125,135,148,162,173,179,178
MA14,06/07/05,171,159,144,130,118,112,112,117,125,135,143,150,153,152,149,145,143,144,148,156,167,178,186,188
MA14,06/07/06,185,176,162,145,128,115,107,105,110,119,130,143,154,161,162,160,155,150,147,149,154,162,171,178
MA14,06/07/07,180,177,166,150,131,112,095,085,083,090,103,120,138,153,163,167,166,162,156,153,154,159,168,176
MA14,06/07/08,181,181,175,162,143,121,098,080,069,068,077,094,116,139,157,169,174,172,165,156,151,150,155,163
MA14,06/07/09,172,179,179,171,156,134,107,081,061,052,054,067,090,117,145,167,179,183,178,168,158,151,151,156
MA14,06/07/10,166,176,183,182,173,154,126,095,067,047,039,046,065,093,124,153,174,184,184,175,163,152,146,147
MA14,06/07/11,155,168,181,189,188,176,151,119,084,054,036,032,043,067,099,132,161,179,186,182,171,156,145,140
MA14,06/07/12,144,157,174,190,198,194,176,146,111,076,048,031,031,046,074,108,141,167,183,188,181,167,151,140
MA14,06/07/13,138,146,163,182,198,204,197,176,145,108,074,049,037,041,059,088,123,154,177,187,184,173,157,140
MA14,06/07/14,130,130,141,159,178,193,197,187,165,135,100,070,049,042,050,072,102,134,161,177,181,175,160,142
MA14,06/07/15,126,118,122,135,154,173,186,188,177,156,127,096,072,059,059,072,095,124,151,171,181,181,169,152
MA14,06/07/16,133,119,114,118,131,150,167,178,179,169,151,127,104,087,081,085,100,123,147,168,182,186,179,164
MA14,06/07/17,145,126,113,109,114,127,144,159,168,169,163,150,134,119,108,106,114,129,148,165,180,187,184,173
MA14,06/07/18,155,136,118,105,100,105,115,129,143,152,156,154,147,138,130,125,127,135,149,164,178,187,188,183
MA14,06/07/19,171,155,135,117,104,101,104,114,127,140,150,155,156,154,149,144,142,143,149,157,168,177,182,182
MA14,06/07/20,175,162,144,125,106,092,086,087,095,108,122,136,148,156,160,160,159,158,158,162,169,177,184,187
MA14,06/07/21,186,180,167,149,128,109,093,084,083,090,103,121,140,156,169,176,179,176,172,169,169,173,178,184
MA14,06/07/22,187,187,182,169,150,127,103,084,072,071,079,096,118,141,162,177,183,183,178,171,165,164,167,173
MA14,06/07/23,180,186,187,181,167,146,121,096,076,064,064,076,097,122,147,168,181,185,182,173,164,158,156,161
MA14,06/07/24,169,179,187,189,181,164,140,110,082,061,052,056,073,099,129,157,176,186,185,176,165,154,148,149
MA14,06/07/25,157,169,182,190,191,180,159,130,098,069,050,045,055,077,106,136,160,174,178,172,160,146,134,131
MA14,06/07/26,136,149,165,179,187,184,171,145,113,080,054,041,043,060,088,120,148,168,177,174,163,148,134,125
MA14,06/07/27,126,137,154,172,186,193,187,168,139,106,076,056,051,060,082,111,141,166,180,181,173,158,142,129
MA14,06/07/28,124,130,144,161,178,189,190,179,157,128,098,075,063,065,081,106,136,162,179,186,182,169,152,135
MA14,06/07/29,125,124,134,150,168,183,191,186,171,148,121,096,079,074,083,102,128,154,174,184,183,172,154,136
MA14,06/07/30,122,115,119,131,148,164,176,179,172,156,135,113,094,085,088,103,125,149,169,181,183,176,162,143
MA14,06/07/31,126,115,112,118,130,146,161,169,169,161,147,130,113,102,100,109,124,144,164,178,184,180,168,151
MA14,06/08/01,133,118,110,110,117,130,144,155,160,158,151,140,128,118,113,116,125,140,157,171,179,178,169,154
MA14,06/08/02,137,121,108,102,103,111,122,134,143,148,148,144,137,129,124,124,129,139,151,163,173,176,172,161
MA14,06/08/03,145,128,113,101,095,096,103,114,124,132,139,142,142,140,138,137,137,142,150,159,168,172,171,165
MA14,06/08/04,153,139,122,107,096,090,089,093,102,113,125,135,142,147,149,149,149,150,153,159,166,171,173,171
MA14,06/08/05,165,154,139,122,105,091,082,079,082,090,103,119,134,147,156,161,161,159,156,155,157,162,167,170
MA14,06/08/06,170,166,156,141,121,101,083,070,063,066,078,097,119,140,158,170,175,173,167,160,155,156,160,166
MA14,06/08/07,172,176,174,164,147,124,099,075,058,051,056,073,098,126,152,172,184,186,180,169,159,152,152,159
MA14,06/08/08,169,180,187,186,175,153,124,093,065,045,039,047,069,100,134,164,185,194,191,180,166,153,147,150
MA14,06/08/09,162,178,193,202,200,186,160,127,094,066,049,046,059,085,118,152,178,193,194,184,167,150,136,132
MA14,06/08/10,140,157,177,195,206,202,184,153,115,078,051,037,041,061,093,130,164,188,197,194,180,160,140,127
MA14,06/08/11,127,139,160,184,204,212,205,184,152,115,082,059,051,061,085,118,152,181,198,200,190,169,144,124
MA14,06/08/12,115,120,137,161,186,205,211,201,178,146,112,083,066,065,080,108,140,170,192,200,193,175,149,124
MA14,06/08/13,105,101,110,130,156,180,196,199,189,167,140,112,092,084,091,109,135,163,186,198,196,182,159,132
MA14,06/08/14,108,094,093,105,126,151,173,185,186,176,157,135,116,106,106,118,138,162,182,196,200,192,174,149
MA14,06/08/15,123,104,094,097,109,128,149,165,175,176,169,156,143,133,130,136,149,166,184,196,201,196,184,164
MA14,06/08/16,140,118,103,096,099,109,124,139,152,161,163,161,155,149,147,150,158,169,182,193,198,198,189,174
MA14,06/08/17,155,136,118,105,099,100,107,118,130,141,150,155,158,160,161,162,166,171,177,185,190,192,189,180
MA14,06/08/18,168,152,134,117,104,097,095,098,107,118,130,142,151,159,164,168,170,171,173,176,180,182,182,180
MA14,06/08/19,175,167,154,138,120,103,090,084,085,092,105,121,136,151,163,170,172,171,168,165,165,167,170,174
MA14,06/08/20,177,176,170,158,140,120,100,084,074,074,082,099,120,140,158,169,174,173,167,160,155,153,156,161
MA14,06/08/21,168,174,176,172,159,138,114,090,072,064,066,079,100,125,149,167,177,178,171,161,150,143,142,147
MA14,06/08/22,157,169,179,182,176,160,136,109,083,065,058,066,085,111,138,162,177,182,177,165,150,137,131,133
MA14,06/08/23,144,160,177,188,190,180,159,130,100,075,061,061,075,100,129,156,177,186,182,170,154,137,125,123
MA14,06/08/24,132,147,167,185,194,192,176,150,118,088,067,060,068,088,116,146,170,183,183,172,154,134,117,109
MA14,06/08/25,114,130,153,174,189,194,185,163,133,102,076,062,062,077,103,134,160,177,181,173,156,134,113,100
MA14,06/08/26,098,110,129,153,175,188,188,174,150,121,094,074,068,077,099,127,155,175,184,180,166,144,120,101
MA14,06/08/27,093,098,114,137,160,177,185,180,164,140,114,093,083,085,100,123,149,172,186,186,175,154,130,108
MA14,06/08/28,096,095,105,123,146,167,180,183,174,157,135,115,102,100,109,128,150,172,187,191,182,164,141,118
MA14,06/08/29,100,093,097,112,132,153,169,177,175,164,147,130,117,112,118,133,152,173,188,194,187,171,149,126
MA14,06/08/30,107,096,094,103,119,138,156,168,172,166,156,144,134,129,131,141,157,175,191,200,198,185,166,145
MA14,06/08/31,125,109,102,105,115,130,146,159,166,169,168,163,155,149,148,153,162,174,186,194,196,190,176,158
MA14,06/09/01,138,121,109,103,104,111,123,136,148,160,166,167,166,165,164,165,169,175,183,189,193,191,185,176
MA14,06/09/02,163,146,131,118,111,109,114,121,131,141,150,158,163,167,169,170,172,174,177,181,185,186,184,177
MA14,06/09/03,167,155,142,128,114,104,100,102,111,122,135,149,163,175,184,187,186,185,184,186,188,191,192,191
MA14,06/09/04,188,181,168,152,133,114,098,088,086,093,107,125,144,162,178,189,192,188,181,174,171,173,179,187
MA14,06/09/05,193,195,195,189,174,150,123,102,088,086,096,114,137,161,184,201,208,206,195,181,170,166,171,183
MA14,06/09/06,199,213,220,217,203,179,150,120,095,080,079,092,115,143,171,194,206,205,195,178,163,153,153,164
MA14,06/09/07,183,204,220,226,220,201,172,136,102,077,068,075,096,126,157,184,203,210,203,185,163,143,133,136
MA14,06/09/08,152,175,200,218,224,216,197,166,130,098,077,073,084,108,140,174,201,214,211,194,169,141,120,112
MA14,06/09/09,119,140,167,194,214,221,212,190,159,126,098,084,087,105,134,166,193,209,210,196,171,143,116,099
MA14,06/09/10,097,111,138,170,198,215,217,206,183,155,128,108,102,111,132,161,188,208,214,205,185,155,122,095
MA14,06/09/11,082,085,103,131,162,186,199,200,188,167,143,123,112,114,128,150,176,197,208,204,188,162,130,100
MA14,06/09/12,079,071,079,098,123,149,170,180,179,170,155,140,129,128,135,151,170,189,200,202,192,173,146,118
MA14,06/09/13,094,079,075,084,101,124,146,162,171,172,166,157,149,145,147,157,171,186,196,201,196,183,164,140
MA14,06/09/14,117,100,090,090,097,111,127,143,155,160,161,159,156,155,157,162,171,181,190,194,193,185,171,154
MA14,06/09/15,135,117,102,094,093,097,107,120,132,143,152,158,161,164,167,170,175,180,185,188,188,184,178,168
MA14,06/09/16,156,142,127,114,105,101,102,108,116,127,139,151,161,169,175,179,180,180,179,179,178,177,174,171
MA14,06/09/17,166,160,150,137,123,111,103,101,104,112,124,139,153,166,175,180,180,176,171,166,164,164,166,170
MA14,06/09/18,173,173,168,158,143,126,111,100,095,097,107,123,142,159,174,183,184,179,169,160,154,152,154,160
MA14,06/09/19,168,175,178,172,158,139,118,099,086,082,088,103,124,146,165,178,182,176,165,153,142,135,136,143
MA14,06/09/20,155,168,177,179,172,155,133,108,087,075,075,088,108,133,157,174,181,178,166,149,131,120,118,125
MA14,06/09/21,140,158,174,184,185,175,154,128,103,085,080,087,105,129,156,177,188,187,174,156,135,118,109,112
MA14,06/09/22,125,146,168,186,193,189,172,147,119,096,082,083,098,121,148,173,189,191,180,160,136,114,100,098
MA14,06/09/23,109,129,153,176,192,196,186,166,140,114,097,092,100,121,147,173,194,202,196,177,152,126,107,098
MA14,06/09/24,104,122,146,173,195,206,204,191,168,143,123,113,116,131,154,180,200,210,206,189,164,137,114,099
MA14,06/09/25,099,111,133,160,185,202,208,202,185,162,141,128,126,136,155,178,197,209,210,198,176,148,122,103
MA14,06/09/26,097,103,121,146,171,191,204,205,195,179,161,147,141,145,160,181,201,215,220,212,194,168,140,118
MA14,06/09/27,106,106,116,136,159,182,198,206,204,194,180,167,159,161,171,186,202,215,219,214,199,176,149,126
MA14,06/09/28,109,102,105,119,139,160,178,190,192,188,179,169,162,160,165,176,190,202,208,205,195,178,155,132
MA14,06/09/29,112,101,099,106,119,136,154,169,178,180,178,173,169,167,169,175,184,193,198,200,194,182,165,145
MA14,06/09/30,126,112,103,102,107,117,130,144,155,163,168,169,169,168,169,172,178,184,190,192,191,184,171,155
MA14,06/10/01,137,121,107,098,096,099,106,117,128,139,149,157,163,167,170,171,172,174,176,177,177,175,170,162
MA14,06/10/02,152,139,126,113,104,098,097,101,109,121,135,150,164,174,180,182,180,176,171,170,170,170,171,171
MA14,06/10/03,168,162,151,137,121,107,097,092,095,104,120,139,159,176,188,193,189,181,171,161,156,156,161,169
MA14,06/10/04,176,180,178,168,151,130,109,093,084,085,098,119,144,168,186,196,195,185,168,151,139,136,141,155
MA14,06/10/05,171,186,196,195,182,161,137,112,094,087,093,110,136,165,190,206,209,200,181,158,139,128,129,142
MA14,06/10/06,163,188,209,221,220,206,182,154,129,113,110,122,146,176,206,229,239,233,214,187,159,137,130,138
MA14,06/10/07,159,188,217,240,251,248,231,204,175,152,140,142,158,184,214,241,255,253,235,205,172,143,124,120
MA14,06/10/08,133,160,193,224,246,253,245,225,197,169,148,141,149,169,196,222,239,241,228,202,166,130,102,087
MA14,06/10/09,090,109,138,171,201,219,223,215,196,171,150,138,139,152,174,198,216,222,215,196,165,130,096,073
MA14,06/10/10,067,077,099,130,161,187,201,203,195,179,161,148,145,153,169,188,206,215,213,199,175,144,112,084
MA14,06/10/11,069,069,083,106,134,162,183,194,193,184,171,160,154,157,167,183,199,210,212,204,185,159,129,100
MA14,06/10/12,078,069,073,088,110,134,155,170,176,176,171,163,157,157,163,174,188,198,202,199,188,171,148,124
MA14,06/10/13,101,086,081,085,097,114,133,151,163,169,170,167,164,162,164,170,177,185,189,189,184,175,161,145
MA14,06/10/14,128,112,101,096,098,106,118,132,145,155,162,166,167,167,168,171,174,178,181,183,181,177,169,159
MA14,06/10/15,147,134,122,112,106,106,111,120,131,143,155,165,172,176,179,179,178,177,176,176,176,176,174,171
MA14,06/10/16,167,160,150,139,127,119,115,116,122,132,144,157,168,176,180,180,176,170,163,157,154,154,157,160
MA14,06/10/17,162,162,157,147,134,121,110,104,104,112,125,141,156,168,175,177,171,160,147,137,132,132,137,145
MA14,06/10/18,154,161,163,158,146,129,112,098,092,094,105,121,141,158,170,174,169,156,140,124,112,109,114,126
MA14,06/10/19,141,156,166,167,160,146,128,110,097,094,101,117,138,159,175,183,180,168,149,129,112,103,106,117
MA14,06/10/20,135,155,172,181,180,170,152,131,113,104,106,118,137,159,178,188,187,175,154,129,107,092,088,097
MA14,06/10/21,116,139,162,179,184,178,162,141,120,104,099,107,123,146,167,182,185,175,154,128,101,079,070,074
MA14,06/10/22,090,115,142,166,181,184,175,157,136,117,107,108,121,142,165,183,192,187,170,145,115,089,074,072
MA14,06/10/23,085,109,138,166,186,197,195,183,165,144,129,125,131,147,168,187,198,196,182,159,130,101,079,070
MA14,06/10/24,076,094,122,152,180,199,205,199,184,165,147,137,138,150,168,187,201,204,195,175,147,116,090,073
MA14,06/10/25,070,081,104,133,162,186,200,203,195,180,164,152,150,158,173,192,208,216,213,198,174,145,117,095
MA14,06/10/26,084,087,103,127,155,180,198,206,203,193,180,168,162,163,172,186,200,209,208,197,177,150,121,095
MA14,06/10/27,079,075,083,099,122,146,167,180,183,180,172,163,156,154,159,169,181,190,192,186,171,149,123,098
MA14,06/10/28,079,070,071,082,099,119,140,156,166,171,170,166,160,158,161,167,176,184,188,187,177,161,142,121
MA14,06/10/29,102,088,082,084,093,108,126,143,157,166,172,173,171,170,169,171,174,179,182,182,179,171,159,143
MA14,06/10/30,126,109,096,089,087,093,104,117,132,145,157,164,168,169,167,163,161,160,160,162,164,164,161,154
MA14,06/10/31,144,131,118,106,097,093,095,103,115,131,147,161,172,178,178,173,166,159,153,151,152,156,162,165
MA14,06/11/01,164,159,149,134,119,107,098,097,103,116,134,152,168,180,184,181,170,155,142,132,130,134,143,156
MA14,06/11/02,166,171,170,160,145,127,111,100,097,105,121,142,164,182,191,190,178,160,137,118,107,107,117,135
MA14,06/11/03,155,172,182,181,170,152,131,112,100,099,109,128,152,175,190,194,185,164,136,109,088,080,086,105
MA14,06/11/04,130,157,178,189,188,175,155,133,114,104,107,121,143,168,187,195,190,171,142,109,079,061,058,071
MA14,06/11/05,097,128,159,183,194,191,177,156,135,119,114,121,138,161,183,197,199,185,157,123,087,059,043,046
MA14,06/11/06,066,098,133,166,188,196,192,178,160,142,130,128,139,159,180,198,206,198,176,144,106,072,049,041
MA14,06/11/07,050,075,111,147,177,196,203,198,186,171,157,151,155,169,188,206,215,211,194,164,125,085,051,029
MA14,06/11/08,024,037,064,097,130,156,170,173,166,154,141,132,133,143,159,176,188,192,184,164,134,099,066,041
MA14,06/11/09,028,032,049,075,105,133,153,163,163,155,145,137,134,137,146,160,173,181,180,167,146,118,088,061
MA14,06/11/10,043,036,042,058,083,109,132,148,156,155,148,141,136,136,141,152,164,173,176,172,159,139,115,090
MA14,06/11/11,069,056,053,061,079,102,125,145,158,164,165,163,160,158,160,167,175,184,189,189,184,172,156,137
MA14,06/11/12,117,102,094,092,098,109,126,143,158,169,174,173,170,167,164,164,167,170,174,175,173,169,160,148
MA14,06/11/13,134,121,110,103,101,106,116,130,145,158,167,171,172,170,167,164,161,159,159,160,161,162,162,159
MA14,06/11/14,153,143,133,123,116,114,117,125,137,151,163,171,176,177,173,167,160,153,147,145,146,151,158,162
MA14,06/11/15,164,162,155,146,134,124,118,119,125,136,150,162,171,176,175,168,158,147,137,130,130,134,142,152
MA14,06/11/16,160,165,164,158,148,136,126,121,123,132,145,160,173,182,184,179,166,150,132,119,112,113,122,135
MA14,06/11/17,150,163,171,171,164,152,139,129,125,129,139,155,171,184,190,187,174,155,133,114,101,098,104,119
MA14,06/11/18,138,158,174,181,179,170,156,142,132,131,137,150,167,183,192,193,183,164,139,114,094,084,087,100
MA14,06/11/19,122,146,169,184,190,185,172,156,142,134,136,146,162,180,193,198,192,175,149,121,096,081,078,088
MA14,06/11/20,110,138,168,194,209,211,203,188,172,161,157,162,175,192,207,215,212,198,173,142,112,089,077,079
MA14,06/11/21,095,121,151,178,197,205,202,190,173,156,146,146,156,172,188,201,204,194,172,142,109,081,062,058
MA14,06/11/22,067,089,118,149,175,192,197,192,178,162,149,145,149,161,177,191,199,195,179,152,120,088,062,048
MA14,06/11/23,049,065,091,122,151,174,188,190,182,168,154,145,144,152,166,181,191,193,184,163,136,105,076,055
MA14,06/11/24,048,055,075,102,132,160,179,188,187,178,166,156,151,154,163,176,188,193,189,176,154,124,094,068
MA14,06/11/25,052,049,059,079,106,134,158,174,179,175,167,158,152,150,155,165,176,185,188,182,167,145,119,093
MA14,06/11/26,073,063,064,075,095,120,145,164,176,180,177,171,165,161,162,167,175,184,190,189,181,167,148,126
MA14,06/11/27,106,092,087,092,105,125,146,167,182,191,194,193,189,183,178,177,179,183,188,191,191,185,174,158
MA14,06/11/28,139,121,109,103,104,113,126,143,159,174,183,186,183,178,171,164,159,158,160,164,168,170,168,161
MA14,06/11/29,150,137,123,112,106,106,114,127,143,160,174,182,185,182,173,161,149,139,134,134,139,147,154,157
MA14,06/11/30,157,152,142,129,118,110,109,114,125,140,156,169,176,178,172,160,144,127,115,110,113,122,135,148
MA14,06/12/01,160,165,163,156,144,132,122,120,125,136,151,165,176,182,180,169,151,129,108,093,088,093,107,126
MA14,06/12/02,146,161,170,170,164,155,144,135,132,137,148,162,175,184,187,179,161,134,105,081,067,065,076,096
MA14,06/12/03,119,142,161,171,171,164,152,139,131,129,136,150,165,180,188,185,170,144,113,081,057,045,047,063
MA14,06/12/04,090,121,150,172,182,183,174,161,148,140,141,148,162,177,189,193,184,163,131,095,062,038,028,033
MA14,06/12/05,053,083,117,146,168,178,177,168,156,144,137,139,149,163,178,188,187,174,148,114,079,048,028,022
MA14,06/12/06,032,055,086,119,147,166,174,170,160,146,135,131,136,148,163,176,182,176,157,129,094,060,033,018
MA14,06/12/07,019,035,062,095,128,154,171,175,170,160,149,142,141,149,163,177,187,189,179,158,129,095,063,040
MA14,06/12/08,030,035,053,081,112,139,159,169,170,163,153,143,138,141,150,163,176,182,180,168,147,119,089,063
MA14,06/12/09,046,041,050,069,096,125,150,167,174,173,164,153,145,143,148,158,169,179,183,179,166,146,122,097
MA14,06/12/10,077,066,066,078,097,120,145,164,175,177,172,162,152,146,144,148,156,165,171,172,166,153,135,114
MA14,06/12/11,094,079,073,076,087,104,124,143,157,163,162,155,146,137,132,132,136,142,148,151,150,145,136,122
MA14,06/12/12,106,093,084,081,087,099,115,132,148,158,162,159,152,144,136,131,130,131,135,139,142,143,141,135
MA14,06/12/13,126,115,105,099,099,105,116,131,146,158,165,166,162,155,146,137,130,125,124,127,132,137,140,141
MA14,06/12/14,140,134,127,119,114,114,120,130,141,152,161,166,165,161,152,141,129,120,114,112,115,121,129,137
MA14,06/12/15,143,145,144,140,134,129,129,132,140,150,160,167,170,167,160,147,132,116,103,096,095,100,110,123
MA14,06/12/16,136,147,152,152,147,142,137,135,138,146,155,164,170,172,168,158,142,122,103,090,084,087,096,111
MA14,06/12/17,128,145,157,162,162,158,152,146,145,148,155,164,173,180,181,173,158,136,114,094,080,075,079,092
MA14,06/12/18,111,132,151,163,165,161,153,143,135,132,134,142,153,164,169,167,154,133,106,079,058,047,048,060
MA14,06/12/19,082,108,134,154,167,170,166,156,146,138,136,141,151,162,171,174,166,148,121,091,064,044,036,041
MA14,06/12/20,058,083,113,140,159,169,169,161,148,137,130,131,140,153,167,175,174,161,138,108,076,049,032,029
MA14,06/12/21,042,067,098,130,158,176,182,179,168,155,144,140,144,157,172,184,188,182,164,136,103,072,047,035
MA14,06/12/22,038,056,083,115,146,172,186,189,183,171,157,148,147,155,170,186,197,198,187,164,133,099,069,047
MA14,06/12/23,040,047,067,096,128,156,175,184,183,174,160,148,142,145,157,172,187,196,193,178,154,124,091,065
MA14,06/12/24,049,047,058,080,106,134,159,174,179,174,162,147,136,132,138,149,164,176,180,173,157,132,102,074
MA14,06/12/25,052,042,044,058,080,107,134,154,165,166,159,146,132,123,121,129,143,156,166,168,162,146,124,099
MA14,06/12/26,076,061,055,060,075,099,125,148,164,171,169,159,146,134,128,130,139,152,165,177,184,182,170,154
MA14,06/12/27,137,123,113,112,119,132,151,172,190,200,199,190,177,161,148,139,136,138,144,153,161,165,162,153
MA14,06/12/28,139,124,112,105,105,113,127,144,163,178,183,181,173,160,145,131,122,119,122,129,139,149,155,157
MA14,06/12/29,154,146,137,129,123,122,126,136,150,164,175,178,175,165,150,132,114,100,091,091,099,112,125,138
MA14,06/12/30,147,151,151,146,140,137,136,140,147,158,167,174,175,171,158,141,120,099,082,072,072,081,096,114
MA14,06/12/31,131,146,154,156,154,149,145,142,144,150,158,167,173,173,167,153,133,109,083,064,055,055,065,083
