MA14,92/01/01,127,145,158,165,167,165,160,157,158,163,172,180,185,187,183,173,157,135,111,091,081,077,084,098
MA14,92/01/02,117,137,156,170,175,176,170,164,159,157,160,168,177,184,187,183,169,147,121,095,077,068,068,079
MA14,92/01/03,100,124,148,165,177,181,176,166,158,152,152,157,166,177,185,188,180,161,135,108,082,064,056,062
MA14,92/01/04,078,102,128,153,172,180,180,172,161,150,144,145,154,167,180,188,187,175,153,122,093,067,050,048
MA14,92/01/05,060,082,109,138,161,174,177,171,159,146,137,134,140,154,170,182,188,181,162,135,103,073,050,042
MA14,92/01/06,048,063,091,120,148,167,175,172,161,146,131,122,124,134,153,171,185,186,174,153,124,092,065,048
MA14,92/01/07,047,060,083,114,141,163,176,178,170,155,138,126,121,128,146,166,183,190,185,167,143,113,083,062
MA14,92/01/08,053,060,078,102,128,153,169,175,170,155,138,122,112,113,124,142,163,174,175,166,146,121,091,066
MA14,92/01/09,053,053,064,083,112,140,163,172,175,165,152,134,121,117,124,139,157,175,182,180,167,145,120,096
MA14,92/01/10,079,074,078,094,118,144,167,179,182,175,160,143,126,115,114,122,136,152,162,165,161,148,127,107
MA14,92/01/11,089,078,077,086,104,127,149,165,172,169,157,141,123,109,102,105,114,128,141,149,152,146,134,117
MA14,92/01/12,101,090,087,091,104,123,141,157,166,168,162,148,130,115,104,100,103,113,124,134,141,144,138,130
MA14,92/01/13,118,107,102,104,110,123,140,156,168,173,171,160,146,130,115,105,101,103,110,119,130,137,140,140
MA14,92/01/14,137,131,128,126,128,136,148,160,169,174,175,169,157,142,126,108,095,087,084,088,098,109,119,126
MA14,92/01/15,131,133,132,129,127,129,133,140,148,156,160,163,158,148,134,116,099,082,070,066,070,081,095,112
MA14,92/01/16,126,138,145,146,146,145,143,144,148,155,163,168,171,168,160,144,123,098,079,065,060,065,078,099
MA14,92/01/17,122,142,158,166,170,169,165,160,158,160,167,176,186,191,191,181,161,136,109,083,067,061,064,080
MA14,92/01/18,105,132,157,177,184,185,180,169,160,154,155,160,170,183,191,190,178,154,122,089,058,039,031,040
MA14,92/01/19,063,094,127,155,173,180,177,167,153,140,134,136,146,163,178,188,186,170,143,105,067,036,016,016
MA14,92/01/20,031,059,095,131,160,176,179,171,156,139,126,121,127,144,165,185,194,191,170,139,100,062,033,018
MA14,92/01/21,021,041,075,112,145,171,183,181,167,147,128,115,115,127,148,172,193,201,196,174,144,106,071,047
MA14,92/01/22,038,047,072,106,143,174,193,198,190,170,148,130,121,125,141,163,187,204,210,204,181,150,114,083
MA14,92/01/23,064,063,077,099,130,162,186,197,194,177,157,134,118,112,121,139,163,185,198,199,191,172,142,109
MA14,92/01/24,086,077,080,098,123,150,176,190,192,181,161,138,117,103,103,112,129,149,166,176,178,168,151,129
MA14,92/01/25,110,097,095,104,122,145,168,183,188,183,169,149,127,109,100,101,112,127,143,154,161,161,152,141
MA14,92/01/26,128,116,111,114,126,145,163,178,187,187,178,161,140,120,106,100,103,111,122,133,143,149,150,147
MA14,92/01/27,142,135,132,132,137,149,164,176,184,187,183,170,155,137,122,110,105,106,110,117,124,133,139,142
MA14,92/01/28,143,142,141,140,141,146,153,162,169,174,173,167,156,143,129,115,103,096,093,094,099,108,117,126
MA14,92/01/29,134,139,144,146,147,149,154,159,166,174,177,176,168,159,145,131,114,100,086,079,077,082,092,107
MA14,92/01/30,122,137,148,154,158,157,155,154,155,157,162,165,167,166,160,150,136,118,101,087,078,078,084,099
MA14,92/01/31,118,137,154,165,170,171,166,162,158,157,161,167,172,176,178,173,161,144,124,104,090,084,087,100
MA14,92/02/01,120,144,168,187,194,195,189,180,170,163,162,167,176,186,192,192,185,168,143,116,093,076,071,075
MA14,92/02/02,091,113,137,157,171,176,173,163,150,138,133,136,146,158,170,176,176,164,143,115,087,063,051,053
MA14,92/02/03,067,091,119,143,163,174,173,163,149,133,123,123,130,146,163,176,183,178,161,135,106,080,063,060
MA14,92/02/04,070,093,121,149,171,187,191,187,171,153,137,131,134,144,162,180,191,191,179,155,126,094,070,056
MA14,92/02/05,056,073,098,128,155,176,183,178,163,143,125,112,111,121,141,162,180,190,186,168,142,111,083,066
MA14,92/02/06,060,068,091,118,146,168,182,180,168,148,126,108,102,107,124,146,167,181,185,176,155,128,101,079
MA14,92/02/07,069,072,090,115,143,167,185,189,178,159,137,115,103,101,111,131,154,172,181,178,165,140,115,092
MA14,92/02/08,078,076,087,106,133,157,177,184,179,164,142,117,098,091,097,112,133,154,168,173,166,150,127,106
MA14,92/02/09,090,085,090,104,125,149,168,180,177,164,144,120,101,086,083,091,109,128,146,157,159,151,137,121
MA14,92/02/10,106,098,099,108,125,145,164,176,179,170,155,135,112,095,086,087,100,116,134,148,156,157,150,140
MA14,92/02/11,127,118,116,121,130,144,160,172,177,174,162,144,124,103,088,082,084,091,103,117,128,136,139,137
MA14,92/02/12,132,126,124,126,132,141,153,164,172,173,167,156,139,120,103,090,083,082,086,095,108,120,129,135
MA14,92/02/13,140,142,143,143,143,147,153,159,165,169,168,164,153,139,123,105,090,080,075,075,082,092,106,122
MA14,92/02/14,134,144,149,151,152,151,150,150,152,155,159,160,158,152,141,126,106,085,067,056,052,058,073,091
MA14,92/02/15,112,130,145,154,157,156,150,143,139,141,146,152,158,163,159,149,132,108,082,060,048,046,055,076
MA14,92/02/16,100,127,151,168,176,176,169,159,150,145,148,157,170,182,190,188,178,155,121,087,059,040,037,047
MA14,92/02/17,071,102,132,157,170,173,166,151,134,120,115,122,135,154,170,180,181,167,141,108,072,044,031,034
MA14,92/02/18,051,082,116,148,170,179,176,160,140,120,106,104,116,136,160,183,195,194,177,147,112,075,051,042
MA14,92/02/19,050,074,108,143,170,187,188,176,152,126,104,093,095,112,138,165,188,197,193,172,140,103,070,051
MA14,92/02/20,050,062,092,125,156,178,186,179,160,132,106,088,081,090,112,139,167,185,192,183,162,132,100,077
MA14,92/02/21,066,070,090,120,150,177,190,188,171,145,116,091,077,077,090,115,142,166,182,183,172,151,125,100
MA14,92/02/22,085,083,095,118,144,168,185,188,177,153,124,096,074,066,071,087,111,137,156,166,164,152,134,114
MA14,92/02/23,099,093,098,113,134,158,175,182,178,161,135,108,083,068,066,073,091,111,131,146,153,150,143,129
MA14,92/02/24,117,109,111,119,135,155,172,182,183,173,155,134,112,093,083,084,092,105,121,135,145,150,150,145
MA14,92/02/25,137,131,130,133,141,153,165,173,176,172,159,143,122,103,088,082,082,088,096,106,117,125,130,131
MA14,92/02/26,130,128,128,130,134,142,150,156,160,160,154,145,131,116,102,091,084,082,084,088,096,105,113,121
MA14,92/02/27,127,133,136,137,139,143,147,151,154,156,154,150,144,136,124,111,101,091,085,083,086,092,102,114
MA14,92/02/28,124,134,142,145,146,144,142,141,141,142,143,144,143,140,133,123,110,095,082,072,068,071,081,095
MA14,92/02/29,112,129,143,150,154,152,146,140,136,135,139,144,152,157,155,149,138,121,102,086,074,071,078,091
MA14,92/03/01,108,130,148,160,167,165,157,146,136,129,131,137,146,156,162,164,156,139,117,095,076,065,064,075
MA14,92/03/02,092,115,139,156,166,166,157,144,130,117,114,120,132,147,161,169,168,156,136,110,087,070,063,069
MA14,92/03/03,086,109,135,158,172,175,167,151,133,117,107,111,122,140,158,173,178,172,154,129,101,077,064,063
MA14,92/03/04,075,097,124,148,165,172,167,152,130,108,093,091,099,118,142,162,175,176,165,143,117,090,072,065
MA14,92/03/05,073,093,120,147,170,182,181,168,146,122,102,093,099,115,139,166,187,197,194,177,154,129,104,092
MA14,92/03/06,094,110,135,162,186,201,204,194,170,141,115,099,096,108,129,155,180,194,196,184,163,138,113,097
MA14,92/03/07,091,100,118,144,168,185,193,184,163,135,107,087,076,080,098,124,150,172,182,180,166,143,121,102
MA14,92/03/08,092,096,110,133,156,175,185,183,166,142,111,085,070,068,078,101,127,152,171,178,173,156,135,115
MA14,92/03/09,101,100,108,126,147,166,180,182,171,150,123,095,075,064,068,084,107,132,153,167,169,161,148,133
MA14,92/03/10,121,118,124,138,155,172,186,191,186,168,145,118,095,079,073,080,095,116,136,153,161,161,157,149
MA14,92/03/11,139,134,134,140,151,164,177,183,182,174,157,136,113,092,078,075,081,095,112,127,142,149,152,150
MA14,92/03/12,145,140,137,139,144,154,165,170,173,169,159,144,127,107,092,081,077,081,090,103,117,130,140,145
MA14,92/03/13,148,150,149,147,148,151,156,160,164,164,161,155,144,130,115,099,087,080,078,083,093,107,122,135
MA14,92/03/14,147,154,158,157,154,151,149,149,150,152,153,154,152,146,136,121,104,088,075,069,070,080,096,115
MA14,92/03/15,134,150,160,166,164,158,150,143,140,141,146,155,163,167,167,159,143,121,098,079,069,071,085,105
MA14,92/03/16,130,154,171,181,180,171,158,143,131,126,129,140,154,168,178,178,167,146,117,091,069,057,060,076
MA14,92/03/17,100,129,154,170,175,169,154,133,112,098,095,104,122,144,165,176,176,163,138,108,078,056,048,057
MA14,92/03/18,079,107,138,162,174,171,158,136,111,089,080,084,101,129,157,182,194,194,177,148,115,086,067,065
MA14,92/03/19,078,104,134,159,176,179,166,144,114,085,064,057,065,088,119,148,171,181,177,159,133,103,079,067
MA14,92/03/20,071,092,120,147,169,179,175,155,127,094,066,049,049,064,091,125,154,172,177,171,152,128,103,086
MA14,92/03/21,084,095,120,147,172,187,191,178,153,121,090,068,058,061,082,106,137,163,175,175,163,145,123,104
MA14,92/03/22,095,099,113,134,157,174,181,173,152,122,092,065,047,044,054,076,105,131,151,160,159,147,130,114
MA14,92/03/23,103,102,110,126,146,163,171,170,155,132,104,077,057,046,049,064,085,110,133,148,154,151,143,134
MA14,92/03/24,124,120,125,135,151,167,179,182,174,156,132,108,086,070,065,071,084,103,123,137,148,152,148,143
MA14,92/03/25,137,133,133,139,151,164,174,179,177,167,150,131,110,094,084,083,089,100,113,127,138,145,148,149
MA14,92/03/26,147,145,144,145,148,155,163,168,168,163,152,138,123,108,095,087,083,086,092,101,111,120,127,132
MA14,92/03/27,136,138,138,138,138,140,143,145,146,146,142,137,127,116,105,094,087,082,080,083,091,101,111,122
MA14,92/03/28,132,138,141,141,138,135,133,132,133,134,136,136,133,128,121,111,099,089,082,079,081,088,098,112
MA14,92/03/29,126,140,146,148,145,139,132,127,123,125,128,133,140,142,141,136,125,113,099,090,086,090,098,115
MA14,92/03/30,134,151,163,167,166,159,147,136,126,122,126,136,146,155,161,160,152,137,118,101,090,084,089,102
MA14,92/03/31,120,139,155,163,161,153,138,122,107,099,102,110,126,142,155,162,158,148,130,109,091,081,082,093
MA14,92/04/01,113,137,156,170,174,170,154,133,113,099,096,104,120,141,162,174,179,172,155,133,111,096,091,099
MA14,92/04/02,115,138,160,177,184,181,165,142,116,094,084,087,104,127,153,174,185,186,173,151,127,105,091,091
MA14,92/04/03,104,125,149,168,178,178,164,140,110,084,068,066,078,101,128,156,173,180,174,157,134,111,092,088
MA14,92/04/04,097,115,137,162,176,180,171,150,120,087,063,053,058,078,107,137,163,180,182,172,154,131,113,102
MA14,92/04/05,105,119,142,166,183,194,192,174,145,112,083,065,061,074,098,129,160,182,190,188,174,152,131,117
MA14,92/04/06,112,119,137,158,176,187,187,174,150,120,088,063,050,053,072,098,129,154,172,177,172,158,141,126
MA14,92/04/07,117,120,132,150,170,183,187,178,160,133,101,072,052,046,053,071,096,122,144,156,160,154,141,128
MA14,92/04/08,118,116,121,134,150,165,173,172,160,139,112,085,063,049,047,057,076,100,123,141,153,155,151,143
MA14,92/04/09,136,131,133,139,151,163,173,177,173,160,141,118,094,077,067,066,073,088,106,125,141,150,153,151
MA14,92/04/10,146,143,141,140,145,152,160,166,168,165,155,141,123,105,090,082,080,085,097,113,131,145,157,164
MA14,92/04/11,167,167,164,161,160,162,165,169,173,175,175,170,158,145,129,114,101,095,097,103,114,132,148,160
MA14,92/04/12,170,174,175,171,164,158,155,154,156,161,166,169,168,163,154,142,127,113,104,100,105,118,134,149
MA14,92/04/13,164,174,178,176,167,155,143,134,130,133,140,151,161,166,165,156,141,122,104,091,086,093,107,126
MA14,92/04/14,147,165,174,176,168,153,134,116,106,105,112,129,146,161,172,173,163,147,126,105,091,089,096,112
MA14,92/04/15,135,157,171,176,171,156,134,110,091,081,084,098,121,143,163,175,176,166,147,123,102,089,090,104
MA14,92/04/16,126,151,171,184,187,176,153,128,098,078,073,080,100,130,158,182,194,195,183,162,136,116,107,111
MA14,92/04/17,128,152,174,189,196,188,165,135,102,073,057,057,071,097,128,157,178,189,186,171,149,126,108,105
MA14,92/04/18,114,135,157,180,192,192,177,151,117,081,057,047,055,075,104,136,163,182,188,182,166,144,125,114
MA14,92/04/19,116,131,153,176,192,198,191,169,137,102,074,056,053,063,086,117,146,170,183,184,174,158,141,126
MA14,92/04/20,123,131,147,165,183,194,191,176,152,120,088,063,052,055,070,098,125,152,171,179,177,167,151,136
MA14,92/04/21,127,128,140,155,172,184,188,180,161,135,105,080,062,056,064,083,108,134,156,169,173,170,160,149
MA14,92/04/22,141,139,143,154,168,182,190,189,177,157,135,111,092,083,086,099,118,137,154,169,179,180,174,163
MA14,92/04/23,155,149,147,152,161,170,178,181,174,160,142,120,100,084,077,079,088,102,120,135,148,157,158,155
MA14,92/04/24,151,147,144,145,150,158,166,171,171,165,154,140,121,105,095,091,093,103,115,129,142,153,159,161
MA14,92/04/25,163,161,156,153,152,153,156,159,162,160,156,148,137,125,113,104,100,102,108,116,128,139,148,155
MA14,92/04/26,158,159,155,151,145,141,140,142,144,146,148,148,145,139,130,121,112,108,108,111,119,132,144,155
MA14,92/04/27,164,169,168,162,154,145,139,136,137,141,147,153,157,158,154,146,135,125,119,116,120,128,141,155
MA14,92/04/28,169,177,180,175,164,151,138,129,126,128,137,148,158,167,170,166,158,146,134,126,124,129,140,154
MA14,92/04/29,171,184,189,188,177,161,143,126,117,114,120,135,151,165,175,177,171,159,145,132,123,123,131,145
MA14,92/04/30,163,181,190,193,184,168,147,126,110,105,111,129,153,177,194,203,206,198,182,165,152,144,145,155
MA14,92/05/01,172,190,202,206,201,186,160,133,107,092,091,101,121,147,173,193,202,200,188,172,155,142,138,143
MA14,92/05/02,158,176,193,204,204,192,171,142,112,089,079,082,100,128,159,186,203,209,205,190,172,156,146,145
MA14,92/05/03,155,173,191,204,210,203,184,156,122,093,072,065,074,098,128,159,186,202,207,201,186,167,152,146
MA14,92/05/04,149,163,180,197,207,207,191,167,135,102,074,060,060,074,101,135,166,189,200,200,189,173,156,145
MA14,92/05/05,142,149,163,180,195,200,195,175,147,113,081,058,048,055,076,105,136,165,184,191,187,175,161,147
MA14,92/05/06,140,143,152,167,182,193,194,183,162,132,100,070,052,047,055,078,106,135,161,178,183,180,170,158
MA14,92/05/07,148,146,150,161,176,189,195,194,181,158,131,103,078,066,064,076,096,122,148,170,185,189,185,178
MA14,92/05/08,169,163,162,167,177,188,196,200,195,181,161,137,111,091,081,080,090,107,128,148,166,176,178,175
MA14,92/05/09,167,159,153,152,155,162,169,174,176,172,162,147,127,106,090,082,081,088,103,122,141,158,166,168
MA14,92/05/10,166,159,151,144,139,138,142,148,153,155,155,150,139,125,111,096,088,085,091,104,121,139,154,163
MA14,92/05/11,165,162,153,143,131,123,118,120,124,131,138,145,147,144,133,120,107,097,093,097,107,122,138,152
MA14,92/05/12,160,162,155,144,129,114,101,095,096,103,116,129,141,148,148,139,127,113,100,096,099,109,124,140
MA14,92/05/13,153,160,159,151,135,114,093,078,071,075,088,105,125,141,151,152,144,129,114,101,096,101,111,128
MA14,92/05/14,146,160,164,160,147,123,097,075,062,056,064,083,106,131,152,161,164,155,140,125,112,108,112,126
MA14,92/05/15,144,159,168,171,157,137,111,081,056,042,041,053,078,107,134,155,165,166,155,140,123,113,111,120
MA14,92/05/16,137,154,169,176,172,157,133,105,075,051,042,048,066,095,124,151,170,178,174,164,149,133,124,125
MA14,92/05/17,136,153,170,181,184,174,153,127,093,063,041,038,049,071,100,130,156,172,178,173,160,143,129,123
MA14,92/05/18,130,145,162,177,185,184,171,147,117,084,060,048,050,066,092,122,151,172,183,183,173,159,144,134
MA14,92/05/19,132,142,156,173,184,188,182,162,134,102,072,052,044,051,069,096,125,149,167,173,170,159,146,135
MA14,92/05/20,128,132,142,157,173,181,181,170,148,120,091,067,052,051,062,083,110,136,156,168,172,166,154,142
MA14,92/05/21,133,131,137,148,162,173,179,174,159,137,112,087,068,060,063,077,099,123,145,160,167,167,160,149
MA14,92/05/22,139,132,133,140,151,163,173,173,166,151,129,105,086,074,070,077,092,113,133,150,160,164,162,154
MA14,92/05/23,144,136,132,133,139,149,156,161,160,152,138,121,104,089,081,082,091,106,123,141,154,162,164,159
MA14,92/05/24,151,143,136,132,131,136,145,150,155,155,148,138,125,112,101,095,098,105,117,132,146,158,164,166
MA14,92/05/25,161,153,144,135,130,129,133,138,143,145,147,144,137,128,117,109,104,107,114,123,136,150,159,163
MA14,92/05/26,161,155,145,133,122,114,112,114,120,128,136,141,142,137,131,122,115,110,111,116,127,141,153,162
MA14,92/05/27,166,165,157,144,129,115,106,103,105,112,124,136,144,148,146,142,134,125,120,120,124,133,145,157
MA14,92/05/28,166,170,166,153,135,117,099,087,084,090,103,120,137,151,158,159,152,143,133,126,126,130,142,157
MA14,92/05/29,170,178,180,170,153,132,108,088,076,076,086,105,129,150,165,170,169,159,147,136,128,128,136,151
MA14,92/05/30,168,181,187,183,169,145,119,091,071,064,068,085,110,138,163,178,184,181,171,156,144,138,140,148
MA14,92/05/31,163,179,188,192,182,162,134,100,072,053,047,056,080,110,139,165,179,183,178,165,149,136,131,133
MA14,92/06/01,147,164,181,189,188,173,148,116,082,052,035,035,049,078,111,144,169,183,186,177,162,147,136,133
MA14,92/06/02,141,156,173,187,190,186,168,139,103,066,039,027,030,050,081,116,149,175,186,184,174,158,143,132
MA14,92/06/03,133,144,160,177,190,192,182,159,127,090,057,035,027,035,057,090,124,153,173,180,176,165,150,138
MA14,92/06/04,131,135,147,163,179,189,189,177,153,122,089,060,041,038,049,073,105,134,160,175,180,174,161,146
MA14,92/06/05,134,130,137,148,164,179,186,185,171,148,119,089,065,052,052,065,088,117,143,164,176,177,167,153
MA14,92/06/06,139,128,125,130,141,155,166,172,169,157,135,110,087,068,058,061,075,098,123,147,164,170,167,157
MA14,92/06/07,144,131,121,119,123,133,145,156,162,161,152,138,119,099,084,078,081,094,114,135,154,166,170,168
MA14,92/06/08,159,146,132,121,118,121,129,140,151,158,162,160,153,140,122,110,105,107,118,134,151,165,174,176
MA14,92/06/09,171,159,144,128,115,108,108,114,124,133,143,150,152,148,139,128,116,112,114,122,136,151,164,172
MA14,92/06/10,172,164,152,133,114,099,091,090,095,105,119,132,142,148,147,141,135,127,122,124,131,145,158,168
MA14,92/06/11,173,171,160,145,125,107,091,081,080,087,101,118,136,151,160,165,163,154,146,141,142,148,162,175
MA14,92/06/12,186,191,186,174,153,129,107,086,074,073,082,100,122,144,161,172,174,170,161,150,144,144,150,161
MA14,92/06/13,173,181,185,177,162,139,111,086,065,057,060,073,096,120,144,164,174,174,168,156,145,140,142,149
MA14,92/06/14,163,177,186,188,180,162,134,103,075,057,051,058,076,103,132,158,175,182,181,170,157,146,141,146
MA14,92/06/15,157,173,188,194,192,177,155,124,093,065,051,051,064,087,115,142,165,179,183,177,164,151,141,138
MA14,92/06/16,146,161,177,190,195,190,173,147,117,085,062,053,056,075,100,129,155,175,186,185,174,158,145,139
MA14,92/06/17,142,153,170,186,197,199,188,167,138,104,077,060,057,067,088,116,144,169,184,188,181,169,155,145
MA14,92/06/18,140,145,158,175,191,198,195,180,155,125,096,074,064,067,082,108,136,162,181,189,186,176,162,148
MA14,92/06/19,138,137,144,159,174,187,190,181,164,139,111,087,070,064,071,090,114,141,161,173,177,171,158,143
MA14,92/06/20,132,127,129,138,153,167,177,176,166,147,123,101,081,071,072,084,104,128,151,169,178,177,168,153
MA14,92/06/21,138,128,124,130,141,155,167,171,168,158,142,122,104,090,085,091,105,125,147,165,176,180,174,162
MA14,92/06/22,147,135,126,123,129,141,153,161,166,161,151,137,121,107,097,097,107,121,141,158,170,179,178,169
MA14,92/06/23,157,142,129,121,122,129,138,148,156,159,156,148,137,126,118,113,117,127,142,158,172,183,187,185
MA14,92/06/24,175,163,150,138,132,132,138,147,156,161,164,163,157,149,140,133,129,130,138,150,162,174,180,182
MA14,92/06/25,176,165,150,134,121,113,111,117,125,135,145,153,156,156,153,149,145,142,144,151,160,172,181,185
MA14,92/06/26,183,175,162,143,124,109,098,095,098,107,121,135,147,155,159,158,155,150,146,147,151,160,171,180
MA14,92/06/27,186,187,178,161,139,117,098,084,079,083,097,115,135,154,165,171,169,163,156,150,149,153,162,172
MA14,92/06/28,182,188,186,175,156,131,105,081,065,061,071,089,114,139,161,177,183,179,171,161,152,150,156,164
MA14,92/06/29,177,188,193,190,175,152,121,088,062,047,046,058,081,113,143,168,182,185,179,166,153,146,143,149
MA14,92/06/30,162,177,188,194,190,172,144,109,073,048,035,037,057,088,124,156,181,194,196,189,176,166,161,166
MA14,92/07/01,182,198,212,221,220,210,186,153,114,078,052,042,049,072,102,137,167,186,194,191,177,160,145,136
MA14,92/07/02,139,153,174,192,203,206,194,171,137,100,066,043,040,052,078,110,147,175,191,195,185,168,152,139
MA14,92/07/03,133,141,157,177,194,206,207,194,166,132,096,066,050,050,065,095,129,161,184,195,194,181,163,143
MA14,92/07/04,131,129,139,157,176,193,202,200,184,160,129,097,073,063,070,087,115,144,171,187,193,185,169,150
MA14,92/07/05,134,124,126,135,153,172,187,194,189,174,153,127,104,089,085,094,114,137,164,183,194,194,182,165
MA14,92/07/06,146,130,123,125,135,150,165,178,183,180,169,153,135,118,107,108,118,136,159,179,192,196,192,177
MA14,92/07/07,159,141,127,118,119,128,140,153,163,169,168,161,150,139,130,126,130,140,157,174,190,199,199,190
MA14,92/07/08,174,155,138,122,114,113,119,129,140,150,157,160,159,155,149,145,144,147,156,170,183,194,197,194
MA14,92/07/09,183,169,153,134,118,109,105,108,117,129,141,151,159,163,164,162,158,156,159,163,172,182,189,190
MA14,92/07/10,187,178,162,144,126,109,096,090,092,098,111,128,142,154,163,167,166,162,158,156,159,167,175,182
MA14,92/07/11,186,184,176,162,142,121,100,084,076,078,087,102,122,142,158,167,171,168,161,156,153,156,164,172
MA14,92/07/12,180,184,183,174,158,136,111,089,072,065,069,083,105,130,152,169,177,179,173,162,153,150,152,159
MA14,92/07/13,170,180,186,184,173,153,127,101,075,061,058,068,086,112,138,161,175,180,176,167,154,146,142,146
MA14,92/07/14,156,170,182,186,184,170,147,120,090,068,056,057,072,096,124,151,172,182,183,174,162,147,139,138
MA14,92/07/15,145,161,176,188,192,186,167,141,111,082,063,056,063,083,110,139,164,181,186,181,168,152,139,133
MA14,92/07/16,137,150,166,182,191,192,179,156,128,097,072,057,057,072,095,125,152,173,181,179,169,153,136,124
MA14,92/07/17,122,131,145,163,178,185,180,163,137,107,079,060,054,060,080,108,136,160,174,177,169,154,135,121
MA14,92/07/18,114,118,131,148,166,180,184,175,156,131,103,080,069,070,083,107,134,158,175,181,177,162,143,124
MA14,92/07/19,112,108,115,129,148,165,174,172,160,138,112,088,072,065,072,089,113,138,159,170,170,160,144,124
MA14,92/07/20,108,098,098,109,125,143,156,162,157,143,123,102,084,074,075,087,107,130,151,164,169,164,150,131
MA14,92/07/21,112,100,095,097,110,124,139,151,153,146,134,118,102,092,090,095,108,128,148,162,171,170,160,144
MA14,92/07/22,124,108,096,092,097,109,124,137,143,145,138,127,116,105,100,103,111,125,141,156,166,169,162,148
MA14,92/07/23,132,112,097,088,085,090,101,114,125,133,136,133,127,120,116,114,118,126,138,151,161,168,167,159
MA14,92/07/24,146,130,112,096,086,081,086,095,107,118,128,133,136,136,133,130,130,133,140,147,156,164,168,166
MA14,92/07/25,158,147,130,111,095,083,078,080,087,099,114,128,140,147,151,151,148,146,145,148,154,162,168,170
MA14,92/07/26,169,162,149,129,109,090,076,068,068,077,092,111,131,148,159,164,163,158,153,149,149,153,160,167
MA14,92/07/27,173,174,169,154,133,108,084,065,054,056,067,087,113,139,157,170,176,172,163,154,147,145,149,159
MA14,92/07/28,170,180,184,178,162,138,108,079,054,043,046,060,084,116,146,168,181,183,176,163,149,140,138,143
MA14,92/07/29,157,173,186,191,185,166,137,103,068,044,033,038,059,091,126,158,180,190,187,174,156,141,131,133
MA14,92/07/30,143,161,181,197,201,192,169,136,098,064,040,033,044,070,106,142,171,187,191,181,163,143,127,119
MA14,92/07/31,123,139,162,184,199,202,190,166,130,094,063,044,043,058,089,124,158,182,192,190,175,152,130,113
MA14,92/08/01,109,118,138,162,185,198,201,187,161,127,093,066,054,058,078,110,144,173,190,193,182,161,137,115
MA14,92/08/02,102,102,115,135,160,181,194,195,181,157,126,098,079,075,086,107,137,166,186,195,192,176,153,128
MA14,92/08/03,109,098,101,115,136,158,176,186,184,173,151,127,108,098,100,115,136,160,182,196,198,188,168,143
MA14,92/08/04,120,105,099,103,117,135,154,168,173,171,160,144,128,118,115,121,135,153,172,186,192,186,171,149
MA14,92/08/05,126,107,096,092,098,110,126,141,152,156,155,148,138,130,127,130,138,151,166,178,186,186,176,159
MA14,92/08/06,141,122,105,095,092,096,105,116,127,136,141,143,143,140,137,137,140,148,158,168,176,180,176,166
MA14,92/08/07,151,135,118,102,091,086,088,093,102,115,124,133,138,141,143,144,145,146,150,154,161,167,168,166
MA14,92/08/08,158,147,131,115,101,089,082,080,083,091,104,119,132,144,151,154,154,151,149,150,153,159,165,169
MA14,92/08/09,171,167,158,145,128,109,095,086,082,086,096,110,128,144,157,164,165,160,153,146,142,144,148,154
MA14,92/08/10,161,164,162,154,139,120,098,078,064,060,064,078,099,124,143,157,162,159,150,140,131,126,128,136
MA14,92/08/11,148,159,165,163,152,134,111,086,064,051,050,060,079,104,129,148,160,162,154,142,128,119,116,122
MA14,92/08/12,134,150,163,168,165,153,131,105,079,058,052,056,072,097,125,151,167,173,167,153,137,122,115,117
MA14,92/08/13,129,147,164,177,182,176,156,130,101,076,060,059,070,094,123,150,170,179,177,166,148,130,116,112
MA14,92/08/14,119,137,156,175,186,185,171,148,117,089,068,060,065,083,111,139,162,176,179,168,150,129,110,100
MA14,92/08/15,102,117,139,160,177,184,178,161,132,102,076,061,061,074,099,128,155,173,179,174,156,133,111,095
MA14,92/08/16,089,097,118,141,162,177,179,165,142,115,088,070,063,071,090,116,144,165,175,173,159,137,113,093
MA14,92/08/17,082,085,101,123,146,166,174,171,154,131,106,085,075,077,090,113,139,162,174,176,166,147,123,100
MA14,92/08/18,084,081,090,107,130,152,167,170,162,144,125,105,089,086,095,114,137,158,175,181,176,160,137,114
MA14,92/08/19,094,083,085,096,116,138,156,166,166,157,142,127,111,106,110,122,139,159,175,184,183,172,153,131
MA14,92/08/20,111,095,087,093,105,122,142,156,161,160,151,140,128,121,121,128,142,158,173,183,186,179,164,145
MA14,92/08/21,122,104,092,088,093,104,119,133,145,151,152,147,140,134,132,134,142,152,164,172,178,176,167,153
MA14,92/08/22,134,116,099,088,083,086,096,110,123,134,142,145,145,144,143,144,147,154,162,170,176,178,176,168
MA14,92/08/23,156,139,122,108,096,090,090,095,104,117,129,141,148,154,157,157,157,158,158,160,166,168,171,170
MA14,92/08/24,165,155,139,122,103,087,075,071,075,084,101,120,136,150,158,162,160,155,150,147,148,151,156,163
MA14,92/08/25,165,165,158,143,122,097,075,059,052,055,069,090,115,138,156,165,167,161,150,140,134,135,141,150
MA14,92/08/26,162,170,173,168,151,125,095,068,048,041,046,064,091,121,148,167,174,170,157,142,128,120,121,132
MA14,92/08/27,149,166,180,185,179,159,129,094,064,043,041,051,074,107,140,167,182,184,171,153,132,113,106,111
MA14,92/08/28,128,151,174,192,196,187,165,132,095,063,046,045,060,091,125,158,181,190,182,162,137,113,094,091
MA14,92/08/29,101,123,151,177,195,198,188,162,127,093,065,052,059,080,113,148,175,191,190,175,150,121,094,080
MA14,92/08/30,081,095,120,151,176,192,196,183,157,125,096,074,070,081,105,137,168,188,196,188,166,136,106,083
MA14,92/08/31,074,078,098,124,152,176,189,188,172,150,125,101,088,090,105,131,159,181,194,191,176,151,120,092
MA14,92/09/01,075,070,078,097,122,147,167,176,173,159,140,120,107,104,111,128,150,172,186,190,180,158,132,104
MA14,92/09/02,081,071,071,082,101,125,145,158,163,160,149,136,124,119,123,135,152,170,185,192,188,174,153,129
MA14,92/09/03,106,089,082,085,095,112,131,147,156,160,156,148,141,137,138,142,152,165,178,186,188,180,163,144
MA14,92/09/04,122,103,090,085,088,095,108,122,135,144,148,149,147,144,144,146,151,160,171,179,184,182,175,161
MA14,92/09/05,146,129,114,101,095,094,100,108,118,130,140,148,152,155,156,156,156,157,160,164,168,169,167,162
MA14,92/09/06,154,144,132,118,106,097,093,095,100,110,121,134,146,154,158,161,159,157,154,154,156,157,160,161
MA14,92/09/07,160,156,148,137,124,110,098,091,091,097,110,125,142,157,169,173,172,166,158,152,150,151,155,163
MA14,92/09/08,170,174,172,164,148,130,113,099,091,093,101,117,137,157,172,180,181,174,162,151,143,141,145,154
MA14,92/09/09,166,176,182,180,169,151,129,109,093,088,093,109,130,153,173,185,188,183,169,153,140,132,135,145
MA14,92/09/10,162,179,190,194,189,173,151,126,105,092,092,104,126,151,176,196,205,199,185,168,152,139,136,145
MA14,92/09/11,161,181,201,211,212,201,183,157,134,116,109,115,132,156,183,204,215,215,202,182,160,140,129,131
MA14,92/09/12,144,163,186,203,213,211,196,172,145,122,106,105,118,141,168,191,207,211,204,186,161,136,120,114
MA14,92/09/13,123,142,166,190,206,212,204,183,157,131,111,103,111,130,154,179,199,208,202,186,159,133,110,099
MA14,92/09/14,101,116,141,168,191,203,203,190,167,141,119,107,107,118,141,165,187,200,202,189,166,137,110,091
MA14,92/09/15,085,094,116,143,169,190,198,195,178,155,133,116,111,116,134,156,178,194,200,193,173,147,117,094
MA14,92/09/16,082,085,099,123,149,173,185,188,182,166,148,131,121,123,136,155,176,193,200,196,181,158,131,105
MA14,92/09/17,088,084,090,108,130,154,173,184,184,174,160,144,132,130,135,148,164,180,189,192,185,167,143,118
MA14,92/09/18,097,085,085,095,111,132,151,164,169,167,157,145,135,131,132,141,155,170,181,186,180,166,148,126
MA14,92/09/19,103,087,080,083,094,111,128,144,154,158,156,152,148,145,146,149,156,167,176,183,185,179,167,149
MA14,92/09/20,131,112,100,093,093,100,112,125,137,146,152,155,155,154,153,154,155,159,165,171,175,176,171,161
MA14,92/09/21,147,132,116,102,092,088,090,099,110,125,139,151,158,162,163,159,157,155,156,157,161,164,166,166
MA14,92/09/22,161,151,136,120,104,088,081,080,085,098,115,134,149,160,166,164,158,151,143,139,140,144,152,160
MA14,92/09/23,166,167,161,147,125,103,085,074,071,080,097,119,142,161,172,176,170,156,142,130,124,126,134,150
MA14,92/09/24,165,174,180,174,158,136,110,088,074,073,084,106,132,157,176,186,184,170,150,130,115,109,116,132
MA14,92/09/25,154,177,190,196,190,172,145,116,091,078,080,097,124,154,180,198,202,191,170,143,118,100,097,109
MA14,92/09/26,132,160,184,200,205,197,172,140,108,082,072,076,098,129,162,186,196,191,171,142,109,082,067,069
MA14,92/09/27,088,118,151,180,198,200,186,161,130,102,084,082,096,121,152,181,197,199,183,157,123,089,064,056
MA14,92/09/28,064,088,121,155,182,197,197,183,159,133,110,097,100,118,144,172,195,202,195,172,140,106,077,055
MA14,92/09/29,054,068,094,126,158,181,190,187,173,152,131,115,110,117,138,165,189,201,201,188,163,131,100,076
MA14,92/09/30,064,071,087,114,145,170,188,194,189,174,157,141,131,133,145,163,182,194,197,191,175,149,119,091
MA14,92/10/01,071,064,071,088,112,137,157,168,168,162,151,141,132,130,137,149,164,178,186,186,177,159,134,109
MA14,92/10/02,089,076,074,083,097,117,138,152,158,160,157,151,144,141,143,152,163,174,182,186,180,167,153,135
MA14,92/10/03,115,101,093,092,098,110,125,137,148,155,157,156,154,151,151,153,160,166,171,176,175,168,161,148
MA14,92/10/04,131,118,107,102,102,110,120,131,144,154,163,166,168,169,168,166,164,165,167,169,170,169,166,159
MA14,92/10/05,148,137,126,116,109,106,109,115,125,134,143,153,161,165,166,164,158,154,153,154,156,160,164,165
MA14,92/10/06,165,159,149,137,125,116,111,110,114,122,134,148,161,170,174,173,166,157,148,142,140,142,147,155
MA14,92/10/07,161,165,163,153,140,125,111,102,100,104,115,130,146,160,169,172,166,151,137,125,118,119,126,138
MA14,92/10/08,150,161,166,164,155,139,122,106,097,096,104,118,136,155,169,175,172,158,140,122,110,108,114,130
MA14,92/10/09,150,168,183,188,186,176,160,138,120,114,117,128,146,165,183,191,190,178,159,138,118,107,108,122
MA14,92/10/10,144,167,184,191,190,178,159,137,116,102,101,113,133,155,176,188,190,177,156,130,104,087,083,093
MA14,92/10/11,113,138,162,178,186,185,169,147,123,106,099,106,126,149,171,189,201,198,178,150,119,096,083,086
MA14,92/10/12,105,132,158,182,194,195,186,166,145,125,112,113,127,148,172,190,198,192,177,149,118,089,069,063
MA14,92/10/13,074,100,130,158,182,192,188,174,154,133,116,111,118,135,157,177,190,192,180,158,130,098,077,066
MA14,92/10/14,070,090,118,148,173,189,195,189,172,152,135,126,128,141,162,184,199,206,198,179,152,122,093,073
MA14,92/10/15,070,081,104,134,161,184,198,199,189,175,158,147,143,150,166,185,201,209,208,196,175,144,112,088
MA14,92/10/16,076,080,094,118,145,172,189,197,194,185,171,160,153,154,163,178,194,205,209,203,185,161,134,107
MA14,92/10/17,088,080,083,097,119,144,164,177,184,182,172,163,154,152,156,166,179,190,196,195,184,167,145,122
MA14,92/10/18,099,084,080,084,097,116,135,153,164,170,171,167,161,156,156,161,170,178,185,187,184,174,159,140
MA14,92/10/19,122,104,091,085,088,098,114,132,147,158,164,166,165,162,159,157,160,164,170,175,178,176,172,163
MA14,92/10/20,152,139,124,113,107,107,116,129,146,162,175,183,187,187,184,179,174,170,170,173,176,180,182,181
MA14,92/10/21,176,166,154,138,122,111,107,110,121,138,156,171,182,188,188,182,171,160,152,148,151,158,167,176
MA14,92/10/22,182,185,179,166,150,132,118,113,116,127,146,164,181,191,193,188,176,157,140,127,122,127,138,152
MA14,92/10/23,168,180,184,179,166,147,126,110,105,110,126,148,168,185,194,194,184,164,140,119,107,107,118,138
MA14,92/10/24,158,180,194,200,196,181,158,137,123,119,129,149,174,197,212,215,207,187,160,131,107,095,098,116
MA14,92/10/25,143,171,197,212,217,211,194,171,149,136,134,145,167,190,209,218,217,203,177,140,107,084,074,078
MA14,92/10/26,099,128,159,187,202,205,194,175,153,134,127,131,149,173,196,212,215,204,180,146,111,081,063,061
MA14,92/10/27,073,100,134,164,190,203,203,192,173,152,138,134,143,161,184,204,216,213,195,168,132,098,072,058
MA14,92/10/28,061,078,108,141,172,193,202,200,188,171,155,145,145,155,173,193,209,215,207,186,157,123,092,071
MA14,92/10/29,065,073,092,122,150,177,195,200,196,183,169,156,151,155,168,184,201,210,209,199,177,148,119,094
MA14,92/10/30,077,076,086,107,134,162,185,195,199,193,183,172,164,163,168,181,196,207,212,209,193,172,146,121
MA14,92/10/31,101,092,092,102,122,144,164,181,190,190,184,175,166,160,161,168,178,188,196,196,188,175,155,136
MA14,92/11/01,117,103,097,100,111,127,146,162,175,180,181,177,170,164,160,160,165,171,177,180,177,169,157,140
MA14,92/11/02,124,110,101,097,100,110,124,138,152,161,166,167,165,160,156,152,151,152,154,158,160,160,156,147
MA14,92/11/03,136,125,114,107,104,108,115,127,139,150,158,163,165,164,158,151,147,142,141,142,145,149,153,152
MA14,92/11/04,148,142,133,125,119,115,116,121,130,141,152,161,165,166,162,154,145,137,129,126,128,132,139,145
MA14,92/11/05,147,147,143,135,125,118,112,110,115,124,137,150,160,166,166,160,148,133,120,110,108,113,123,135
MA14,92/11/06,145,154,156,153,144,134,124,119,119,125,137,152,166,175,179,175,163,146,128,113,105,106,116,132
MA14,92/11/07,149,167,175,177,171,160,147,136,130,131,140,155,172,187,197,197,186,166,145,125,112,109,113,125
MA14,92/11/08,144,165,184,192,192,184,168,151,139,133,136,146,162,179,193,196,188,170,143,117,093,081,081,094
MA14,92/11/09,116,143,166,183,189,185,174,158,141,129,126,134,149,168,184,192,189,175,150,120,091,072,068,074
MA14,92/11/10,095,122,150,174,188,193,186,171,152,135,129,133,144,161,179,190,192,181,157,126,094,067,053,053
MA14,92/11/11,067,093,124,153,175,183,180,166,147,126,113,110,118,135,154,171,180,174,157,128,094,061,040,032
MA14,92/11/12,039,061,093,125,154,172,179,175,161,145,130,121,123,134,152,170,181,184,173,148,116,083,053,035
MA14,92/11/13,032,044,068,099,129,155,170,175,168,151,135,125,120,127,142,160,174,181,179,163,137,103,072,049
MA14,92/11/14,037,039,054,080,110,138,159,170,170,160,147,134,126,127,136,152,167,177,178,169,151,125,095,069
MA14,92/11/15,049,042,049,067,093,120,144,161,169,169,160,148,138,135,138,148,161,172,180,180,170,153,129,105
MA14,92/11/16,084,069,063,069,085,108,134,153,167,171,168,160,149,140,135,138,142,151,160,165,165,157,144,124
MA14,92/11/17,102,084,072,068,073,087,107,127,147,158,162,160,154,144,135,131,130,133,140,145,150,151,146,138
MA14,92/11/18,124,109,094,082,078,083,095,112,132,147,157,161,159,151,140,130,120,115,113,117,124,132,135,137
MA14,92/11/19,134,126,114,101,090,085,087,097,112,130,146,155,159,157,146,133,118,105,097,096,101,113,125,137
MA14,92/11/20,145,149,147,137,125,114,108,112,121,137,155,171,182,186,182,171,154,135,119,107,105,114,127,143
MA14,92/11/21,160,172,178,174,164,148,134,127,124,131,146,162,176,185,187,178,160,135,109,087,077,077,087,107
MA14,92/11/22,132,156,173,180,178,166,152,137,127,127,134,149,164,180,188,186,172,148,117,089,067,058,061,079
MA14,92/11/23,104,134,161,179,186,183,171,154,140,131,133,144,160,179,191,195,185,165,133,099,068,046,039,047
MA14,92/11/24,068,099,130,159,176,181,176,160,142,128,122,126,139,158,174,186,186,173,147,113,078,050,034,033
MA14,92/11/25,048,073,108,139,164,178,183,175,160,144,132,130,135,153,172,190,197,191,172,143,109,076,053,044
MA14,92/11/26,048,067,098,130,161,183,192,193,182,164,149,141,143,152,168,186,196,196,182,157,123,089,057,037
MA14,92/11/27,032,042,063,091,121,148,166,171,166,152,136,124,118,123,134,151,166,172,168,152,127,095,064,041
MA14,92/11/28,028,031,046,068,096,126,148,158,158,150,138,126,116,115,123,137,152,163,167,159,143,119,091,066
MA14,92/11/29,050,045,051,069,094,118,143,159,165,164,155,142,131,126,128,137,149,160,166,166,155,137,113,089
MA14,92/11/30,070,059,058,067,085,107,128,145,154,157,151,140,128,120,117,120,128,139,147,152,149,139,123,104
MA14,92/12/01,087,074,069,073,085,102,122,140,155,162,160,153,142,134,126,124,128,134,142,148,152,148,141,128
MA14,92/12/02,114,103,095,093,097,108,124,141,155,165,167,164,157,146,136,128,124,124,126,132,136,139,138,133
MA14,92/12/03,125,116,108,101,099,104,112,124,137,148,155,156,152,143,134,124,114,107,105,109,115,122,128,131
MA14,92/12/04,131,128,122,116,112,110,114,122,131,142,151,157,157,153,143,130,116,104,094,091,094,100,109,120
MA14,92/12/05,126,129,127,122,115,110,107,109,115,126,138,147,152,152,146,134,118,100,085,075,074,080,091,106
MA14,92/12/06,121,132,139,140,135,126,120,116,117,124,134,145,154,159,157,148,131,110,087,070,061,063,073,091
MA14,92/12/07,111,131,145,151,151,144,136,128,123,125,134,146,158,169,172,167,151,128,102,078,063,058,064,083
MA14,92/12/08,106,132,154,170,176,174,165,155,147,141,144,155,167,179,186,186,175,151,121,088,060,042,041,053
MA14,92/12/09,076,104,132,155,168,170,163,150,136,127,123,129,143,160,174,181,178,160,131,099,065,040,029,032
MA14,92/12/10,051,080,115,143,165,176,178,168,153,139,131,131,139,157,175,190,194,185,165,132,095,064,043,036
MA14,92/12/11,045,072,106,140,169,188,196,190,177,163,151,144,147,157,175,191,199,197,181,152,117,079,045,024
MA14,92/12/12,020,033,059,093,127,155,173,176,168,152,136,123,120,126,141,160,176,185,182,164,136,100,066,041
MA14,92/12/13,027,030,047,076,110,142,166,177,176,164,150,135,126,126,136,154,173,188,194,186,167,141,109,079
MA14,92/12/14,058,051,057,074,104,133,158,174,180,174,160,142,127,118,120,131,145,161,172,175,167,149,125,102
MA14,92/12/15,078,060,057,066,084,109,134,154,166,168,159,144,129,115,110,112,122,135,147,155,157,150,138,118
MA14,92/12/16,096,080,071,071,083,100,124,144,162,170,168,157,142,128,117,111,113,120,130,140,147,151,147,138
MA14,92/12/17,126,110,098,091,092,101,118,138,155,167,170,166,154,139,125,112,105,103,108,116,127,136,141,143
MA14,92/12/18,140,131,121,112,108,109,119,132,147,161,168,169,163,154,141,125,109,098,092,094,102,113,125,134
MA14,92/12/19,139,140,139,132,124,117,118,124,134,146,157,163,166,163,153,137,120,101,086,077,079,089,105,122
MA14,92/12/20,137,149,156,157,153,146,139,137,141,149,160,170,177,181,176,165,144,121,099,082,073,076,085,103
MA14,92/12/21,126,148,164,172,172,164,154,145,141,143,151,161,170,177,178,173,159,135,107,080,064,059,066,082
MA14,92/12/22,104,131,159,178,183,180,171,160,150,145,148,155,167,181,189,190,181,157,130,101,073,057,055,066
MA14,92/12/23,088,115,145,168,187,193,191,181,166,155,150,156,170,186,200,206,205,192,165,133,099,072,058,057
MA14,92/12/24,071,097,128,155,177,189,193,186,173,157,145,143,149,165,181,195,198,189,169,139,105,072,051,042
MA14,92/12/25,049,070,098,127,154,173,180,176,165,150,135,127,130,143,160,178,192,195,182,155,121,087,060,044
MA14,92/12/26,044,056,081,111,139,164,177,179,170,153,136,123,120,129,145,164,183,191,184,167,139,107,079,057
MA14,92/12/27,050,055,074,099,129,157,176,187,184,171,153,136,128,131,144,162,178,192,194,184,162,137,108,082
MA14,92/12/28,068,069,081,102,130,157,180,193,196,187,172,155,141,137,142,156,173,187,192,189,175,154,130,103
MA14,92/12/29,083,076,082,097,119,143,165,178,182,178,165,149,133,123,123,131,145,161,172,177,174,159,141,118
MA14,92/12/30,096,085,083,092,109,131,152,169,178,178,169,154,138,126,120,123,131,143,156,163,167,162,149,133
MA14,92/12/31,116,102,097,100,112,129,147,163,172,175,170,157,142,126,116,111,113,119,127,136,141,141,137,128
