MA14,68/01/01,030,052,083,117,147,169,183,183,179,161,147,141,143,155,173,188,197,193,176,148,114,078,046,026
MA14,68/01/02,021,032,057,082,118,145,163,170,167,156,140,127,123,131,147,165,180,185,176,158,132,102,069,043
MA14,68/01/03,030,030,048,073,105,134,158,171,175,168,154,133,127,129,141,156,172,181,182,173,155,125,093,066
MA14,68/01/04,046,039,045,062,084,110,135,154,161,156,144,130,117,110,116,129,144,159,168,166,154,134,110,082
MA14,68/01/05,060,046,043,056,076,101,126,145,156,157,149,135,120,110,107,114,125,138,148,155,152,140,123,102
MA14,68/01/06,083,069,062,068,082,101,123,143,157,162,157,146,132,119,113,111,116,126,138,147,152,147,138,124
MA14,68/01/07,110,098,089,088,095,111,132,152,166,174,173,164,152,140,128,122,121,126,133,142,151,156,154,148
MA14,68/01/08,139,130,122,116,117,125,136,150,163,172,174,170,160,150,136,126,117,113,114,121,127,134,137,137
MA14,68/01/09,136,131,125,119,116,119,128,138,148,158,164,163,156,147,135,122,109,098,092,091,096,105,113,121
MA14,68/01/10,126,130,131,129,126,127,130,138,147,155,163,167,166,161,152,138,124,108,097,091,092,099,108,120
MA14,68/01/11,132,144,152,156,155,150,148,148,151,158,163,168,171,171,165,152,135,115,095,080,075,075,084,099
MA14,68/01/12,115,134,147,155,157,155,151,146,144,145,151,157,162,167,167,160,143,123,100,080,065,060,064,079
MA14,68/01/13,099,121,143,158,166,168,166,160,154,150,153,161,172,182,190,191,182,163,139,114,092,078,074,085
MA14,68/01/14,105,130,154,175,188,193,190,180,168,162,159,160,167,178,188,192,185,168,143,112,083,062,050,052
MA14,68/01/15,070,097,128,157,180,192,195,187,174,161,151,148,154,166,181,191,192,182,160,130,108,070,050,042
MA14,68/01/16,050,070,100,130,158,178,184,180,167,154,141,134,137,148,161,179,188,187,170,142,110,075,043,032
MA14,68/01/17,032,048,075,106,139,164,178,180,171,157,145,133,129,139,155,174,190,198,190,170,141,102,076,051
MA14,68/01/18,045,049,066,096,126,154,175,184,180,167,150,135,125,128,140,159,177,190,192,179,155,123,088,057
MA14,68/01/19,040,036,047,069,100,132,157,172,176,167,151,132,118,112,118,135,155,174,185,185,172,150,121,091
MA14,68/01/20,066,056,058,072,097,127,155,173,181,177,162,144,127,114,112,122,138,166,170,177,176,163,142,117
MA14,68/01/21,093,077,071,078,095,119,144,168,179,181,170,152,133,118,109,109,120,135,150,163,171,168,157,140
MA14,68/01/22,122,105,095,093,102,113,138,157,171,177,172,159,140,122,107,099,098,105,116,128,140,148,150,145
MA14,68/01/23,135,123,113,108,110,120,135,151,165,175,175,167,151,144,115,100,092,090,094,104,116,128,138,144
MA14,68/01/24,144,142,137,132,129,131,141,153,164,173,178,176,165,152,135,118,103,092,087,087,095,107,120,132
MA14,68/01/25,144,152,155,153,150,148,151,154,160,166,173,174,170,162,148,130,110,091,074,067,065,071,085,102
MA14,68/01/26,121,138,151,158,161,158,154,152,152,156,161,166,169,168,162,158,130,117,084,066,056,052,059,076
MA14,68/01/27,099,123,146,162,171,170,165,159,152,149,152,158,164,170,171,163,150,127,099,072,050,038,036,047
MA14,68/01/28,067,094,124,148,165,171,170,161,151,144,141,147,155,165,174,177,168,151,124,093,064,042,032,032
MA14,68/01/29,048,075,108,139,163,177,180,172,160,148,140,139,146,159,174,186,189,179,158,126,095,066,047,040
MA14,68/01/30,048,071,101,134,163,181,191,187,174,159,146,139,141,155,171,189,201,199,185,161,128,095,068,053
MA14,68/01/31,049,064,089,120,152,178,193,194,185,168,151,138,133,142,160,180,196,204,199,180,152,120,090,065
MA14,68/02/01,055,060,080,108,138,165,185,193,185,169,151,135,125,126,140,160,180,194,200,188,168,140,107,082
MA14,68/02/02,065,060,075,095,123,150,173,184,182,167,148,129,115,108,115,131,152,170,180,180,167,147,119,083
MA14,68/02/03,074,066,071,086,110,136,159,174,175,166,149,128,112,103,103,114,130,151,166,174,172,158,139,116
MA14,68/02/04,096,085,082,092,110,132,153,167,173,170,156,138,120,115,099,101,113,129,145,156,161,155,144,127
MA14,68/02/05,112,102,097,102,115,132,150,166,174,173,163,148,128,110,098,094,100,110,122,135,143,147,143,133
MA14,68/02/06,124,116,112,112,121,133,148,160,170,172,165,152,138,120,106,099,095,111,109,119,131,140,143,141
MA14,68/02/07,136,132,129,128,133,142,152,162,169,171,168,158,146,131,117,107,099,097,099,105,112,121,128,134
MA14,68/02/08,136,138,139,140,142,145,151,158,164,167,166,162,153,142,130,117,105,096,091,090,095,102,113,124
MA14,68/02/09,133,142,148,151,153,155,157,159,162,166,168,165,160,154,144,132,116,102,088,079,076,081,091,115
MA14,68/02/10,121,135,148,156,160,159,156,153,151,151,154,156,158,159,155,146,137,115,096,079,068,066,073,087
MA14,68/02/11,105,127,147,160,168,171,168,162,152,153,153,158,166,173,176,169,157,139,115,092,072,057,056,065
MA14,68/02/12,084,108,133,154,162,173,170,161,149,140,135,138,146,157,166,171,165,150,126,097,069,050,040,042
MA14,68/02/13,068,084,111,139,160,170,170,161,148,135,126,126,132,146,161,172,174,163,142,110,079,052,035,032
MA14,68/02/14,045,070,100,133,158,174,177,168,154,137,129,119,124,139,158,175,186,185,168,142,108,075,050,037
MA14,68/02/15,038,058,087,119,152,172,181,177,162,144,127,117,117,129,148,172,191,201,195,177,148,114,086,066
MA14,68/02/16,060,072,100,132,164,189,202,201,187,166,141,122,113,113,133,156,180,196,202,191,167,135,104,076
MA14,68/02/17,059,058,076,102,134,164,185,192,183,162,136,114,097,092,102,123,148,169,183,183,169,145,116,088
MA14,68/02/18,069,061,070,088,117,145,167,178,173,156,133,108,087,076,077,093,114,137,157,168,167,154,134,110
MA14,68/02/19,091,080,080,094,115,141,163,177,178,166,145,119,095,080,073,080,096,117,135,150,161,162,152,136
MA14,68/02/20,119,107,104,110,125,146,167,182,187,179,161,138,114,094,080,075,083,095,110,125,140,150,151,144
MA14,68/02/21,134,125,121,121,128,142,157,168,177,174,164,146,125,105,088,077,073,076,085,098,110,121,131,140
MA14,68/02/22,143,140,138,138,143,150,158,166,172,174,170,158,143,124,104,089,078,072,073,080,091,102,113,123
MA14,68/02/23,134,141,143,144,145,147,150,154,157,160,155,150,142,131,117,103,087,072,061,055,056,063,078,094
MA14,68/02/24,112,130,143,152,155,154,152,150,148,148,151,153,154,153,146,135,118,097,076,069,050,047,055,071
MA14,68/02/25,094,117,139,154,162,162,157,150,142,137,138,145,152,158,162,157,143,122,097,074,054,043,041,052
MA14,68/02/26,073,100,127,149,162,166,162,150,137,127,121,125,135,148,160,166,160,145,118,090,064,045,033,037
MA14,68/02/27,055,081,112,137,156,163,161,149,132,115,105,104,115,132,152,163,166,158,136,107,077,050,033,028
MA14,68/02/28,040,063,093,122,147,159,161,148,130,110,094,088,094,110,133,153,165,165,151,126,097,066,043,031
MA14,68/02/29,033,050,079,110,138,156,161,152,134,113,092,079,079,094,116,142,162,171,167,150,122,092,066,050
MA14,68/03/01,046,060,083,115,144,166,177,168,150,126,102,084,077,086,106,132,155,172,176,165,142,112,086,063
MA14,68/03/02,053,059,075,101,127,151,163,162,150,126,100,079,067,069,084,107,134,155,165,164,151,128,104,082
MA14,68/03/03,069,069,081,101,126,149,163,166,154,134,109,086,070,063,071,091,115,138,153,159,152,137,118,098
MA14,68/03/04,085,080,088,102,122,144,159,163,157,140,116,093,073,061,061,073,091,113,130,141,142,133,120,103
MA14,68/03/05,090,084,086,097,113,132,146,154,152,137,117,094,075,060,054,061,074,093,112,127,136,135,129,120
MA14,68/03/06,113,108,107,114,127,141,153,161,160,147,130,111,091,074,064,061,067,079,093,106,114,120,120,116
MA14,68/03/07,112,108,108,112,120,130,142,149,150,145,134,120,104,089,078,072,070,076,084,093,104,113,119,123
MA14,68/03/08,125,126,127,129,134,141,148,154,157,155,149,140,130,117,106,097,090,086,085,091,099,108,117,124
MA14,68/03/09,130,135,138,141,143,145,147,147,146,145,141,137,131,122,111,100,088,078,069,066,068,076,088,101
MA14,68/03/10,114,127,137,142,144,142,139,136,133,132,130,131,132,130,124,115,100,084,068,058,051,053,063,079
MA14,68/03/11,098,117,132,143,147,143,137,127,119,116,116,122,129,135,136,133,120,101,080,060,048,042,050,066
MA14,68/03/12,090,115,140,158,169,172,162,147,132,123,120,125,137,148,158,162,152,144,108,082,060,044,041,050
MA14,68/03/13,071,100,128,150,163,164,155,140,123,108,101,105,119,138,157,169,161,158,136,107,076,052,039,041
MA14,68/03/14,057,084,115,144,163,169,164,145,123,102,090,089,100,120,144,165,177,175,158,130,094,062,041,033
MA14,68/03/15,042,066,099,129,155,167,165,148,124,098,078,068,074,093,122,151,173,183,176,156,125,091,064,049
MA14,68/03/16,047,066,097,128,157,175,179,167,144,114,087,071,068,082,109,140,170,193,200,192,170,140,107,085
MA14,68/03/17,075,081,101,129,157,177,185,175,153,122,089,062,049,050,067,099,132,160,177,180,167,142,117,094
MA14,68/03/18,079,078,093,115,143,165,178,176,160,131,100,070,050,041,049,070,096,130,150,163,163,151,133,111
MA14,68/03/19,095,093,095,111,133,155,171,176,166,145,113,083,055,038,035,047,067,093,114,137,146,147,138,126
MA14,68/03/20,116,107,111,122,136,155,169,176,175,168,133,105,076,055,045,045,055,068,089,111,129,137,141,139
MA14,68/03/21,133,130,130,134,142,155,166,175,175,166,144,124,102,078,066,059,058,065,076,092,105,123,131,136
MA14,68/03/22,140,143,145,146,150,155,163,170,172,167,157,144,128,111,093,078,069,065,064,070,078,089,103,116
MA14,68/03/23,128,136,144,147,147,147,146,146,147,150,146,141,135,125,111,098,084,074,065,062,064,073,086,103
MA14,68/03/24,120,136,148,155,154,151,146,142,139,138,139,141,143,142,137,127,113,096,080,066,060,061,071,087
MA14,68/03/25,105,130,146,156,157,153,143,130,119,117,119,124,134,142,146,142,131,113,092,073,057,051,055,071
MA14,68/03/26,093,120,141,156,163,160,148,132,118,107,107,116,130,145,157,162,157,141,120,095,073,059,054,063
MA14,68/03/27,084,111,136,156,165,164,152,132,111,096,091,097,111,131,150,164,166,157,137,111,086,067,056,060
MA14,68/03/28,075,101,127,150,165,166,156,136,113,092,078,078,090,113,136,157,168,167,154,130,103,079,062,058
MA14,68/03/29,068,090,116,140,157,163,155,135,109,081,062,055,063,083,109,135,156,164,158,140,116,090,071,061
MA14,68/03/30,065,085,109,132,155,170,166,147,122,091,066,053,055,070,098,129,155,172,178,169,150,127,105,091
MA14,68/03/31,091,103,127,150,169,182,182,166,139,105,074,054,046,056,075,107,133,155,166,160,146,122,100,083
MA14,68/04/01,078,086,101,128,146,162,163,155,135,106,077,053,039,041,059,085,113,138,153,158,152,138,120,105
MA14,68/04/02,096,099,109,127,145,160,165,159,140,115,087,063,046,041,050,069,093,118,137,147,147,138,125,111
MA14,68/04/03,102,100,106,118,133,148,156,155,143,122,097,072,054,043,044,056,076,099,120,135,141,140,132,122
MA14,68/04/04,115,112,114,123,136,148,156,157,148,132,113,089,069,054,049,052,064,081,098,113,124,127,126,121
MA14,68/04/05,116,113,113,118,126,136,144,148,143,132,117,100,082,067,057,054,059,070,083,098,111,120,126,127
MA14,68/04/06,128,128,128,130,134,140,147,150,147,142,131,119,105,089,077,070,065,066,072,080,092,103,111,121
MA14,68/04/07,126,130,133,133,132,132,133,135,135,133,129,123,115,103,091,080,070,062,059,060,067,078,090,105
MA14,68/04/08,117,127,132,134,131,127,122,120,117,116,118,121,121,118,110,100,086,073,061,055,055,064,078,095
MA14,68/04/09,114,130,142,147,142,134,125,115,109,108,112,119,128,133,134,128,114,096,078,061,053,054,065,082
MA14,68/04/10,105,128,145,152,153,143,129,115,103,097,100,111,126,140,150,151,142,123,101,077,058,050,055,072
MA14,68/04/11,096,123,146,161,164,155,137,115,094,080,078,088,107,130,150,163,163,150,126,098,073,056,051,062
MA14,68/04/12,083,113,140,161,171,165,147,122,095,074,064,069,087,114,141,163,175,172,154,128,098,073,059,059
MA14,68/04/13,076,102,130,153,167,164,148,120,087,058,038,034,047,071,104,136,159,167,162,142,114,086,066,057
MA14,68/04/14,065,085,111,138,156,160,148,122,088,055,027,012,015,036,068,103,135,157,165,156,137,110,087,073
MA14,68/04/15,072,085,108,133,153,164,158,138,106,070,036,013,006,013,037,070,105,133,152,155,147,130,109,092
MA14,68/04/16,086,091,106,128,148,161,153,150,123,088,055,025,008,007,020,045,076,108,133,148,151,143,128,114
MA14,68/04/17,105,104,112,126,144,158,163,158,139,112,078,049,025,015,017,031,054,081,106,126,137,140,135,127
MA14,68/04/18,120,116,118,128,141,153,161,162,151,131,106,080,054,037,030,033,046,064,086,106,123,133,137,137
MA14,68/04/19,134,132,131,134,141,150,158,160,157,146,130,109,087,068,055,050,051,060,073,089,106,120,131,138
MA14,68/04/20,141,142,141,140,142,145,148,151,151,148,140,128,113,098,083,071,065,062,066,074,087,100,114,126
MA14,68/04/21,135,141,142,140,136,133,131,129,130,131,132,129,123,114,103,090,078,070,065,065,070,082,097,112
MA14,68/04/22,127,138,142,142,136,128,120,114,111,111,116,121,124,125,120,110,097,083,072,066,066,072,085,102
MA14,68/04/23,121,137,146,148,142,131,117,106,110,107,105,115,127,136,140,135,124,107,090,077,068,068,077,091
MA14,68/04/24,112,132,146,151,146,133,115,098,085,080,083,096,112,129,142,145,140,127,109,091,077,072,074,087
MA14,68/04/25,107,127,145,153,152,141,120,098,080,066,066,077,095,118,138,150,152,143,128,108,090,078,076,084
MA14,68/04/26,101,123,142,156,158,148,128,103,080,061,054,060,077,102,130,150,160,159,147,128,109,092,083,085
MA14,68/04/27,099,120,140,157,163,157,138,112,082,058,044,044,058,082,110,137,154,160,155,140,120,102,090,087
MA14,68/04/28,097,113,135,154,164,162,147,122,093,065,043,033,040,061,089,119,142,157,159,150,134,116,102,095
MA14,68/04/29,099,112,133,152,165,167,159,139,108,078,052,038,038,053,078,107,135,155,163,160,148,132,116,105
MA14,68/04/30,104,114,129,147,160,165,160,142,117,086,057,038,031,038,059,085,115,138,153,157,151,138,123,110
MA14,68/05/01,106,110,120,136,150,157,156,144,120,093,065,040,025,025,038,060,088,112,133,152,152,135,123,113
MA14,68/05/02,106,107,114,126,140,151,155,148,130,105,078,052,036,030,035,050,071,096,119,134,140,139,131,122
MA14,68/05/03,115,112,116,126,137,148,152,151,140,120,097,074,055,041,040,048,062,083,105,123,135,141,140,135
MA14,68/05/04,131,128,131,137,145,153,150,161,156,143,125,105,087,070,062,060,068,082,100,116,130,142,145,145
MA14,68/05/05,142,138,134,133,136,139,144,146,145,139,128,113,097,081,069,062,062,067,079,094,107,122,131,135
MA14,68/05/06,137,136,132,129,127,121,123,129,130,129,126,120,110,098,085,073,065,061,064,073,085,100,114,126
MA14,68/05/07,133,137,137,131,124,118,113,112,113,117,122,124,123,118,108,096,083,073,067,069,077,092,108,126
MA14,68/05/08,140,148,150,146,138,121,117,109,107,111,120,131,139,143,141,130,117,100,085,078,078,087,102,122
MA14,68/05/09,140,155,9999,9999,9999,9999,9999,9999,9999,9999,9999,9999,9999,9999,9999,9999,9999,9999,9999,9999,9999,9999,9999,9999
MA14,68/05/10,9999,9999,9999,9999,9999,9999,9999,9999,9999,9999,9999,9999,9999,9999,9999,9999,9999,9999,9999,9999,9999,9999,9999,9999
MA14,68/05/11,9999,9999,9999,9999,9999,9999,9999,9999,9999,9999,033,046,072,102,129,150,160,155,141,120,100,085,081,091
MA14,68/05/12,111,134,152,163,162,146,120,086,053,028,016,020,040,072,106,138,160,168,163,149,130,112,101,101
MA14,68/05/13,115,135,158,178,182,175,152,121,086,056,034,027,039,062,095,130,162,182,188,182,168,150,134,125
MA14,68/05/14,129,143,162,180,191,190,175,147,111,076,046,027,023,037,065,100,135,164,182,185,178,165,150,139
MA14,68/05/15,134,140,154,173,186,190,182,164,144,098,064,037,023,023,038,063,093,123,148,160,165,161,150,140
MA14,68/05/16,131,131,139,151,165,175,175,166,145,115,085,056,034,023,026,045,068,092,118,138,151,156,154,145
MA14,68/05/17,139,135,136,143,155,165,170,168,155,135,110,085,062,046,040,042,057,077,098,119,135,145,148,146
MA14,68/05/18,141,135,132,133,139,146,154,157,151,140,123,103,081,062,050,045,048,060,077,095,114,128,137,141
MA14,68/05/19,141,137,131,127,127,131,137,142,143,140,133,122,107,090,078,070,066,068,078,091,107,125,137,147
MA14,68/05/20,150,150,145,136,131,127,125,129,132,134,136,133,127,116,103,090,082,077,078,085,097,113,128,139
MA14,68/05/21,146,149,145,136,126,117,110,107,109,115,121,127,130,128,121,111,100,091,085,086,093,105,120,134
MA14,68/05/22,146,152,150,142,130,116,102,093,092,098,109,122,132,139,142,138,129,118,108,101,101,109,122,136
MA14,68/05/23,150,159,160,154,141,123,104,088,080,081,090,105,122,137,146,9999,9999,9999,9999,9999,9999,9999,9999,9999
MA14,68/05/24,9999,9999,9999,9999,9999,9999,9999,079,064,058,9999,9999,9999,9999,9999,9999,9999,9999,9999,9999,9999,9999,9999,9999
MA14,68/05/25,9999,9999,9999,9999,9999,9999,9999,9999,9999,9999,048,059,081,106,130,9999,9999,9999,9999,9999,9999,9999,9999,9999
MA14,68/05/26,9999,9999,9999,9999,9999,9999,9999,9999,9999,9999,9999,9999,9999,9999,9999,9999,160,165,158,147,133,9999,9999,9999
MA14,68/05/27,9999,9999,9999,9999,9999,9999,9999,9999,9999,9999,9999,037,051,076,105,134,155,165,167,160,146,133,124,121
MA14,68/05/28,129,142,159,171,176,170,150,123,9999,9999,9999,9999,9999,9999,9999,9999,9999,161,167,165,153,141,129,122
MA14,68/05/29,124,135,150,165,173,173,160,139,108,078,051,033,033,045,067,095,126,148,162,164,158,147,135,126
MA14,68/05/30,122,129,142,157,169,175,168,151,125,093,065,045,034,039,055,081,112,137,156,163,163,155,145,134
MA14,68/05/31,128,129,138,150,163,172,170,159,137,109,080,056,040,034,053,061,087,114,136,150,155,152,143,132
MA14,68/06/01,124,121,125,134,145,155,159,155,140,118,093,067,048,036,035,047,065,090,115,135,145,149,143,135
MA14,68/06/02,127,121,119,124,134,143,151,152,145,130,110,083,068,050,043,045,057,075,098,119,135,144,145,140
MA14,68/06/03,132,125,120,119,122,130,138,144,144,138,126,110,092,074,062,055,059,070,087,109,127,141,148,148
MA14,68/06/04,143,135,127,120,117,119,124,131,136,138,136,127,115,098,083,071,066,067,078,093,113,131,142,149
MA14,68/06/05,148,143,130,120,110,103,102,108,115,123,130,132,128,119,107,093,082,075,077,086,103,122,139,150
MA14,68/06/06,154,153,143,129,113,100,090,088,094,105,118,130,138,140,135,125,112,098,090,090,099,116,133,149
MA14,68/06/07,160,162,156,142,122,100,082,071,070,078,093,113,130,143,149,145,136,122,110,100,100,112,128,145
MA14,68/06/08,159,169,168,155,134,109,082,062,051,051,063,085,110,135,152,161,159,149,135,120,111,111,121,137
MA14,68/06/09,153,167,170,164,148,121,090,061,038,027,030,049,075,108,137,157,167,166,155,140,127,120,120,130
MA14,68/06/10,147,163,175,175,166,144,113,078,046,024,017,025,046,078,113,145,168,179,179,168,154,140,134,138
MA14,68/06/11,150,167,180,187,184,168,144,108,071,038,018,014,025,050,084,120,150,173,180,175,164,150,137,131
MA14,68/06/12,136,147,163,176,182,177,158,129,092,055,026,018,017,021,048,084,119,148,166,173,168,156,143,133
MA14,68/06/13,131,138,150,164,178,181,173,152,122,086,053,028,015,017,034,061,093,126,151,165,169,162,151,139
MA14,68/06/14,131,131,139,151,165,175,175,165,145,115,082,050,030,021,025,043,067,099,125,145,155,156,149,138
MA14,68/06/15,128,120,122,129,142,155,164,163,152,131,106,079,054,039,035,044,060,084,111,132,149,157,155,146
MA14,68/06/16,136,127,124,126,135,149,162,169,170,160,146,125,104,086,073,070,076,092,112,133,149,159,160,154
MA14,68/06/17,145,134,124,118,120,126,135,144,149,148,140,126,110,094,080,074,077,088,102,120,137,150,156,156
MA14,68/06/18,150,139,127,115,110,111,116,129,131,136,137,133,124,112,099,091,088,091,099,113,127,140,151,154
MA14,68/06/19,151,142,131,117,107,100,099,103,112,121,130,134,133,129,122,113,106,104,117,116,128,140,151,158
MA14,68/06/20,159,155,144,128,111,098,089,086,091,100,111,122,130,134,132,128,120,114,112,115,123,134,145,154
MA14,68/06/21,159,159,152,138,120,100,085,076,075,082,094,110,125,137,143,144,139,134,128,124,126,133,143,152
MA14,68/06/22,159,163,158,147,129,108,087,069,060,061,070,088,107,125,139,147,148,143,136,128,125,128,134,143
MA14,68/06/23,154,160,162,155,139,119,095,071,055,049,054,070,090,113,134,148,153,153,147,137,130,125,128,136
MA14,68/06/24,146,157,162,161,149,130,115,075,053,038,037,046,065,091,116,137,152,157,152,142,132,129,121,127
MA14,68/06/25,137,150,160,164,159,144,120,090,062,041,030,033,048,073,102,130,150,162,162,155,145,135,128,129
MA14,68/06/26,138,150,163,173,173,163,142,115,083,056,036,029,040,062,087,118,142,160,166,164,153,141,131,125
MA14,68/06/27,130,142,154,166,173,170,156,131,100,068,042,027,027,042,067,096,125,148,160,161,153,141,128,119
MA14,68/06/28,117,126,139,153,163,168,150,141,113,082,052,030,022,028,046,077,106,134,153,160,158,148,137,124
MA14,68/06/29,119,121,132,147,162,171,171,160,138,107,073,052,037,032,044,066,095,123,145,158,163,157,146,132
MA14,68/06/30,123,119,125,137,152,165,173,169,155,132,103,076,055,043,046,061,073,110,136,155,163,163,154,140
MA14,68/07/01,126,118,119,126,138,152,162,165,156,139,115,090,068,055,053,063,084,108,132,151,162,164,155,142
MA14,68/07/02,129,118,113,116,126,138,151,158,158,150,135,115,096,080,072,075,086,106,129,150,166,173,173,162
MA14,68/07/03,148,134,123,119,121,130,140,149,155,156,151,139,124,108,095,088,089,101,118,136,153,163,166,161
MA14,68/07/04,150,133,117,103,096,096,104,115,127,137,142,142,136,125,114,105,102,104,114,129,145,158,165,165
MA14,68/07/05,156,142,124,105,090,083,082,088,099,112,125,136,141,140,134,128,121,117,120,129,142,156,166,170
MA14,68/07/06,169,160,145,126,107,092,084,084,091,107,124,141,154,162,166,165,160,152,145,143,144,151,161,169
MA14,68/07/07,173,170,158,138,115,090,067,050,043,047,061,083,108,130,145,155,157,151,143,136,133,138,146,157
MA14,68/07/08,167,172,170,168,140,112,083,059,041,035,041,059,086,115,141,162,173,174,168,158,148,144,146,154
MA14,68/07/09,166,175,180,177,164,141,111,078,050,032,026,035,058,088,119,149,169,178,179,170,158,147,140,143
MA14,68/07/10,154,168,180,185,181,163,136,101,068,039,022,018,030,055,090,126,152,170,178,175,164,152,140,135
MA14,68/07/11,139,154,169,182,187,182,162,131,096,061,035,020,019,035,064,100,131,156,169,174,167,155,141,131
MA14,68/07/12,126,138,154,171,183,188,180,158,126,091,059,036,026,031,050,080,112,142,162,170,170,160,145,130
MA14,68/07/13,121,122,133,150,168,181,182,170,147,116,086,057,039,035,045,070,098,128,151,165,168,160,146,131
MA14,68/07/14,118,113,118,132,151,168,177,175,162,140,112,085,065,053,055,070,093,121,146,164,170,167,155,137
MA14,68/07/15,122,111,108,115,130,148,161,167,163,149,130,106,082,068,063,071,088,112,135,153,163,166,157,143
MA14,68/07/16,126,116,101,100,110,125,142,154,158,153,142,126,108,093,085,087,098,116,137,155,167,173,169,157
MA14,68/07/17,142,125,110,102,102,111,123,137,145,149,146,137,125,113,104,101,107,118,132,148,160,169,170,161
MA14,68/07/18,147,130,115,102,095,097,104,115,125,133,136,136,132,127,120,117,118,128,133,144,155,163,167,163
MA14,68/07/19,154,140,123,107,095,088,088,093,102,112,122,129,132,133,131,129,128,129,138,140,148,156,160,160
MA14,68/07/20,156,146,133,116,100,085,077,074,078,088,099,113,124,133,136,138,138,136,135,136,142,147,153,157
MA14,68/07/21,158,153,142,129,112,093,078,068,065,070,081,097,114,130,141,148,151,149,146,141,141,145,150,155
MA14,68/07/22,160,162,158,148,130,111,090,072,061,059,065,081,102,125,143,157,163,163,157,150,145,143,146,152
MA14,68/07/23,159,165,167,162,150,133,111,089,070,059,060,073,093,118,141,160,172,176,172,164,153,146,143,146
MA14,68/07/24,155,165,174,178,172,155,131,105,080,063,054,059,076,100,128,151,168,176,175,167,154,142,135,135
MA14,68/07/25,144,156,169,178,179,167,147,116,087,062,046,043,056,079,108,138,161,175,178,170,158,143,133,129
MA14,68/07/26,135,147,163,176,184,178,163,138,106,076,053,040,043,060,087,118,148,170,181,178,165,149,136,128
MA14,68/07/27,126,135,150,167,182,192,183,164,133,100,070,052,046,059,081,111,144,167,182,185,175,160,142,129
MA14,68/07/28,121,128,142,164,180,192,195,186,160,128,097,071,058,058,073,099,130,158,178,188,183,167,147,129
MA14,68/07/29,118,115,126,142,164,181,192,192,178,154,124,095,073,064,070,090,117,146,170,184,187,178,157,136
MA14,68/07/30,118,109,114,126,144,165,181,188,183,165,140,113,090,078,078,091,114,140,166,181,187,185,170,148
MA14,68/07/31,126,110,105,111,125,145,165,180,185,175,157,136,117,100,093,100,116,140,163,182,191,189,176,155
MA14,68/08/01,134,116,102,097,107,123,140,156,165,170,165,152,137,123,114,113,122,137,154,172,186,189,184,169
MA14,68/08/02,147,125,106,091,088,092,105,121,136,146,152,153,150,142,134,129,130,138,151,167,181,188,188,178
MA14,68/08/03,163,144,122,101,086,081,082,092,105,121,134,144,150,151,148,145,142,142,146,154,164,173,178,175
MA14,68/08/04,167,152,133,112,090,074,065,065,072,085,101,120,135,145,153,156,154,151,150,150,154,161,167,170
MA14,68/08/05,170,162,150,132,110,088,068,056,052,058,072,093,119,139,158,168,172,168,162,155,153,155,161,170
MA14,68/08/06,176,179,175,163,142,117,089,064,047,043,050,069,094,123,148,167,177,178,171,161,151,146,148,155
MA14,68/08/07,167,177,183,181,165,143,114,081,054,037,032,043,065,096,129,155,173,182,180,168,155,145,139,143
MA14,68/08/08,155,171,185,193,190,175,150,116,080,053,036,035,050,076,110,143,167,180,181,174,157,140,127,125
MA14,68/08/09,135,155,175,193,200,193,172,141,104,072,046,035,040,062,092,127,156,174,182,176,160,140,123,114
MA14,68/08/10,120,135,159,182,196,199,188,166,135,100,070,050,042,054,079,112,143,168,184,184,172,153,131,115
MA14,68/08/11,109,118,139,161,180,194,194,179,155,125,093,069,058,067,082,114,145,171,186,188,181,165,143,125
MA14,68/08/12,114,115,126,145,167,185,192,189,175,152,127,102,085,079,090,114,142,170,190,197,193,178,155,134
MA14,68/08/13,118,111,118,132,153,172,186,192,185,170,147,125,109,102,107,122,145,168,189,200,200,190,170,147
MA14,68/08/14,126,114,109,115,130,149,165,178,180,171,159,144,130,122,121,131,146,165,183,195,198,192,176,156
MA14,68/08/15,135,120,109,107,115,128,145,159,167,169,165,156,146,140,138,143,153,167,181,192,198,196,186,169
MA14,68/08/16,150,133,120,113,112,119,131,144,155,161,163,162,158,153,151,151,157,166,175,185,191,191,184,171
MA14,68/08/17,156,140,126,114,107,106,112,121,132,141,150,154,150,150,150,150,158,162,167,174,181,183,180,172
MA14,68/08/18,162,148,130,116,103,095,092,095,102,113,124,136,144,150,154,155,155,155,156,159,163,166,168,166
MA14,68/08/19,161,155,143,130,115,101,090,087,089,097,110,125,140,155,164,171,174,172,168,166,165,166,169,171
MA14,68/08/20,173,173,168,158,142,124,107,093,087,088,099,116,137,155,171,182,197,186,180,174,169,167,168,174
MA14,68/08/21,179,183,183,177,163,145,124,105,090,083,088,103,125,149,173,189,198,199,195,184,175,168,168,172
MA14,68/08/22,182,193,199,199,191,172,148,121,097,082,078,088,107,133,160,184,197,199,194,180,167,155,150,152
MA14,68/08/23,162,177,191,199,198,185,162,134,105,081,071,071,088,115,145,173,195,204,201,187,170,153,141,141
MA14,68/08/24,151,167,188,205,213,208,190,164,133,101,078,071,080,104,135,166,183,209,211,200,183,162,142,135
MA14,68/08/25,139,154,175,197,211,215,205,182,150,116,088,073,073,090,118,150,180,200,208,200,182,160,136,122
MA14,68/08/26,120,130,150,175,196,211,212,199,172,141,111,088,080,087,110,139,170,192,202,200,184,162,135,115
MA14,68/08/27,104,108,125,149,175,195,205,203,185,160,131,107,091,092,107,130,160,183,197,199,187,166,140,116
MA14,68/08/28,099,096,105,124,150,172,189,196,187,169,145,123,106,100,110,130,153,178,194,201,191,174,147,121
MA14,68/08/29,100,086,088,103,124,148,169,182,185,180,167,150,134,126,128,140,160,180,198,210,208,195,175,148
MA14,68/08/30,125,108,098,099,110,125,144,160,171,174,165,156,146,138,135,141,154,169,182,193,198,190,171,150
MA14,68/08/31,126,104,088,082,084,095,108,125,139,148,155,158,155,154,151,151,157,165,175,183,188,187,178,163
MA14,68/09/01,144,125,107,092,084,084,090,100,113,126,140,150,157,162,164,165,167,169,171,174,178,181,178,169
MA14,68/09/02,158,144,129,111,097,086,079,080,087,098,113,129,145,158,166,171,173,172,170,168,167,169,170,171
MA14,68/09/03,170,162,151,136,116,097,082,070,065,071,085,105,125,146,162,171,176,171,163,155,150,151,155,159
MA14,68/09/04,165,170,168,157,138,115,090,070,055,049,058,075,098,126,149,167,174,172,162,148,138,131,132,141
MA14,68/09/05,153,164,171,171,160,138,114,086,063,048,047,060,084,113,142,165,178,180,171,155,140,127,122,128
MA14,68/09/06,142,160,175,185,183,168,144,114,085,062,051,055,072,102,133,159,177,183,177,162,140,123,112,111
MA14,68/09/07,125,145,165,184,192,188,171,141,110,084,065,060,072,096,124,152,175,185,183,168,146,123,107,098
MA14,68/09/08,107,125,149,172,190,196,186,165,135,106,082,070,074,091,120,151,174,188,190,175,153,127,105,092
MA14,68/09/09,093,108,131,158,181,195,195,184,160,131,116,092,088,099,121,149,177,195,200,192,175,149,120,101
MA14,68/09/10,092,096,116,141,169,189,199,195,177,154,131,113,104,110,126,150,173,190,200,194,176,152,124,098
MA14,68/09/11,083,082,095,116,141,161,175,178,168,150,131,113,103,105,116,135,156,174,183,180,167,145,116,092
MA14,68/09/12,075,068,073,089,111,134,152,161,160,148,133,120,110,109,117,132,149,165,175,176,169,151,128,103
MA14,68/09/13,083,073,070,079,094,112,131,144,149,142,138,129,122,119,123,132,145,159,169,172,168,154,135,116
MA14,68/09/14,097,083,077,077,087,100,117,130,139,142,141,135,131,129,131,137,148,158,166,171,172,164,150,134
MA14,68/09/15,117,101,089,084,085,095,107,120,131,138,142,143,143,143,146,149,154,160,166,159,159,166,158,147
MA14,68/09/16,133,120,106,095,089,088,094,102,112,123,132,139,145,150,154,157,159,161,162,164,165,164,160,155
MA14,68/09/17,148,139,128,117,105,095,090,090,096,105,118,131,144,155,163,169,169,167,163,160,158,157,157,158
MA14,68/09/18,156,153,146,135,120,104,090,082,082,088,101,118,136,153,167,174,174,170,162,153,147,145,147,151
MA14,68/09/19,158,163,163,154,140,122,100,083,074,072,082,101,122,145,164,176,180,175,164,150,137,130,130,139
MA14,68/09/20,150,162,171,171,159,140,117,093,073,064,066,083,105,130,157,175,184,180,167,148,130,118,112,122
MA14,68/09/21,139,157,176,184,182,167,142,111,083,062,058,068,089,118,147,172,182,179,165,145,123,105,096,103
MA14,68/09/22,119,141,167,185,194,188,166,136,104,080,066,067,085,115,146,174,191,195,183,163,138,114,097,095
MA14,68/09/23,108,130,159,185,203,208,196,173,144,113,091,081,090,114,144,174,196,204,194,173,146,116,092,081
MA14,68/09/24,085,103,131,163,185,197,199,184,158,130,104,089,089,104,130,158,183,196,193,177,150,117,090,070
MA14,68/09/25,067,080,103,134,163,185,195,192,176,151,127,109,103,110,130,155,180,195,197,186,162,131,097,072
MA14,68/09/26,059,061,076,103,133,162,179,186,180,165,145,128,120,120,131,152,174,190,196,191,174,147,115,083
MA14,68/09/27,064,058,064,081,107,134,157,172,177,171,159,145,135,131,138,153,169,185,194,195,185,163,135,105
MA14,68/09/28,081,066,061,068,084,105,130,149,161,166,165,158,151,147,148,155,165,176,184,187,184,170,151,127
MA14,68/09/29,104,084,072,068,073,085,100,117,132,144,151,155,156,154,154,157,161,165,169,172,173,167,157,142
MA14,68/09/30,124,108,092,080,075,074,079,090,103,119,132,144,153,159,161,163,161,160,160,161,162,163,161,155
MA14,68/10/01,146,135,121,106,095,085,078,078,085,098,115,130,145,158,167,169,165,158,151,148,146,146,147,150
MA14,68/10/02,150,148,141,128,111,093,079,070,068,075,090,112,133,150,161,166,163,155,143,133,127,127,133,142
MA14,68/10/03,152,158,157,148,131,111,091,073,064,064,075,093,117,140,161,170,169,159,142,125,112,107,114,127
MA14,68/10/04,143,160,168,167,157,137,113,088,071,062,066,084,108,134,157,172,174,166,147,126,106,093,093,104
MA14,68/10/05,124,147,166,176,173,158,138,112,089,072,068,078,100,129,155,177,184,178,160,137,113,091,083,089
MA14,68/10/06,107,133,159,177,185,180,163,139,114,093,080,083,100,125,153,178,190,187,172,149,118,092,074,073
MA14,68/10/07,087,112,141,167,185,190,181,160,137,114,098,091,100,120,145,171,190,192,182,160,131,102,080,069
MA14,68/10/08,075,095,123,153,177,190,193,180,160,134,115,105,107,122,146,170,190,196,192,175,145,115,087,068
MA14,68/10/09,064,076,102,132,160,180,187,183,169,150,130,119,115,121,140,162,182,194,194,181,157,127,097,076
MA14,68/10/10,066,072,091,119,149,173,187,191,183,166,150,136,129,131,142,160,178,191,193,182,162,135,107,081
MA14,68/10/11,065,062,069,088,113,138,158,168,168,159,146,133,124,123,130,145,162,177,183,181,167,144,119,092
MA14,68/10/12,071,060,061,074,093,115,138,154,160,159,153,145,136,133,138,148,162,174,180,182,173,157,135,110
MA14,68/10/13,090,075,071,074,087,105,126,142,153,158,157,153,148,146,146,154,162,170,176,178,174,163,147,127
MA14,68/10/14,110,094,084,082,086,099,114,128,140,148,152,152,151,150,152,155,159,163,167,168,166,160,151,137
MA14,68/10/15,122,110,098,090,088,092,100,111,123,135,144,150,152,154,155,155,155,155,155,154,153,152,148,142
MA14,68/10/16,132,122,110,099,091,086,086,092,102,115,129,142,152,159,162,162,159,155,149,147,145,146,147,147
MA14,68/10/17,146,143,135,123,110,098,090,088,093,103,119,128,152,164,171,171,166,157,147,138,134,136,142,149
MA14,68/10/18,156,160,158,149,135,118,102,090,088,094,108,128,150,168,179,185,178,166,151,137,127,124,130,140
MA14,68/10/19,153,167,175,170,158,139,111,094,084,083,093,112,136,160,176,183,180,164,143,120,104,096,103,117
MA14,68/10/20,136,156,173,180,176,158,137,112,089,077,079,095,117,143,167,181,182,169,147,120,096,078,074,087
MA14,68/10/21,108,085,159,176,185,180,160,134,110,090,083,093,112,138,163,180,184,177,157,126,093,069,056,061
MA14,68/10/22,080,109,142,169,184,189,180,159,134,110,094,095,110,134,160,182,192,187,168,139,104,071,051,045
MA14,68/10/23,057,083,118,152,181,195,196,182,162,139,119,110,117,136,162,184,201,201,188,163,129,093,066,049
MA14,68/10/24,050,069,102,138,173,198,212,211,200,181,162,149,149,158,177,199,217,222,215,194,164,131,098,074
MA14,68/10/25,064,071,092,122,153,183,204,214,211,201,184,171,165,170,182,200,217,224,224,211,188,157,122,096
MA14,68/10/26,076,069,079,097,126,155,178,192,199,196,188,178,171,169,176,186,199,210,212,205,189,164,134,105
MA14,68/10/27,078,064,061,070,087,111,134,153,165,170,169,166,162,160,162,158,178,186,191,192,183,168,149,127
MA14,68/10/28,102,085,074,071,078,091,109,128,145,156,163,166,166,165,164,167,170,174,176,179,178,172,161,146
MA14,68/10/29,129,112,097,088,085,088,097,110,125,140,153,162,168,171,169,167,164,160,158,158,158,157,155,149
MA14,68/10/30,140,129,115,101,090,085,083,090,102,117,132,146,155,161,163,160,153,144,138,135,135,137,141,146
MA14,68/10/31,148,144,135,122,108,096,087,084,088,099,116,132,147,159,164,163,153,139,125,115,110,112,121,133
MA14,68/11/01,143,150,150,142,128,113,098,087,083,088,104,123,143,159,167,167,159,141,120,102,091,090,099,115
MA14,68/11/02,135,148,158,158,148,134,114,098,088,087,095,114,136,157,171,176,169,149,125,100,082,075,080,094
MA14,68/11/03,118,141,160,169,167,155,137,120,105,097,100,114,134,155,172,181,176,159,133,105,079,065,064,075
MA14,68/11/04,100,128,153,171,178,172,159,141,123,110,107,117,135,155,175,185,184,171,147,118,088,067,057,064
MA14,68/11/05,085,114,141,164,178,181,174,158,140,123,115,118,132,153,172,187,191,181,160,130,099,071,054,053
MA14,68/11/06,066,092,122,152,173,184,182,169,153,137,126,124,134,152,172,189,197,191,175,150,118,086,063,051
MA14,68/11/07,058,078,106,135,160,175,180,172,158,140,127,120,121,135,153,172,184,185,172,148,119,088,066,052
MA14,68/11/08,050,064,089,119,145,166,176,176,166,153,138,128,126,134,148,165,180,184,177,161,134,105,078,059
MA14,68/11/09,052,059,077,103,131,157,174,179,177,168,155,145,140,145,156,170,185,194,195,183,164,138,111,088
MA14,68/11/10,073,070,080,098,124,149,169,182,186,182,173,164,157,154,160,171,182,191,192,182,164,142,115,089
MA14,68/11/11,070,058,058,068,085,107,129,145,153,153,149,142,134,132,135,141,150,158,163,163,156,141,121,098
MA14,68/11/12,080,067,062,065,076,095,115,134,147,154,157,154,154,146,146,147,151,156,160,161,160,151,138,124
MA14,68/11/13,109,094,084,079,081,091,105,122,136,147,153,156,154,151,147,144,142,143,144,146,148,145,140,133
MA14,68/11/14,123,111,099,090,085,086,093,104,119,133,144,152,156,157,154,149,142,137,134,134,135,138,139,138
MA14,68/11/15,135,127,115,102,089,083,082,088,100,115,132,144,154,159,156,149,137,125,115,111,112,118,127,137
MA14,68/11/16,144,147,141,131,118,104,095,092,096,110,129,146,160,170,171,164,151,133,117,105,100,105,117,132
MA14,68/11/17,148,160,164,159,148,132,116,103,100,106,121,139,159,173,179,172,157,134,107,087,073,072,083,100
MA14,68/11/18,124,145,159,163,158,142,124,106,093,091,101,118,140,160,170,169,154,131,100,070,049,039,044,061
MA14,68/11/19,089,120,146,163,168,161,144,123,105,096,098,110,131,154,171,177,171,149,119,085,052,033,027,038
MA14,68/11/20,065,098,130,158,175,178,169,151,130,114,108,114,129,151,171,183,183,166,138,102,065,034,018,017
MA14,68/11/21,034,064,102,136,164,179,182,172,155,136,124,120,128,145,165,183,189,182,161,126,085,050,021,010
MA14,68/11/22,016,038,070,104,140,164,177,177,168,153,137,128,129,140,157,175,187,188,174,149,113,074,042,018
MA14,68/11/23,011,019,042,072,106,138,159,169,167,159,147,137,132,136,146,163,177,186,183,167,144,111,077,049
MA14,68/11/24,031,029,040,061,089,119,145,162,171,168,160,149,141,138,143,154,167,176,181,174,157,133,103,074
MA14,68/11/25,051,039,040,051,071,095,122,142,156,160,158,152,144,139,138,142,150,160,166,167,160,146,126,101
MA14,68/11/26,079,063,053,054,064,080,100,122,138,150,154,155,149,142,137,135,137,142,148,153,153,148,139,125
MA14,68/11/27,108,092,078,072,073,082,097,117,134,150,160,164,162,156,150,144,140,139,140,144,149,152,152,145
MA14,68/11/28,133,119,107,095,086,084,087,098,111,125,139,147,151,149,142,133,121,112,107,107,113,121,130,134
MA14,68/11/29,133,130,122,112,102,095,094,100,110,124,139,152,158,160,155,145,130,116,104,099,100,108,119,129
MA14,68/11/30,138,143,140,133,124,115,109,108,114,124,138,152,164,171,170,161,144,123,106,094,086,091,102,117
MA14,68/12/01,133,145,152,151,145,135,126,119,118,123,134,147,160,169,171,165,150,127,102,081,069,067,077,094
MA14,68/12/02,115,134,151,158,157,149,138,128,121,121,128,141,155,168,175,171,158,138,108,080,062,054,058,074
MA14,68/12/03,098,124,147,160,164,161,152,142,132,128,131,141,156,169,179,179,169,150,119,088,061,046,042,053
MA14,68/12/04,075,102,130,151,163,166,161,149,137,127,123,128,140,154,168,176,172,156,130,097,068,046,034,038
MA14,68/12/05,054,082,113,140,160,171,171,163,151,139,132,132,142,158,174,185,187,177,154,126,095,066,047,041
MA14,68/12/06,049,070,101,131,157,171,174,169,158,144,133,127,130,143,159,174,182,178,161,137,105,073,051,037
MA14,68/12/07,040,054,078,114,143,166,179,176,169,158,144,136,135,143,158,173,184,185,177,157,130,100,071,050
MA14,68/12/08,041,048,068,095,123,147,164,170,166,156,143,133,123,130,140,155,167,173,169,154,133,104,078,054
MA14,68/12/09,040,040,052,073,100,128,148,161,164,160,150,138,131,131,137,147,161,170,172,164,149,126,099,074
MA14,68/12/10,059,051,056,071,095,122,146,163,172,172,164,152,142,134,136,145,155,164,169,167,157,142,119,094
MA14,68/12/11,074,059,054,059,074,095,117,137,150,154,152,144,132,124,121,124,130,138,144,149,148,140,125,108
MA14,68/12/12,088,073,064,064,074,089,109,130,148,159,163,158,150,140,135,133,133,137,143,151,156,156,151,141
MA14,68/12/13,129,115,103,094,094,100,114,129,146,159,165,164,158,149,139,130,122,118,118,122,131,138,141,140
MA14,68/12/14,133,126,116,104,099,100,107,123,141,158,168,173,173,167,158,145,133,123,117,117,123,135,146,156
MA14,68/12/15,160,160,153,144,136,129,128,133,143,158,171,182,185,181,169,153,136,117,101,092,092,102,116,130
MA14,68/12/16,143,152,156,152,144,132,124,122,128,139,154,157,178,181,176,163,142,116,092,077,071,074,088,109
MA14,68/12/17,131,150,163,168,163,153,140,130,127,131,142,155,168,176,176,167,148,122,091,066,048,044,053,072
MA14,68/12/18,097,127,150,166,173,170,160,147,136,132,136,146,160,173,181,179,165,139,106,073,046,029,028,041
MA14,68/12/19,064,099,134,162,180,189,186,174,161,150,146,151,163,178,192,197,189,167,137,098,063,036,021,021
MA14,68/12/20,038,067,104,139,166,184,188,180,169,155,144,141,149,163,180,193,196,185,160,126,089,055,028,017
MA14,68/12/21,023,042,073,108,143,168,183,185,177,165,151,142,143,152,169,185,195,192,180,151,116,075,041,020
MA14,68/12/22,014,024,045,076,113,145,169,182,184,174,158,147,141,145,159,178,193,197,195,180,150,110,074,044
MA14,68/12/23,023,019,028,050,079,110,138,156,162,159,148,133,122,119,126,139,155,168,173,167,153,126,097,068
MA14,68/12/24,043,033,034,047,069,097,127,148,160,160,154,141,127,120,118,123,135,147,157,158,152,137,114,088
MA14,68/12/25,064,047,039,045,058,080,105,129,145,152,151,141,138,116,109,108,114,125,136,147,150,145,135,117
MA14,68/12/26,097,081,070,067,072,086,107,129,146,158,161,156,146,134,123,115,113,114,119,129,137,140,139,132
MA14,68/12/27,121,109,097,091,090,098,110,125,141,153,160,159,153,142,129,116,106,100,101,107,117,126,132,134
MA14,68/12/28,133,127,121,113,110,111,118,129,141,153,164,167,164,155,143,127,112,101,096,097,104,114,123,132
MA14,68/12/29,139,142,142,138,133,130,130,136,143,153,162,167,166,162,152,141,125,109,095,088,089,096,109,124
MA14,68/12/30,135,143,148,150,145,138,137,138,140,148,157,164,169,170,166,155,137,120,100,088,081,082,092,107
MA14,68/12/31,127,144,158,166,168,165,158,153,153,154,160,168,180,184,186,179,164,143,120,098,083,079,084,096
