HD06,95/01/01,094,127,162,198,232,251,256,241,214,185,166,168,184,208,233,253,264,259,235,195,141,096,060,051
HD06,95/01/02,058,084,118,162,200,234,250,244,218,188,162,150,153,171,196,223,246,256,247,216,173,123,081,055
HD06,95/01/03,051,069,101,143,182,222,247,256,242,214,180,158,149,158,182,215,241,260,260,245,211,174,128,093
HD06,95/01/04,069,074,099,137,178,216,245,268,269,253,219,185,166,166,180,204,232,256,274,272,243,208,166,129
HD06,95/01/05,102,095,102,126,163,200,233,255,261,252,225,197,171,163,168,186,209,232,246,249,242,223,192,154
HD06,95/01/06,119,097,098,121,154,187,214,236,250,251,238,214,181,155,144,143,157,186,215,228,224,207,188,163
HD06,95/01/07,140,117,107,112,136,164,194,220,233,238,226,210,185,161,144,141,152,173,194,204,206,200,194,181
HD06,95/01/08,163,141,124,122,132,157,183,206,220,226,219,210,191,173,152,139,136,145,161,178,188,190,190,185
HD06,95/01/09,177,165,154,147,149,159,178,198,215,226,228,221,211,199,184,174,164,162,166,172,180,192,204,208
HD06,95/01/10,206,200,192,185,180,176,182,196,214,225,228,224,217,203,189,171,158,142,130,129,136,149,163,176
HD06,95/01/11,185,187,185,183,181,179,176,181,191,204,217,220,219,209,202,191,177,159,136,121,118,131,149,169
HD06,95/01/12,180,189,195,202,203,197,187,179,181,190,205,216,219,218,213,208,198,178,148,122,108,110,130,155
HD06,95/01/13,175,190,202,212,217,215,203,191,182,183,192,206,219,227,231,229,218,198,167,134,104,088,091,117
HD06,95/01/14,145,176,196,210,216,217,209,197,182,173,173,185,203,221,235,237,231,212,185,150,113,090,084,097
HD06,95/01/15,122,152,181,208,223,229,221,205,187,170,166,170,186,202,221,233,236,224,196,159,118,086,069,073
HD06,95/01/16,093,124,159,195,220,235,231,218,195,173,156,152,164,187,213,233,244,238,215,183,141,101,069,058
HD06,95/01/17,068,099,138,181,214,234,236,225,206,182,160,147,148,167,196,227,247,252,236,206,166,125,089,064
HD06,95/01/18,062,082,123,167,207,232,241,235,219,195,170,149,140,149,177,216,246,264,257,236,203,168,134,097
HD06,95/01/19,069,068,096,146,196,232,246,245,225,199,172,148,136,136,154,181,215,240,251,240,210,175,136,101
HD06,95/01/20,074,069,088,125,167,206,232,242,238,220,194,163,138,126,136,165,199,230,244,240,220,196,166,133
HD06,95/01/21,100,080,081,109,147,190,223,238,236,221,198,171,143,125,120,137,169,201,224,230,221,205,185,158
HD06,95/01/22,133,104,093,105,137,175,213,235,241,232,216,188,163,138,127,128,151,178,206,223,227,219,209,191
HD06,95/01/23,169,148,132,131,145,175,206,237,251,252,236,215,191,166,149,139,142,160,180,200,213,216,213,201
HD06,95/01/24,188,171,158,148,153,169,188,217,236,248,243,223,199,174,157,142,132,129,136,149,167,184,195,195
HD06,95/01/25,189,177,165,160,157,159,166,184,204,226,232,226,206,186,168,154,139,127,121,120,130,146,169,182
HD06,95/01/26,191,189,188,184,181,178,176,182,192,211,223,230,224,212,197,182,164,146,126,111,110,124,147,167
HD06,95/01/27,184,195,204,208,207,199,188,179,181,188,205,215,223,221,212,200,182,159,133,109,089,090,105,132
HD06,95/01/28,158,187,206,224,226,219,205,191,179,176,183,197,214,226,232,227,214,191,158,122,090,075,077,100
HD06,95/01/29,130,164,194,222,237,239,228,210,190,172,167,176,198,223,242,250,246,229,200,162,118,086,071,077
HD06,95/01/30,103,142,180,218,243,253,246,227,201,177,158,153,167,193,225,249,257,248,220,180,136,094,067,060
HD06,95/01/31,076,106,147,188,226,248,256,241,215,187,162,148,151,171,204,237,260,267,249,216,173,132,095,071
HD06,95/02/01,069,089,126,170,213,244,260,253,232,198,165,138,131,143,172,211,241,260,260,238,201,156,113,083
HD06,95/02/02,070,077,107,146,188,223,246,250,238,206,170,139,119,121,141,176,213,243,256,249,221,183,142,107
HD06,95/02/03,084,082,101,136,175,210,238,250,247,224,188,151,123,114,124,155,191,225,244,247,229,202,167,134
HD06,95/02/04,107,096,101,127,165,199,228,239,241,224,199,167,138,115,112,129,162,199,223,233,224,208,185,162
HD06,95/02/05,138,119,114,129,158,194,226,243,245,233,213,183,158,136,126,129,147,175,204,222,228,216,199,176
HD06,95/02/06,159,146,143,146,162,184,211,234,248,244,227,198,172,150,139,133,139,157,179,200,213,214,201,187
HD06,95/02/07,172,161,157,158,167,181,202,223,238,238,227,205,185,165,149,137,133,140,151,168,181,189,188,185
HD06,95/02/08,176,170,165,162,164,171,186,204,219,226,224,208,193,177,167,153,144,136,136,144,160,172,182,185
HD06,95/02/09,184,183,181,180,181,182,184,197,207,218,220,215,205,195,183,170,158,146,136,134,142,155,169,178
HD06,95/02/10,185,191,194,192,190,185,184,185,191,197,201,206,204,201,192,182,164,146,128,115,108,113,126,145
HD06,95/02/11,164,181,192,198,196,191,184,178,176,178,184,190,200,206,206,201,187,167,143,119,100,097,109,129
HD06,95/02/12,154,175,194,209,214,208,198,184,173,167,170,181,197,208,217,218,210,193,167,135,108,092,092,107
HD06,95/02/13,137,167,200,224,236,233,219,200,183,173,169,173,187,206,225,242,241,227,196,160,122,095,082,092
HD06,95/02/14,118,153,189,221,239,243,232,212,188,165,150,149,164,189,218,241,250,245,220,184,140,104,079,075
HD06,95/02/15,089,123,163,205,233,247,242,221,193,165,142,134,142,167,198,231,251,259,244,211,167,125,090,073
HD06,95/02/16,078,105,144,188,227,250,253,238,208,177,147,128,126,143,174,212,247,264,257,231,192,147,108,078
HD06,95/02/17,069,085,119,164,207,239,251,244,219,184,149,121,110,116,145,181,219,247,256,242,211,171,130,097
HD06,95/02/18,077,079,105,147,191,232,251,254,231,199,162,130,110,106,122,152,192,227,250,250,228,194,159,125
HD06,95/02/19,102,093,102,130,168,208,241,254,242,215,177,147,122,110,110,131,164,203,236,247,241,221,190,163
HD06,95/02/20,138,123,119,135,162,201,232,252,252,233,202,167,137,116,109,118,142,173,202,223,229,224,207,185
HD06,95/02/21,163,143,138,144,165,193,222,244,251,245,223,194,163,135,120,116,126,148,173,193,205,210,208,198
HD06,95/02/22,184,169,157,154,161,177,199,221,236,237,224,201,173,150,130,118,115,119,135,152,170,186,196,195
HD06,95/02/23,190,181,173,167,169,173,182,201,216,227,222,212,193,176,155,139,123,117,119,130,146,163,178,191
HD06,95/02/24,199,202,199,196,192,187,188,195,206,216,220,219,212,202,189,171,152,133,121,114,117,128,147,169
HD06,95/02/25,189,204,212,208,203,198,191,188,188,190,196,208,214,220,213,200,178,154,132,115,106,111,121,144
HD06,95/02/26,168,198,219,232,233,221,207,191,183,180,186,199,216,227,236,233,219,196,168,139,113,102,105,123
HD06,95/02/27,150,186,215,240,247,242,226,208,186,170,165,173,195,221,243,250,244,224,194,158,122,093,083,091
HD06,95/02/28,119,156,192,222,239,243,232,211,179,155,136,140,160,190,221,242,251,239,219,181,145,108,090,083
HD06,95/03/01,105,136,177,211,244,254,248,230,201,169,142,130,136,164,205,241,263,265,245,216,176,141,106,087
HD06,95/03/02,091,117,159,197,232,248,250,233,203,166,131,111,112,134,170,210,241,258,253,231,197,155,119,091
HD06,95/03/03,085,100,133,179,217,245,253,243,215,177,140,110,100,111,144,181,222,250,261,249,221,182,146,114
HD06,95/03/04,101,108,133,172,210,243,260,260,239,204,161,127,106,104,126,159,199,232,249,251,232,204,171,142
HD06,95/03/05,119,113,126,160,197,232,253,255,241,208,172,135,112,100,111,135,170,204,231,243,236,212,183,156
HD06,95/03/06,137,131,136,154,182,212,235,249,240,219,182,145,116,101,103,117,142,172,200,218,220,210,187,162
HD06,95/03/07,140,129,129,143,165,191,214,228,232,219,195,162,132,109,100,106,126,151,177,197,207,209,196,181
HD06,95/03/08,159,147,140,150,165,189,207,221,228,221,207,181,156,134,121,116,122,136,159,178,191,194,188,179
HD06,95/03/09,168,161,160,160,162,171,186,204,214,214,204,187,168,149,135,122,121,126,136,151,163,177,187,188
HD06,95/03/10,186,177,173,170,175,180,192,199,206,208,205,200,187,174,161,148,137,135,139,149,159,172,184,199
HD06,95/03/11,208,214,213,208,202,202,204,208,214,217,218,217,213,208,196,182,168,153,143,139,137,147,159,178
HD06,95/03/12,192,206,211,210,206,198,192,185,185,187,192,197,207,213,212,202,188,168,150,135,129,135,147,167
HD06,95/03/13,187,208,223,229,224,212,198,187,180,178,179,189,200,216,224,226,213,189,158,131,113,108,115,132
HD06,95/03/14,157,184,209,224,226,216,198,176,158,147,144,155,172,194,212,223,218,201,171,138,107,086,084,097
HD06,95/03/15,126,161,192,213,223,218,200,177,151,131,121,125,145,173,202,223,231,222,197,162,122,092,074,078
HD06,95/03/16,100,135,173,206,226,230,213,186,153,124,105,102,117,148,183,216,237,242,229,194,153,111,086,077
HD06,95/03/17,093,124,163,201,233,246,238,213,178,141,112,098,106,134,176,217,250,266,265,243,200,151,112,093
HD06,95/03/18,099,122,154,188,222,239,241,226,188,148,104,078,071,088,125,171,208,240,250,241,211,174,131,101
HD06,95/03/19,089,098,130,170,211,240,251,240,211,169,126,090,073,079,104,143,184,224,249,253,237,204,166,130
HD06,95/03/20,108,106,124,155,191,224,241,244,224,188,145,105,076,068,078,110,148,188,220,236,232,214,184,156
HD06,95/03/21,131,120,124,148,177,211,234,242,232,205,168,130,097,080,079,094,123,157,190,214,225,221,206,183
HD06,95/03/22,162,142,137,147,169,195,219,235,234,220,191,157,122,097,084,085,099,124,152,175,194,203,200,188
HD06,95/03/23,173,156,149,150,160,176,194,210,218,212,196,171,144,118,099,088,090,102,122,144,164,180,190,190
HD06,95/03/24,187,180,174,170,168,174,181,199,209,215,207,195,176,160,140,126,114,112,117,133,147,164,178,190
HD06,95/03/25,201,205,205,197,190,181,185,190,198,203,203,196,190,182,169,149,128,115,108,110,118,131,147,166
HD06,95/03/26,188,203,211,208,200,186,176,171,172,179,183,191,195,202,202,191,173,148,125,111,110,119,133,150
HD06,95/03/27,172,193,214,221,218,203,183,164,155,155,163,178,194,211,216,217,201,183,157,135,117,112,118,138
HD06,95/03/28,163,190,215,231,231,220,195,172,147,131,126,139,166,196,217,223,212,192,168,141,115,095,092,102
HD06,95/03/29,130,162,195,217,227,220,197,169,138,113,104,111,135,166,196,220,228,221,197,165,131,106,093,098
HD06,95/03/30,120,147,183,211,229,229,212,182,148,117,096,093,109,143,179,216,237,240,224,199,165,136,113,105
HD06,95/03/31,118,146,189,228,252,255,238,210,175,142,113,097,103,130,168,212,242,255,248,224,193,160,133,117
HD06,95/04/01,118,138,171,210,239,253,247,225,191,152,115,092,086,106,141,185,222,245,249,237,202,167,131,112
HD06,95/04/02,108,123,148,178,211,231,237,223,193,152,112,082,069,078,107,144,189,225,245,246,233,200,170,137
HD06,95/04/03,123,124,142,168,200,223,235,229,207,170,129,096,074,073,088,119,154,189,217,226,218,194,165,141
HD06,95/04/04,125,124,136,159,184,209,224,227,211,182,144,109,085,077,085,106,137,173,202,221,220,205,182,157
HD06,95/04/05,141,133,139,153,174,197,213,221,214,191,161,128,102,086,083,094,117,147,178,200,209,204,190,169
HD06,95/04/06,154,144,147,155,171,188,203,214,215,203,179,151,126,110,100,100,111,136,162,186,200,203,200,189
HD06,95/04/07,178,168,163,166,179,192,207,217,224,217,203,179,158,138,126,120,122,135,152,172,186,197,198,194
HD06,95/04/08,186,177,171,169,171,177,182,191,196,198,192,181,166,152,136,126,118,121,128,142,160,175,189,195
HD06,95/04/09,194,189,186,185,182,180,180,183,188,192,197,196,195,191,178,162,145,135,139,148,158,172,184,197
HD06,95/04/10,208,217,219,217,202,191,179,177,178,182,186,193,199,200,196,181,166,145,134,128,132,139,156,174
HD06,95/04/11,193,207,212,210,197,183,170,157,151,152,159,170,188,202,207,202,188,168,145,131,121,125,139,164
HD06,95/04/12,190,214,228,232,225,212,194,174,163,160,166,186,208,224,235,238,234,220,192,165,135,122,127,151
HD06,95/04/13,179,209,227,235,231,217,193,167,139,120,115,125,154,187,218,236,237,224,197,168,140,115,108,119
HD06,95/04/14,147,183,216,239,245,233,205,173,140,115,099,105,129,165,205,237,256,257,240,208,172,138,121,123
HD06,95/04/15,147,181,218,247,261,259,239,205,165,126,096,089,103,135,177,218,249,265,260,235,197,159,131,118
HD06,95/04/16,128,154,192,226,252,260,250,221,178,133,093,075,079,106,145,187,227,257,270,262,233,197,160,138
HD06,95/04/17,132,149,180,219,250,268,267,242,206,157,116,081,072,082,114,153,197,238,264,270,252,221,186,158
HD06,95/04/18,142,146,164,198,229,254,260,251,220,181,135,097,072,068,085,120,163,205,237,255,258,244,220,191
HD06,95/04/19,169,161,173,194,228,260,274,276,261,230,193,158,131,114,114,135,163,199,227,252,262,259,240,218
HD06,95/04/20,190,173,168,173,191,214,233,244,238,219,188,153,122,098,085,088,109,136,169,195,214,221,218,208
HD06,95/04/21,193,177,169,168,177,193,211,223,227,220,201,176,150,130,111,107,108,126,147,171,191,205,212,216
HD06,95/04/22,210,201,193,186,182,188,201,217,230,230,218,202,186,173,157,140,126,124,133,156,181,204,217,224
HD06,95/04/23,228,230,231,228,219,213,210,217,235,247,254,249,243,232,222,207,188,168,157,158,168,183,200,214
HD06,95/04/24,224,228,223,211,195,180,167,162,163,172,180,192,196,201,193,182,164,148,132,127,131,141,163,182
HD06,95/04/25,201,212,222,220,212,193,173,153,146,149,161,181,197,212,215,214,202,185,165,147,141,144,163,181
HD06,95/04/26,203,220,238,244,239,216,190,162,149,143,152,168,193,217,236,244,236,220,194,168,144,133,137,158
HD06,95/04/27,184,208,227,234,231,215,190,155,128,108,106,120,147,180,208,224,229,219,201,174,152,133,129,139
HD06,95/04/28,160,187,214,231,236,223,197,164,129,103,088,095,119,156,193,221,236,235,221,201,172,151,135,136
HD06,95/04/29,150,179,210,234,244,238,215,185,148,114,086,083,099,136,175,212,235,245,238,220,196,170,150,141
HD06,95/04/30,147,171,203,234,251,256,239,212,173,135,102,084,088,115,154,197,230,249,250,237,216,189,165,150
HD06,95/05/01,146,162,192,223,245,251,242,217,186,148,110,082,074,091,126,167,205,231,242,240,225,202,177,157
HD06,95/05/02,148,154,180,210,239,255,253,234,207,170,135,106,090,094,119,158,200,233,252,256,244,226,201,180
HD06,95/05/03,164,163,176,203,231,250,259,248,225,190,158,123,104,098,106,137,175,213,240,251,245,230,207,190
HD06,95/05/04,174,168,170,187,211,233,247,242,227,197,168,134,111,092,093,110,142,177,211,229,235,228,212,197
HD06,95/05/05,184,175,174,183,198,220,237,246,238,219,186,157,132,113,106,111,128,155,183,209,224,225,217,199
HD06,95/05/06,184,172,168,169,178,192,207,220,223,214,194,168,146,125,115,113,124,142,166,190,210,220,220,211
HD06,95/05/07,198,186,179,174,174,178,187,199,207,206,195,176,158,140,127,118,115,119,137,159,182,200,207,207
HD06,95/05/08,197,190,180,173,167,165,169,177,187,192,192,187,177,167,152,141,130,128,134,148,166,185,200,209
HD06,95/05/09,211,206,198,186,175,166,160,161,167,177,183,189,190,189,181,169,153,136,131,137,152,173,190,207
HD06,95/05/10,213,218,215,204,189,170,157,147,147,155,167,182,195,202,203,195,181,163,144,135,136,148,170,193
HD06,95/05/11,211,220,221,213,202,178,158,135,125,124,137,161,184,205,214,217,205,187,163,142,131,133,150,174
HD06,95/05/12,202,220,230,227,215,192,162,133,110,099,106,127,158,190,215,229,231,217,192,164,142,129,136,154
HD06,95/05/13,185,214,242,249,241,214,183,150,118,099,090,102,132,173,210,240,254,249,229,201,171,148,139,148
HD06,95/05/14,172,205,234,256,256,240,206,169,128,095,077,077,100,140,186,227,257,266,258,238,211,184,162,156
HD06,95/05/15,167,195,226,257,272,268,246,208,163,119,085,069,079,110,157,202,243,269,277,267,242,210,181,165
HD06,95/05/16,164,183,215,246,269,274,262,235,198,152,107,073,066,083,120,167,209,247,268,270,261,236,212,187
HD06,95/05/17,174,176,195,225,255,271,270,247,216,178,137,099,075,070,093,131,174,210,241,256,254,242,217,191
HD06,95/05/18,169,159,168,190,219,243,251,243,222,193,154,116,083,066,069,092,131,169,201,225,236,235,222,201
HD06,95/05/19,176,158,155,167,188,215,232,238,229,206,176,141,112,088,080,089,114,144,175,201,220,229,226,212
HD06,95/05/20,193,173,163,162,172,189,208,224,229,219,199,176,150,129,113,108,116,138,164,191,211,223,233,227
HD06,95/05/21,219,202,187,174,175,184,200,214,225,226,220,206,191,172,158,143,141,147,166,188,209,224,236,239
HD06,95/05/22,239,230,218,203,191,183,187,197,213,224,229,230,222,214,199,183,170,162,168,177,195,207,217,226
HD06,95/05/23,234,232,222,204,183,167,158,160,166,180,190,201,207,205,202,190,176,164,157,163,176,189,203,217
HD06,95/05/24,225,232,225,216,194,171,153,143,144,154,169,185,202,215,220,216,204,187,175,168,169,179,194,213
HD06,95/05/25,227,239,241,233,217,195,169,151,136,137,150,170,193,216,230,236,229,216,201,186,178,178,187,201
HD06,95/05/26,220,238,250,246,233,209,182,154,132,121,127,146,175,205,229,242,246,239,222,201,181,172,177,189
HD06,95/05/27,211,226,240,243,240,220,194,157,127,102,097,114,141,174,203,227,240,241,228,207,183,168,160,168
HD06,95/05/28,184,206,224,238,238,226,202,168,133,100,084,086,111,145,182,209,231,240,238,220,197,171,159,160
HD06,95/05/29,174,197,217,239,246,240,220,192,153,117,091,083,098,129,166,200,232,248,255,242,223,195,177,167
HD06,95/05/30,175,192,217,240,252,255,241,216,178,139,104,086,089,110,147,185,220,243,255,249,233,209,186,172
HD06,95/05/31,169,179,203,230,251,258,251,228,197,158,124,095,085,097,126,165,203,232,250,250,240,215,192,172
HD06,95/06/01,162,164,182,206,230,243,246,230,206,171,134,101,083,084,105,140,177,212,232,243,239,223,202,181
HD06,95/06/02,167,162,172,190,214,230,240,235,219,190,156,123,097,090,100,127,159,195,220,239,242,235,216,197
HD06,95/06/03,176,167,167,182,202,221,235,237,228,206,179,148,124,107,105,119,144,175,207,228,241,239,229,214
HD06,95/06/04,193,185,184,188,197,209,228,245,253,240,218,186,163,144,138,134,146,168,196,226,247,252,244,229
HD06,95/06/05,213,198,187,187,189,201,212,228,233,232,216,195,176,157,145,140,141,157,176,204,226,240,242,234
HD06,95/06/06,217,199,183,177,171,176,185,198,206,213,210,201,188,171,155,141,136,142,157,175,196,215,228,231
HD06,95/06/07,223,205,188,172,163,157,157,165,173,184,192,197,194,187,173,160,146,142,144,158,174,195,210,221
HD06,95/06/08,222,212,197,179,164,146,139,135,142,152,170,183,195,196,194,183,169,158,148,150,161,180,200,218
HD06,95/06/09,226,226,218,204,182,160,139,125,121,133,147,169,189,207,218,216,204,188,169,157,155,165,186,210
HD06,95/06/10,228,237,234,222,202,173,146,121,105,104,115,141,170,200,222,235,234,221,198,178,164,162,175,194
HD06,95/06/11,218,233,242,237,223,195,162,128,098,080,080,101,133,170,203,227,239,233,217,192,171,154,151,165
HD06,95/06/12,186,212,231,240,233,212,178,139,099,068,055,064,092,129,171,206,236,248,244,223,197,172,159,158
HD06,95/06/13,176,199,227,247,254,244,216,177,135,094,063,052,064,095,138,180,222,252,260,251,228,199,174,163
HD06,95/06/14,162,183,211,239,258,259,243,213,171,127,086,060,057,075,112,157,199,236,257,263,250,224,195,174
HD06,95/06/15,164,172,192,224,250,264,262,242,208,166,122,083,064,068,095,134,176,216,245,260,261,242,219,192
HD06,95/06/16,174,168,180,203,233,258,267,259,235,199,159,119,089,077,087,115,149,189,220,247,255,248,227,205
HD06,95/06/17,180,166,160,175,200,227,247,252,239,214,183,149,120,096,093,105,135,169,204,230,244,243,233,214
HD06,95/06/18,194,174,162,161,174,197,221,237,238,224,203,176,153,133,120,118,131,157,189,215,234,244,243,231
HD06,95/06/19,211,192,175,167,169,183,202,220,229,231,221,204,185,168,150,140,140,158,181,208,225,238,239,237
HD06,95/06/20,225,208,190,172,164,160,173,190,210,218,218,210,199,190,178,169,161,163,171,190,211,232,239,240
HD06,95/06/21,226,213,198,182,167,154,152,157,174,189,202,206,204,198,191,179,174,169,171,182,198,215,229,234
HD06,95/06/22,231,222,209,197,178,159,141,139,145,163,178,192,197,204,204,201,193,187,177,178,186,200,214,227
HD06,95/06/23,232,231,223,211,193,171,149,135,130,140,156,176,193,208,216,219,214,207,195,189,188,193,205,221
HD06,95/06/24,232,237,238,227,211,187,163,138,124,122,136,156,182,203,221,230,230,226,212,199,188,185,192,207
HD06,95/06/25,223,235,241,238,226,204,178,149,124,109,109,127,157,189,215,233,242,239,226,213,196,190,189,201
HD06,95/06/26,214,232,245,255,247,230,201,170,135,113,100,111,136,174,205,230,244,248,239,226,206,189,179,183
HD06,95/06/27,198,220,238,252,251,240,216,185,150,116,094,092,111,147,187,221,241,252,249,237,220,198,182,176
HD06,95/06/28,183,204,229,251,260,253,234,205,170,133,103,086,092,118,158,198,231,250,253,246,226,205,186,173
HD06,95/06/29,171,185,208,237,254,256,244,217,184,148,112,088,079,096,131,173,213,239,251,246,231,209,187,172
HD06,95/06/30,163,169,186,215,237,251,248,231,201,163,128,096,082,086,114,152,192,225,247,249,241,223,199,179
HD06,95/07/01,163,164,175,201,230,250,256,249,229,196,157,122,108,105,124,150,183,214,244,263,263,246,218,194
HD06,95/07/02,173,165,169,187,208,229,244,246,234,207,175,140,114,099,105,125,157,196,227,249,255,247,227,207
HD06,95/07/03,185,172,169,179,201,224,246,255,254,238,214,184,156,136,125,135,153,188,222,245,260,258,241,218
HD06,95/07/04,194,177,166,166,172,188,207,225,232,228,209,184,162,140,128,123,134,156,187,216,239,244,238,219
HD06,95/07/05,200,178,162,153,154,163,180,199,211,218,214,201,182,165,148,138,141,154,175,202,223,238,242,233
HD06,95/07/06,215,196,174,161,150,151,156,173,189,205,209,211,203,192,178,168,158,160,171,190,209,228,237,239
HD06,95/07/07,228,210,187,167,150,139,135,143,155,173,187,201,205,206,199,188,178,170,169,177,192,212,229,236
HD06,95/07/08,234,225,208,187,164,144,127,125,129,146,163,185,205,220,230,224,210,192,183,180,189,200,216,228
HD06,95/07/09,237,238,230,215,189,160,130,112,104,108,127,153,180,206,225,235,232,221,207,190,181,182,196,217
HD06,95/07/10,234,245,245,235,218,189,158,125,101,089,097,121,153,189,221,244,254,250,233,213,192,179,181,195
HD06,95/07/11,218,237,252,254,242,219,185,146,110,084,072,085,115,154,196,230,255,264,256,233,209,184,168,168
HD06,95/07/12,186,214,241,260,260,244,213,174,132,093,067,061,077,110,152,197,233,257,261,246,221,193,171,161
HD06,95/07/13,168,189,221,250,266,265,243,211,168,124,085,062,063,088,127,171,213,247,265,263,245,216,184,162
HD06,95/07/14,155,169,198,232,262,274,271,247,211,168,126,089,077,088,117,157,200,238,263,273,262,238,208,181
HD06,95/07/15,161,161,179,211,243,265,273,263,238,202,163,126,098,091,108,141,182,220,246,263,262,249,222,195
HD06,95/07/16,167,152,157,179,210,239,260,263,251,225,191,157,129,115,117,138,169,205,236,259,268,262,241,214
HD06,95/07/17,186,166,160,171,196,223,246,261,261,244,220,189,164,143,140,147,171,198,225,246,259,260,247,223
HD06,95/07/18,193,169,154,150,161,182,206,226,237,233,218,196,175,156,143,142,154,179,204,228,245,251,243,228
HD06,95/07/19,206,184,163,152,150,159,179,196,214,221,217,203,191,177,168,165,168,178,196,217,233,245,244,235
HD06,95/07/20,219,199,181,161,152,148,159,175,194,210,216,214,205,199,192,188,185,188,195,213,228,242,247,244
HD06,95/07/21,234,218,203,185,171,159,154,158,173,184,192,196,202,205,207,200,193,186,187,195,207,222,229,232
HD06,95/07/22,227,220,210,194,175,153,141,135,140,151,169,184,201,208,212,212,208,200,195,192,195,201,213,224
HD06,95/07/23,228,227,220,207,188,169,145,126,117,121,137,160,181,198,210,216,217,211,201,190,186,186,195,207
HD06,95/07/24,220,226,227,219,207,182,159,129,109,101,110,130,157,183,204,220,224,219,209,193,183,174,178,187
HD06,95/07/25,203,217,228,230,222,201,174,141,114,096,094,107,133,164,194,218,229,232,217,201,182,169,165,170
HD06,95/07/26,184,203,223,232,234,217,193,157,125,095,081,085,109,141,176,207,228,235,228,213,191,172,159,160
HD06,95/07/27,170,193,214,236,241,235,213,181,144,110,084,077,091,121,160,197,227,242,242,230,206,181,162,152
HD06,95/07/28,159,177,206,232,250,250,238,208,171,133,099,081,083,107,145,186,223,246,254,242,221,192,170,153
HD06,95/07/29,152,162,188,217,246,256,254,230,197,156,121,094,086,097,130,171,210,243,261,258,240,214,185,163
HD06,95/07/30,151,154,175,206,237,256,261,251,225,192,153,120,098,097,119,154,196,231,255,258,248,222,195,167
HD06,95/07/31,148,142,154,179,209,237,253,255,237,206,167,130,105,098,110,138,174,209,239,258,257,236,202,170
HD06,95/08/01,146,132,139,158,186,213,236,246,242,219,190,156,128,112,111,130,161,195,228,247,254,245,221,192
HD06,95/08/02,160,141,131,140,160,189,214,232,238,230,209,183,158,138,129,136,156,184,213,236,248,246,236,208
HD06,95/08/03,179,151,137,135,147,163,185,204,221,225,219,201,181,161,149,147,155,176,199,224,241,246,238,219
HD06,95/08/04,194,170,148,134,130,137,153,174,193,207,211,207,198,185,173,166,164,171,184,203,222,235,237,226
HD06,95/08/05,207,184,164,146,131,126,127,139,157,177,191,200,202,201,195,188,182,178,180,187,203,218,229,227
HD06,95/08/06,219,203,185,166,147,126,117,114,125,145,164,181,196,207,212,214,206,197,187,184,190,200,213,221
HD06,95/08/07,222,218,210,194,171,144,117,101,099,111,127,150,172,199,219,231,231,219,202,186,180,183,197,212
HD06,95/08/08,227,232,233,225,207,179,147,115,094,089,101,122,150,181,212,235,246,241,223,200,181,172,176,193
HD06,95/08/09,210,227,238,243,234,214,178,140,102,081,077,092,118,152,188,224,250,259,248,222,191,170,159,167
HD06,95/08/10,183,209,233,251,257,244,217,177,137,099,075,072,091,125,168,208,242,258,254,232,202,172,154,145
HD06,95/08/11,155,176,207,239,259,262,242,208,168,125,090,070,074,101,139,185,223,253,263,253,224,190,157,136
HD06,95/08/12,132,150,179,216,247,263,260,239,204,161,120,089,080,093,122,161,202,236,259,262,242,208,172,143
HD06,95/08/13,128,133,153,186,220,250,262,256,234,195,151,116,094,093,113,146,186,222,249,256,246,220,189,155
HD06,95/08/14,130,118,127,151,187,223,247,251,238,209,175,142,117,105,111,135,170,206,235,251,247,227,198,166
HD06,95/08/15,135,117,115,132,161,193,221,235,236,220,194,164,138,121,121,136,169,198,228,243,247,236,215,184
HD06,95/08/16,154,128,118,124,144,173,199,219,226,220,204,182,161,146,142,151,171,196,218,234,234,230,216,197
HD06,95/08/17,172,146,126,121,129,151,174,196,207,212,203,189,174,162,157,159,169,184,202,220,232,234,225,207
HD06,95/08/18,184,162,144,133,131,137,155,173,191,200,202,197,191,181,178,175,179,186,200,214,226,231,230,219
HD06,95/08/19,202,182,165,152,141,137,140,151,166,181,190,195,195,190,187,186,187,190,194,200,210,217,223,219
HD06,95/08/20,210,195,182,167,154,140,132,132,143,158,174,186,193,198,202,204,205,203,201,200,203,211,220,227
HD06,95/08/21,225,219,210,197,182,163,147,138,139,147,162,179,196,209,220,226,225,220,210,201,196,198,202,213
HD06,95/08/22,222,224,225,215,200,178,155,134,124,123,135,153,178,200,219,229,231,221,208,195,184,179,184,199
HD06,95/08/23,213,226,228,229,218,201,174,146,120,110,111,130,156,185,210,228,238,235,224,205,186,173,171,182
HD06,95/08/24,198,219,233,240,239,222,197,164,135,111,102,109,133,166,202,232,248,249,235,215,192,174,166,166
HD06,95/08/25,178,200,227,249,255,246,219,186,152,121,102,098,116,146,188,224,251,257,249,227,201,175,157,151
HD06,95/08/26,161,184,215,244,261,260,242,210,173,134,107,094,103,130,170,210,243,263,262,243,211,180,154,142
HD06,95/08/27,146,165,197,231,259,270,264,240,206,167,132,110,108,127,161,204,241,269,274,262,234,202,172,153
HD06,95/08/28,147,156,181,213,247,273,280,265,234,193,154,123,109,119,143,181,217,249,263,257,231,197,161,133
HD06,95/08/29,116,116,137,168,202,231,250,252,235,203,162,127,106,106,124,158,193,229,249,256,243,215,180,143
HD06,95/08/30,119,109,123,148,182,212,237,248,246,226,198,163,138,127,135,159,188,223,246,262,256,237,203,170
HD06,95/08/31,140,125,124,139,165,197,225,246,254,246,227,199,177,159,156,166,186,216,241,260,260,248,221,191
HD06,95/09/01,157,135,121,123,138,160,186,209,226,228,220,199,182,165,158,161,173,195,215,231,241,238,222,196
HD06,95/09/02,166,140,122,115,119,132,148,169,189,205,211,208,201,190,181,181,184,196,211,229,237,243,236,224
HD06,95/09/03,203,183,163,147,139,140,147,160,176,194,208,217,221,219,215,211,209,208,210,215,221,233,241,238
HD06,95/09/04,224,204,187,169,156,141,135,131,143,156,176,195,213,221,223,220,214,209,202,199,202,211,224,231
HD06,95/09/05,232,226,216,198,180,157,141,128,129,132,148,166,194,217,234,241,234,221,203,191,182,189,201,210
HD06,95/09/06,220,227,231,223,210,182,153,124,112,109,124,140,168,196,225,245,252,241,220,197,178,173,178,192
HD06,95/09/07,209,229,244,249,242,223,189,157,125,105,101,116,143,179,213,243,258,254,238,209,179,159,151,159
HD06,95/09/08,177,205,231,250,254,241,213,177,139,109,092,093,112,146,187,224,249,254,243,215,183,153,136,130
HD06,95/09/09,146,173,210,240,259,257,237,205,168,133,105,094,102,133,172,216,246,263,257,235,204,168,141,124
HD06,95/09/10,126,150,188,228,259,271,261,236,203,165,130,109,104,125,161,205,241,263,265,250,219,185,151,127
HD06,95/09/11,116,128,162,204,246,273,277,263,231,195,160,134,124,133,158,195,234,263,272,258,230,191,155,124
HD06,95/09/12,108,108,130,162,203,233,252,248,230,197,164,135,120,122,142,174,209,239,254,253,234,205,169,137
HD06,95/09/13,112,105,114,142,174,210,235,247,240,218,188,161,145,139,147,169,196,228,248,254,241,218,189,159
HD06,95/09/14,135,114,112,127,156,191,222,237,240,228,209,189,170,161,158,170,190,217,238,251,247,233,205,179
HD06,95/09/15,149,130,121,127,143,167,194,218,229,228,215,198,183,171,171,177,191,205,222,235,241,232,219,194
HD06,95/09/16,172,149,138,133,140,156,176,199,212,220,217,210,198,194,190,192,197,204,215,221,226,224,219,203
HD06,95/09/17,189,167,152,141,137,141,149,167,179,187,191,193,196,208,217,224,221,218,219,226,239,248,249,239
HD06,95/09/18,228,210,198,185,172,162,158,161,176,190,207,216,223,226,226,225,223,217,213,211,214,220,227,228
HD06,95/09/19,221,210,200,190,177,163,151,144,148,158,177,193,208,219,223,223,218,210,201,193,189,194,199,208
HD06,95/09/20,213,215,214,209,194,175,152,136,128,133,149,168,188,207,223,232,234,224,210,191,179,176,186,200
HD06,95/09/21,214,225,232,232,225,207,179,151,128,121,131,153,182,208,229,245,246,238,218,195,171,159,159,169
HD06,95/09/22,190,211,228,238,238,222,196,161,133,113,112,127,155,188,216,239,248,244,223,193,163,143,136,144
HD06,95/09/23,166,193,218,236,241,233,210,182,145,119,102,108,131,169,206,235,248,246,228,199,167,140,124,123
HD06,95/09/24,140,169,204,235,253,251,233,203,170,134,112,107,121,153,195,232,256,263,254,227,197,162,136,121
HD06,95/09/25,127,152,191,231,260,269,257,233,198,162,128,110,112,139,178,221,252,265,254,228,193,156,127,106
HD06,95/09/26,100,115,149,194,238,262,263,242,210,175,143,120,112,122,152,194,235,258,260,238,201,163,124,103
HD06,95/09/27,093,100,122,163,206,244,261,256,233,201,168,142,130,134,154,186,226,258,270,261,232,197,157,126
HD06,95/09/28,106,099,113,141,179,217,243,254,243,222,190,162,141,138,147,172,202,235,252,251,231,198,161,124
HD06,95/09/29,098,087,092,113,143,177,207,228,233,224,204,180,159,148,148,162,185,213,235,244,237,214,183,147
HD06,95/09/30,117,095,091,098,119,143,172,196,215,217,209,193,176,163,157,161,174,195,214,226,225,215,195,168
HD06,95/10/01,142,116,105,097,106,117,141,162,186,199,208,204,196,184,178,174,177,186,199,211,222,223,214,200
HD06,95/10/02,179,159,140,128,119,123,133,154,169,190,205,217,220,227,225,220,210,204,202,208,214,221,223,220
HD06,95/10/03,207,195,178,163,146,133,126,129,141,159,179,199,211,221,223,221,213,202,189,183,184,195,205,213
HD06,95/10/04,214,210,204,192,176,157,138,125,127,139,162,184,207,224,237,239,235,220,200,181,170,173,185,203
HD06,95/10/05,217,225,224,218,206,184,161,138,124,124,138,161,189,215,235,242,240,226,203,180,159,153,157,175
HD06,95/10/06,198,221,236,240,228,203,171,142,121,115,117,132,155,186,217,237,242,231,203,172,143,127,126,139
HD06,95/10/07,164,193,221,238,242,227,202,168,140,116,110,118,141,175,205,232,246,244,221,187,149,121,107,112
HD06,95/10/08,132,166,201,230,244,242,225,200,168,137,121,118,133,160,199,229,253,253,241,208,171,134,109,103
HD06,95/10/09,114,143,183,221,250,263,255,235,201,169,144,129,137,157,194,225,253,264,257,231,190,150,115,100
HD06,95/10/10,100,123,157,199,235,256,261,247,221,186,155,136,133,149,176,206,235,252,253,233,200,160,123,094
HD06,95/10/11,088,100,131,171,209,240,256,254,234,204,174,150,141,148,166,196,224,249,258,247,222,185,145,114
HD06,95/10/12,095,097,117,152,190,220,243,249,245,225,201,173,156,155,168,191,221,243,254,251,232,205,169,133
HD06,95/10/13,108,100,109,136,168,201,225,243,245,235,215,194,173,167,168,186,209,234,247,249,236,213,185,157
HD06,95/10/14,133,119,116,127,148,178,209,232,240,234,220,200,185,175,175,182,196,216,230,238,231,215,192,168
HD06,95/10/15,146,127,121,123,137,158,184,207,223,225,221,210,198,187,181,179,188,202,217,228,229,222,204,187
HD06,95/10/16,168,153,140,134,137,148,166,188,206,217,217,212,207,200,197,196,198,204,210,215,221,223,217,207
HD06,95/10/17,192,175,165,155,152,149,156,167,185,199,210,211,211,209,207,205,199,196,192,193,194,201,205,204
HD06,95/10/18,197,186,173,162,154,145,143,145,157,171,188,202,210,215,213,209,204,195,186,179,177,184,192,200
HD06,95/10/19,204,202,196,189,177,166,153,149,151,160,178,198,215,227,231,228,221,208,190,174,167,166,180,195
HD06,95/10/20,209,216,218,212,202,186,166,146,134,135,154,180,205,223,232,234,224,211,192,172,154,150,156,175
HD06,95/10/21,198,218,228,231,226,208,185,157,138,130,139,161,188,217,236,247,243,230,201,172,145,132,131,148
HD06,95/10/22,173,202,225,240,242,229,206,175,150,131,127,142,166,200,228,245,246,233,209,176,142,120,109,117
HD06,95/10/23,143,176,213,241,255,253,232,203,170,142,128,130,153,187,224,249,259,251,225,189,149,116,095,092
HD06,95/10/24,111,147,189,229,256,264,255,228,192,162,139,133,145,174,210,246,269,272,253,216,172,130,100,093
HD06,95/10/25,105,134,178,224,263,285,293,277,243,203,166,143,141,163,199,240,269,281,265,233,192,147,106,081
HD06,95/10/26,076,095,130,176,219,253,270,266,246,213,180,152,138,147,173,210,244,267,269,249,213,169,124,089
HD06,95/10/27,072,077,101,140,180,218,245,257,249,226,197,166,148,145,162,188,220,244,254,244,219,185,144,106
HD06,95/10/28,078,067,076,106,140,177,208,233,242,240,219,192,167,156,158,172,198,224,240,242,231,208,177,147
HD06,95/10/29,117,096,088,102,124,154,183,208,225,233,230,217,197,182,172,175,187,209,227,237,236,223,204,180
HD06,95/10/30,154,128,113,112,123,141,163,188,211,230,236,232,220,208,199,197,197,204,211,221,228,227,218,203
HD06,95/10/31,183,163,145,136,132,135,148,168,187,209,224,233,230,224,212,207,202,201,200,203,210,221,225,226
HD06,95/11/01,215,200,181,169,160,158,159,166,181,201,227,245,254,250,241,228,214,199,187,178,173,182,193,206
HD06,95/11/02,210,204,193,179,164,150,142,142,151,164,182,201,221,233,236,226,211,193,171,160,156,164,175,192
HD06,95/11/03,205,219,220,216,199,181,161,150,150,158,174,190,210,229,242,243,230,207,176,153,137,140,151,171
HD06,95/11/04,192,211,224,230,220,202,177,155,140,138,149,168,191,214,232,240,232,211,178,144,116,105,112,130
HD06,95/11/05,158,183,208,225,230,216,192,166,142,131,134,151,174,201,224,239,239,224,192,155,120,095,091,105
HD06,95/11/06,134,167,203,229,243,237,219,194,166,149,140,147,165,193,221,243,250,244,216,179,141,107,092,096
HD06,95/11/07,119,152,188,225,251,263,254,229,199,170,156,153,168,189,222,252,271,274,253,218,175,140,118,119
HD06,95/11/08,143,180,229,263,276,277,277,271,250,218,187,168,174,194,227,254,270,272,256,230,192,151,113,091
HD06,95/11/09,087,112,149,193,229,254,265,259,239,210,183,166,157,170,195,226,250,259,249,226,192,154,115,086
HD06,95/11/10,074,085,114,155,195,228,244,245,232,211,186,167,160,165,185,213,238,256,259,248,219,182,141,109
HD06,95/11/11,091,098,121,158,190,219,242,260,262,248,216,188,165,163,176,200,218,232,235,232,211,185,155,121
HD06,95/11/12,096,085,093,117,149,183,211,230,232,225,205,185,166,159,162,177,197,214,225,228,220,200,172,145
HD06,95/11/13,119,103,101,113,135,164,191,214,224,223,213,198,181,171,169,175,185,202,211,218,216,204,188,164
HD06,95/11/14,142,124,117,120,136,153,177,199,223,234,236,223,212,199,196,195,199,205,213,222,226,225,219,200
HD06,95/11/15,180,156,146,147,151,159,167,178,197,213,225,224,212,196,183,179,179,182,183,185,188,193,194,191
HD06,95/11/16,179,163,147,137,134,136,145,159,176,193,206,212,211,203,197,187,179,171,167,169,174,183,190,193
HD06,95/11/17,194,189,181,173,159,150,145,150,166,186,203,215,219,221,218,211,198,180,164,153,154,163,177,188
HD06,95/11/18,194,195,191,188,177,162,145,138,142,161,182,200,211,221,222,218,203,182,158,140,132,138,154,175
HD06,95/11/19,193,207,216,219,208,191,169,151,146,152,170,191,212,228,237,236,223,199,168,137,118,115,129,151
HD06,95/11/20,181,207,228,242,238,226,202,179,160,158,169,189,216,238,253,258,251,227,196,155,124,110,113,129
HD06,95/11/21,158,187,221,245,256,252,231,205,173,157,151,164,190,216,243,257,257,237,206,165,125,094,084,090
HD06,95/11/22,121,157,198,235,259,265,256,230,200,172,156,155,171,200,232,260,266,252,225,185,143,104,074,070
HD06,95/11/23,085,122,166,212,251,274,276,263,233,207,180,169,176,195,230,260,283,282,263,227,186,143,109,088
HD06,95/11/24,088,110,146,195,238,274,287,285,261,236,210,188,180,188,210,243,274,288,282,254,216,172,133,100
HD06,95/11/25,084,089,115,158,209,253,282,285,271,243,216,195,186,182,193,214,243,269,277,263,231,190,149,116
HD06,95/11/26,094,084,092,117,156,197,235,258,265,253,234,211,194,182,187,202,229,252,269,268,254,227,192,158
HD06,95/11/27,128,110,106,120,145,179,212,243,259,261,246,225,204,190,186,192,203,219,235,245,246,236,212,181
HD06,95/11/28,150,127,116,118,133,155,180,207,232,250,252,240,221,201,189,187,193,202,214,225,233,235,226,210
HD06,95/11/29,184,161,139,134,135,151,169,192,214,235,245,247,237,223,209,199,193,192,197,204,215,225,232,228
HD06,95/11/30,216,197,179,166,165,170,180,194,212,231,251,260,260,251,238,223,208,198,192,193,203,216,227,232
HD06,95/12/01,231,223,217,209,199,191,186,191,203,222,239,252,260,258,250,236,220,198,180,171,172,186,203,219
HD06,95/12/02,230,234,232,226,215,205,192,187,190,201,220,237,250,253,251,242,225,202,175,152,142,149,165,188
HD06,95/12/03,208,224,234,237,231,217,198,186,182,190,201,219,231,247,253,254,238,214,180,151,130,126,139,159
HD06,95/12/04,187,211,231,246,245,236,217,199,186,183,191,204,224,242,257,260,254,234,203,167,135,115,120,140
HD06,95/12/05,171,202,227,248,259,258,243,222,200,189,186,200,216,237,253,265,268,252,223,183,141,112,100,110
HD06,95/12/06,138,172,208,237,257,259,253,233,209,190,178,182,195,219,245,264,267,256,228,194,154,119,095,091
HD06,95/12/07,108,143,180,217,244,256,254,239,217,194,174,166,176,196,223,246,259,256,237,207,167,127,096,080
HD06,95/12/08,086,111,151,191,226,247,256,249,231,206,183,171,171,187,212,238,257,266,256,231,190,152,114,093
HD06,95/12/09,084,097,123,161,199,237,254,250,230,206,184,167,160,166,184,208,233,247,245,224,192,155,119,091
HD06,95/12/10,077,079,103,138,178,214,237,247,238,218,194,173,160,161,174,197,222,241,248,236,214,178,145,113
HD06,95/12/11,091,086,097,125,161,198,224,244,243,234,211,191,173,167,174,191,214,235,245,242,228,202,175,141
HD06,95/12/12,116,098,100,120,152,186,216,237,247,240,224,202,180,166,166,178,197,215,226,228,219,200,180,155
HD06,95/12/13,134,112,105,108,130,160,196,221,237,235,226,210,197,181,173,169,179,193,207,220,223,215,200,178
HD06,95/12/14,153,133,121,120,131,148,173,199,225,236,236,220,201,182,174,169,176,179,188,194,203,208,206,195
HD06,95/12/15,178,158,144,139,144,155,174,192,212,229,236,235,224,208,190,178,170,169,170,174,183,189,194,194
HD06,95/12/16,187,174,158,145,137,139,148,163,181,201,218,226,222,209,194,180,167,158,151,150,156,167,184,198
HD06,95/12/17,204,200,194,182,172,164,162,169,181,199,215,229,232,229,216,202,180,159,140,129,129,140,158,178
HD06,95/12/18,189,201,204,202,191,174,160,154,159,173,191,209,222,226,223,211,191,165,139,115,105,108,125,150
HD06,95/12/19,175,198,215,220,216,203,186,172,164,167,180,201,218,231,234,230,214,188,156,118,093,080,088,113
HD06,95/12/20,146,180,210,229,236,228,209,187,169,159,163,179,201,221,237,243,234,214,178,137,096,071,064,085
HD06,95/12/21,116,155,193,227,248,255,246,221,196,172,163,169,189,215,241,255,255,236,200,155,108,070,050,052
HD06,95/12/22,075,110,150,191,226,248,246,230,206,178,156,148,157,181,213,242,256,248,226,189,146,100,066,047
HD06,95/12/23,055,087,124,167,208,240,258,260,240,210,175,155,152,171,200,232,255,260,251,225,186,139,095,061
HD06,95/12/24,050,061,095,138,183,223,250,261,256,234,205,177,167,180,211,241,267,278,278,266,240,195,146,098
HD06,95/12/25,074,073,094,128,161,196,221,241,253,243,220,189,160,150,158,178,209,232,243,239,225,196,166,127
HD06,95/12/26,096,074,076,100,140,176,208,231,242,242,225,202,174,149,139,152,176,207,225,230,223,207,185,157
HD06,95/12/27,125,097,086,095,127,159,190,213,229,234,227,211,186,161,143,140,157,178,198,210,211,205,192,176
HD06,95/12/28,152,129,108,105,119,145,174,198,216,224,226,215,198,176,156,144,145,157,179,193,202,204,201,193
HD06,95/12/29,182,166,152,140,142,153,176,199,219,233,239,234,219,203,189,177,169,165,167,173,183,193,205,208
HD06,95/12/30,204,194,182,174,172,176,185,198,208,221,233,244,242,232,212,192,172,159,149,145,149,160,176,191
HD06,95/12/31,196,199,192,186,178,174,173,179,187,203,216,224,226,219,210,198,184,168,151,136,136,146,169,189
