HD06,66/01/01,183,171,159,149,143,146,153,165,181,199,212,219,217,209,194,179,163,149,139,136,143,156,171,181
HD06,66/01/02,185,183,175,166,157,151,148,152,163,180,196,207,212,209,200,184,164,142,123,112,110,121,140,162
HD06,66/01/03,178,188,189,186,177,169,160,156,157,168,180,196,209,213,208,196,177,153,125,101,087,090,111,139
HD06,66/01/04,167,189,202,209,207,200,191,180,172,171,185,205,229,247,251,243,222,197,167,139,116,106,108,131
HD06,66/01/05,159,199,228,251,253,241,222,205,190,184,184,194,210,226,239,245,236,211,171,126,084,056,055,074
HD06,66/01/06,107,143,178,209,232,241,233,215,193,172,164,169,187,211,235,249,248,229,200,160,112,069,046,049
HD06,66/01/07,081,122,165,205,235,254,257,246,225,201,180,171,179,201,232,256,267,257,228,185,134,087,049,030
HD06,66/01/08,037,067,111,157,202,239,256,256,238,212,181,164,160,173,199,231,254,261,245,213,167,115,068,037
HD06,66/01/09,025,036,067,111,157,200,232,247,242,217,186,158,146,149,169,198,226,246,249,234,200,157,107,064
HD06,66/01/10,034,028,045,083,129,174,210,235,243,229,201,169,146,139,150,174,208,232,252,253,234,195,154,112
HD06,66/01/11,083,060,063,083,123,165,206,240,258,257,238,210,179,157,150,160,184,212,232,239,231,210,184,153
HD06,66/01/12,120,089,073,075,100,133,170,200,225,233,225,201,174,148,135,136,150,170,189,206,213,212,197,173
HD06,66/01/13,143,115,095,092,102,125,153,184,212,226,228,216,192,168,152,145,147,160,176,196,211,218,216,208
HD06,66/01/14,194,177,159,146,139,145,162,189,212,229,232,225,211,193,175,159,146,141,145,158,173,188,199,201
HD06,66/01/15,196,188,178,170,162,160,166,181,200,221,232,233,221,203,184,168,156,145,137,135,139,154,171,186
HD06,66/01/16,194,196,193,189,184,178,175,178,187,203,216,225,224,216,201,185,169,151,132,117,113,123,143,165
HD06,66/01/17,183,195,203,207,207,202,195,192,193,200,210,221,230,231,225,210,191,167,144,119,102,099,113,135
HD06,66/01/18,161,182,200,212,218,216,208,195,185,182,188,202,218,230,233,227,213,193,165,136,108,093,096,114
HD06,66/01/19,141,169,195,218,233,240,234,219,203,190,186,197,217,239,252,255,244,224,196,162,128,100,089,100
HD06,66/01/20,125,155,184,211,233,245,244,231,210,190,177,178,191,210,228,241,243,231,204,170,131,097,075,074
HD06,66/01/21,090,122,153,190,215,238,243,236,215,192,171,164,170,190,217,241,254,251,227,192,152,111,076,061
HD06,66/01/22,067,093,125,161,194,220,236,236,222,202,173,155,151,165,191,223,245,250,234,204,164,127,092,069
HD06,66/01/23,061,075,103,143,182,213,231,237,226,206,180,156,144,150,173,206,236,250,246,223,191,154,119,090
HD06,66/01/24,075,078,100,137,177,213,235,242,233,214,189,161,143,139,150,178,207,233,242,230,203,169,130,097
HD06,66/01/25,072,068,083,116,151,188,215,234,236,226,199,172,146,138,147,173,203,232,245,243,224,197,164,130
HD06,66/01/26,102,089,093,119,150,187,216,238,244,238,216,191,164,149,147,163,186,216,236,244,236,217,190,159
HD06,66/01/27,131,110,107,121,146,176,204,224,236,236,223,197,168,141,130,134,158,186,206,216,214,203,187,164
HD06,66/01/28,140,117,105,108,129,156,188,212,227,231,220,200,177,154,139,136,146,165,186,203,212,210,201,184
HD06,66/01/29,165,144,131,130,140,159,180,203,219,227,225,212,192,170,150,139,138,147,162,177,189,196,197,192
HD06,66/01/30,183,169,156,147,146,155,170,187,203,214,217,212,198,179,157,138,127,127,133,145,157,169,179,184
HD06,66/01/31,185,178,170,163,160,162,170,181,194,204,210,210,206,194,179,158,139,124,117,118,127,140,158,175
HD06,66/02/01,186,191,192,190,185,182,181,185,192,200,208,213,215,210,199,183,163,138,117,105,103,113,132,155
HD06,66/02/02,176,194,205,213,212,206,198,190,184,185,192,201,210,217,214,203,181,157,126,100,080,076,089,116
HD06,66/02/03,145,175,200,221,230,230,220,205,190,182,183,196,215,229,240,238,226,202,170,131,099,077,073,089
HD06,66/02/04,119,153,189,220,239,243,236,219,201,183,173,172,188,211,233,246,246,227,196,150,105,066,048,051
HD06,66/02/05,073,113,156,197,230,248,250,238,216,190,169,159,167,188,217,240,256,253,230,183,134,081,047,031
HD06,66/02/06,045,073,119,162,207,237,256,253,228,197,166,147,146,165,194,229,256,268,259,225,177,126,077,042
HD06,66/02/07,031,044,078,124,166,205,234,245,230,201,163,131,113,121,146,184,220,245,252,235,200,157,106,064
HD06,66/02/08,035,031,055,099,144,187,219,237,235,213,176,139,114,106,122,156,194,229,249,248,228,195,155,109
HD06,66/02/09,072,053,061,096,136,179,215,239,245,228,197,156,123,102,105,125,157,191,221,233,229,208,176,141
HD06,66/02/10,110,086,081,091,120,156,197,230,247,246,221,184,153,127,119,128,149,181,211,231,239,232,214,188
HD06,66/02/11,164,148,136,138,149,171,201,232,249,247,226,195,161,135,120,118,124,143,163,182,194,199,196,185
HD06,66/02/12,172,154,141,133,138,155,180,207,222,223,210,192,172,152,132,114,106,112,132,153,170,180,183,181
HD06,66/02/13,176,170,164,160,160,165,178,196,215,227,226,213,195,174,154,140,130,128,131,137,144,155,166,177
HD06,66/02/14,184,186,185,183,180,180,183,192,200,209,212,208,200,188,170,153,136,122,112,108,110,118,130,147
HD06,66/02/15,163,177,184,188,185,181,178,179,182,187,191,194,194,193,186,176,159,140,122,108,101,105,116,133
HD06,66/02/16,152,174,191,204,210,206,196,187,181,180,183,188,196,203,204,198,186,164,139,114,097,090,095,109
HD06,66/02/17,130,157,184,208,224,224,214,196,182,172,173,181,196,206,216,220,216,200,172,138,109,089,085,100
HD06,66/02/18,121,150,179,208,228,237,230,214,190,173,161,163,176,196,217,230,234,225,201,166,122,082,060,065
HD06,66/02/19,087,120,154,183,207,223,225,214,191,166,143,135,146,170,199,221,232,227,203,168,129,094,067,059
HD06,66/02/20,069,099,136,173,205,223,229,219,199,169,143,128,131,153,186,216,239,245,232,203,164,125,093,076
HD06,66/02/21,077,100,137,178,213,240,250,248,228,199,165,142,134,148,178,213,239,253,250,225,192,149,112,079
HD06,66/02/22,068,078,114,156,197,225,242,241,226,200,168,145,128,132,153,191,227,257,267,256,224,188,153,123
HD06,66/02/23,107,107,125,158,199,233,256,265,251,217,180,145,125,121,131,155,185,217,245,243,219,178,138,107
HD06,66/02/24,089,086,098,126,160,193,221,236,236,216,183,146,117,104,113,138,171,205,229,238,228,202,171,138
HD06,66/02/25,113,098,103,124,156,189,217,235,236,222,192,156,123,103,103,119,148,177,207,223,226,212,190,162
HD06,66/02/26,138,121,118,133,157,184,209,227,234,226,207,174,142,115,103,107,127,152,181,201,210,208,194,174
HD06,66/02/27,153,136,125,133,150,173,196,216,226,224,207,182,151,125,109,104,113,134,158,184,200,208,203,194
HD06,66/02/28,187,180,174,172,176,188,205,221,234,238,227,206,181,156,135,125,121,128,138,152,166,183,192,195
HD06,66/03/01,190,182,175,174,179,186,195,205,212,218,216,209,192,174,154,138,127,121,122,127,138,153,168,182
HD06,66/03/02,192,197,198,198,196,195,196,200,203,207,208,208,204,198,186,170,150,135,122,116,119,131,146,164
HD06,66/03/03,185,204,221,230,228,217,208,204,204,206,208,210,212,214,214,207,187,160,130,108,094,100,113,136
HD06,66/03/04,160,189,216,236,240,236,219,204,191,185,184,191,207,219,231,227,215,191,160,122,095,081,090,113
HD06,66/03/05,153,194,233,260,272,262,237,215,195,185,179,180,191,210,229,245,243,222,185,142,094,058,045,055
HD06,66/03/06,083,121,162,200,229,240,235,212,185,153,134,126,140,168,201,230,243,241,219,182,132,086,050,040
HD06,66/03/07,056,095,145,192,229,252,255,239,208,175,143,124,123,147,184,225,252,264,256,228,182,130,084,054
HD06,66/03/08,049,074,114,166,207,242,253,247,218,177,133,101,090,103,139,179,219,249,259,244,211,165,117,078
HD06,66/03/09,059,065,097,140,185,221,242,245,224,184,139,100,077,080,106,146,187,221,241,242,224,193,149,108
HD06,66/03/10,081,076,093,128,171,212,238,244,229,196,151,114,084,077,085,114,150,189,221,235,229,208,174,141
HD06,66/03/11,112,100,103,125,158,194,222,236,232,207,170,125,091,074,074,089,117,149,179,200,209,205,188,161
HD06,66/03/12,138,119,116,128,153,181,210,224,227,212,185,150,119,094,083,084,100,126,153,176,191,197,190,176
HD06,66/03/13,157,145,140,147,160,180,200,216,223,217,198,171,143,121,109,105,113,127,147,165,180,189,193,191
HD06,66/03/14,186,179,173,170,172,180,195,209,218,216,204,183,161,141,127,115,111,112,119,131,144,156,165,171
HD06,66/03/15,173,173,171,172,174,176,180,186,192,196,192,183,170,154,142,130,120,115,114,118,127,137,150,164
HD06,66/03/16,180,194,207,214,216,213,211,214,218,221,219,215,210,205,199,189,173,156,138,127,126,133,145,157
HD06,66/03/17,170,186,202,215,219,212,199,183,177,177,181,187,192,195,193,187,175,159,138,117,100,099,107,125
HD06,66/03/18,147,171,193,209,220,215,205,187,172,161,160,166,181,196,208,210,204,188,167,142,118,105,104,123
HD06,66/03/19,151,181,216,248,270,274,262,233,203,181,181,196,219,240,251,246,231,216,201,179,146,120,105,111
HD06,66/03/20,133,167,197,226,243,249,235,213,182,159,139,142,161,193,223,242,246,236,213,184,144,112,087,084
HD06,66/03/21,100,135,172,207,229,239,232,214,185,155,127,114,122,152,184,215,234,237,221,192,153,116,086,073
HD06,66/03/22,084,112,148,188,215,236,235,221,188,157,121,104,107,133,169,206,235,256,254,233,198,157,122,102
HD06,66/03/23,101,122,159,197,231,253,259,246,219,180,142,111,103,118,153,190,225,250,256,241,209,169,136,104
HD06,66/03/24,095,105,133,170,204,229,241,237,214,178,136,101,086,095,126,168,209,239,258,253,232,200,164,133
HD06,66/03/25,115,118,138,169,201,225,239,240,225,195,153,114,085,078,100,132,171,207,233,242,233,204,169,133
HD06,66/03/26,111,107,124,153,183,211,231,240,231,200,159,115,084,075,085,111,141,176,206,227,230,219,189,160
HD06,66/03/27,131,121,127,147,172,198,217,229,228,210,175,134,097,076,072,087,113,143,172,200,213,215,199,176
HD06,66/03/28,152,137,137,150,169,190,208,221,223,211,186,154,121,096,082,083,098,118,148,171,196,207,209,199
HD06,66/03/29,186,173,167,171,183,198,213,228,236,232,221,198,170,142,123,115,118,131,148,166,184,199,211,215
HD06,66/03/30,210,202,195,191,195,202,210,218,221,219,211,198,179,160,141,125,112,107,112,125,140,156,171,185
HD06,66/03/31,195,200,200,199,195,192,192,194,198,205,202,194,185,175,165,148,132,114,102,101,111,127,150,169
HD06,66/04/01,188,205,217,223,219,210,195,185,185,192,200,203,203,201,199,194,182,156,127,098,087,094,119,146
HD06,66/04/02,176,199,216,227,229,221,204,182,162,155,159,172,189,206,214,213,199,177,144,112,082,072,080,106
HD06,66/04/03,139,177,210,234,242,233,213,185,161,141,137,147,172,203,233,248,248,230,199,160,121,090,083,093
HD06,66/04/04,125,166,212,246,264,257,237,205,173,142,122,116,137,170,205,232,249,242,220,182,141,103,080,075
HD06,66/04/05,094,129,175,217,247,258,243,210,165,125,094,086,101,135,174,215,245,259,249,219,175,128,090,074
HD06,66/04/06,080,114,157,203,239,254,248,219,176,130,092,069,071,095,134,178,218,249,259,242,207,162,126,098
HD06,66/04/07,092,110,146,188,230,256,262,243,207,167,128,099,086,096,122,156,199,237,265,267,247,212,172,140
HD06,66/04/08,123,124,147,181,217,245,255,249,220,179,131,088,063,065,085,120,158,196,227,242,239,219,190,158
HD06,66/04/09,136,129,144,172,205,233,250,248,230,196,158,117,087,075,082,105,139,175,208,230,238,227,208,179
HD06,66/04/10,163,154,163,178,200,219,233,238,231,205,174,134,101,079,075,089,115,144,171,194,206,213,206,194
HD06,66/04/11,175,162,155,166,182,204,220,228,227,212,188,156,128,105,095,096,109,127,148,172,189,201,206,199
HD06,66/04/12,190,179,176,179,187,199,211,220,226,219,204,182,157,136,123,116,118,125,139,153,169,180,190,194
HD06,66/04/13,194,191,189,187,187,188,192,198,204,205,199,186,171,156,144,134,127,124,128,137,150,164,177,186
HD06,66/04/14,195,201,204,203,201,197,193,190,190,193,195,191,186,177,168,157,147,133,125,123,129,139,156,169
HD06,66/04/15,183,195,205,210,205,195,184,175,172,174,180,184,190,192,192,187,176,162,146,135,132,139,154,174
HD06,66/04/16,195,217,236,246,246,237,222,205,188,182,189,203,223,238,245,243,234,219,195,174,148,137,140,158
HD06,66/04/17,184,211,234,247,245,233,213,191,170,155,152,162,183,208,227,235,227,210,184,159,133,119,117,130
HD06,66/04/18,151,179,206,230,236,230,207,180,150,130,118,124,145,175,204,225,233,223,200,170,138,116,108,117
HD06,66/04/19,141,171,202,227,240,234,215,186,152,123,103,105,124,157,191,220,235,236,218,193,159,129,108,108
HD06,66/04/20,124,156,189,220,239,242,223,195,159,124,095,089,101,135,172,210,236,247,237,216,180,147,120,112
HD06,66/04/21,119,146,179,213,236,242,231,205,170,129,093,073,079,107,148,190,226,246,248,235,207,172,144,126
HD06,66/04/22,123,140,171,203,231,247,244,224,191,149,105,076,068,088,122,165,201,232,246,245,227,194,162,135
HD06,66/04/23,123,132,158,188,217,236,239,226,198,158,113,074,057,063,092,134,173,208,229,239,230,211,181,158
HD06,66/04/24,140,142,160,189,217,239,245,236,212,181,140,102,073,064,079,111,150,187,217,235,237,225,205,181
HD06,66/04/25,161,153,161,183,207,228,239,235,219,191,154,116,086,067,069,087,119,153,184,207,219,218,207,191
HD06,66/04/26,172,162,160,172,192,212,225,228,219,199,172,142,112,089,077,080,101,128,155,182,200,214,217,212
HD06,66/04/27,202,191,186,191,201,216,227,233,231,221,204,182,159,134,113,101,105,120,139,162,181,197,209,213
HD06,66/04/28,209,202,194,188,184,186,190,195,198,197,190,176,161,139,119,100,090,089,098,112,132,153,174,189
HD06,66/04/29,198,198,194,189,184,180,177,177,180,183,186,186,184,176,165,147,127,111,106,110,123,144,165,188
HD06,66/04/30,204,214,216,211,203,190,175,166,161,162,169,178,187,192,188,179,157,133,106,090,086,097,119,146
HD06,66/05/01,173,196,209,210,199,180,159,139,126,122,130,146,167,185,196,198,183,160,130,104,085,084,096,125
HD06,66/05/02,156,186,210,222,216,199,172,144,119,104,105,124,156,187,213,225,226,208,184,149,123,106,113,134
HD06,66/05/03,169,203,235,253,257,241,215,179,147,122,114,122,152,189,230,260,275,266,237,193,151,118,108,116
HD06,66/05/04,144,178,215,238,245,233,206,171,128,093,070,069,094,128,171,208,237,248,236,207,172,138,114,107
HD06,66/05/05,119,148,186,220,240,239,213,174,129,088,054,042,054,084,122,164,202,228,234,219,188,154,124,109
HD06,66/05/06,114,135,166,201,226,237,225,194,150,104,062,038,039,063,097,136,175,209,230,230,211,180,151,129
HD06,66/05/07,124,135,161,191,219,234,231,208,174,131,087,056,040,052,077,114,152,188,217,230,226,206,183,161
HD06,66/05/08,152,156,174,204,230,247,254,252,231,199,155,110,081,076,092,123,156,189,213,229,232,221,204,185
HD06,66/05/09,166,157,159,176,195,217,227,226,209,179,141,107,080,066,068,084,110,142,176,203,219,221,212,194
HD06,66/05/10,177,165,167,177,191,209,221,227,219,203,176,148,123,104,099,100,118,138,165,188,209,221,222,215
HD06,66/05/11,204,194,189,189,193,201,208,211,207,196,182,162,142,119,099,090,098,114,133,153,170,183,193,196
HD06,66/05/12,194,186,177,170,169,173,179,185,189,186,179,166,152,136,118,107,102,106,116,132,148,166,179,189
HD06,66/05/13,192,190,185,180,174,169,165,167,171,176,180,181,175,167,153,139,127,121,122,130,142,155,171,184
HD06,66/05/14,195,200,197,189,178,167,159,154,154,159,165,174,179,179,174,161,147,134,127,125,131,143,158,176
HD06,66/05/15,194,207,213,210,198,181,163,150,144,149,158,171,185,196,205,204,195,177,157,140,129,132,145,167
HD06,66/05/16,188,207,219,221,210,193,168,146,128,122,128,143,165,186,201,207,200,181,158,138,123,121,129,147
HD06,66/05/17,170,193,213,220,213,190,161,130,108,097,098,110,137,165,194,207,209,193,170,143,124,113,117,132
HD06,66/05/18,154,182,205,217,217,199,168,133,101,079,073,086,115,149,181,204,216,211,194,168,142,120,114,123
HD06,66/05/19,144,172,200,218,223,210,182,146,107,075,057,062,087,124,165,196,220,226,217,192,164,137,124,123
HD06,66/05/20,137,162,191,216,228,222,198,164,120,081,051,042,058,095,137,177,210,228,228,212,185,158,136,128
HD06,66/05/21,132,151,180,210,229,232,216,183,142,096,056,037,040,067,107,149,189,216,230,225,207,179,158,141
HD06,66/05/22,139,149,173,200,225,237,234,208,172,126,081,046,037,050,081,121,161,199,229,236,231,207,183,160
HD06,66/05/23,150,152,167,187,210,226,233,220,194,158,112,070,042,039,057,090,133,172,205,225,230,219,199,178
HD06,66/05/24,164,161,168,185,208,232,244,243,223,190,146,108,078,068,070,088,116,152,185,215,230,235,226,210
HD06,66/05/25,192,178,175,186,204,222,235,237,226,207,176,144,111,087,075,080,098,126,158,188,213,226,227,217
HD06,66/05/26,202,188,182,182,192,203,215,221,221,214,197,175,149,123,104,092,096,111,138,165,189,208,219,220
HD06,66/05/27,213,200,188,178,176,179,189,198,204,205,199,185,171,152,131,113,101,100,114,136,161,182,201,212
HD06,66/05/28,215,210,199,184,172,160,159,165,175,185,190,191,187,181,168,150,129,113,110,121,143,169,194,212
HD06,66/05/29,221,222,213,203,186,171,156,152,153,164,178,192,205,211,205,194,172,152,138,133,139,155,181,208
HD06,66/05/30,231,247,248,238,217,198,180,163,148,141,144,164,192,219,230,228,208,182,155,137,132,141,158,181
HD06,66/05/31,204,223,233,230,214,184,153,122,101,095,106,130,159,188,211,225,224,207,183,161,143,138,146,166
HD06,66/06/01,192,216,232,238,228,204,169,132,102,082,081,098,126,161,192,219,230,229,211,185,156,142,141,154
HD06,66/06/02,175,202,221,232,231,216,187,152,111,075,058,063,092,131,170,201,225,233,232,214,188,163,149,148
HD06,66/06/03,165,188,216,233,240,231,207,172,130,087,058,049,067,102,141,176,206,228,236,232,213,185,161,151
HD06,66/06/04,153,172,199,226,241,244,227,198,157,116,074,057,058,085,119,157,193,224,242,248,234,210,182,166
HD06,66/06/05,163,175,197,223,240,248,240,220,183,141,097,065,056,067,096,131,166,200,223,235,232,215,193,172
HD06,66/06/06,158,157,174,196,219,234,236,223,196,157,115,078,056,057,075,108,141,173,201,220,228,219,200,177
HD06,66/06/07,160,154,160,180,202,222,229,221,202,172,140,105,080,065,071,091,126,156,185,207,216,216,208,191
HD06,66/06/08,171,158,155,165,181,200,211,215,205,184,155,125,094,075,068,080,104,131,159,180,198,205,203,193
HD06,66/06/09,180,163,158,159,168,181,195,204,206,195,171,149,121,106,092,090,101,122,145,172,196,209,215,212
HD06,66/06/10,204,189,178,172,174,182,194,203,208,208,197,181,160,138,124,116,117,129,145,166,185,202,211,215
HD06,66/06/11,211,202,188,178,169,168,175,184,193,196,193,186,174,163,151,141,135,136,145,163,181,200,213,219
HD06,66/06/12,220,212,203,191,178,167,162,163,170,178,183,186,185,181,173,163,152,142,141,149,162,178,195,210
HD06,66/06/13,216,214,205,192,176,159,148,141,143,152,165,178,185,190,190,184,171,157,148,146,154,168,185,201
HD06,66/06/14,212,215,213,200,184,160,140,124,120,126,140,159,179,196,205,202,190,175,160,153,152,161,175,192
HD06,66/06/15,207,219,224,217,200,172,144,120,105,102,114,136,164,188,207,212,210,198,181,164,153,150,159,178
HD06,66/06/16,197,215,225,226,214,187,157,125,098,083,086,108,139,174,204,221,226,219,203,184,171,160,160,169
HD06,66/06/17,188,208,228,235,231,208,176,137,104,076,069,082,114,149,187,220,237,243,232,213,188,169,160,167
HD06,66/06/18,182,206,226,242,243,230,201,166,123,090,063,062,084,119,160,200,230,249,249,238,215,190,172,168
HD06,66/06/19,175,196,217,238,247,243,224,192,149,107,065,049,058,089,128,170,206,235,249,250,235,208,182,167
HD06,66/06/20,167,181,203,228,247,254,246,224,187,140,095,065,056,073,107,147,187,227,252,265,258,237,212,191
HD06,66/06/21,185,190,205,226,248,262,263,250,219,176,129,090,065,065,082,114,150,192,225,248,249,235,209,186
HD06,66/06/22,170,167,174,192,212,232,244,244,229,198,156,112,078,064,069,090,121,155,191,220,240,243,230,208
HD06,66/06/23,185,169,166,174,189,210,229,239,235,220,188,154,117,093,080,083,102,130,162,193,219,233,231,215
HD06,66/06/24,192,173,161,161,169,184,200,213,219,215,201,176,146,118,097,088,092,113,138,169,194,216,223,218
HD06,66/06/25,198,179,162,152,152,162,173,188,199,208,207,198,180,157,134,116,109,116,133,160,184,207,221,224
HD06,66/06/26,216,200,180,161,150,144,149,163,178,192,202,205,201,193,176,159,142,138,142,160,181,203,220,231
HD06,66/06/27,229,218,198,177,157,143,136,140,150,164,179,194,202,207,202,191,175,161,151,152,166,184,205,223
HD06,66/06/28,230,228,213,194,169,145,128,117,119,130,149,172,193,212,222,225,215,202,192,180,172,174,190,224
HD06,66/06/29,253,260,249,222,191,165,144,126,114,108,116,138,164,195,216,227,222,207,189,175,167,169,178,193
HD06,66/06/30,210,223,231,226,207,180,146,115,093,083,087,107,134,166,195,220,232,229,214,196,179,171,173,186
HD06,66/07/01,202,220,236,241,230,207,175,140,108,085,078,089,112,146,180,212,232,243,237,222,200,180,171,175
HD06,66/07/02,193,217,242,258,255,238,212,187,159,131,099,076,083,117,165,211,242,257,250,236,213,191,174,168
HD06,66/07/03,172,188,211,234,245,242,220,189,148,111,077,064,066,090,124,164,199,227,241,239,225,201,181,167
HD06,66/07/04,166,177,198,220,239,243,235,211,178,136,098,070,066,082,111,145,181,213,236,243,236,216,192,172
HD06,66/07/05,165,169,185,207,228,241,243,228,200,161,120,085,068,072,094,125,160,192,220,236,236,222,200,178
HD06,66/07/06,163,159,169,192,216,233,241,232,213,180,144,110,087,079,088,112,141,175,204,225,233,228,209,187
HD06,66/07/07,165,154,157,174,195,217,230,232,221,198,165,133,104,091,091,109,134,164,193,219,232,233,221,201
HD06,66/07/08,180,164,159,172,191,217,236,248,246,234,211,187,165,148,138,139,149,170,199,227,244,246,233,217
HD06,66/07/09,200,185,175,170,171,188,207,224,233,225,203,179,157,141,129,125,134,147,169,193,215,227,227,213
HD06,66/07/10,193,173,160,150,152,159,171,183,195,202,199,185,166,148,133,127,130,144,162,182,201,214,221,219
HD06,66/07/11,205,188,168,153,143,145,152,167,178,189,193,192,184,173,161,152,145,151,163,182,199,212,222,224
HD06,66/07/12,220,205,189,171,155,145,144,153,168,183,198,204,202,197,189,184,179,176,176,181,190,201,212,220
HD06,66/07/13,219,213,196,176,153,134,120,118,124,138,153,170,183,191,193,188,178,170,165,166,171,182,194,208
HD06,66/07/14,214,214,204,189,164,139,115,103,099,107,122,144,166,187,200,206,202,190,177,168,166,173,184,200
HD06,66/07/15,211,217,213,204,185,158,127,101,083,080,093,119,149,178,204,218,223,216,201,187,176,174,179,190
HD06,66/07/16,204,218,225,227,212,187,150,114,085,070,073,093,123,157,189,220,237,243,230,213,191,180,177,187
HD06,66/07/17,200,217,229,239,236,217,185,146,106,073,057,063,088,125,164,203,233,251,246,232,207,187,172,170
HD06,66/07/18,178,198,218,239,246,239,212,176,129,087,052,040,048,081,119,166,205,237,247,243,220,194,170,158
HD06,66/07/19,160,176,198,225,244,251,237,208,165,118,072,042,036,055,092,138,183,222,245,250,234,207,178,159
HD06,66/07/20,153,161,181,210,236,251,251,231,197,153,103,061,040,042,069,109,153,193,226,242,242,223,195,167
HD06,66/07/21,148,143,156,182,212,237,251,248,228,195,150,105,071,056,060,090,131,172,209,235,245,236,212,184
HD06,66/07/22,155,140,141,160,185,211,233,244,240,222,188,149,109,082,072,087,117,155,190,217,236,238,225,197
HD06,66/07/23,162,138,128,133,151,174,197,216,224,221,202,172,140,111,092,090,107,135,168,197,221,231,227,206
HD06,66/07/24,179,148,127,119,126,143,165,186,202,208,204,191,168,147,127,117,120,137,162,190,211,225,228,218
HD06,66/07/25,196,170,145,128,121,125,137,156,176,188,196,195,187,175,163,150,145,149,163,183,204,220,227,225
HD06,66/07/26,209,187,162,141,129,117,120,129,145,160,174,184,192,194,191,181,174,168,169,180,194,211,224,227
HD06,66/07/27,220,204,184,164,142,125,113,110,115,130,147,165,181,194,200,201,196,189,182,180,186,197,210,219
HD06,66/07/28,221,216,203,187,166,144,123,107,100,107,120,142,165,188,205,215,218,214,204,191,185,186,196,209
HD06,66/07/29,221,224,220,206,188,166,141,116,095,088,095,115,143,171,193,211,221,225,217,202,188,181,183,194
HD06,66/07/30,207,217,224,222,211,193,168,137,107,081,076,088,113,145,177,207,226,235,230,213,194,177,172,177
HD06,66/07/31,192,211,229,241,238,222,197,163,129,099,082,082,099,131,168,204,232,248,248,233,211,190,174,170
HD06,66/08/01,176,195,219,240,248,240,219,185,147,111,081,069,077,104,139,176,211,234,245,236,215,188,167,156
HD06,66/08/02,158,174,200,226,244,246,234,208,170,130,096,073,068,085,120,160,198,227,243,241,225,200,177,158
HD06,66/08/03,151,158,182,214,240,253,249,229,198,161,122,094,082,089,114,151,190,222,242,248,238,217,192,168
HD06,66/08/04,153,152,167,195,226,248,255,242,216,181,144,111,090,086,100,129,168,202,230,240,236,217,193,168
HD06,66/08/05,147,139,145,168,199,228,243,240,223,196,162,128,105,094,100,121,155,189,219,238,241,229,207,179
HD06,66/08/06,155,141,140,155,179,209,229,239,232,214,185,154,129,114,114,128,153,182,213,234,243,236,217,192
HD06,66/08/07,167,146,136,142,160,184,209,226,232,222,201,174,149,129,123,129,150,175,202,222,233,233,220,198
HD06,66/08/08,172,148,133,129,140,161,184,203,215,216,204,185,165,149,138,138,149,170,191,210,223,226,220,204
HD06,66/08/09,182,159,138,127,125,137,157,176,194,202,203,194,181,168,159,155,160,171,187,203,216,224,224,215
HD06,66/08/10,199,177,157,140,131,131,142,155,173,187,196,200,198,194,189,184,182,185,193,205,215,224,228,227
HD06,66/08/11,216,201,183,165,151,140,138,141,155,173,192,208,219,225,226,224,220,216,214,215,219,226,235,241
HD06,66/08/12,239,229,213,194,173,152,138,129,133,144,165,187,209,225,236,240,239,233,225,217,214,214,222,230
HD06,66/08/13,237,238,229,215,193,167,141,120,109,111,127,150,179,207,231,246,251,245,230,216,202,198,204,214
HD06,66/08/14,226,232,237,234,223,198,165,128,102,086,090,110,143,175,209,238,254,258,248,231,211,197,192,197
HD06,66/08/15,210,227,246,256,254,237,204,162,121,088,072,073,100,137,182,223,255,274,279,267,239,207,179,171
HD06,66/08/16,182,209,239,263,272,264,239,203,160,115,077,058,066,101,150,201,245,272,276,266,244,216,188,166
HD06,66/08/17,160,173,209,246,275,284,267,233,193,148,104,077,068,086,124,174,224,261,277,275,257,227,196,166
HD06,66/08/18,150,152,176,215,255,281,285,263,228,183,134,097,079,079,103,142,194,238,272,278,263,229,194,164
HD06,66/08/19,146,138,150,178,216,252,275,275,253,219,174,132,101,090,099,127,167,210,247,270,270,249,215,176
HD06,66/08/20,141,120,120,141,176,215,246,260,256,234,201,164,132,108,104,118,149,189,229,253,259,243,215,181
HD06,66/08/21,150,126,117,119,138,170,204,231,242,235,210,181,156,137,132,138,153,178,208,235,249,247,226,191
HD06,66/08/22,156,126,113,113,124,144,169,190,209,219,216,204,185,167,154,155,167,188,210,231,244,246,232,212
HD06,66/08/23,185,162,141,131,126,131,141,159,180,199,207,204,193,183,177,177,182,191,201,214,225,235,233,221
HD06,66/08/24,198,172,148,135,127,129,132,140,152,166,180,193,199,200,196,194,195,199,204,211,218,223,226,224
HD06,66/08/25,212,194,174,155,142,132,130,130,137,144,157,171,185,198,206,210,211,208,205,203,204,208,214,218
HD06,66/08/26,217,208,197,180,164,146,131,121,120,124,134,149,168,188,205,217,220,216,207,196,188,185,191,200
HD06,66/08/27,208,211,208,198,186,167,147,125,113,108,112,127,150,176,203,220,231,230,222,207,190,179,178,187
HD06,66/08/28,202,217,227,227,218,201,177,151,129,114,108,115,134,161,193,225,244,250,242,221,200,183,177,182
HD06,66/08/29,195,214,232,243,244,232,208,176,144,119,103,102,119,148,183,218,241,255,251,233,206,183,168,165
HD06,66/08/30,174,194,218,241,251,247,226,196,158,128,103,097,101,130,164,203,236,257,258,244,216,190,167,157
HD06,66/08/31,159,176,204,235,258,266,254,228,194,158,126,102,100,118,152,194,234,261,269,258,233,203,178,159
HD06,66/09/01,152,162,188,221,254,273,274,254,220,182,146,119,108,118,145,186,229,262,279,274,251,219,191,167
HD06,66/09/02,152,152,172,205,240,265,273,260,233,196,160,127,112,112,134,166,208,241,260,260,242,214,184,154
HD06,66/09/03,134,129,142,171,206,238,255,256,238,210,176,144,123,117,128,153,188,223,250,260,249,224,192,163
HD06,66/09/04,136,125,134,153,184,217,244,255,251,226,195,166,144,134,142,159,188,220,248,263,258,237,204,171
HD06,66/09/05,144,130,129,142,163,191,218,238,245,228,202,171,145,135,137,152,172,194,218,234,238,226,203,168
HD06,66/09/06,137,112,108,117,136,158,183,203,220,223,212,190,169,151,149,158,174,194,216,230,237,232,216,190
HD06,66/09/07,162,136,122,118,125,142,164,184,204,214,216,206,191,177,168,170,179,194,210,222,228,226,218,200
HD06,66/09/08,177,152,131,120,119,125,141,158,176,193,202,203,199,192,188,187,191,196,203,210,217,220,218,208
HD06,66/09/09,192,170,152,132,123,118,121,131,148,163,181,194,202,206,206,204,202,203,205,207,209,211,214,213
HD06,66/09/10,208,198,185,169,153,138,125,121,127,142,161,182,200,215,223,227,226,222,215,209,203,203,205,209
HD06,66/09/11,212,212,204,189,169,145,122,104,099,102,116,138,167,195,218,231,233,224,212,196,187,181,183,189
HD06,66/09/12,198,210,218,216,202,174,141,107,086,081,087,103,132,168,204,234,250,248,233,210,189,178,176,182
HD06,66/09/13,198,219,239,249,246,227,194,153,116,086,071,077,104,144,188,228,254,262,251,226,195,169,152,153
HD06,66/09/14,168,195,227,252,264,259,233,191,142,098,072,067,085,120,164,209,245,269,270,248,210,173,143,130
HD06,66/09/15,136,163,200,238,262,268,254,224,180,132,088,063,065,095,137,185,228,260,268,256,222,181,142,115
HD06,66/09/16,107,124,159,201,239,267,275,263,227,177,128,085,073,085,123,166,210,245,265,263,236,194,148,108
HD06,66/09/17,090,095,124,163,205,240,262,268,252,217,171,124,092,086,109,147,191,226,251,254,238,201,157,112
HD06,66/09/18,085,075,093,123,165,203,235,252,253,235,204,161,130,113,124,150,185,221,246,254,243,219,182,144
HD06,66/09/19,106,088,086,108,139,175,207,232,243,242,223,195,164,147,146,161,187,215,238,251,247,230,201,167
HD06,66/09/20,130,105,094,100,117,144,170,198,216,228,222,206,185,167,160,168,183,206,224,238,237,231,210,183
HD06,66/09/21,150,122,102,101,110,128,149,170,188,201,208,206,198,187,180,180,187,199,211,223,227,223,214,195
HD06,66/09/22,174,149,131,120,118,122,132,144,158,172,187,197,203,202,200,198,199,200,203,206,209,210,205,196
HD06,66/09/23,183,166,151,138,127,119,118,121,132,145,160,172,183,192,201,206,208,204,198,193,194,199,203,204
HD06,66/09/24,200,192,181,169,155,140,126,117,114,122,137,157,177,197,212,219,222,217,208,200,195,194,197,201
HD06,66/09/25,206,219,237,263,253,212,160,119,119,135,158,175,191,206,222,236,244,240,218,195,176,173,182,195
HD06,66/09/26,208,217,221,218,210,197,177,153,125,110,109,125,154,182,209,227,236,232,220,199,175,160,156,165
HD06,66/09/27,183,204,222,230,226,210,184,156,126,109,102,113,135,167,198,226,240,242,227,200,170,146,137,146
HD06,66/09/28,164,191,214,232,239,232,211,181,146,116,100,104,124,156,190,221,240,248,237,211,179,149,129,127
HD06,66/09/29,140,167,200,228,244,245,227,197,163,131,108,098,108,133,168,205,232,245,238,212,177,142,118,106
HD06,66/09/30,111,132,164,202,229,242,234,208,173,139,112,098,101,120,150,186,218,240,240,218,184,146,115,095
HD06,66/10/01,098,115,147,183,216,237,244,228,201,165,133,113,105,119,146,181,214,237,242,229,198,162,126,100
HD06,66/10/02,089,099,127,166,203,232,248,244,225,194,159,136,125,128,146,175,210,238,253,246,219,184,144,112
HD06,66/10/03,094,096,118,150,189,222,246,252,242,219,189,161,143,141,155,178,208,235,252,250,231,201,165,130
HD06,66/10/04,107,098,109,133,167,200,229,242,244,227,205,178,160,153,162,179,206,228,244,243,230,203,173,137
HD06,66/10/05,111,092,093,109,137,164,195,216,229,226,212,189,173,163,166,176,195,212,227,231,226,211,186,154
HD06,66/10/06,124,104,095,099,114,133,159,184,204,215,214,203,187,176,170,174,185,201,213,222,221,212,196,175
HD06,66/10/07,151,131,115,107,107,118,137,159,181,199,209,210,204,197,191,192,197,202,210,214,215,214,206,192
HD06,66/10/08,173,150,132,120,114,116,123,136,153,170,190,202,210,213,215,213,214,210,210,207,207,207,209,204
HD06,66/10/09,196,183,167,148,134,122,118,121,133,147,167,186,204,216,223,222,218,209,201,192,189,190,195,200
HD06,66/10/10,206,206,198,183,162,140,123,112,109,120,139,165,193,220,238,243,238,224,205,187,172,168,172,184
HD06,66/10/11,203,218,227,223,206,178,147,119,099,096,105,130,164,199,226,242,244,233,210,183,157,144,144,158
HD06,66/10/12,182,211,232,244,238,216,180,142,107,089,091,113,147,185,223,251,267,261,238,199,163,136,126,137
HD06,66/10/13,162,205,242,271,285,273,245,202,161,126,107,110,135,175,222,260,282,282,259,217,172,135,110,107
HD06,66/10/14,129,167,208,247,272,278,265,231,191,146,114,099,114,150,196,238,266,274,260,223,179,135,100,084
HD06,66/10/15,090,122,164,211,250,272,278,258,223,181,141,117,118,140,178,219,254,273,269,242,199,151,107,079
HD06,66/10/16,076,096,132,177,221,256,278,278,257,219,182,150,136,143,169,206,245,271,277,256,220,175,129,095
HD06,66/10/17,077,080,107,144,184,227,258,271,263,238,206,173,155,153,170,204,237,263,274,264,237,203,162,127
HD06,66/10/18,101,087,093,118,156,196,229,251,253,242,218,196,178,172,177,196,219,244,259,260,245,215,178,139
HD06,66/10/19,107,086,088,105,133,162,190,212,225,228,221,206,191,181,181,191,207,227,241,243,232,211,185,155
HD06,66/10/20,129,108,097,099,114,134,158,178,196,206,207,202,196,189,186,187,196,205,217,224,224,213,195,172
HD06,66/10/21,151,130,118,112,115,126,142,162,178,190,197,198,195,195,195,195,195,195,196,199,200,199,192,180
HD06,66/10/22,163,147,133,124,118,118,120,130,143,159,172,186,193,197,196,195,192,190,186,183,181,182,183,185
HD06,66/10/23,178,168,157,147,135,126,122,124,131,139,151,166,184,197,205,205,200,188,177,167,163,164,171,177
HD06,66/10/24,185,186,183,174,161,146,133,122,120,125,138,156,178,197,212,216,210,197,179,162,152,151,157,169
HD06,66/10/25,183,194,199,198,188,171,150,131,121,117,127,145,169,193,215,224,224,209,187,160,141,132,135,149
HD06,66/10/26,169,190,207,215,211,196,173,148,126,116,117,133,156,185,211,228,232,220,195,163,135,119,118,131
HD06,66/10/27,155,184,210,227,229,217,194,166,140,126,120,130,150,178,206,232,241,235,208,176,140,116,107,116
HD06,66/10/28,137,166,198,226,242,244,227,200,169,145,135,139,155,182,214,244,262,264,239,204,169,135,113,112
HD06,66/10/29,130,158,192,222,243,245,235,210,182,153,134,127,139,163,195,228,253,257,236,197,155,115,088,080
HD06,66/10/30,094,123,159,196,229,248,251,232,203,170,144,130,136,158,190,220,246,255,240,209,168,125,087,069
HD06,66/10/31,070,094,129,167,204,232,243,235,210,179,151,134,132,147,173,203,229,245,241,214,177,135,095,068
HD06,66/11/01,061,076,105,140,178,211,234,239,227,206,178,157,147,153,172,197,224,247,251,235,202,163,121,090
HD06,66/11/02,073,075,094,121,155,188,219,239,241,225,198,171,156,157,172,194,215,234,242,236,214,182,143,107
HD06,66/11/03,080,073,081,102,131,163,194,219,229,229,218,202,186,178,178,190,209,229,237,232,214,193,167,144
HD06,66/11/04,114,091,078,085,105,137,166,195,210,219,215,205,192,185,182,186,195,211,221,227,221,206,185,163
HD06,66/11/05,139,118,101,095,100,117,141,166,185,199,207,208,205,198,192,189,191,198,203,209,208,203,192,180
HD06,66/11/06,163,144,124,111,104,108,121,141,161,181,196,206,210,210,208,203,197,194,193,193,194,195,197,197
HD06,66/11/07,190,178,162,148,138,127,120,120,134,156,183,207,220,224,222,216,208,197,185,175,170,173,180,191
HD06,66/11/08,197,198,190,176,155,134,114,107,110,127,148,174,195,213,223,223,212,194,168,148,139,141,153,173
HD06,66/11/09,193,209,216,212,195,170,143,120,109,111,128,151,182,210,231,239,230,209,177,146,123,115,122,143
HD06,66/11/10,172,203,224,235,229,211,183,151,127,115,122,145,175,208,237,253,253,235,202,160,127,106,102,116
HD06,66/11/11,144,178,215,242,255,249,225,188,152,126,117,129,155,190,223,248,254,242,209,166,122,086,072,079
HD06,66/11/12,104,140,179,218,243,255,246,220,182,149,125,123,142,172,208,237,252,247,221,184,137,093,062,052
HD06,66/11/13,068,104,145,187,222,249,259,247,219,185,151,136,140,164,197,232,257,263,247,213,174,132,093,073
HD06,66/11/14,075,105,143,191,229,259,274,275,262,243,213,190,180,183,203,231,256,269,260,230,184,135,094,066
HD06,66/11/15,060,071,099,133,169,203,225,235,226,207,179,156,143,148,169,196,222,237,234,215,181,141,098,063
HD06,66/11/16,043,046,066,100,129,163,188,209,216,213,196,175,157,150,160,184,209,228,232,225,205,176,139,106
HD06,66/11/17,078,066,072,092,117,144,174,197,217,222,213,193,177,170,175,190,210,222,228,226,217,202,178,145
HD06,66/11/18,114,090,082,090,109,133,154,176,194,207,209,201,187,176,173,180,190,204,212,214,211,202,183,163
HD06,66/11/19,137,115,100,097,105,120,140,160,178,193,203,206,202,194,187,185,190,198,204,205,204,200,193,182
HD06,66/11/20,165,148,130,119,116,121,133,150,166,185,198,208,213,213,209,203,194,184,177,175,175,179,184,184
HD06,66/11/21,177,164,146,134,126,125,130,141,158,177,194,211,222,228,225,213,199,184,174,169,170,173,179,184
HD06,66/11/22,186,182,174,163,148,135,128,128,136,149,164,179,191,199,201,196,184,164,144,127,121,130,145,161
HD06,66/11/23,170,174,175,172,164,151,136,123,121,129,148,170,190,203,209,208,199,179,154,128,112,112,128,150
HD06,66/11/24,170,185,192,195,191,180,160,141,128,127,141,163,187,205,218,222,214,196,167,136,109,097,104,130
HD06,66/11/25,159,185,206,220,224,213,195,177,161,154,162,181,209,234,254,263,261,239,211,183,158,141,136,140
HD06,66/11/26,158,188,220,247,255,241,206,178,158,150,150,156,170,192,215,232,236,221,190,147,105,072,061,072
HD06,66/11/27,103,139,174,205,225,229,220,200,175,151,136,137,155,181,211,234,241,230,200,157,110,073,054,054
HD06,66/11/28,075,109,148,186,218,237,240,224,199,169,149,142,153,174,203,227,242,240,220,185,139,097,063,056
HD06,66/11/29,067,095,131,174,210,241,252,250,228,200,172,160,159,174,199,228,252,258,247,212,170,124,092,067
HD06,66/11/30,066,084,115,158,197,234,255,264,254,230,200,182,172,180,201,229,250,263,261,245,211,172,125,095
HD06,66/12/01,078,083,106,140,174,207,233,255,257,243,215,186,165,164,179,203,225,240,242,229,204,167,132,095
HD06,66/12/02,070,058,067,092,129,166,197,223,236,234,219,198,180,170,175,190,209,225,236,236,222,195,164,127
HD06,66/12/03,097,074,067,076,102,133,163,191,210,218,212,197,178,163,159,166,181,196,205,209,204,191,172,147
HD06,66/12/04,118,090,072,071,085,111,136,163,187,208,216,213,198,181,171,170,177,187,194,200,202,201,194,180
HD06,66/12/05,160,135,114,100,099,109,126,148,172,195,209,215,210,198,185,175,171,171,175,179,184,190,198,200
HD06,66/12/06,193,178,157,137,124,119,123,138,159,180,202,215,219,212,199,186,173,168,153,149,150,159,172,184
HD06,66/12/07,191,192,182,167,146,126,115,117,132,156,178,196,206,208,203,192,174,154,131,116,114,125,147,168
HD06,66/12/08,184,194,197,191,178,158,138,125,126,143,166,190,211,221,221,213,197,173,146,117,101,102,123,150
HD06,66/12/09,180,205,220,228,227,214,195,171,155,151,168,193,220,238,244,237,219,191,156,117,089,078,087,112
HD06,66/12/10,144,174,203,225,235,228,210,184,163,152,156,177,200,223,240,245,238,218,182,141,099,072,068,084
HD06,66/12/11,114,148,183,216,240,249,239,217,189,166,157,166,187,214,235,247,245,231,200,158,108,072,051,056
HD06,66/12/12,079,114,151,188,219,241,247,236,210,186,166,163,173,198,223,247,257,253,231,197,151,106,077,070
HD06,66/12/13,082,106,140,178,214,245,261,263,244,216,190,175,176,190,214,236,254,258,247,217,173,126,088,063
HD06,66/12/14,063,083,118,154,188,222,244,252,246,228,203,184,177,178,193,215,240,250,248,226,194,150,112,079
HD06,66/12/15,061,063,084,119,156,191,218,235,239,230,207,186,171,167,180,202,227,244,248,234,208,173,138,105
HD06,66/12/16,084,073,080,101,137,175,203,225,238,239,226,208,190,180,180,195,216,236,246,243,225,200,168,142
HD06,66/12/17,115,096,090,101,125,156,184,210,227,233,226,211,193,179,173,179,196,214,228,231,221,205,183,161
HD06,66/12/18,138,116,099,099,114,142,169,193,210,220,220,213,198,184,173,169,176,189,204,211,210,202,188,171
HD06,66/12/19,155,135,119,113,117,134,155,177,196,213,220,219,210,195,181,173,172,177,186,196,202,205,203,193
HD06,66/12/20,180,165,154,147,145,149,160,178,202,221,234,236,227,212,199,188,179,171,167,169,175,187,194,196
HD06,66/12/21,191,181,169,159,151,147,147,160,176,195,210,219,219,210,200,187,176,165,154,148,150,163,178,192
HD06,66/12/22,197,193,185,177,170,164,162,164,174,188,205,219,226,226,217,204,186,167,145,131,127,135,152,170
HD06,66/12/23,186,195,198,195,189,179,169,162,164,173,188,206,216,221,219,212,197,176,149,125,111,112,129,157
HD06,66/12/24,183,202,213,217,215,207,194,183,177,180,190,208,223,233,237,234,220,197,163,130,104,097,109,134
HD06,66/12/25,164,191,212,227,231,227,211,196,182,177,179,193,209,225,237,241,234,213,179,139,105,087,086,106
HD06,66/12/26,135,170,202,229,248,252,241,220,201,188,184,192,208,226,244,256,256,242,207,170,126,096,083,090
HD06,66/12/27,113,145,182,216,246,261,259,242,218,197,185,185,196,214,231,244,247,239,215,185,137,095,062,053
HD06,66/12/28,068,105,147,188,220,243,251,247,231,208,185,171,173,188,215,239,255,257,239,202,156,109,070,048
HD06,66/12/29,046,069,102,142,182,216,238,244,231,211,183,164,156,166,187,216,238,249,238,212,173,130,088,053
HD06,66/12/30,033,036,065,105,147,188,218,236,237,224,198,174,155,154,168,193,222,242,245,230,200,164,122,083
HD06,66/12/31,054,041,051,080,117,158,193,222,235,233,214,188,161,149,153,175,202,227,237,236,218,195,164,128
