HD06,99/01/01,116,153,190,222,244,251,241,221,196,175,167,173,193,217,239,253,256,245,218,177,128,085,059,060
HD06,99/01/02,084,122,162,200,233,255,262,250,223,194,174,171,185,208,234,256,269,269,252,219,174,124,084,064
HD06,99/01/03,069,096,135,176,214,242,258,258,240,212,184,166,165,181,206,233,253,259,250,226,188,142,098,066
HD06,99/01/04,054,067,100,144,189,225,248,256,247,226,196,169,156,162,183,213,239,255,255,240,212,172,127,087
HD06,99/01/05,061,058,079,116,157,196,226,243,245,230,204,177,158,153,165,189,218,240,249,245,227,199,163,125
HD06,99/01/06,094,078,083,107,143,182,217,243,255,249,227,199,177,167,170,185,206,228,244,250,243,223,195,164
HD06,99/01/07,135,115,111,123,149,181,215,243,260,262,249,227,203,185,181,191,209,230,244,250,246,234,215,192
HD06,99/01/08,165,140,125,128,147,174,199,220,236,246,246,235,214,192,175,173,184,201,214,220,222,222,218,207
HD06,99/01/09,188,166,148,141,147,162,182,204,223,236,241,236,221,201,183,173,172,176,183,191,198,204,206,204
HD06,99/01/10,196,184,172,163,160,164,176,194,215,232,241,239,229,214,200,187,178,171,168,169,175,185,195,203
HD06,99/01/11,204,200,193,185,178,175,177,187,201,216,228,233,231,223,211,196,182,168,157,151,152,160,172,185
HD06,99/01/12,194,200,201,198,192,185,180,181,189,201,214,223,227,227,221,210,194,174,155,140,134,138,152,170
HD06,99/01/13,186,201,211,217,216,207,196,187,187,194,206,219,231,237,236,228,213,192,168,145,129,125,136,158
HD06,99/01/14,182,203,220,233,237,233,220,204,192,189,196,210,225,236,242,241,232,213,184,152,123,109,113,132
HD06,99/01/15,157,184,210,230,243,244,233,215,197,185,185,196,214,233,246,252,248,232,204,168,134,109,101,110
HD06,99/01/16,132,162,195,226,248,256,248,229,206,186,177,180,194,215,235,250,253,244,220,185,146,109,086,082
HD06,99/01/17,096,123,155,186,215,235,241,228,204,177,156,149,158,181,209,232,244,239,219,186,146,105,073,060
HD06,99/01/18,069,094,130,169,207,235,246,240,220,193,166,150,151,168,196,226,246,252,240,213,174,129,089,064
HD06,99/01/19,059,076,109,150,190,222,241,246,234,210,180,155,145,155,181,214,242,256,253,236,207,170,128,092
HD06,99/01/20,072,076,104,145,186,221,245,257,256,239,209,176,152,150,170,203,234,255,261,253,232,201,162,122
HD06,99/01/21,091,080,093,125,159,189,214,236,249,243,218,183,152,139,147,171,201,227,242,244,231,207,177,144
HD06,99/01/22,112,090,087,106,141,180,214,236,245,240,225,201,174,150,138,146,171,203,228,237,230,214,195,173
HD06,99/01/23,147,119,101,102,126,162,198,223,235,237,229,214,192,165,143,135,146,170,197,215,219,212,201,188
HD06,99/01/24,171,146,123,114,124,149,178,204,220,225,222,211,194,173,150,131,123,133,155,178,194,199,197,191
HD06,99/01/25,183,173,160,146,141,149,170,197,221,233,233,227,218,206,189,167,147,140,147,163,180,192,200,205
HD06,99/01/26,208,207,201,190,179,174,181,197,215,227,232,232,228,221,209,190,166,144,131,130,138,152,168,181
HD06,99/01/27,192,199,202,201,194,183,175,175,185,199,211,218,221,220,214,200,180,155,130,112,108,118,139,164
HD06,99/01/28,187,205,217,222,221,213,202,191,186,190,201,217,231,238,236,226,208,184,155,124,100,089,096,120
HD06,99/01/29,153,186,211,225,228,222,211,199,186,178,178,188,207,228,243,244,230,203,168,132,102,083,079,090
HD06,99/01/30,117,154,190,217,229,228,217,202,185,170,160,161,175,200,225,242,243,227,195,155,113,080,062,063
HD06,99/01/31,084,118,160,201,232,244,238,219,195,173,158,154,162,183,211,238,254,251,227,188,142,101,071,059
HD06,99/02/01,066,092,132,176,216,241,247,235,212,186,165,153,154,170,198,231,259,270,258,227,187,148,113,087
HD06,99/02/02,077,089,121,166,211,246,263,259,239,211,185,167,161,168,189,223,260,286,286,259,215,169,132,108
HD06,99/02/03,095,096,116,153,201,244,269,272,254,225,197,175,162,159,168,189,221,253,270,263,235,195,155,122
HD06,99/02/04,100,092,099,122,158,201,236,254,250,227,194,161,139,132,139,157,185,215,238,245,232,204,168,132
HD06,99/02/05,104,092,098,119,151,186,219,242,247,233,206,175,148,134,136,152,177,204,226,238,236,221,194,161
HD06,99/02/06,132,112,107,118,143,173,202,225,236,233,215,187,158,137,129,135,152,174,194,208,213,209,196,176
HD06,99/02/07,153,133,122,125,143,168,193,214,227,231,221,201,176,153,139,138,147,163,179,191,199,203,200,191
HD06,99/02/08,174,156,144,142,151,167,186,204,219,226,222,209,190,170,154,145,144,150,158,167,175,182,187,187
HD06,99/02/09,181,170,159,153,154,163,175,189,202,211,214,209,197,181,165,152,144,141,143,148,156,167,177,186
HD06,99/02/10,190,190,187,184,181,180,182,187,197,205,211,211,206,193,177,162,150,142,134,128,126,132,146,164
HD06,99/02/11,178,187,190,189,188,185,183,181,183,190,200,209,213,210,202,191,178,163,146,131,122,123,135,156
HD06,99/02/12,178,196,208,215,216,211,201,191,184,184,192,204,215,221,219,212,198,178,153,129,110,102,108,128
HD06,99/02/13,154,180,200,213,219,218,209,194,176,164,164,176,194,210,218,218,209,193,168,135,101,079,076,092
HD06,99/02/14,121,154,184,207,221,223,214,197,175,155,146,151,170,195,216,228,227,213,186,151,113,082,065,068
HD06,99/02/15,089,123,161,197,222,233,226,207,181,155,137,134,146,171,201,226,238,233,210,174,131,092,065,059
HD06,99/02/16,073,103,141,181,214,236,240,227,201,169,141,127,133,156,189,222,244,252,239,209,166,121,084,063
HD06,99/02/17,064,087,125,169,210,241,254,247,223,190,157,133,126,139,169,207,243,264,263,240,201,157,116,086
HD06,99/02/18,072,078,105,149,197,237,259,259,240,210,177,148,132,133,155,191,231,260,268,254,223,186,149,115
HD06,99/02/19,089,080,095,131,177,220,248,258,249,225,191,156,127,113,120,146,184,221,245,250,237,210,175,138
HD06,99/02/20,106,089,093,119,157,196,228,247,250,236,207,171,137,116,113,131,164,202,234,251,249,231,203,171
HD06,99/02/21,143,122,116,125,149,180,211,235,246,240,219,188,156,130,117,118,135,163,193,216,225,221,207,187
HD06,99/02/22,166,146,134,134,148,173,200,223,236,237,224,203,176,150,128,117,120,137,161,186,203,212,212,204
HD06,99/02/23,190,175,163,158,163,177,195,212,225,231,228,216,198,176,152,131,121,123,135,150,165,178,189,197
HD06,99/02/24,198,190,179,171,169,173,182,194,203,209,211,211,206,193,173,150,131,122,124,131,141,154,172,192
HD06,99/02/25,209,216,216,211,207,205,204,205,209,216,223,227,228,223,212,195,174,151,130,116,112,119,135,159
HD06,99/02/26,182,199,208,210,209,205,198,190,183,182,188,201,214,223,222,213,196,176,154,132,114,106,114,138
HD06,99/02/27,168,199,224,243,251,246,233,215,200,190,189,197,215,235,248,250,239,217,183,143,109,093,096,113
HD06,99/02/28,136,163,192,217,232,233,219,199,178,163,156,161,177,200,223,238,241,228,201,165,126,095,081,086
HD06,99/03/01,110,145,183,217,240,248,239,218,192,168,152,149,162,188,220,248,264,262,241,207,166,126,094,081
HD06,99/03/02,093,126,171,213,242,253,248,231,207,179,153,138,141,165,201,237,260,264,250,221,184,143,105,079
HD06,99/03/03,076,100,141,187,223,243,247,235,212,181,148,124,120,137,170,208,239,256,255,237,206,169,132,102
HD06,99/03/04,089,099,130,173,215,244,256,249,227,196,163,134,119,124,149,185,221,247,257,249,226,193,157,124
HD06,99/03/05,102,102,124,163,205,239,257,257,240,211,178,147,129,128,144,174,213,249,272,275,258,228,194,159
HD06,99/03/06,132,119,128,156,193,226,247,251,240,217,186,154,128,115,120,142,175,208,232,240,234,215,190,164
HD06,99/03/07,141,126,127,145,177,212,238,250,248,232,206,175,146,127,125,138,162,190,214,229,233,226,209,188
HD06,99/03/08,168,153,147,154,172,198,224,242,246,234,211,185,161,143,132,133,148,173,199,218,227,225,216,202
HD06,99/03/09,187,174,167,168,178,195,213,228,237,235,222,200,174,151,135,131,138,153,169,182,192,198,201,199
HD06,99/03/10,193,184,176,171,175,187,204,218,224,224,218,206,188,167,151,143,143,148,155,164,176,189,200,205
HD06,99/03/11,205,200,195,192,192,196,202,209,216,221,220,213,202,188,174,161,150,144,143,148,156,167,179,191
HD06,99/03/12,201,206,207,205,200,194,189,188,193,199,203,202,197,191,183,173,160,145,131,124,124,132,146,162
HD06,99/03/13,177,190,200,205,203,195,184,175,171,173,178,185,191,194,193,186,173,155,135,116,105,104,115,135
HD06,99/03/14,159,182,200,211,212,205,192,177,163,156,160,173,191,205,210,206,195,179,157,132,108,094,097,116
HD06,99/03/15,147,179,208,227,235,231,218,198,177,161,155,165,188,215,237,244,239,223,199,170,141,122,119,131
HD06,99/03/16,155,185,217,245,262,263,248,221,190,162,145,146,165,196,227,248,253,242,218,185,147,112,088,083
HD06,99/03/17,101,139,185,224,249,257,249,227,196,160,132,121,135,169,210,244,263,263,247,217,177,134,098,081
HD06,99/03/18,089,119,161,204,236,254,255,239,207,167,129,106,106,131,172,214,247,263,259,237,201,158,117,088
HD06,99/03/19,082,101,139,184,224,252,262,253,227,190,149,114,099,110,144,189,232,263,274,264,239,204,166,130
HD06,99/03/20,108,106,128,167,210,245,263,262,243,209,166,124,095,089,108,145,188,227,252,259,248,223,190,154
HD06,99/03/21,125,114,127,160,201,236,258,262,250,224,190,152,118,098,099,123,164,210,246,264,263,248,225,201
HD06,99/03/22,178,162,159,174,204,239,267,278,270,246,214,181,149,120,101,099,119,156,196,224,234,228,214,198
HD06,99/03/23,180,164,154,155,170,194,216,231,232,223,206,183,155,126,102,093,105,130,158,181,197,206,208,205
HD06,99/03/24,194,180,168,164,170,184,201,214,221,218,208,192,173,150,129,113,109,117,134,155,174,189,199,204
HD06,99/03/25,203,201,196,191,188,189,196,207,216,219,214,204,194,182,166,146,128,119,123,135,150,164,177,190
HD06,99/03/26,201,209,212,210,203,196,194,198,204,208,209,209,208,206,199,185,166,146,133,129,136,150,166,183
HD06,99/03/27,201,217,227,230,224,213,201,192,188,190,194,200,207,212,212,204,186,161,135,115,105,107,122,144
HD06,99/03/28,169,193,211,221,220,208,192,176,164,159,162,173,188,206,218,222,214,196,170,142,120,109,114,131
HD06,99/03/29,155,182,207,225,230,222,204,182,161,146,141,149,169,195,218,230,230,217,193,161,128,104,096,107
HD06,99/03/30,131,163,196,222,234,231,213,188,160,137,123,125,143,171,201,223,233,228,210,182,148,116,094,090
HD06,99/03/31,109,144,186,220,237,236,223,202,177,148,121,108,118,149,189,224,242,244,231,208,178,144,113,096
HD06,99/04/01,100,130,171,210,237,244,234,209,177,145,117,103,106,130,168,208,241,258,255,235,204,168,137,117
HD06,99/04/02,114,131,165,208,244,261,257,236,207,176,147,125,116,128,159,201,241,267,274,261,234,198,159,126
HD06,99/04/03,110,117,147,187,221,241,242,227,202,168,131,101,085,091,116,152,189,221,240,241,223,193,160,132
HD06,99/04/04,117,116,137,169,204,231,243,238,217,183,145,112,092,091,109,137,173,208,234,245,237,216,189,161
HD06,99/04/05,140,135,145,170,199,229,247,248,233,203,169,137,115,105,111,130,160,193,221,237,238,225,204,180
HD06,99/04/06,160,149,150,163,185,211,233,243,236,214,184,152,127,112,110,122,144,172,200,222,234,233,221,202
HD06,99/04/07,184,172,171,180,195,213,230,242,243,231,206,177,151,133,126,127,136,152,173,195,212,218,214,203
HD06,99/04/08,191,182,176,176,181,193,207,218,221,214,200,181,160,140,124,116,118,130,147,164,180,191,197,198
HD06,99/04/09,194,188,183,181,182,186,193,201,206,207,201,189,175,162,150,140,135,135,142,153,168,182,193,201
HD06,99/04/10,205,207,206,202,195,189,188,192,196,198,197,193,189,183,173,159,145,136,135,141,151,163,176,190
HD06,99/04/11,204,216,222,222,215,204,194,188,188,193,199,202,203,201,195,183,167,151,139,134,135,142,154,171
HD06,99/04/12,193,216,232,237,229,212,193,180,173,174,180,190,203,216,223,220,207,185,160,140,129,130,143,165
HD06,99/04/13,190,216,238,251,253,240,218,192,172,165,172,190,214,236,252,258,253,236,209,176,145,128,129,148
HD06,99/04/14,178,211,240,259,264,253,227,194,161,137,129,139,164,197,227,246,251,237,211,175,137,104,086,096
HD06,99/04/15,125,163,199,225,239,236,218,186,147,109,084,082,105,146,190,225,243,243,225,194,155,119,093,090
HD06,99/04/16,103,134,174,214,241,248,233,201,159,117,085,069,079,111,156,203,241,261,256,232,197,159,126,105
HD06,99/04/17,104,124,160,202,237,254,249,225,186,141,098,066,058,077,117,168,214,245,254,242,214,180,146,120
HD06,99/04/18,107,114,141,180,219,245,251,237,205,162,115,075,054,058,086,128,175,215,240,247,235,210,180,151
HD06,99/04/19,131,127,143,173,207,236,251,248,228,192,147,104,072,060,070,100,141,183,218,240,243,232,209,183
HD06,99/04/20,160,147,150,169,197,224,242,247,237,213,177,136,101,079,071,085,114,151,187,216,231,230,217,198
HD06,99/04/21,178,163,159,167,183,203,221,231,229,213,186,155,125,099,081,077,090,115,146,175,199,211,211,201
HD06,99/04/22,185,173,167,169,177,188,201,213,220,215,200,179,156,134,114,101,100,111,132,157,180,198,207,208
HD06,99/04/23,204,197,191,187,185,187,192,201,209,213,208,196,181,165,148,132,118,113,120,137,158,179,194,205
HD06,99/04/24,209,208,203,197,190,185,183,185,190,195,198,198,194,189,180,165,145,127,117,120,135,153,170,185
HD06,99/04/25,200,214,221,220,212,199,188,180,177,179,186,196,205,210,210,200,187,165,146,134,133,142,159,180
HD06,99/04/26,201,217,227,227,218,201,182,165,155,153,160,173,191,207,215,216,206,187,164,142,129,129,142,163
HD06,99/04/27,188,211,228,235,229,212,190,166,147,136,137,150,173,198,219,229,226,212,188,161,137,124,126,144
HD06,99/04/28,172,202,226,240,240,227,203,174,145,126,118,129,155,187,216,236,244,236,217,189,160,137,127,132
HD06,99/04/29,150,178,208,234,246,238,211,175,138,108,093,094,113,143,178,210,230,234,222,195,162,133,115,114
HD06,99/04/30,128,155,186,214,231,231,213,182,145,109,083,076,089,118,155,191,219,234,231,212,182,149,123,113
HD06,99/05/01,121,144,176,206,227,232,220,193,156,117,084,067,072,097,134,173,208,231,238,227,204,174,145,125
HD06,99/05/02,121,134,162,195,223,235,228,204,169,131,096,072,064,076,104,143,184,216,230,226,206,180,153,132
HD06,99/05/03,120,123,144,175,206,226,227,212,183,147,110,080,065,070,093,129,167,202,226,235,227,207,181,157
HD06,99/05/04,140,138,150,176,205,228,237,231,209,177,141,110,089,083,094,119,154,190,221,240,245,236,218,198
HD06,99/05/05,187,186,193,202,214,230,247,255,245,217,178,139,112,100,104,119,142,170,197,219,230,228,215,195
HD06,99/05/06,175,161,159,169,186,204,218,226,223,208,182,151,123,105,099,107,125,149,174,197,215,224,222,210
HD06,99/05/07,192,178,172,174,184,197,209,217,221,214,196,172,147,127,114,112,121,140,162,184,203,216,222,219
HD06,99/05/08,210,199,190,185,184,187,194,202,209,209,200,183,164,145,131,123,120,124,135,152,172,190,203,209
HD06,99/05/09,209,203,194,186,179,175,175,180,187,193,195,190,181,168,155,141,131,127,130,140,155,174,193,208
HD06,99/05/10,216,217,212,204,194,182,173,169,173,182,192,200,202,199,190,175,159,146,138,136,142,155,174,196
HD06,99/05/11,216,228,231,223,206,185,167,154,150,153,163,177,194,205,205,193,172,149,130,121,120,127,142,163
HD06,99/05/12,188,211,226,228,214,189,160,135,121,120,131,151,176,200,216,220,211,190,164,141,126,123,134,156
HD06,99/05/13,185,214,236,245,237,214,182,148,118,101,102,122,155,192,221,238,238,224,200,171,144,126,124,139
HD06,99/05/14,168,202,232,250,251,233,200,157,115,082,070,082,113,154,194,226,243,241,223,193,161,134,120,123
HD06,99/05/15,143,175,211,239,253,247,221,181,134,091,062,057,076,114,162,207,241,256,249,224,191,161,140,131
HD06,99/05/16,138,162,196,230,254,259,244,211,166,117,076,053,056,083,127,175,220,252,264,255,230,197,166,147
HD06,99/05/17,144,158,185,217,244,257,253,231,193,147,100,064,050,060,093,137,182,221,246,254,244,220,191,164
HD06,99/05/18,150,153,172,200,228,246,251,239,212,174,129,087,058,051,069,104,147,188,220,238,241,231,212,190
HD06,99/05/19,171,164,171,191,218,240,252,249,233,204,169,132,101,081,079,098,131,170,206,232,247,249,240,223
HD06,99/05/20,204,191,188,199,217,236,248,252,246,231,207,177,144,115,097,096,112,139,171,198,217,226,225,215
HD06,99/05/21,198,181,170,170,179,194,207,217,219,213,198,177,152,127,107,096,099,114,139,166,190,207,214,212
HD06,99/05/22,202,190,178,170,168,173,181,191,199,202,199,189,175,157,139,123,115,118,131,151,172,193,209,217
HD06,99/05/23,216,207,193,181,172,168,169,175,183,189,193,194,191,183,170,154,139,131,130,139,155,175,197,213
HD06,99/05/24,219,216,207,196,185,173,162,157,160,171,184,194,199,199,195,185,171,158,148,147,155,172,195,217
HD06,99/05/25,234,245,247,242,229,210,189,171,165,170,184,199,210,218,221,220,211,194,173,155,147,153,171,195
HD06,99/05/26,215,227,229,224,211,193,169,145,127,121,129,148,173,196,213,220,216,201,180,160,146,144,154,174
HD06,99/05/27,199,221,236,240,231,211,187,166,156,158,169,184,201,215,227,236,243,242,230,208,183,166,163,175
HD06,99/05/28,199,224,244,252,245,225,197,167,137,113,101,108,133,170,208,237,249,244,229,209,188,169,158,160
HD06,99/05/29,175,201,230,251,254,238,207,172,139,111,094,092,109,141,180,215,238,246,239,220,196,173,157,152
HD06,99/05/30,163,185,214,238,249,243,220,188,151,117,091,081,090,117,154,192,221,238,241,229,206,180,158,147
HD06,99/05/31,151,169,196,223,241,244,231,204,167,127,093,074,076,097,130,169,204,230,242,238,222,198,174,158
HD06,99/06/01,154,164,186,212,235,246,242,221,187,149,113,087,079,090,117,152,188,220,242,249,241,220,195,173
HD06,99/06/02,161,165,183,209,232,246,247,235,210,175,137,104,085,086,105,137,173,207,231,245,246,236,216,192
HD06,99/06/03,173,166,175,197,222,241,247,239,218,188,155,122,098,088,094,116,147,181,210,231,239,234,218,199
HD06,99/06/04,181,169,168,179,199,220,236,240,229,206,175,143,117,101,098,109,131,160,190,214,230,235,227,210
HD06,99/06/05,191,175,167,170,182,199,214,224,222,209,186,160,134,113,100,100,113,136,163,189,209,220,220,212
HD06,99/06/06,198,181,168,163,167,177,191,202,208,207,196,178,156,135,120,113,116,129,148,170,193,211,223,225
HD06,99/06/07,217,204,190,179,173,174,180,192,204,212,213,205,191,174,157,143,136,136,145,161,182,204,222,232
HD06,99/06/08,230,220,206,192,178,167,162,165,176,189,199,203,201,194,182,165,150,140,138,145,160,180,201,219
HD06,99/06/09,228,229,220,202,179,155,139,136,145,159,175,189,201,207,204,193,175,157,143,137,142,158,179,200
HD06,99/06/10,217,226,226,215,193,165,137,117,110,118,137,162,186,205,215,214,202,184,163,146,139,145,162,187
HD06,99/06/11,211,229,237,233,216,188,154,121,097,091,103,131,166,200,224,235,232,218,197,175,157,148,154,172
HD06,99/06/12,199,226,246,251,240,213,178,138,102,078,073,091,127,170,210,239,252,247,229,205,182,164,157,164
HD06,99/06/13,184,212,238,255,256,239,207,164,120,083,063,066,091,133,179,221,249,259,252,233,208,183,166,162
HD06,99/06/14,174,197,226,249,261,256,234,197,151,102,065,050,063,097,142,188,227,254,263,254,231,204,180,166
HD06,99/06/15,166,181,208,239,261,268,256,228,188,143,100,069,059,074,109,155,201,239,261,266,255,233,209,189
HD06,99/06/16,179,183,201,228,255,271,273,257,228,189,145,105,079,076,099,138,182,224,254,270,270,257,236,213
HD06,99/06/17,194,188,196,216,239,258,271,273,261,234,196,156,125,109,113,132,161,193,222,247,261,260,244,220
HD06,99/06/18,198,184,183,193,209,226,240,248,246,230,202,166,131,105,096,105,128,160,193,223,243,250,244,228
HD06,99/06/19,210,194,185,186,195,211,228,241,245,237,218,193,167,142,123,116,124,145,174,202,226,240,244,237
HD06,99/06/20,223,205,190,183,185,194,207,220,228,229,222,209,192,173,155,141,137,147,168,193,216,232,240,240
HD06,99/06/21,233,219,203,189,181,180,186,197,207,214,215,213,206,196,184,171,162,161,169,184,202,221,236,243
HD06,99/06/22,241,230,216,203,190,179,174,176,184,195,205,212,216,216,211,201,186,173,170,179,197,215,230,239
HD06,99/06/23,243,242,236,223,206,186,169,162,166,178,192,205,216,223,227,225,215,202,189,184,189,202,220,236
HD06,99/06/24,247,251,247,238,224,206,189,175,169,172,185,204,224,242,252,256,251,239,221,205,197,201,214,232
HD06,99/06/25,247,256,257,250,236,217,192,165,143,132,137,154,180,205,225,236,239,232,218,200,184,176,182,198
HD06,99/06/26,218,236,245,244,231,211,184,156,129,112,109,122,147,179,207,228,238,236,226,209,189,174,169,177
HD06,99/06/27,196,219,236,243,237,221,197,168,137,109,096,105,134,171,207,234,252,261,258,242,219,195,180,178
HD06,99/06/28,189,208,229,244,247,237,214,182,145,110,087,082,097,126,161,195,222,238,240,228,206,181,161,153
HD06,99/06/29,161,180,205,226,238,237,220,191,154,116,085,070,076,100,136,173,204,227,239,238,225,202,177,161
HD06,99/06/30,162,179,206,232,250,255,249,231,204,169,134,107,097,105,132,171,211,244,264,267,257,237,212,189
HD06,99/07/01,178,182,199,223,246,259,259,243,215,178,140,108,090,093,114,147,183,215,240,253,251,235,211,187
HD06,99/07/02,171,168,179,202,226,245,252,245,224,193,155,119,094,087,099,126,160,194,224,244,251,242,223,199
HD06,99/07/03,177,166,169,186,211,234,248,249,235,212,182,151,122,105,105,123,153,187,218,242,257,257,245,224
HD06,99/07/04,202,188,182,186,198,216,234,245,245,230,204,174,146,125,115,119,136,162,191,218,237,245,239,222
HD06,99/07/05,199,177,163,159,165,181,199,216,224,221,207,186,161,138,121,115,122,141,165,191,214,230,236,229
HD06,99/07/06,212,191,173,160,155,160,174,191,205,212,210,201,186,168,149,135,131,138,154,176,197,216,228,231
HD06,99/07/07,223,206,186,165,150,144,148,160,175,190,200,204,201,193,179,164,151,146,150,165,184,204,219,228
HD06,99/07/08,229,221,206,185,162,142,132,134,146,163,181,197,207,210,206,196,183,171,165,168,178,193,210,225
HD06,99/07/09,235,236,227,210,187,161,138,124,123,135,154,178,200,216,224,224,216,203,188,176,173,182,199,219
HD06,99/07/10,235,244,245,237,218,190,156,126,109,110,125,151,181,209,232,245,247,236,218,199,186,185,196,212
HD06,99/07/11,229,244,254,255,245,220,184,145,113,094,095,114,145,182,217,244,257,256,243,224,205,191,187,195
HD06,99/07/12,211,233,254,265,261,242,210,172,131,096,077,079,103,143,187,224,249,259,254,238,217,195,180,177
HD06,99/07/13,188,210,235,256,263,254,230,195,152,109,075,062,073,105,149,193,230,253,261,253,233,210,190,179
HD06,99/07/14,182,197,221,246,263,268,257,231,191,145,104,077,071,087,120,163,207,243,263,264,250,226,203,184
HD06,99/07/15,176,181,199,226,252,270,272,256,225,183,139,102,083,086,110,147,188,226,255,269,264,245,219,195
HD06,99/07/16,179,176,187,209,235,258,270,265,244,209,169,129,100,089,100,128,164,201,232,252,257,245,222,194
HD06,99/07/17,171,160,164,181,206,230,246,250,241,219,188,153,122,101,098,115,147,183,216,239,248,243,227,204
HD06,99/07/18,181,163,156,163,181,204,224,237,238,227,205,177,149,125,112,114,133,163,196,223,240,243,234,215
HD06,99/07/19,192,171,157,153,161,179,200,218,227,224,212,195,174,155,139,132,138,158,185,211,231,240,237,224
HD06,99/07/20,205,185,169,160,159,164,176,190,203,210,209,200,188,176,167,161,159,164,176,195,216,232,237,230
HD06,99/07/21,215,198,185,174,166,160,160,169,183,196,202,202,197,191,185,181,179,178,180,186,197,214,229,234
HD06,99/07/22,226,209,189,173,162,154,150,151,157,167,180,192,200,203,201,195,188,182,180,185,195,207,220,228
HD06,99/07/23,230,224,212,195,177,160,147,142,145,155,169,184,200,214,223,224,218,209,200,196,199,208,220,231
HD06,99/07/24,239,240,235,224,207,185,162,145,137,140,153,171,191,210,226,236,236,228,214,200,194,195,205,217
HD06,99/07/25,229,237,240,236,223,201,173,145,126,117,122,139,162,189,214,233,241,238,225,206,190,182,185,196
HD06,99/07/26,212,227,238,240,233,214,187,156,128,109,104,115,139,170,203,230,249,254,245,226,205,190,185,191
HD06,99/07/27,204,223,241,254,255,242,217,184,151,124,108,107,123,153,191,228,256,268,263,245,222,200,185,182
HD06,99/07/28,190,208,231,252,263,259,238,205,168,133,108,098,105,129,164,205,241,264,268,256,232,206,184,172
HD06,99/07/29,173,187,211,239,261,267,255,226,188,149,116,096,094,113,147,189,229,260,275,271,252,225,199,180
HD06,99/07/30,173,179,199,228,256,273,272,252,218,178,140,112,101,109,135,171,211,248,273,281,271,248,220,194
HD06,99/07/31,176,171,183,209,241,267,278,269,244,206,166,132,112,110,126,155,191,228,258,274,272,253,224,195
HD06,99/08/01,174,164,168,185,212,241,262,267,252,222,184,148,122,111,119,142,174,207,237,258,265,255,233,204
HD06,99/08/02,177,159,154,163,183,210,235,251,251,233,203,169,139,118,113,125,151,183,213,235,247,247,235,213
HD06,99/08/03,185,159,143,143,159,184,210,230,239,235,221,199,175,154,141,139,151,173,199,224,242,250,246,231
HD06,99/08/04,207,180,158,146,147,158,177,201,221,233,231,219,201,183,169,160,162,176,197,219,238,250,253,245
HD06,99/08/05,228,207,185,166,153,150,158,176,199,219,231,234,229,222,212,202,192,189,195,209,227,244,254,253
HD06,99/08/06,242,225,204,182,162,147,142,151,169,190,208,223,232,233,226,217,209,204,198,200,209,224,239,248
HD06,99/08/07,248,241,227,210,189,167,149,139,141,154,174,197,219,237,247,248,241,228,215,206,204,211,224,239
HD06,99/08/08,249,252,248,236,216,189,160,135,121,121,135,159,188,216,239,252,254,244,227,209,196,192,199,214
HD06,99/08/09,231,245,252,251,238,214,185,155,130,114,110,122,150,187,224,251,263,259,244,222,202,187,183,190
HD06,99/08/10,208,230,250,260,257,240,209,171,135,109,098,103,124,158,199,238,266,278,274,256,229,201,182,180
HD06,99/08/11,195,220,246,267,276,270,249,214,173,135,107,096,106,136,178,224,260,279,281,270,251,227,200,180
HD06,99/08/12,175,192,224,259,281,284,269,241,205,167,133,107,099,114,152,202,247,275,283,276,261,239,211,183
HD06,99/08/13,164,166,191,231,267,285,279,256,223,188,153,124,105,104,125,166,213,253,272,270,251,225,200,179
HD06,99/08/14,166,164,177,203,235,263,277,271,246,208,169,137,117,114,127,157,198,239,266,272,260,236,211,188
HD06,99/08/15,169,159,162,179,207,237,258,261,247,221,190,160,136,123,126,145,178,214,244,259,257,241,216,188
HD06,99/08/16,165,151,150,162,184,210,234,248,247,231,205,176,151,136,134,147,172,202,229,248,254,246,226,199
HD06,99/08/17,172,153,147,154,170,191,213,231,240,236,221,199,177,161,156,163,180,202,225,243,255,255,242,219
HD06,99/08/18,191,169,157,156,164,177,192,208,221,226,222,208,191,176,168,169,180,195,211,226,239,245,240,223
HD06,99/08/19,199,176,160,154,156,161,169,180,194,207,213,211,202,193,187,187,190,196,203,212,223,233,237,229
HD06,99/08/20,213,193,177,168,163,160,159,162,172,186,201,210,212,209,205,202,201,203,205,209,217,227,236,238
HD06,99/08/21,231,217,202,188,176,165,158,157,164,175,188,200,210,219,225,226,223,217,212,209,211,218,228,236
HD06,99/08/22,237,231,220,206,192,176,160,148,144,149,163,182,201,218,230,236,236,229,218,208,202,204,212,223
HD06,99/08/23,231,235,233,224,209,189,166,145,132,129,137,154,178,204,227,243,248,243,230,214,201,196,200,211
HD06,99/08/24,225,237,244,244,236,217,192,164,140,126,126,141,167,200,231,255,267,266,255,237,217,201,194,199
HD06,99/08/25,214,235,254,265,264,248,219,185,152,127,118,124,146,177,212,245,267,275,265,244,217,195,182,182
HD06,99/08/26,195,216,241,261,270,263,240,206,168,136,115,112,127,155,191,229,261,279,277,260,234,208,187,176
HD06,99/08/27,179,198,228,261,284,288,272,242,205,168,139,123,125,144,177,217,255,282,289,276,250,219,189,168
HD06,99/08/28,161,172,200,237,269,284,276,250,213,174,138,111,103,116,148,191,233,264,279,274,254,226,195,168
HD06,99/08/29,152,154,175,212,252,281,289,275,245,207,169,139,122,123,141,174,214,252,276,280,265,236,199,166
HD06,99/08/30,144,139,152,180,214,248,270,274,258,226,187,151,127,121,134,161,196,231,258,270,264,243,212,180
HD06,99/08/31,151,135,137,158,190,225,252,267,266,248,218,186,161,149,152,169,196,227,256,275,279,266,240,208
HD06,99/09/01,177,158,151,156,171,195,225,254,267,261,238,211,187,174,171,179,194,214,236,256,268,265,247,217
HD06,99/09/02,185,157,141,138,147,164,186,208,226,234,229,214,195,180,171,171,180,194,212,229,241,244,236,217
HD06,99/09/03,191,164,142,127,123,130,145,166,188,205,213,212,205,196,188,183,181,186,197,212,224,231,230,221
HD06,99/09/04,205,186,165,146,131,123,125,137,156,174,190,201,206,208,207,204,200,197,197,201,208,215,221,222
HD06,99/09/05,217,207,193,175,154,134,120,118,128,145,165,184,200,213,221,222,219,211,203,198,198,203,211,219
HD06,99/09/06,224,225,220,208,188,163,139,122,117,124,140,161,185,210,229,239,240,231,217,201,190,188,195,207
HD06,99/09/07,220,231,238,236,223,199,168,138,118,112,119,137,162,193,224,247,256,249,231,208,188,176,177,188
HD06,99/09/08,206,226,244,253,250,232,201,166,132,109,103,116,144,179,215,245,264,266,252,227,200,179,168,171
HD06,99/09/09,186,209,234,255,265,259,235,197,156,119,097,096,118,154,194,230,256,265,257,235,206,178,157,148
HD06,99/09/10,156,181,215,247,268,270,255,226,189,150,117,100,108,137,178,219,250,268,267,251,223,191,163,145
HD06,99/09/11,145,163,196,233,264,281,277,256,223,186,152,128,121,135,166,209,251,281,290,277,249,216,187,164
HD06,99/09/12,151,152,172,209,249,279,287,273,244,209,175,149,135,137,157,193,234,268,283,277,252,220,187,159
HD06,99/09/13,141,137,151,180,215,247,267,270,254,226,192,160,139,135,151,181,216,247,267,272,261,236,203,170
HD06,99/09/14,145,135,143,166,197,228,252,264,260,242,215,186,165,157,165,186,214,243,265,274,267,247,218,187
HD06,99/09/15,162,148,148,162,183,209,234,253,260,255,239,218,199,186,183,192,210,234,259,276,275,251,214,177
HD06,99/09/16,154,145,144,146,151,164,186,211,228,229,214,194,177,168,167,173,184,198,214,229,237,234,218,193
HD06,99/09/17,166,145,134,135,144,158,173,190,205,215,215,209,200,193,190,190,192,199,208,220,228,230,223,208
HD06,99/09/18,187,167,153,146,145,149,157,169,182,195,204,207,207,204,202,201,201,202,204,207,214,221,222,216
HD06,99/09/19,203,189,178,170,165,160,157,159,169,183,199,212,219,223,224,223,221,217,212,210,213,220,227,228
HD06,99/09/20,223,216,208,200,189,176,162,155,157,169,186,203,218,231,241,247,248,243,232,219,211,212,219,228
HD06,99/09/21,234,236,235,230,218,199,176,157,147,150,162,180,200,219,236,246,248,239,222,203,190,187,195,207
HD06,99/09/22,221,231,236,235,226,208,184,160,142,135,139,156,183,214,242,259,264,257,240,220,201,189,187,196
HD06,99/09/23,213,234,253,263,261,245,219,187,156,135,130,142,168,202,238,269,288,291,276,247,215,188,176,180
HD06,99/09/24,201,230,259,282,291,284,260,225,186,152,133,135,159,197,241,282,315,328,317,286,250,219,201,195
HD06,99/09/25,202,223,255,292,320,327,307,266,216,172,142,132,142,169,207,249,285,305,303,278,239,198,165,148
HD06,99/09/26,149,171,208,248,279,292,284,260,223,183,146,122,119,139,176,219,257,279,282,265,233,193,155,127
HD06,99/09/27,118,132,165,208,249,276,285,274,245,207,167,136,122,131,159,199,239,270,284,277,252,215,173,135
HD06,99/09/28,112,110,133,174,220,258,279,281,265,237,201,167,142,136,151,183,223,257,277,277,258,226,187,149
HD06,99/09/29,119,104,110,137,178,219,253,270,268,250,221,190,166,154,159,179,207,236,258,268,262,240,205,167
HD06,99/09/30,135,114,112,126,154,188,221,246,259,257,240,217,194,180,178,187,205,227,246,258,259,247,223,192
HD06,99/10/01,158,131,116,116,130,153,180,205,224,233,231,219,204,191,184,185,194,208,223,235,240,236,225,207
HD06,99/10/02,183,157,135,124,126,138,156,177,198,217,229,232,229,223,218,217,219,224,231,238,244,247,244,234
HD06,99/10/03,220,203,186,171,159,153,157,169,184,201,215,223,227,226,224,221,216,210,204,203,207,214,219,217
HD06,99/10/04,209,198,184,168,151,134,124,124,133,149,169,192,211,224,229,228,222,214,204,194,190,192,199,208
HD06,99/10/05,214,217,214,205,188,166,144,130,125,133,150,173,199,222,237,243,241,229,212,194,180,176,182,195
HD06,99/10/06,210,225,234,233,221,199,171,146,130,127,136,155,181,209,235,253,257,246,226,201,181,168,167,178
HD06,99/10/07,198,223,247,260,257,238,211,182,157,141,137,147,171,206,243,272,285,278,255,223,190,167,157,163
HD06,99/10/08,182,210,240,262,271,263,241,210,178,151,135,136,155,189,228,262,280,280,262,231,194,163,144,142
HD06,99/10/09,156,184,220,254,275,278,262,232,196,161,137,130,141,167,201,236,262,272,261,231,191,155,130,121
HD06,99/10/10,129,150,184,221,254,272,270,248,212,174,143,128,131,151,184,222,255,272,267,242,205,167,138,121
HD06,99/10/11,120,135,165,203,240,267,276,265,239,204,170,145,136,147,174,212,247,268,268,249,218,182,149,125
HD06,99/10/12,114,120,143,180,220,253,269,265,246,219,191,166,151,151,170,202,238,264,272,260,233,199,165,137
HD06,99/10/13,117,112,125,157,197,235,259,266,256,235,210,186,168,162,170,193,224,252,268,265,245,215,182,152
HD06,99/10/14,130,121,129,151,183,216,244,260,261,249,229,208,192,184,186,200,224,250,266,267,250,225,197,173
HD06,99/10/15,154,139,131,137,158,188,219,240,247,242,231,217,205,196,192,198,212,234,253,261,256,238,215,192
HD06,99/10/16,172,156,146,146,158,178,202,224,238,243,239,231,222,213,208,209,217,228,239,245,245,238,224,205
HD06,99/10/17,184,167,155,151,155,168,184,200,214,224,230,230,226,219,212,208,209,215,222,227,228,226,220,210
HD06,99/10/18,196,180,167,159,155,156,160,170,182,195,206,214,218,219,218,215,210,205,202,202,206,210,212,209
HD06,99/10/19,201,191,181,171,160,152,147,149,158,173,190,206,219,228,231,227,220,210,200,194,192,195,200,206
HD06,99/10/20,211,212,209,198,182,162,148,144,150,162,177,194,213,233,247,252,245,229,207,189,181,185,196,208
HD06,99/10/21,217,224,227,225,212,192,167,148,140,146,161,181,204,227,249,264,265,249,221,190,169,163,173,190
HD06,99/10/22,210,229,243,248,240,219,190,161,139,129,134,153,182,216,247,266,268,253,226,193,164,145,144,160
HD06,99/10/23,188,219,246,262,262,246,218,184,152,131,126,139,166,200,233,260,272,265,237,196,154,122,109,117
HD06,99/10/24,143,179,218,248,263,259,237,203,165,134,117,121,142,175,213,248,270,273,252,215,170,129,104,101
HD06,99/10/25,118,151,194,237,269,280,270,243,207,172,143,129,135,160,198,236,265,275,264,234,192,146,107,085
HD06,99/10/26,087,113,156,206,248,275,281,268,242,208,172,145,139,155,189,228,261,280,280,261,225,180,134,097
HD06,99/10/27,082,094,130,178,226,263,284,287,274,248,216,184,162,161,185,227,268,289,287,272,254,232,201,161
HD06,99/10/28,125,109,126,169,220,262,286,296,294,283,261,231,201,184,188,213,245,269,277,269,249,222,191,155
HD06,99/10/29,122,099,097,117,153,194,230,253,260,256,244,229,214,201,194,200,220,245,264,269,257,234,208,181
HD06,99/10/30,153,128,111,111,128,157,191,221,241,247,242,229,217,209,206,207,211,220,231,241,244,236,217,191
HD06,99/10/31,166,144,129,121,123,135,154,178,202,222,232,231,224,215,210,210,212,213,214,217,223,228,226,215
HD06,99/11/01,197,177,162,152,148,150,158,174,197,223,246,263,274,286,297,298,276,250,227,223,237,255,260,246
HD06,99/11/02,222,202,191,186,177,161,145,141,155,179,204,220,228,231,232,229,223,212,197,185,181,187,199,211
HD06,99/11/03,219,219,214,205,194,180,163,149,144,155,178,205,227,241,249,249,241,225,202,180,167,167,178,197
HD06,99/11/04,215,227,232,231,223,208,187,164,148,147,162,187,212,233,246,252,248,234,210,181,156,145,152,171
HD06,99/11/05,193,213,227,236,237,226,204,175,150,140,147,167,195,223,244,256,256,243,219,188,157,135,130,143
HD06,99/11/06,169,201,228,246,250,240,219,193,167,147,140,148,172,204,235,253,255,242,217,184,151,124,112,118
HD06,99/11/07,140,173,208,236,252,255,242,218,188,160,144,144,162,193,227,254,266,259,236,200,161,128,107,103
HD06,99/11/08,119,151,192,231,258,268,260,240,215,188,167,158,166,191,225,257,275,275,258,226,188,151,123,109
HD06,99/11/09,115,137,171,209,244,267,272,258,230,200,175,161,162,178,205,236,261,271,261,233,194,154,121,102
HD06,99/11/10,100,116,145,182,218,249,265,263,242,212,181,161,156,167,190,219,245,261,260,242,211,174,137,109
HD06,99/11/11,097,103,129,166,206,240,262,269,261,242,215,190,175,175,191,218,244,262,265,253,230,198,162,130
HD06,99/11/12,108,105,120,149,186,221,248,263,262,248,226,203,187,183,192,210,232,251,260,257,241,215,184,153
HD06,99/11/13,128,116,119,137,164,196,225,246,255,249,234,215,198,190,191,200,215,231,242,242,230,209,182,155
HD06,99/11/14,130,114,109,119,140,166,191,213,229,235,230,217,203,194,192,196,204,216,227,233,231,219,201,178
HD06,99/11/15,155,137,126,125,135,154,177,201,221,233,236,230,222,214,207,206,209,216,224,231,236,231,222,208
HD06,99/11/16,189,169,154,147,150,160,175,191,205,218,229,237,239,232,219,206,199,196,198,200,202,204,203,198
HD06,99/11/17,191,179,164,149,139,137,144,158,175,193,210,223,231,232,228,219,208,196,187,183,186,194,204,211
HD06,99/11/18,213,206,195,182,169,160,156,159,168,183,203,224,240,250,252,244,229,209,188,172,167,172,184,197
HD06,99/11/19,207,213,213,205,190,171,153,143,143,153,171,193,214,232,241,239,227,205,179,154,140,140,154,176
HD06,99/11/20,199,217,226,225,215,197,175,156,145,145,157,179,206,233,252,259,249,224,192,159,133,123,130,152
HD06,99/11/21,183,214,238,250,247,231,207,181,158,145,145,160,188,221,249,262,257,236,205,167,128,101,093,108
HD06,99/11/22,142,183,220,246,257,252,234,206,176,152,142,149,172,203,235,258,266,255,226,183,136,096,074,077
HD06,99/11/23,104,145,190,230,255,263,253,231,202,173,151,143,154,181,218,251,269,264,239,199,153,109,075,063
HD06,99/11/24,075,109,155,204,246,271,275,260,235,207,182,169,165,182,211,247,275,286,273,240,195,148,109,083
HD06,99/11/25,078,095,131,179,228,267,287,285,268,243,218,198,187,188,206,236,269,290,289,267,229,185,141,104
HD06,99/11/26,081,080,103,142,188,230,260,272,268,251,229,208,195,192,201,218,238,258,269,265,241,201,154,112
HD06,99/11/27,083,072,080,103,137,176,213,241,252,246,228,207,190,183,187,199,218,237,251,253,242,220,192,159
HD06,99/11/28,127,102,093,103,129,162,194,222,242,250,243,228,210,197,192,197,206,216,225,232,231,221,202,176
HD06,99/11/29,147,122,106,104,115,134,158,184,209,228,234,228,214,200,191,188,191,196,200,205,210,214,209,197
HD06,99/11/30,178,156,138,128,125,132,143,161,184,208,226,230,221,209,199,194,192,190,189,189,191,195,199,199
HD06,99/12/01,192,179,164,148,135,130,134,146,165,184,201,212,220,214,206,195,182,170,161,155,158,165,175,185
HD06,99/12/02,192,194,187,176,163,151,144,149,160,176,193,208,221,229,227,218,202,182,163,150,144,146,157,172
HD06,99/12/03,187,198,201,195,185,171,157,147,142,150,166,186,205,217,220,213,198,179,156,136,124,123,133,151
HD06,99/12/04,171,190,206,214,211,197,177,160,152,154,166,182,201,218,231,237,228,208,180,152,131,121,124,140
HD06,99/12/05,165,195,223,240,242,229,206,184,169,162,166,178,197,220,240,249,245,224,193,157,128,111,110,124
HD06,99/12/06,149,178,207,232,247,246,231,209,186,170,166,176,197,222,244,259,261,250,224,187,148,118,106,114
HD06,99/12/07,137,169,201,231,251,255,243,224,202,182,167,166,178,201,226,247,255,244,218,181,142,109,087,082
HD06,99/12/08,097,126,163,200,230,248,248,234,210,185,167,161,166,186,211,234,248,250,234,202,163,123,094,081
HD06,99/12/09,087,110,144,181,215,240,253,251,236,211,187,172,174,193,223,251,269,272,260,236,201,160,121,094
HD06,99/12/10,089,105,136,173,208,237,255,259,249,228,203,183,175,182,202,227,250,262,260,242,212,177,143,115
HD06,99/12/11,100,105,129,164,200,230,251,260,256,243,223,201,183,178,188,212,239,257,257,240,213,183,153,124
HD06,99/12/12,101,091,099,125,161,197,224,241,246,240,224,203,185,176,181,199,222,241,252,246,230,206,177,147
HD06,99/12/13,121,105,105,121,147,178,206,229,243,244,234,217,201,190,188,197,212,229,241,244,235,216,192,166
HD06,99/12/14,142,125,117,121,137,162,189,214,231,239,236,226,212,198,189,188,196,209,221,228,227,219,206,188
HD06,99/12/15,167,146,130,126,134,152,174,196,216,231,239,236,226,212,198,190,187,190,197,204,211,214,209,198
HD06,99/12/16,182,162,145,135,133,140,153,171,191,211,225,231,228,219,206,194,185,181,180,183,190,200,208,212
HD06,99/12/17,207,196,181,167,157,155,159,170,185,203,220,233,238,235,224,208,194,178,9999,9999,9999,9999,9999,9999
HD06,99/12/18,9999,9999,9999,9999,9999,9999,9999,9999,9999,9999,9999,9999,9999,9999,9999,9999,9999,9999,9999,9999,9999,9999,9999,9999
HD06,99/12/19,9999,9999,9999,9999,9999,9999,9999,9999,9999,9999,9999,9999,9999,9999,9999,9999,9999,9999,9999,9999,9999,9999,9999,9999
HD06,99/12/20,9999,9999,9999,9999,9999,9999,9999,9999,9999,9999,177,198,222,243,254,256,246,222,186,144,108,091,097,123
HD06,99/12/21,158,193,224,246,255,248,228,202,181,172,177,192,213,236,257,269,266,246,208,160,114,081,071,086
HD06,99/12/22,118,159,201,236,259,265,257,235,209,185,173,175,194,220,247,269,276,263,236,192,141,095,067,062
HD06,99/12/23,082,120,166,211,246,270,273,261,237,210,187,177,183,204,233,260,276,276,257,223,177,127,083,058
HD06,99/12/24,059,083,124,171,215,249,267,268,254,229,203,184,180,191,216,245,270,283,278,257,221,177,132,096
HD06,99/12/25,077,082,109,151,197,238,268,281,278,260,235,212,199,200,213,233,255,270,275,264,239,202,159,116
HD06,99/12/26,085,072,082,111,150,190,225,248,258,247,224,199,179,171,177,195,219,240,251,248,232,207,176,142
HD06,99/12/27,107,081,074,089,120,156,190,218,235,239,227,206,184,167,164,174,192,212,226,232,228,216,197,172
HD06,99/12/28,143,115,096,096,115,145,178,207,228,240,237,224,203,184,172,173,184,198,210,218,223,223,216,202
HD06,99/12/29,180,155,135,127,132,150,174,199,220,235,240,235,221,202,186,176,176,183,191,197,203,208,212,208
HD06,99/12/30,197,181,163,149,144,149,161,180,202,221,234,235,225,210,196,184,176,171,169,172,178,188,198,206
HD06,99/12/31,207,199,187,174,165,162,168,179,193,208,222,232,233,226,213,199,185,172,163,157,157,165,177,191
