HD06,04/01/01,196,189,181,173,168,165,166,172,185,201,215,222,219,210,198,187,175,161,145,136,139,154,174,188
HD06,04/01/02,193,193,193,193,190,183,177,178,186,199,213,222,225,223,218,211,197,176,151,131,125,135,153,171
HD06,04/01/03,183,192,200,208,210,204,192,183,182,191,206,219,226,227,225,219,207,187,160,132,115,112,126,147
HD06,04/01/04,168,185,198,209,213,212,201,189,181,177,184,196,208,217,220,217,207,189,162,129,100,085,089,110
HD06,04/01/05,138,165,187,205,214,219,212,201,186,175,174,184,200,215,226,228,224,207,180,145,112,087,080,090
HD06,04/01/06,115,148,180,207,225,233,231,220,204,187,176,178,190,208,224,235,238,227,203,167,127,093,073,073
HD06,04/01/07,090,120,156,191,219,235,237,227,209,190,177,173,180,197,219,238,247,242,221,188,149,112,084,073
HD06,04/01/08,083,109,145,183,216,239,247,241,224,201,179,169,169,180,199,222,240,245,233,206,169,128,091,066
HD06,04/01/09,059,074,107,148,187,216,231,232,221,203,182,165,155,160,180,210,236,249,241,219,185,148,111,079
HD06,04/01/10,061,064,088,127,170,207,230,238,232,218,199,179,166,163,177,204,235,257,262,248,219,185,150,117
HD06,04/01/11,090,078,086,114,156,197,228,244,244,231,213,192,173,162,165,184,212,236,248,240,222,196,166,133
HD06,04/01/12,102,079,074,091,125,166,201,224,234,231,217,195,171,153,150,163,188,214,230,234,227,212,191,166
HD06,04/01/13,137,111,099,107,133,169,205,232,249,251,246,232,210,188,174,188,210,230,238,239,239,238,231,210
HD06,04/01/14,178,144,121,120,137,164,190,212,228,238,240,231,210,183,158,148,154,170,187,197,201,203,205,201
HD06,04/01/15,189,166,143,125,126,143,168,194,216,228,230,223,209,190,169,152,143,142,151,164,176,187,195,200
HD06,04/01/16,194,182,166,152,142,146,158,176,197,213,222,222,213,198,179,161,145,133,126,128,138,155,173,187
HD06,04/01/17,194,195,192,186,178,171,168,174,189,206,218,226,220,209,195,179,160,139,120,107,107,122,143,165
HD06,04/01/18,184,198,206,209,206,197,187,181,184,195,210,222,227,223,214,201,183,160,132,105,091,090,109,135
HD06,04/01/19,165,192,213,227,232,227,216,204,196,196,204,219,232,240,241,234,220,197,165,128,097,081,085,106
HD06,04/01/20,136,170,203,231,247,250,240,223,205,194,189,197,210,227,241,246,239,220,187,147,106,076,064,072
HD06,04/01/21,096,132,173,212,242,257,258,246,227,207,193,191,202,222,244,259,269,259,236,198,153,110,082,074
HD06,04/01/22,088,118,158,200,237,267,284,281,259,225,197,187,196,218,241,260,273,278,269,242,192,129,081,058
HD06,04/01/23,063,089,123,158,194,229,256,267,256,228,197,175,168,178,201,230,254,266,261,238,202,160,117,081
HD06,04/01/24,061,063,087,125,168,206,233,247,244,227,201,174,157,152,167,195,228,253,263,253,228,193,152,112
HD06,04/01/25,083,072,085,117,157,194,224,243,250,241,219,190,164,147,150,171,202,230,251,249,233,207,176,142
HD06,04/01/26,111,089,086,104,139,178,211,232,239,234,218,194,168,146,139,149,173,204,228,237,231,214,192,167
HD06,04/01/27,140,116,103,111,138,174,208,231,240,239,226,208,185,163,148,142,158,181,207,223,228,217,200,180
HD06,04/01/28,159,140,126,128,141,163,191,215,230,236,226,210,188,165,147,139,143,158,177,194,206,209,204,193
HD06,04/01/29,178,162,149,146,152,168,188,208,223,227,222,212,196,177,156,139,132,134,147,162,174,181,185,185
HD06,04/01/30,181,174,165,158,157,165,180,198,212,219,218,212,203,189,173,155,140,132,133,141,153,164,173,178
HD06,04/01/31,181,182,182,180,176,175,180,190,204,213,214,209,202,195,186,172,154,135,121,115,120,131,145,158
HD06,04/02/01,170,179,186,189,189,184,181,183,188,194,198,201,202,200,195,183,166,145,126,111,106,109,121,138
HD06,04/02/02,158,177,192,201,203,200,194,189,187,189,193,200,207,211,213,206,194,177,154,131,113,106,114,132
HD06,04/02/03,156,180,203,222,232,231,222,209,198,192,192,198,208,219,227,228,218,198,171,139,111,092,090,102
HD06,04/02/04,126,156,186,212,229,234,227,212,196,183,178,181,192,207,223,234,234,221,195,160,123,093,077,080
HD06,04/02/05,101,134,171,204,229,238,238,224,206,187,173,169,181,205,234,256,264,253,224,184,140,100,070,057
HD06,04/02/06,067,098,141,183,214,231,232,224,207,186,165,151,153,170,198,226,245,250,234,204,165,125,091,069
HD06,04/02/07,066,086,123,167,207,235,245,238,219,194,170,153,148,160,186,218,246,260,253,225,183,139,100,071
HD06,04/02/08,058,066,093,136,182,220,242,241,226,200,171,147,135,139,160,192,224,246,253,241,213,173,129,091
HD06,04/02/09,067,063,083,120,164,206,235,246,237,212,180,151,131,127,136,160,193,225,244,242,220,186,147,112
HD06,04/02/10,083,067,070,095,135,178,214,233,232,211,181,149,125,111,112,127,156,188,215,228,223,201,170,136
HD06,04/02/11,106,085,081,096,127,165,200,225,234,227,202,169,138,117,111,120,141,169,197,218,226,219,199,171
HD06,04/02/12,144,123,109,116,130,161,193,221,236,234,214,185,153,127,112,109,119,138,162,184,200,206,201,185
HD06,04/02/13,164,144,130,129,138,158,182,204,220,224,216,195,168,140,117,104,103,113,128,146,163,179,188,194
HD06,04/02/14,185,174,159,158,159,174,188,204,218,228,229,218,199,176,157,145,139,136,135,142,157,181,203,213
HD06,04/02/15,208,197,192,195,202,204,200,200,208,220,230,231,219,199,178,159,142,126,114,106,106,117,137,160
HD06,04/02/16,177,185,191,197,203,202,195,188,188,196,205,209,207,199,188,175,159,137,112,090,077,079,093,116
HD06,04/02/17,144,172,194,209,216,215,209,199,190,185,187,196,209,219,222,220,207,185,153,116,086,072,077,098
HD06,04/02/18,126,156,186,212,229,232,225,209,191,176,170,176,191,210,224,229,222,203,173,136,097,067,054,062
HD06,04/02/19,086,121,159,195,223,237,234,217,193,170,154,152,165,188,213,232,238,229,205,169,125,083,054,046
HD06,04/02/20,059,089,128,168,202,225,233,222,197,166,140,129,134,155,184,213,233,236,223,191,146,099,060,041
HD06,04/02/21,045,067,104,147,188,221,236,232,209,176,143,122,120,136,166,202,235,254,253,230,190,142,099,071
HD06,04/02/22,061,071,100,141,184,222,245,248,232,201,166,137,123,129,153,188,226,257,270,263,240,206,167,130
HD06,04/02/23,109,113,135,164,195,225,253,267,263,233,190,149,124,120,133,158,189,220,241,243,225,192,153,117
HD06,04/02/24,091,083,092,118,154,191,220,235,230,208,175,139,110,099,103,124,157,193,222,236,231,212,184,155
HD06,04/02/25,133,120,119,132,158,192,223,242,240,226,196,162,133,113,108,118,143,175,207,228,234,224,202,177
HD06,04/02/26,155,141,138,150,173,200,226,245,249,244,222,195,167,145,133,136,151,173,195,208,213,210,201,188
HD06,04/02/27,172,155,144,145,160,183,207,226,228,224,207,186,163,141,123,113,115,128,149,170,184,189,186,179
HD06,04/02/28,170,162,159,161,168,180,196,210,217,216,207,192,173,154,137,125,121,124,134,146,159,169,177,181
HD06,04/02/29,183,183,183,184,187,194,206,221,224,226,217,206,195,186,176,164,150,138,133,137,149,163,173,180
HD06,04/03/01,185,192,199,202,202,200,198,199,201,203,202,200,197,191,180,166,152,140,129,122,121,127,141,159
HD06,04/03/02,177,192,202,209,211,210,206,201,196,195,197,200,205,208,206,198,184,166,146,128,116,115,123,137
HD06,04/03/03,156,180,203,218,223,218,209,200,191,185,182,186,196,209,217,217,206,186,161,133,109,096,099,115
HD06,04/03/04,142,172,201,225,239,239,229,212,195,181,177,182,196,214,230,240,238,220,186,147,115,095,090,098
HD06,04/03/05,118,148,182,215,236,241,231,210,186,166,155,155,170,195,223,245,252,243,218,182,143,108,085,080
HD06,04/03/06,095,128,171,214,247,260,253,235,213,195,181,173,175,188,213,240,261,267,251,213,163,113,079,069
HD06,04/03/07,082,112,151,192,225,244,246,231,203,169,138,118,119,140,174,211,239,253,248,224,185,141,100,071
HD06,04/03/08,064,081,118,165,208,238,248,239,212,176,139,112,102,114,144,185,225,253,261,246,214,172,129,095
HD06,04/03/09,077,082,109,151,196,232,251,250,228,191,149,114,095,098,121,157,198,234,255,256,235,200,159,122
HD06,04/03/10,098,093,109,141,181,219,245,253,238,204,161,121,096,092,107,137,173,210,241,256,251,229,198,165
HD06,04/03/11,138,124,128,150,185,223,255,270,262,233,193,156,129,113,108,117,142,177,213,237,243,231,206,179
HD06,04/03/12,156,142,138,146,166,193,220,238,240,223,192,156,123,099,087,088,104,131,162,189,207,212,206,194
HD06,04/03/13,180,168,161,162,173,193,217,235,242,233,212,185,157,133,116,107,107,118,136,156,172,183,188,191
HD06,04/03/14,189,185,180,176,179,189,204,218,226,225,213,196,177,157,137,121,110,109,117,130,144,159,173,185
HD06,04/03/15,193,197,197,196,196,198,202,206,209,210,208,202,194,182,165,147,129,117,111,111,115,123,137,155
HD06,04/03/16,175,193,206,210,209,204,198,194,192,193,195,197,198,196,190,178,161,141,121,105,098,101,113,134
HD06,04/03/17,159,185,208,222,227,222,209,195,184,181,186,196,207,218,224,223,212,191,164,135,114,105,107,122
HD06,04/03/18,146,178,211,238,250,247,235,217,198,182,172,177,194,213,223,220,208,192,172,145,113,083,068,075
HD06,04/03/19,104,143,181,210,226,228,218,197,171,145,129,130,149,180,211,232,238,227,203,169,131,098,077,076
HD06,04/03/20,094,128,168,206,233,243,234,211,178,146,123,116,127,152,185,217,240,244,229,196,153,113,084,074
HD06,04/03/21,083,110,146,186,219,238,237,216,180,142,110,093,098,121,156,194,226,243,239,215,177,136,101,080
HD06,04/03/22,079,099,135,176,211,233,238,227,199,160,121,092,086,102,137,178,215,238,243,229,202,166,132,106
HD06,04/03/23,096,105,132,170,208,235,246,239,214,176,134,100,083,088,112,149,189,224,243,241,220,188,155,127
HD06,04/03/24,112,113,131,162,198,227,242,237,216,183,146,113,091,085,097,126,166,204,229,236,226,204,177,153
HD06,04/03/25,135,129,139,163,194,222,240,242,228,200,165,130,103,090,093,114,146,183,213,230,230,216,194,173
HD06,04/03/26,158,152,157,172,194,219,238,243,233,209,179,150,125,107,101,110,132,160,186,203,210,208,199,184
HD06,04/03/27,168,157,156,167,185,205,220,228,226,212,188,159,132,111,101,103,117,138,162,184,198,202,198,189
HD06,04/03/28,177,168,164,169,181,195,208,216,217,209,193,171,148,127,113,107,109,121,138,156,170,179,183,183
HD06,04/03/29,180,177,176,178,182,189,198,205,208,204,194,182,169,156,143,131,126,128,135,144,154,164,176,186
HD06,04/03/30,192,193,193,194,196,198,198,199,200,200,199,193,186,177,167,156,145,137,132,134,141,153,169,187
HD06,04/03/31,205,217,220,219,218,220,220,215,208,202,200,203,207,207,202,191,176,158,142,130,124,129,142,161
HD06,04/04/01,181,201,216,223,222,214,202,189,180,176,176,182,192,203,209,207,196,176,152,130,114,110,119,139
HD06,04/04/02,167,197,224,241,244,233,215,197,184,178,179,189,206,227,246,255,248,227,196,163,132,113,110,126
HD06,04/04/03,154,186,216,235,242,235,219,195,169,147,135,140,162,193,222,240,242,228,202,169,132,101,082,083
HD06,04/04/04,106,146,191,226,241,237,217,189,159,132,114,110,125,156,194,228,247,245,223,188,149,115,093,087
HD06,04/04/05,101,133,176,219,248,256,240,208,170,135,109,099,108,136,177,220,251,263,253,226,189,150,117,099
HD06,04/04/06,101,126,167,211,246,259,249,222,185,145,110,087,086,107,146,193,235,262,267,252,222,186,151,124
HD06,04/04/07,113,125,157,199,239,262,262,239,202,159,118,087,074,084,114,158,207,248,272,272,253,223,192,164
HD06,04/04/08,146,144,160,192,229,254,260,245,216,178,136,097,069,062,079,115,161,204,234,247,241,222,196,168
HD06,04/04/09,147,139,149,175,207,235,251,250,231,197,155,112,081,069,077,100,133,168,201,226,238,233,217,195
HD06,04/04/10,177,167,168,181,200,222,240,247,239,214,178,139,106,085,078,085,105,132,161,188,207,214,210,199
HD06,04/04/11,186,179,179,186,196,209,222,232,234,224,200,169,139,117,104,100,105,118,138,160,182,198,206,207
HD06,04/04/12,204,201,200,202,204,209,217,225,229,225,211,192,173,155,139,127,120,120,127,141,157,174,189,200
HD06,04/04/13,208,211,211,209,204,201,199,201,203,204,201,195,186,174,161,145,130,119,114,118,128,143,160,177
HD06,04/04/14,194,208,219,224,222,213,202,194,193,196,201,205,205,204,200,190,174,154,135,124,122,130,144,165
HD06,04/04/15,188,210,227,234,229,216,199,183,172,169,174,184,197,209,214,211,198,177,153,130,115,112,121,141
HD06,04/04/16,168,196,221,235,237,226,205,181,161,149,149,163,186,211,230,238,233,216,190,161,136,122,122,137
HD06,04/04/17,163,195,225,247,253,243,220,191,164,143,134,141,164,197,228,247,250,237,212,181,149,123,110,114
HD06,04/04/18,136,169,205,233,244,237,215,184,151,123,107,107,127,161,201,233,251,250,233,205,174,147,130,127
HD06,04/04/19,140,168,203,236,255,257,240,211,175,140,113,104,116,148,188,226,253,263,256,237,210,180,155,142
HD06,04/04/20,148,174,216,258,283,282,260,228,193,159,127,106,104,127,168,214,249,267,266,251,226,195,166,147
HD06,04/04/21,144,159,187,220,247,260,254,232,197,157,119,092,084,098,132,177,220,250,262,257,238,212,186,166
HD06,04/04/22,157,162,183,213,242,260,262,246,216,177,138,106,090,095,120,159,202,239,261,264,252,232,209,188
HD06,04/04/23,175,174,187,211,238,260,268,259,236,204,168,133,108,099,109,137,173,208,231,241,239,227,210,190
HD06,04/04/24,174,168,173,190,212,234,247,245,228,200,167,136,112,098,099,115,143,176,205,223,229,225,213,198
HD06,04/04/25,185,177,178,188,203,220,232,236,227,205,176,147,123,108,102,108,125,152,182,208,225,231,226,215
HD06,04/04/26,203,195,192,194,200,209,219,226,225,213,190,163,138,121,110,108,114,129,151,175,195,209,212,208
HD06,04/04/27,201,197,197,201,207,212,217,222,226,224,215,197,180,170,167,167,167,170,179,193,206,217,227,234
HD06,04/04/28,238,237,233,229,228,231,234,234,231,225,220,214,204,189,172,154,141,134,135,144,157,172,187,198
HD06,04/04/29,206,211,213,210,202,192,183,179,180,185,188,190,189,185,179,168,154,139,127,123,129,144,165,186
HD06,04/04/30,204,216,222,220,211,197,183,173,168,170,176,187,200,209,210,201,184,164,145,130,123,127,143,168
HD06,04/05/01,195,218,232,232,222,204,183,163,149,144,149,163,182,200,213,215,205,183,154,126,106,101,111,134
HD06,04/05/02,163,191,213,224,221,205,179,148,122,108,109,125,152,182,208,224,227,213,188,155,125,108,110,130
HD06,04/05/03,161,194,222,239,243,232,205,170,134,108,099,111,140,178,215,244,258,255,237,208,176,148,134,140
HD06,04/05/04,165,203,240,267,275,264,237,202,164,130,107,106,129,170,216,254,278,285,276,253,221,186,158,146
HD06,04/05/05,155,183,219,250,266,263,241,206,162,115,077,061,071,103,148,195,233,257,263,251,226,196,167,147
HD06,04/05/06,145,162,195,232,259,268,255,223,180,134,092,063,055,072,109,156,203,239,261,264,252,230,203,179
HD06,04/05/07,166,173,197,230,259,272,268,248,216,174,129,089,067,067,090,127,168,206,235,252,254,244,224,203
HD06,04/05/08,185,180,189,210,234,251,257,249,227,192,150,107,074,061,070,096,131,166,198,223,238,240,230,213
HD06,04/05/09,196,186,187,199,218,236,248,249,237,215,182,145,111,087,080,090,113,141,167,192,214,230,237,232
HD06,04/05/10,218,204,198,203,216,229,238,242,238,228,209,183,154,127,110,107,118,139,162,185,206,223,233,236
HD06,04/05/11,234,226,215,207,205,210,220,229,230,224,212,198,182,163,142,124,115,119,133,151,170,186,200,212
HD06,04/05/12,217,217,212,204,195,189,187,190,195,198,197,193,186,176,162,146,130,121,121,130,145,163,182,199
HD06,04/05/13,212,219,220,214,203,190,180,177,180,187,196,204,208,207,201,190,175,158,146,141,147,163,185,210
HD06,04/05/14,230,241,239,230,216,200,183,168,158,158,168,184,200,209,209,201,187,169,152,136,128,131,146,168
HD06,04/05/15,191,209,219,220,209,188,163,138,121,117,126,147,172,195,209,214,207,192,171,151,139,137,147,166
HD06,04/05/16,191,214,232,240,233,214,186,157,133,119,120,138,170,205,231,241,236,220,201,183,166,154,152,164
HD06,04/05/17,187,214,237,247,243,226,200,172,145,123,114,122,147,183,217,242,253,252,238,217,192,174,165,170
HD06,04/05/18,186,210,235,252,255,242,215,180,144,111,090,088,108,144,185,220,242,247,239,223,204,186,171,165
HD06,04/05/19,172,192,220,245,257,252,229,194,155,117,089,079,089,118,158,198,231,249,249,236,215,194,175,164
HD06,04/05/20,164,180,208,238,258,260,242,210,171,132,100,080,079,096,130,170,208,236,249,246,230,207,187,175
HD06,04/05/21,174,185,205,228,247,258,255,237,206,167,131,104,093,102,128,165,204,236,255,258,247,226,203,187
HD06,04/05/22,181,186,200,218,237,252,256,243,213,174,134,103,086,086,102,130,166,202,232,248,248,233,212,194
HD06,04/05/23,184,184,193,208,226,243,251,246,225,192,155,122,100,093,099,120,149,183,214,234,242,236,223,208
HD06,04/05/24,197,191,193,204,220,236,246,245,233,209,180,150,124,107,103,113,136,166,194,217,231,235,228,216
HD06,04/05/25,202,194,193,198,207,217,227,233,231,217,195,168,143,123,112,111,122,142,9999,9999,9999,9999,9999,9999
HD06,04/05/26,9999,9999,9999,9999,9999,9999,9999,9999,9999,9999,9999,9999,9999,9999,131,121,121,132,152,175,197,214,222,224
HD06,04/05/27,218,208,198,191,188,189,194,200,204,206,205,198,186,170,152,138,132,134,144,160,179,198,215,226
HD06,04/05/28,229,225,215,204,194,188,187,191,197,203,208,211,212,207,197,181,165,154,150,157,172,193,214,232
HD06,04/05/29,243,247,241,229,212,195,183,179,183,193,204,217,227,232,231,220,201,180,163,158,165,182,204,225
HD06,04/05/30,241,248,246,236,217,194,170,152,144,149,163,184,205,222,231,231,219,199,176,158,153,162,183,209
HD06,04/05/31,232,249,256,252,235,209,180,154,137,133,144,166,195,225,249,261,257,240,215,188,167,158,165,183
HD06,04/06/01,207,229,245,251,242,217,179,138,105,088,090,110,142,179,214,240,252,248,231,204,178,160,158,172
HD06,04/06/02,196,222,243,254,251,233,199,157,114,082,069,078,107,146,188,226,254,269,265,243,212,183,168,172
HD06,04/06/03,191,216,240,255,258,248,223,183,136,090,058,053,069,105,147,189,226,253,264,256,234,207,183,171
HD06,04/06/04,176,195,222,247,262,261,244,210,165,117,078,057,056,078,115,157,200,237,260,266,255,233,209,191
HD06,04/06/05,185,192,211,233,253,264,261,240,203,156,108,071,054,060,087,126,167,206,236,254,257,246,226,204
HD06,04/06/06,188,185,196,217,238,254,259,250,226,189,145,104,075,063,071,096,130,168,204,233,249,250,237,217
HD06,04/06/07,199,187,188,200,218,236,250,252,241,214,179,143,113,093,086,095,116,147,182,214,237,247,244,232
HD06,04/06/08,216,203,196,198,208,224,239,249,248,235,212,183,153,127,109,105,116,138,165,192,215,228,230,225
HD06,04/06/09,216,206,196,187,184,188,201,216,225,223,212,193,172,152,133,120,115,122,141,166,192,213,226,229
HD06,04/06/10,223,211,198,186,177,174,177,187,199,208,211,206,194,179,161,144,131,130,138,156,177,196,211,220
HD06,04/06/11,221,215,203,187,171,158,152,155,165,176,186,191,191,186,175,162,147,137,135,143,159,178,197,213
HD06,04/06/12,221,221,214,201,184,166,152,144,145,155,172,189,203,209,208,200,187,175,166,163,168,182,199,215
HD06,04/06/13,225,228,224,213,194,171,147,127,117,121,138,161,184,200,209,209,202,191,179,168,162,167,182,201
HD06,04/06/14,219,231,232,223,205,180,153,128,110,106,116,139,168,195,215,225,224,215,202,188,178,175,182,197
HD06,04/06/15,216,232,242,240,227,203,173,142,115,099,098,115,145,179,210,232,240,235,221,204,189,180,179,187
HD06,04/06/16,202,219,235,243,238,218,187,151,118,094,084,091,114,147,183,214,232,238,230,214,196,180,171,173
HD06,04/06/17,185,205,224,237,240,229,206,173,136,103,082,079,094,125,163,200,230,246,246,233,214,195,182,178
HD06,04/06/18,184,200,222,241,251,247,229,199,163,126,097,082,087,111,148,188,224,249,259,255,240,220,201,188
HD06,04/06/19,185,193,212,234,251,256,245,219,184,147,114,093,087,099,128,165,205,239,260,264,253,233,211,194
HD06,04/06/20,186,189,204,225,244,254,252,237,211,177,140,110,093,095,117,151,190,226,252,265,263,249,230,209
HD06,04/06/21,194,189,197,216,239,255,260,251,229,199,165,133,109,100,111,139,178,220,258,284,293,284,262,237
HD06,04/06/22,218,211,215,227,243,258,269,272,260,235,200,166,139,126,128,142,167,197,227,251,264,262,248,227
HD06,04/06/23,208,196,193,198,209,224,239,248,246,231,207,177,149,129,120,125,143,169,198,225,245,254,251,238
HD06,04/06/24,220,204,194,192,198,211,226,239,244,239,224,202,179,158,143,137,143,160,185,211,235,250,255,248
HD06,04/06/25,234,218,204,196,194,200,210,222,233,237,232,220,205,189,172,158,151,156,174,200,226,246,258,260
HD06,04/06/26,253,238,220,204,193,189,191,198,209,220,227,228,222,209,193,177,166,162,168,181,201,222,239,247
HD06,04/06/27,245,234,217,198,179,164,156,159,169,184,198,209,216,217,211,198,182,169,163,168,184,206,226,239
HD06,04/06/28,245,242,231,212,188,163,144,136,141,155,175,196,215,229,234,231,220,204,191,185,190,203,222,240
HD06,04/06/29,251,254,247,232,209,181,152,129,119,124,143,169,198,225,244,254,252,240,222,206,196,196,207,226
HD06,04/06/30,244,255,256,246,225,195,162,129,102,090,096,119,152,189,223,247,258,255,240,220,202,192,192,203
HD06,04/07/01,222,241,255,257,244,217,181,142,105,078,067,076,104,145,189,227,253,262,257,240,219,200,190,191
HD06,04/07/02,204,224,245,260,262,247,218,177,133,093,067,064,083,117,158,200,237,262,272,266,248,225,206,196
HD06,04/07/03,200,216,239,260,272,269,249,215,172,127,090,068,067,087,121,163,205,241,263,268,256,234,211,194
HD06,04/07/04,187,193,213,238,260,270,264,241,205,161,115,078,059,064,089,128,172,214,244,259,258,245,225,204
HD06,04/07/05,188,183,193,216,243,264,272,262,237,202,161,121,090,076,085,112,151,192,228,254,264,259,242,219
HD06,04/07/06,197,184,184,198,220,243,260,266,256,231,196,158,126,104,099,112,140,175,210,238,257,262,253,233
HD06,04/07/07,210,190,180,182,195,215,236,252,255,243,219,189,158,133,119,121,138,166,197,226,248,259,257,242
HD06,04/07/08,220,196,179,171,176,191,211,229,241,241,229,208,185,164,149,142,147,164,188,214,236,250,253,245
HD06,04/07/09,228,208,188,172,165,169,183,202,218,227,227,219,206,191,176,165,162,170,187,208,227,240,244,242
HD06,04/07/10,233,220,202,183,167,160,164,178,195,209,218,220,218,213,205,195,186,184,191,206,224,239,250,254
HD06,04/07/11,250,238,221,201,183,169,163,166,176,191,204,215,223,228,227,219,208,200,199,205,216,228,239,246
HD06,04/07/12,246,240,227,210,191,170,154,145,146,157,172,188,204,217,225,227,223,215,207,203,207,216,227,236
HD06,04/07/13,241,242,240,231,215,192,168,149,140,143,156,176,197,217,233,244,246,242,232,220,211,207,211,221
HD06,04/07/14,233,242,243,235,219,197,172,146,126,116,120,138,165,194,219,237,247,248,240,227,214,206,207,216
HD06,04/07/15,228,240,248,250,242,224,197,165,135,115,111,124,148,179,209,236,255,261,254,239,222,210,204,208
HD06,04/07/16,218,233,249,258,257,243,219,187,152,122,105,105,124,154,191,225,251,265,265,253,234,215,201,197
HD06,04/07/17,204,220,240,257,265,259,239,209,173,138,111,100,109,135,172,209,241,262,271,265,248,228,210,201
HD06,04/07/18,202,215,234,254,265,264,252,230,198,160,124,099,095,113,149,190,227,254,267,266,253,233,211,195
HD06,04/07/19,188,196,216,241,263,272,267,248,218,181,143,113,099,106,131,166,205,240,264,273,266,246,223,203
HD06,04/07/20,192,194,207,229,252,270,276,268,245,210,171,136,113,108,124,154,192,229,258,275,275,260,236,211
HD06,04/07/21,194,188,195,213,235,257,271,272,259,231,196,160,132,119,122,143,176,213,247,269,275,265,243,217
HD06,04/07/22,195,180,178,189,210,234,253,262,256,238,210,178,147,125,119,129,155,188,221,247,262,261,247,224
HD06,04/07/23,198,177,168,172,187,208,228,243,250,245,228,203,176,156,142,143,156,182,213,243,264,271,264,244
HD06,04/07/24,218,194,177,172,177,189,207,226,242,251,246,231,209,189,174,169,173,187,209,234,256,270,269,254
HD06,04/07/25,231,206,187,174,168,169,179,197,216,232,238,235,225,212,200,190,184,186,197,216,235,251,258,254
HD06,04/07/26,240,218,194,171,156,149,152,163,179,196,210,220,225,223,216,207,199,195,199,209,224,239,251,253
HD06,04/07/27,245,229,209,188,168,151,141,140,146,161,180,201,219,231,236,234,226,217,211,210,216,226,238,247
HD06,04/07/28,247,240,225,205,182,158,135,120,116,123,141,166,194,219,239,249,249,240,227,215,209,211,221,234
HD06,04/07/29,244,248,244,232,213,185,154,125,106,102,111,131,160,193,225,249,261,260,249,232,217,208,208,216
HD06,04/07/30,230,243,253,253,242,218,184,147,115,095,091,101,125,160,200,239,268,280,274,258,238,220,209,208
HD06,04/07/31,218,237,258,275,278,265,238,202,163,125,098,088,099,131,177,226,265,286,288,275,254,232,213,202
HD06,04/08/01,203,217,242,268,284,284,266,232,189,145,107,083,080,099,136,182,229,266,285,283,263,236,210,193
HD06,04/08/02,187,196,218,247,272,285,279,255,216,171,128,095,081,090,117,157,203,245,274,284,277,259,232,203
HD06,04/08/03,179,173,187,218,252,278,287,277,251,215,174,135,107,097,110,142,186,231,265,283,282,266,240,211
HD06,04/08/04,184,168,169,189,222,254,275,278,265,237,201,164,132,113,115,135,169,206,238,260,266,257,235,205
HD06,04/08/05,175,155,150,162,187,218,245,260,259,243,216,188,163,145,136,142,162,193,227,253,263,256,237,211
HD06,04/08/06,185,163,150,151,165,190,218,241,252,246,227,202,181,167,159,159,169,190,217,243,257,257,242,220
HD06,04/08/07,195,173,158,152,158,174,196,219,234,238,232,219,204,190,182,181,186,197,213,231,248,256,253,237
HD06,04/08/08,213,188,168,156,154,161,175,192,207,218,223,222,215,205,196,191,193,202,214,229,241,247,245,236
HD06,04/08/09,220,202,184,169,157,152,155,167,183,197,207,212,213,213,213,215,217,219,223,229,237,244,247,243
HD06,04/08/10,233,219,205,191,176,163,154,154,162,175,189,202,212,220,226,229,230,227,224,222,224,230,237,239
HD06,04/08/11,236,227,216,204,189,172,154,141,137,144,160,179,197,211,221,229,234,232,225,216,210,209,215,223
HD06,04/08/12,229,228,223,216,203,185,163,141,128,126,137,156,180,205,228,246,255,254,245,232,219,212,211,217
HD06,04/08/13,226,236,241,241,232,213,187,159,136,123,123,137,162,192,222,246,260,261,252,236,221,211,207,209
HD06,04/08/14,217,230,246,257,256,241,213,179,147,124,113,118,137,167,201,234,258,267,261,244,223,206,196,197
HD06,04/08/15,207,224,245,261,268,258,233,195,156,124,106,104,114,136,168,207,242,263,265,249,224,200,184,180
HD06,04/08/16,187,205,229,252,267,269,256,229,192,152,120,102,104,126,163,203,240,265,275,266,245,217,193,177
HD06,04/08/17,176,188,211,238,261,274,270,248,211,167,128,102,094,106,137,178,220,253,269,267,248,220,192,172
HD06,04/08/18,165,173,193,219,9999,9999,9999,9999,9999,205,163,131,112,113,135,172,216,256,280,285,272,247,217,188
HD06,04/08/19,165,157,168,197,233,262,277,273,255,225,189,155,131,123,134,163,202,243,275,290,285,265,235,204
HD06,04/08/20,179,167,172,192,220,249,273,286,284,265,233,196,163,143,142,159,189,224,252,267,267,253,225,192
HD06,04/08/21,160,138,133,143,167,197,225,244,254,245,223,195,169,151,145,155,176,205,235,258,266,257,234,204
HD06,04/08/22,175,151,138,137,150,172,199,224,241,246,238,219,198,179,169,169,179,199,224,246,257,254,239,216
HD06,04/08/23,188,162,142,132,133,143,161,181,201,216,222,218,208,197,188,185,189,201,215,231,245,253,250,234
HD06,04/08/24,209,183,162,152,151,152,155,164,183,207,228,240,243,241,237,233,229,225,225,231,241,251,254,246
HD06,04/08/25,229,208,189,172,155,142,134,136,147,164,183,200,214,223,230,233,233,230,224,220,222,229,237,239
HD06,04/08/26,234,224,210,194,176,156,138,125,123,131,148,171,196,219,238,250,254,250,242,232,224,222,225,232
HD06,04/08/27,241,246,244,233,214,190,164,140,123,116,120,136,162,195,227,252,263,261,247,227,210,200,200,208
HD06,04/08/28,221,235,246,249,238,215,183,149,121,103,097,103,123,156,196,234,258,265,255,235,212,194,184,185
HD06,04/08/29,197,218,241,257,259,245,217,179,138,104,084,083,101,132,171,211,243,262,263,246,219,192,172,167
HD06,04/08/30,177,201,230,256,271,270,250,216,175,135,104,091,097,121,159,203,245,272,278,264,238,209,186,174
HD06,04/08/31,177,195,227,262,292,311,312,295,261,218,172,136,122,133,164,207,251,284,298,290,266,232,197,168
HD06,04/09/01,153,157,182,221,260,285,290,273,241,200,159,126,110,115,141,180,222,257,276,275,257,227,192,159
HD06,04/09/02,136,131,147,181,221,255,272,270,251,221,185,151,127,121,137,168,206,240,263,268,255,228,193,157
HD06,04/09/03,128,113,120,145,182,218,245,256,250,231,202,172,148,138,145,167,196,226,249,261,258,240,211,176
HD06,04/09/04,144,124,123,139,166,197,224,243,249,243,225,201,178,164,162,176,198,225,246,258,258,245,220,188
HD06,04/09/05,153,131,127,135,151,174,197,218,234,237,231,215,197,184,179,183,196,215,235,248,251,244,226,202
HD06,04/09/06,177,151,134,129,139,154,175,195,211,220,220,215,206,199,196,198,206,219,231,240,245,244,234,217
HD06,04/09/07,9999,9999,9999,9999,9999,9999,9999,9999,9999,214,222,226,223,221,221,224,228,233,237,243,248,254,256,252
HD06,04/09/08,242,227,213,203,199,198,198,199,201,204,210,219,228,234,236,234,233,232,232,232,232,233,233,229
HD06,04/09/09,222,213,199,188,174,159,145,138,139,148,164,180,195,207,216,221,223,221,216,209,204,204,209,213
HD06,04/09/10,214,212,206,199,185,166,146,129,121,124,136,151,176,201,218,229,233,230,220,207,197,192,193,200
HD06,04/09/11,207,211,215,214,206,187,161,135,114,105,111,131,155,182,208,232,244,242,231,212,195,183,181,187
HD06,04/09/12,201,216,228,235,232,219,194,162,134,111,103,115,141,174,208,238,256,258,245,222,199,180,170,172
HD06,04/09/13,186,208,231,249,254,247,221,188,152,122,107,107,126,161,204,239,262,270,260,239,212,186,168,164
HD06,04/09/14,175,198,230,256,272,275,257,228,190,153,124,111,120,149,191,231,262,277,272,252,222,188,158,142
HD06,04/09/15,141,163,199,237,264,273,261,230,197,158,126,104,102,119,155,198,239,264,268,250,217,181,148,127
HD06,04/09/16,120,133,165,204,238,264,270,256,223,185,146,119,110,122,150,193,234,264,277,268,242,205,169,139
HD06,04/09/17,121,120,143,182,224,258,276,272,253,224,186,152,132,130,146,181,223,256,276,274,252,220,183,147
HD06,04/09/18,120,110,123,156,198,238,264,273,265,244,216,183,159,147,149,176,212,247,272,276,261,229,196,159
HD06,04/09/19,130,114,114,131,167,205,241,264,270,261,241,217,194,177,174,186,210,241,263,271,264,243,213,178
HD06,04/09/20,146,123,115,120,140,169,200,228,243,246,237,221,204,192,187,193,210,229,249,261,262,250,229,199
HD06,04/09/21,167,140,122,120,133,152,173,194,213,228,234,233,227,221,218,219,225,233,244,254,259,255,241,220
HD06,04/09/22,195,169,148,136,133,139,152,170,191,209,223,232,237,237,235,232,230,231,235,238,240,239,234,223
HD06,04/09/23,208,191,174,158,145,137,138,144,155,168,183,197,214,227,235,235,229,222,217,214,214,216,218,220
HD06,04/09/24,220,216,207,192,175,156,141,132,131,137,150,172,196,219,237,246,245,235,221,207,198,195,199,207
HD06,04/09/25,221,229,232,228,213,193,168,145,129,122,130,146,173,203,236,259,265,256,237,212,192,182,183,193
HD06,04/09/26,209,231,245,252,245,228,197,164,134,114,108,123,149,185,223,253,270,270,252,223,194,173,164,171
HD06,04/09/27,190,216,240,259,267,258,233,197,157,126,109,115,9999,9999,9999,9999,9999,9999,9999,9999,9999,9999,9999,9999
HD06,04/09/28,9999,9999,9999,9999,9999,9999,9999,9999,9999,9999,9999,9999,9999,9999,9999,9999,9999,9999,9999,9999,9999,9999,9999,9999
HD06,04/09/29,9999,9999,9999,9999,9999,9999,9999,9999,9999,9999,9999,9999,9999,9999,9999,9999,9999,9999,9999,9999,9999,9999,9999,9999
HD06,04/09/30,9999,9999,9999,9999,9999,9999,9999,9999,9999,9999,9999,9999,9999,9999,9999,9999,9999,9999,9999,9999,9999,9999,9999,9999
HD06,04/10/01,9999,9999,9999,9999,9999,9999,9999,9999,9999,9999,9999,9999,9999,9999,9999,9999,9999,9999,9999,9999,9999,9999,9999,9999
HD06,04/10/02,9999,9999,9999,9999,9999,9999,9999,9999,9999,9999,9999,9999,9999,9999,9999,9999,9999,9999,9999,9999,9999,9999,9999,9999
HD06,04/10/03,9999,9999,9999,9999,9999,9999,9999,9999,9999,9999,9999,9999,9999,9999,9999,9999,9999,9999,9999,9999,9999,9999,9999,9999
HD06,04/10/04,9999,9999,9999,9999,9999,9999,9999,9999,9999,9999,9999,9999,9999,9999,9999,9999,9999,9999,9999,9999,9999,9999,9999,9999
HD06,04/10/05,9999,9999,9999,9999,9999,9999,9999,9999,9999,9999,9999,9999,9999,9999,9999,9999,9999,9999,9999,9999,9999,9999,9999,9999
HD06,04/10/06,9999,9999,9999,9999,9999,9999,9999,9999,9999,9999,9999,9999,9999,9999,9999,9999,9999,9999,9999,9999,9999,9999,9999,9999
HD06,04/10/07,9999,9999,9999,9999,9999,9999,9999,9999,9999,9999,9999,9999,9999,9999,9999,9999,229,228,227,225,224,223,221,217
HD06,04/10/08,210,200,189,177,166,157,152,152,160,172,187,201,213,223,230,233,231,224,215,208,204,204,204,206
HD06,04/10/09,210,212,210,201,189,173,160,151,150,156,170,189,210,227,239,248,243,243,241,231,206,184,189,204
HD06,04/10/10,224,232,231,220,206,190,171,150,134,130,140,162,190,216,236,246,246,238,222,203,186,177,178,190
HD06,04/10/11,207,225,239,244,238,221,197,171,148,134,134,150,178,212,242,260,265,257,238,212,185,164,155,162
HD06,04/10/12,182,210,236,252,254,240,217,187,158,133,122,128,153,191,230,257,267,260,240,214,185,158,141,141
HD06,04/10/13,160,194,232,261,274,268,247,217,185,155,133,126,140,173,215,253,273,271,250,218,184,154,133,123
HD06,04/10/14,130,156,197,239,269,278,267,241,209,176,147,130,133,158,198,240,270,278,263,231,192,155,126,109
HD06,04/10/15,108,126,163,209,251,275,276,255,222,186,156,138,137,152,181,219,253,274,270,242,199,155,120,098
HD06,04/10/16,093,105,133,174,218,255,274,273,255,225,192,162,146,149,173,209,246,268,269,250,217,178,139,108
HD06,04/10/17,089,088,106,142,185,225,253,264,259,239,211,182,161,156,169,197,231,258,268,259,235,200,162,125
HD06,04/10/18,096,082,090,116,153,192,225,247,256,252,236,211,187,174,177,197,225,250,261,258,244,220,189,153
HD06,04/10/19,120,097,092,106,131,161,189,214,233,243,241,229,214,203,201,210,225,241,254,259,252,233,207,176
HD06,04/10/20,147,124,112,112,124,142,164,187,207,224,232,232,227,222,220,222,228,235,245,257,265,268,266,258
HD06,04/10/21,235,199,168,155,161,172,175,172,177,190,211,230,241,240,230,222,220,224,229,230,227,224,221,217
HD06,04/10/22,209,197,181,165,154,149,151,159,171,187,205,223,240,255,262,259,250,237,226,220,218,219,221,222
HD06,04/10/23,222,220,213,197,177,157,143,137,138,146,159,179,203,224,239,242,234,218,198,181,172,171,178,191
HD06,04/10/24,205,216,220,217,204,184,160,139,125,124,137,160,187,215,237,249,247,231,205,177,156,148,154,170
HD06,04/10/25,192,213,229,234,226,205,177,150,130,124,130,149,176,207,236,255,259,246,219,187,156,134,130,144
HD06,04/10/26,172,205,233,249,252,241,219,190,159,138,133,146,175,210,243,265,274,267,246,214,178,146,129,131
HD06,04/10/27,155,192,231,260,273,269,250,221,187,157,139,139,157,188,222,250,264,261,239,203,162,127,106,105
HD06,04/10/28,123,156,196,235,264,275,268,245,213,181,155,145,153,180,215,247,267,270,255,226,186,144,109,091
HD06,04/10/29,099,130,174,216,246,263,267,257,235,204,173,153,152,172,205,238,260,267,257,231,196,157,120,094
HD06,04/10/30,087,103,137,181,220,248,260,259,246,222,193,168,157,166,194,227,253,265,260,240,210,175,139,110
HD06,04/10/31,094,098,123,162,202,234,252,259,256,241,218,195,179,180,198,226,252,266,267,255,232,199,163,129
HD06,04/11/01,107,104,120,152,190,224,247,259,260,251,236,217,201,195,202,221,245,266,273,264,246,220,191,160
HD06,04/11/02,133,119,124,145,176,209,236,253,259,255,242,226,211,201,200,212,230,247,255,251,238,218,195,170
HD06,04/11/03,146,128,122,132,154,181,207,226,237,240,235,225,215,207,207,214,225,237,245,249,245,236,220,200
HD06,04/11/04,177,154,138,134,143,162,184,203,216,224,225,222,216,210,208,209,214,219,224,225,223,216,204,190
HD06,04/11/05,174,159,146,139,138,144,157,175,196,212,222,224,221,217,216,215,214,211,209,209,212,215,214,208
HD06,04/11/06,198,186,173,161,152,148,151,161,176,194,211,223,229,231,231,229,224,216,207,200,199,202,208,212
HD06,04/11/07,211,205,196,184,170,157,147,146,153,168,187,204,219,228,232,229,219,203,187,174,169,172,182,193
HD06,04/11/08,204,210,211,205,191,171,152,141,140,150,167,188,209,226,237,238,229,211,187,165,151,150,160,178
HD06,04/11/09,198,215,226,227,219,200,176,154,140,140,154,178,205,228,244,250,243,225,197,166,141,129,133,154
HD06,04/11/10,182,210,232,242,240,226,202,173,149,136,138,155,183,214,241,255,251,232,200,164,132,110,105,121
HD06,04/11/11,152,189,223,247,257,252,233,204,172,147,137,147,173,208,240,260,264,250,221,183,144,112,097,103
HD06,04/11/12,130,172,221,264,288,289,275,254,227,195,168,157,170,201,239,269,281,271,244,204,160,118,089,079
HD06,04/11/13,092,125,168,212,245,264,266,254,229,197,166,148,150,172,206,239,260,261,242,208,167,125,089,068
HD06,04/11/14,069,092,131,179,223,255,272,271,255,229,199,174,163,173,201,235,261,270,261,236,200,158,116,083
HD06,04/11/15,068,075,104,147,193,232,260,274,272,258,237,215,200,198,212,239,268,286,287,269,239,202,163,126
HD06,04/11/16,098,087,096,121,158,197,229,250,259,256,245,229,213,203,203,216,237,258,268,262,242,212,177,143
HD06,04/11/17,113,092,085,095,120,152,184,210,227,234,233,224,213,203,199,204,215,229,241,244,237,217,190,160
HD06,04/11/18,132,110,097,095,105,123,148,175,200,218,224,222,216,209,205,204,206,212,219,225,227,223,211,191
HD06,04/11/19,169,148,133,125,125,133,146,164,186,208,224,232,231,225,219,214,211,208,207,210,216,220,220,214
HD06,04/11/20,202,185,168,153,143,140,143,153,169,188,209,225,234,237,236,229,219,206,194,190,194,203,212,215
HD06,04/11/21,214,209,200,189,173,156,145,145,156,174,192,208,220,228,233,230,218,197,173,157,154,164,180,194
HD06,04/11/22,202,203,201,197,189,174,155,140,137,147,166,188,207,220,226,226,216,196,169,144,130,130,144,164
HD06,04/11/23,185,201,210,212,204,188,170,153,144,146,159,178,199,218,230,233,223,201,170,137,112,103,113,136
HD06,04/11/24,163,188,206,218,221,213,195,173,156,149,153,167,188,211,231,241,237,216,183,146,114,097,097,112
HD06,04/11/25,137,168,198,223,235,233,219,199,178,162,156,163,182,208,232,246,245,227,197,160,122,093,080,086
HD06,04/11/26,109,142,179,214,238,247,238,217,192,173,165,169,182,203,227,249,261,255,232,195,154,121,104,107
HD06,04/11/27,130,165,204,239,266,278,275,258,231,205,188,183,190,206,227,249,264,264,245,209,164,121,090,077
HD06,04/11/28,083,107,143,183,219,243,251,246,229,205,183,169,170,184,209,234,252,257,246,220,183,142,106,082
HD06,04/11/29,076,090,121,161,201,233,252,254,242,223,203,188,181,186,200,221,243,257,256,236,204,166,129,102
HD06,04/11/30,089,092,112,144,183,219,246,257,254,239,218,198,183,180,190,210,233,251,254,241,216,183,150,120
HD06,04/12/01,099,090,099,125,159,195,224,240,243,236,223,208,195,187,188,199,217,236,246,243,225,200,171,143
HD06,04/12/02,120,105,102,114,139,170,200,222,232,229,218,203,192,185,185,191,201,215,226,230,224,206,180,152
HD06,04/12/03,128,112,106,110,124,143,167,192,214,226,224,212,199,190,190,196,205,214,221,227,229,222,208,189
HD06,04/12/04,168,151,139,136,141,153,171,194,217,235,243,240,231,221,214,211,210,213,219,225,230,231,228,221
HD06,04/12/05,212,198,183,181,194,219,254,279,285,261,9999,9999,9999,9999,9999,9999,9999,9999,9999,9999,9999,9999,9999,9999
HD06,04/12/06,9999,9999,9999,9999,9999,9999,9999,9999,9999,9999,9999,9999,9999,9999,9999,9999,9999,9999,9999,9999,9999,9999,9999,9999
HD06,04/12/07,9999,9999,9999,9999,9999,9999,9999,9999,9999,9999,9999,9999,9999,9999,242,231,216,198,181,167,161,166,180,200
HD06,04/12/08,218,231,234,229,216,198,179,166,164,174,192,213,230,240,241,229,214,189,162,136,118,115,128,154
HD06,04/12/09,182,206,222,227,223,209,188,166,153,149,163,185,208,226,235,230,217,193,162,130,104,091,095,116
HD06,04/12/10,150,187,220,241,247,240,223,203,186,175,175,187,209,235,257,263,254,229,194,153,116,090,083,093
HD06,04/12/11,122,161,203,238,258,261,251,230,206,187,176,179,193,216,239,254,254,238,206,163,117,078,056,053
HD06,04/12/12,079,112,155,198,235,257,262,250,228,204,185,178,185,204,228,252,265,263,241,204,157,112,078,061
HD06,04/12/13,071,095,135,181,226,261,278,276,263,242,219,201,193,204,223,250,272,278,263,229,186,140,100,072
HD06,04/12/14,060,067,092,130,175,218,250,264,261,243,223,204,192,191,203,225,250,267,267,249,216,175,134,098
HD06,04/12/15,072,063,074,104,144,187,223,246,255,251,239,221,204,192,193,209,233,255,265,258,239,212,179,145
HD06,04/12/16,112,090,085,101,132,170,208,237,255,262,256,242,226,213,207,210,224,243,258,261,246,222,198,173
HD06,04/12/17,147,120,099,094,108,137,171,204,228,241,242,236,225,211,200,194,199,210,224,236,239,232,221,204
HD06,04/12/18,181,156,135,126,131,146,167,191,215,235,248,249,240,224,208,197,193,195,202,210,218,223,226,217
HD06,04/12/19,205,188,168,153,147,152,164,180,198,216,231,239,239,227,211,194,180,171,172,176,185,196,207,215
HD06,04/12/20,215,208,196,181,170,165,171,183,200,218,235,246,252,245,236,222,206,191,180,175,182,193,209,223
HD06,04/12/21,229,224,218,212,205,196,187,185,193,208,226,239,246,244,236,224,208,189,170,153,147,153,169,189
HD06,04/12/22,206,218,225,227,225,217,206,199,199,208,223,239,251,256,253,244,231,210,184,157,138,135,149,172
HD06,04/12/23,197,217,233,243,246,241,229,214,205,206,216,230,241,249,254,250,238,216,185,152,124,108,117,137
HD06,04/12/24,164,191,215,232,242,244,234,220,206,197,198,209,224,239,250,252,245,227,200,166,133,109,101,114
HD06,04/12/25,141,174,205,230,247,255,250,236,219,206,201,205,217,233,249,260,261,249,224,188,150,120,104,106
HD06,04/12/26,125,155,188,220,245,260,263,253,236,218,205,201,203,213,230,251,264,261,238,200,158,120,096,089
HD06,04/12/27,099,122,155,193,229,253,261,254,236,216,201,196,198,209,227,248,266,270,256,225,184,141,107,090
HD06,04/12/28,087,102,130,167,205,236,252,252,239,219,201,189,185,193,209,231,252,264,258,235,199,159,123,099
HD06,04/12/29,087,094,112,145,186,223,247,258,254,233,213,198,185,188,199,219,243,262,265,255,228,194,158,126
HD06,04/12/30,105,095,103,130,167,206,239,252,253,237,217,197,183,176,182,196,217,239,249,246,225,195,164,133
HD06,04/12/31,109,096,094,115,148,186,220,242,251,249,231,212,197,189,189,196,212,235,256,263,251,227,198,170
