HD06,96/01/01,204,210,214,212,208,201,195,190,190,194,204,218,228,229,223,208,191,166,143,120,107,108,123,142
HD06,96/01/02,166,181,195,204,204,195,183,172,167,169,179,193,207,215,218,215,203,182,151,122,098,086,097,117
HD06,96/01/03,145,170,195,214,220,218,203,191,180,175,178,188,206,225,249,258,250,226,187,156,127,114,112,123
HD06,96/01/04,143,163,192,215,235,238,226,208,184,171,165,173,188,204,220,232,235,224,195,157,116,085,068,073
HD06,96/01/05,097,127,165,197,222,232,226,212,189,172,158,158,168,190,214,235,245,241,218,182,140,105,079,069
HD06,96/01/06,081,107,145,182,213,229,230,218,202,178,159,147,148,165,193,220,236,237,220,191,153,113,082,060
HD06,96/01/07,057,076,114,157,196,222,229,224,208,186,162,143,137,146,170,202,228,240,233,209,174,138,106,080
HD06,96/01/08,070,078,106,149,192,225,243,250,237,222,203,187,178,180,200,225,257,271,264,239,213,188,161,126
HD06,96/01/09,091,073,090,135,187,221,240,242,234,218,202,177,160,156,166,185,213,230,242,242,226,199,169,140
HD06,96/01/10,112,104,109,137,169,203,227,243,243,231,213,189,169,155,154,169,192,219,235,240,226,204,174,149
HD06,96/01/11,123,108,102,117,143,182,216,239,245,233,210,187,165,149,142,147,164,189,208,218,213,200,180,158
HD06,96/01/12,133,111,097,102,121,155,184,213,225,225,211,187,164,143,136,132,142,156,177,191,197,193,182,168
HD06,96/01/13,151,133,117,110,118,139,164,192,211,219,214,197,178,158,142,132,131,140,152,167,180,184,189,181
HD06,96/01/14,172,156,141,133,135,143,159,180,203,216,223,214,198,179,164,152,144,140,139,146,159,178,189,198
HD06,96/01/15,195,187,179,174,173,169,174,182,199,216,229,233,225,210,190,175,159,150,143,139,146,157,175,192
HD06,96/01/16,209,216,220,221,216,207,189,175,178,198,224,237,236,220,202,190,175,158,133,113,102,110,131,159
HD06,96/01/17,182,194,202,204,206,202,188,177,170,174,189,209,224,227,221,209,189,167,138,110,090,083,096,121
HD06,96/01/18,154,186,212,226,230,223,208,192,177,171,176,193,215,231,240,237,225,200,164,124,086,066,067,086
HD06,96/01/19,116,153,189,221,239,242,227,207,182,165,158,167,187,214,236,249,244,227,195,153,110,076,058,061
HD06,96/01/20,085,123,165,209,243,257,254,234,208,179,162,155,169,196,228,255,266,260,233,194,143,102,066,055
HD06,96/01/21,062,094,134,181,224,252,262,251,226,193,164,145,145,162,198,230,259,267,255,221,179,130,089,061
HD06,96/01/22,054,067,102,148,192,232,253,258,237,209,173,148,135,140,167,202,239,263,268,248,218,172,133,095
HD06,96/01/23,076,076,097,136,182,224,254,268,258,238,204,173,146,138,148,181,219,252,270,263,240,203,165,127
HD06,96/01/24,101,088,095,122,161,202,234,254,258,242,215,186,156,138,138,158,193,230,251,252,233,205,180,156
HD06,96/01/25,131,105,094,109,139,183,220,243,250,241,221,196,172,144,132,136,161,195,226,242,241,229,211,191
HD06,96/01/26,168,143,128,128,142,169,201,226,243,241,226,206,177,155,137,130,133,148,170,189,201,204,196,183
HD06,96/01/27,166,146,135,133,142,160,185,209,225,231,222,208,186,166,146,134,130,135,148,164,180,189,191,186
HD06,96/01/28,176,166,157,154,157,164,179,196,212,223,223,217,205,188,170,154,141,135,137,148,159,172,183,192
HD06,96/01/29,192,188,183,180,178,182,188,198,209,220,226,226,219,208,195,183,167,153,140,133,137,149,166,181
HD06,96/01/30,190,195,196,195,193,189,186,187,197,208,219,227,231,227,214,202,179,156,136,124,118,122,134,154
HD06,96/01/31,174,192,204,207,204,197,190,181,180,182,193,202,212,216,218,212,199,181,153,127,110,107,119,143
HD06,96/02/01,172,194,208,218,222,219,217,209,198,185,176,180,197,218,234,234,220,196,170,138,116,098,100,115
HD06,96/02/02,144,173,203,221,234,229,222,204,191,174,165,168,188,217,238,244,234,211,187,155,125,099,083,087
HD06,96/02/03,110,147,184,215,232,233,224,210,193,176,165,162,174,195,220,241,247,239,213,177,135,099,078,077
HD06,96/02/04,093,122,156,188,216,230,229,211,189,163,144,135,144,165,195,223,241,242,223,192,154,116,084,071
HD06,96/02/05,077,101,138,179,213,235,241,227,205,174,153,138,140,155,186,220,249,264,257,232,190,149,115,093
HD06,96/02/06,088,106,135,176,215,244,259,252,226,195,168,146,141,146,171,198,230,248,254,236,207,166,127,095
HD06,96/02/07,081,083,106,145,187,222,238,238,221,194,163,134,118,117,134,165,199,228,241,235,211,177,139,105
HD06,96/02/08,085,078,093,127,166,204,233,244,234,208,175,144,122,119,127,151,180,215,236,244,230,205,174,142
HD06,96/02/09,119,106,111,136,171,211,245,261,260,239,208,177,153,138,136,149,172,203,232,245,243,225,198,168
HD06,96/02/10,143,124,119,131,159,192,222,244,249,242,216,187,157,135,125,131,149,173,196,213,223,220,207,187
HD06,96/02/11,159,141,128,133,149,177,201,224,236,237,221,196,167,143,128,126,134,151,169,187,201,210,210,201
HD06,96/02/12,184,166,151,148,153,170,189,211,226,231,226,207,187,163,147,134,133,137,146,158,172,186,194,198
HD06,96/02/13,195,188,177,173,170,177,186,199,215,226,228,220,210,187,170,151,142,134,134,138,147,161,180,194
HD06,96/02/14,204,207,202,198,192,189,189,195,201,213,220,223,224,213,200,182,163,144,130,119,122,131,149,173
HD06,96/02/15,194,212,220,221,215,208,197,191,191,199,207,215,220,222,218,211,191,164,132,108,094,096,107,130
HD06,96/02/16,157,186,213,229,230,216,201,183,173,169,174,183,200,216,228,226,210,183,149,115,087,074,074,093
HD06,96/02/17,120,156,191,221,236,235,217,193,169,152,146,153,172,199,222,235,235,215,182,141,099,071,055,061
HD06,96/02/18,084,124,161,201,227,236,225,204,175,150,130,127,143,174,207,237,248,242,215,177,130,087,058,051
HD06,96/02/19,065,099,140,182,217,238,239,221,188,152,121,106,112,139,176,213,239,248,235,206,163,115,075,052
HD06,96/02/20,049,070,108,155,197,229,240,231,201,166,124,098,091,108,140,183,220,247,249,231,191,148,104,073
HD06,96/02/21,061,069,100,139,186,220,246,246,226,190,147,112,096,097,119,157,197,232,248,245,216,177,136,102
HD06,96/02/22,081,078,094,127,167,208,234,242,230,201,164,127,101,090,098,127,163,200,227,236,227,199,164,130
HD06,96/02/23,104,093,101,124,159,193,222,236,233,213,182,144,112,093,090,107,137,172,203,222,222,207,181,150
HD06,96/02/24,126,110,110,121,145,174,203,221,227,212,188,155,125,100,090,090,110,137,164,187,196,195,177,158
HD06,96/02/25,138,128,121,129,142,161,185,203,216,212,199,172,148,121,107,101,110,125,148,167,184,190,188,178
HD06,96/02/26,166,154,151,152,165,179,194,204,214,216,214,195,173,155,134,123,118,123,133,145,158,171,179,182
HD06,96/02/27,178,174,166,164,167,177,188,196,207,213,214,206,196,182,168,151,140,136,135,143,150,158,166,174
HD06,96/02/28,182,186,185,182,176,173,171,178,182,188,189,187,185,181,173,161,145,129,115,110,112,124,137,150
HD06,96/02/29,161,173,179,183,182,177,169,166,162,167,173,180,185,188,186,179,165,150,130,110,101,105,121,143
HD06,96/03/01,162,182,196,204,208,203,194,181,176,175,183,189,200,207,216,218,213,196,167,136,109,099,106,131
HD06,96/03/02,154,181,198,210,212,210,199,183,165,153,150,158,176,196,212,216,213,199,175,141,109,085,080,096
HD06,96/03/03,126,160,189,209,219,218,204,186,164,144,130,133,150,177,202,219,225,215,191,158,119,088,072,076
HD06,96/03/04,100,134,171,202,221,225,216,194,167,141,126,124,138,166,196,226,241,240,221,188,148,111,087,080
HD06,96/03/05,093,120,159,192,222,234,227,201,170,138,118,105,110,132,164,201,227,236,227,199,162,122,089,069
HD06,96/03/06,070,090,127,170,208,230,231,215,182,150,118,098,094,111,143,183,217,242,243,223,188,150,111,086
HD06,96/03/07,080,093,123,162,198,226,237,229,202,164,124,096,084,099,125,162,197,227,239,235,211,178,138,105
HD06,96/03/08,088,091,117,156,195,228,245,245,224,192,154,121,099,101,119,153,193,226,249,253,241,213,179,144
HD06,96/03/09,118,109,125,158,193,226,244,252,241,215,178,140,108,094,101,127,162,196,223,235,234,220,196,165
HD06,96/03/10,137,120,121,142,171,203,228,243,237,220,187,154,119,099,092,105,131,165,193,214,221,217,203,184
HD06,96/03/11,163,143,136,141,162,190,218,235,238,226,206,177,148,125,108,110,122,149,179,205,218,225,218,204
HD06,96/03/12,184,171,160,155,165,180,198,216,220,219,206,188,164,138,115,103,100,113,131,147,162,174,181,187
HD06,96/03/13,183,177,167,156,156,164,176,192,200,204,199,190,177,161,140,121,106,099,108,122,137,150,164,176
HD06,96/03/14,190,194,195,185,174,170,170,179,186,193,193,193,191,185,174,155,137,117,109,105,113,124,140,159
HD06,96/03/15,179,196,206,208,198,189,174,169,165,174,180,194,204,208,206,196,180,160,142,122,112,117,132,148
HD06,96/03/16,172,195,220,231,228,212,191,169,151,150,154,172,187,203,214,213,198,178,145,114,089,081,087,107
HD06,96/03/17,139,172,203,229,242,235,214,184,156,141,143,162,189,218,239,248,249,234,205,166,127,102,095,107
HD06,96/03/18,135,169,205,236,255,252,231,199,164,135,118,122,140,178,213,241,248,244,218,178,136,098,078,074
HD06,96/03/19,093,123,166,204,236,243,229,200,161,124,099,090,100,133,173,212,243,251,237,204,161,119,088,074
HD06,96/03/20,081,104,139,178,213,233,234,210,171,128,090,070,070,094,129,173,209,235,239,218,182,142,104,082
HD06,96/03/21,080,096,128,164,202,228,233,224,190,150,103,070,059,071,104,146,187,222,237,234,209,176,140,111
HD06,96/03/22,099,105,128,164,199,229,245,245,223,187,143,107,083,085,103,138,178,217,240,248,232,204,169,140
HD06,96/03/23,122,114,128,152,184,211,233,236,221,187,149,114,083,070,074,095,129,166,195,211,210,195,169,144
HD06,96/03/24,122,114,117,135,162,189,211,217,214,191,163,128,099,079,074,087,112,143,173,196,206,203,184,166
HD06,96/03/25,145,137,137,153,168,190,210,228,233,223,197,168,139,119,110,110,122,142,166,189,204,206,201,184
HD06,96/03/26,170,158,156,159,168,179,195,207,215,209,192,171,145,128,112,103,106,119,137,155,174,182,185,181
HD06,96/03/27,172,163,160,154,160,167,176,185,194,194,186,173,159,143,129,116,112,112,122,134,149,162,175,178
HD06,96/03/28,179,174,172,168,170,168,170,173,178,184,184,181,174,165,153,142,129,119,115,118,124,139,153,166
HD06,96/03/29,175,178,178,178,174,168,161,157,161,166,173,176,178,178,173,165,152,137,122,115,117,126,144,160
HD06,96/03/30,174,189,197,201,195,186,177,166,165,165,171,180,192,200,207,210,201,184,162,142,138,147,168,184
HD06,96/03/31,202,214,232,241,234,222,198,175,159,151,154,166,183,202,216,218,213,193,171,141,121,107,113,128
HD06,96/04/01,155,184,212,223,224,212,191,167,147,130,130,139,161,186,209,224,223,208,185,156,128,105,096,108
HD06,96/04/02,133,171,204,229,239,227,206,178,152,129,116,116,135,168,202,229,240,237,212,184,146,121,105,107
HD06,96/04/03,125,157,194,227,243,241,223,191,160,126,106,098,114,141,182,216,240,248,233,203,166,131,106,095
HD06,96/04/04,104,130,169,206,233,240,227,199,162,121,091,076,083,108,146,186,223,243,245,222,189,149,117,098
HD06,96/04/05,096,112,145,186,223,244,238,214,173,134,096,075,069,086,118,159,200,232,245,237,209,173,138,113
HD06,96/04/06,101,110,134,171,207,237,244,230,196,155,116,085,070,073,093,129,174,214,240,245,228,201,169,141
HD06,96/04/07,122,119,134,168,203,235,249,243,218,183,141,104,077,069,081,111,150,189,220,238,239,221,195,166
HD06,96/04/08,145,135,142,162,190,218,240,245,234,204,167,127,096,078,077,092,122,156,188,213,224,222,206,181
HD06,96/04/09,161,147,146,157,174,198,217,233,231,216,185,152,117,094,084,088,103,129,158,183,204,211,209,197
HD06,96/04/10,184,170,163,158,165,177,198,214,220,216,196,174,146,124,104,096,094,108,127,154,173,189,198,197
HD06,96/04/11,198,188,181,169,167,168,180,192,203,205,199,188,171,155,135,121,108,108,116,130,146,161,177,192
HD06,96/04/12,204,205,200,183,172,166,168,176,181,186,188,189,186,175,161,142,125,111,103,103,112,127,149,170
HD06,96/04/13,190,201,204,197,184,167,152,146,145,153,164,173,182,186,185,175,154,133,111,100,099,107,125,146
HD06,96/04/14,171,192,207,209,197,176,152,133,124,127,140,156,177,194,204,203,192,168,143,121,105,104,111,134
HD06,96/04/15,160,189,214,224,217,197,170,141,121,107,112,127,154,186,212,226,221,202,175,145,119,105,104,122
HD06,96/04/16,147,182,210,232,236,224,196,164,129,108,101,114,139,180,214,239,251,239,219,184,156,128,120,125
HD06,96/04/17,150,178,212,236,252,246,224,187,144,108,086,087,107,145,183,219,242,248,232,207,171,140,119,114
HD06,96/04/18,131,159,196,228,249,253,238,208,168,127,094,080,095,125,170,212,249,266,261,237,204,171,143,129
HD06,96/04/19,132,152,185,217,244,255,250,223,189,144,104,076,076,094,133,174,217,245,257,249,226,194,166,143
HD06,96/04/20,137,149,172,207,236,255,252,234,202,164,124,090,072,076,106,146,188,222,244,246,233,208,180,154
HD06,96/04/21,139,141,158,187,215,235,244,236,208,174,134,102,079,074,090,118,157,193,221,235,228,209,185,162
HD06,96/04/22,146,139,149,166,194,216,230,229,213,184,149,114,087,073,076,098,128,163,192,212,219,211,195,176
HD06,96/04/23,156,145,148,159,180,199,215,218,213,194,165,134,108,089,086,096,117,145,174,199,210,213,200,185
HD06,96/04/24,169,159,155,162,173,191,204,214,212,201,180,155,131,111,101,099,109,128,155,179,197,203,201,192
HD06,96/04/25,182,172,166,163,167,176,189,202,206,204,187,171,153,139,125,116,112,122,137,160,179,194,199,199
HD06,96/04/26,194,186,177,174,171,173,179,184,191,195,192,185,174,163,149,137,128,128,132,147,163,179,192,201
HD06,96/04/27,204,201,197,189,182,172,170,171,179,186,190,191,190,186,179,168,154,142,135,140,151,167,181,195
HD06,96/04/28,206,212,214,202,188,171,165,158,161,162,170,176,188,193,195,185,170,153,142,134,135,144,164,184
HD06,96/04/29,204,214,220,213,200,182,165,149,142,140,147,165,184,203,213,211,199,182,160,143,133,134,149,170
HD06,96/04/30,193,214,227,228,219,198,172,148,128,124,128,145,168,194,214,223,221,202,181,153,135,123,131,148
HD06,96/05/01,177,204,226,234,228,208,180,151,124,105,100,114,142,175,204,225,232,223,202,175,147,125,119,130
HD06,96/05/02,158,189,220,238,240,225,198,162,127,098,084,088,114,150,191,226,244,245,232,205,175,147,133,131
HD06,96/05/03,151,179,215,236,247,233,204,171,135,101,074,062,074,108,153,199,234,249,240,219,186,158,133,121
HD06,96/05/04,126,149,185,222,245,248,232,197,157,114,080,058,060,085,125,174,214,242,251,244,218,188,159,141
HD06,96/05/05,136,152,182,217,248,263,256,230,192,149,109,078,066,071,101,143,193,232,255,255,242,216,187,158
HD06,96/05/06,142,142,163,194,226,246,253,241,214,173,129,091,066,063,081,112,156,195,231,243,240,223,201,182
HD06,96/05/07,162,156,158,178,202,231,246,246,232,203,165,123,089,070,074,094,130,162,198,224,237,235,222,203
HD06,96/05/08,182,165,163,170,192,216,234,244,237,217,187,153,123,097,086,089,112,140,172,201,221,231,232,220
HD06,96/05/09,203,187,177,176,185,204,222,237,243,237,221,198,172,149,128,116,113,131,158,187,211,225,231,229
HD06,96/05/10,223,211,199,187,182,183,195,212,224,231,225,214,195,179,159,144,133,136,147,167,186,200,216,223
HD06,96/05/11,225,218,207,193,181,174,173,179,190,201,206,209,204,194,180,163,147,140,140,149,164,180,197,214
HD06,96/05/12,225,230,224,210,192,176,165,161,164,172,184,199,212,217,208,194,174,158,149,146,151,161,177,198
HD06,96/05/13,218,230,234,224,206,181,157,141,137,142,156,173,193,209,217,213,200,177,157,141,135,142,157,178
HD06,96/05/14,197,215,226,226,213,189,158,130,113,109,116,138,166,194,215,223,220,204,184,161,146,140,146,165
HD06,96/05/15,188,212,229,237,230,208,177,144,115,096,094,111,143,179,212,232,238,228,211,188,164,146,144,154
HD06,96/05/16,179,202,225,234,236,223,197,159,124,090,076,083,109,147,186,218,239,243,231,208,182,160,150,153
HD06,96/05/17,169,193,222,245,254,249,223,186,144,107,081,074,088,121,162,203,232,245,239,222,199,174,156,149
HD06,96/05/18,157,178,208,234,253,251,235,204,168,129,097,078,080,105,144,184,221,243,251,245,226,201,176,161
HD06,96/05/19,160,173,199,226,247,257,250,229,195,158,118,091,082,096,127,168,205,236,252,256,243,217,193,173
HD06,96/05/20,166,171,189,212,236,251,253,238,211,176,137,104,086,087,106,143,182,217,240,248,243,223,204,181
HD06,96/05/21,168,162,176,197,221,237,245,239,221,190,156,120,096,085,097,122,157,193,225,241,242,231,210,191
HD06,96/05/22,172,165,167,181,204,224,239,239,230,205,176,146,118,102,096,110,142,177,208,230,239,237,224,212
HD06,96/05/23,193,181,176,181,196,214,231,238,237,218,196,168,144,127,116,117,133,157,187,214,231,237,228,216
HD06,96/05/24,200,187,181,179,186,197,213,223,226,220,204,186,166,148,133,126,131,148,172,197,215,227,228,222
HD06,96/05/25,210,198,186,178,174,178,187,198,207,209,203,191,176,163,149,139,134,139,153,174,194,213,220,219
HD06,96/05/26,214,203,194,181,173,167,169,175,187,193,195,190,188,181,173,161,148,143,145,159,178,198,212,220
HD06,96/05/27,220,214,202,191,177,163,156,155,164,174,184,190,195,198,195,183,169,155,147,150,163,182,202,217
HD06,96/05/28,224,225,218,206,189,169,151,142,139,149,161,179,193,203,206,202,188,172,155,144,144,155,179,202
HD06,96/05/29,219,225,224,214,199,176,153,131,117,116,130,151,177,199,213,216,211,194,174,156,143,143,157,181
HD06,96/05/30,204,222,230,226,211,186,156,127,103,092,100,118,150,181,208,228,228,220,199,175,156,144,148,166
HD06,96/05/31,193,221,238,245,236,212,181,144,112,088,082,095,125,163,202,232,246,246,230,207,180,158,149,156
HD06,96/06/01,179,207,233,248,247,231,199,162,120,084,061,060,081,120,161,203,232,244,241,220,193,165,146,140
HD06,96/06/02,151,175,207,235,249,243,219,183,140,097,063,050,059,090,134,181,219,247,255,245,225,197,172,155
HD06,96/06/03,152,169,199,233,261,267,255,223,182,136,097,069,063,077,113,159,206,244,265,269,256,234,206,183
HD06,96/06/04,167,166,184,218,247,271,272,252,216,173,129,093,071,068,087,122,167,209,244,261,262,245,222,194
HD06,96/06/05,174,161,163,182,211,237,254,253,228,195,150,114,082,068,068,091,120,160,198,229,242,237,218,194
HD06,96/06/06,171,156,151,158,179,202,224,235,230,210,178,141,109,085,076,084,105,134,166,199,221,230,222,204
HD06,96/06/07,180,161,148,147,155,171,193,210,222,214,194,165,136,112,098,093,102,122,147,174,197,213,220,213
HD06,96/06/08,195,176,159,148,146,153,167,186,201,208,204,187,168,147,130,117,114,122,139,162,184,204,216,220
HD06,96/06/09,212,196,177,160,147,142,145,157,172,187,194,194,187,175,159,143,131,132,138,154,172,190,205,217
HD06,96/06/10,220,213,196,178,157,141,134,137,149,162,177,188,195,194,189,175,163,152,148,154,164,181,198,215
HD06,96/06/11,225,226,218,201,178,156,139,129,129,139,156,177,197,211,213,207,194,182,172,166,168,176,192,210
HD06,96/06/12,225,234,231,222,202,176,148,124,109,111,126,150,176,197,212,218,214,201,185,168,163,161,172,190
HD06,96/06/13,209,224,233,228,213,187,157,126,102,089,094,114,144,177,202,219,221,216,202,185,168,158,158,172
HD06,96/06/14,194,215,230,236,227,206,178,144,110,087,079,090,119,157,192,219,232,231,220,202,185,169,162,167
HD06,96/06/15,184,207,228,243,245,231,203,170,132,101,080,079,099,134,176,212,236,245,238,221,201,179,167,161
HD06,96/06/16,171,190,216,236,246,240,220,186,149,111,081,068,077,105,145,186,219,239,241,232,211,188,168,156
HD06,96/06/17,158,173,198,225,243,246,234,208,174,133,098,074,072,092,127,170,209,237,250,245,229,209,187,173
HD06,96/06/18,166,173,192,220,247,259,260,243,221,186,154,121,103,099,119,159,207,245,268,273,265,249,231,211
HD06,96/06/19,192,184,198,219,250,270,277,262,235,197,157,129,106,100,110,138,174,213,241,255,252,232,210,186
HD06,96/06/20,170,162,169,186,212,233,247,245,230,202,171,136,114,099,103,122,156,192,226,247,250,241,222,202
HD06,96/06/21,183,173,169,178,194,217,236,242,238,216,187,156,131,115,109,117,140,171,202,229,240,240,224,205
HD06,96/06/22,185,169,161,162,172,188,207,219,224,216,197,171,147,126,115,116,126,151,180,207,227,232,228,210
HD06,96/06/23,191,173,159,154,158,168,182,196,207,207,199,183,160,142,127,122,125,140,161,185,206,222,224,216
HD06,96/06/24,199,181,165,154,148,149,157,170,184,194,197,188,178,163,151,141,135,136,150,172,196,215,223,221
HD06,96/06/25,213,202,186,173,159,154,158,169,183,192,200,203,206,203,196,182,170,164,169,183,202,218,228,230
HD06,96/06/26,228,222,210,194,171,148,135,134,142,159,174,185,197,200,200,190,181,164,157,155,167,182,203,218
HD06,96/06/27,224,220,209,192,170,146,124,111,107,115,131,154,177,195,205,208,198,186,168,159,156,166,185,206
HD06,96/06/28,223,229,230,216,198,171,146,120,105,105,119,146,175,207,233,248,244,230,211,196,184,182,191,206
HD06,96/06/29,225,243,256,250,235,206,174,137,108,089,089,105,137,177,212,238,247,241,227,205,185,169,165,175
HD06,96/06/30,197,222,244,253,248,226,195,159,123,092,079,087,114,154,194,234,262,273,266,246,221,197,179,180
HD06,96/07/01,189,213,236,260,266,258,231,193,148,105,071,061,074,107,150,194,230,258,265,256,230,200,175,160
HD06,96/07/02,162,178,209,240,262,266,251,221,178,131,088,059,053,074,114,158,202,236,257,260,245,220,188,166
HD06,96/07/03,150,159,183,218,246,262,260,244,212,169,124,081,063,067,099,142,186,224,254,265,256,233,205,181
HD06,96/07/04,165,161,170,192,217,243,257,257,237,203,159,118,085,073,084,114,153,193,225,247,254,246,224,195
HD06,96/07/05,167,149,149,165,189,219,242,256,247,227,192,157,125,104,102,121,147,185,221,255,278,277,260,233
HD06,96/07/06,204,179,165,165,178,201,225,245,245,239,217,192,164,139,127,127,145,170,199,223,240,248,244,226
HD06,96/07/07,202,174,154,142,145,159,181,202,218,222,212,196,174,154,138,131,134,150,171,197,218,231,235,226
HD06,96/07/08,210,186,167,148,139,134,147,164,188,200,205,198,186,177,166,161,154,154,167,184,207,224,234,231
HD06,96/07/09,225,207,190,169,153,139,139,150,165,182,193,202,202,199,195,189,182,174,177,185,204,217,228,234
HD06,96/07/10,232,224,215,195,177,157,144,144,151,164,175,188,201,212,216,218,208,199,190,192,199,213,225,238
HD06,96/07/11,242,244,240,230,210,189,164,149,142,149,164,185,204,222,233,239,236,227,217,207,201,203,211,223
HD06,96/07/12,234,242,242,236,221,197,170,144,127,120,129,148,171,198,219,233,240,230,218,201,191,186,189,201
HD06,96/07/13,216,229,239,237,226,208,182,152,124,103,099,115,144,175,204,225,236,236,224,209,189,178,174,181
HD06,96/07/14,196,215,230,241,239,224,200,168,134,107,093,096,117,148,184,215,238,247,238,222,201,182,171,171
HD06,96/07/15,181,199,222,240,249,243,224,193,159,123,100,089,102,129,169,202,233,245,248,235,216,194,176,163
HD06,96/07/16,167,184,210,233,250,249,237,209,175,140,107,089,089,109,145,183,219,243,252,251,234,209,187,171
HD06,96/07/17,168,175,196,222,249,259,256,236,203,166,131,106,098,107,133,171,212,243,258,257,239,216,191,171
HD06,96/07/18,162,164,181,204,231,248,254,242,215,181,143,110,093,098,119,154,190,224,248,255,247,224,196,171
HD06,96/07/19,156,154,167,191,218,238,248,246,230,201,167,131,105,100,112,143,179,214,237,253,251,240,212,187
HD06,96/07/20,161,152,154,174,198,225,240,246,236,215,184,154,125,111,111,133,164,199,226,245,247,241,220,196
HD06,96/07/21,171,154,148,157,175,201,221,233,230,218,195,169,144,127,118,125,146,173,202,228,241,240,224,202
HD06,96/07/22,176,156,145,146,156,173,192,209,219,216,205,183,162,143,134,131,142,163,189,215,233,237,231,213
HD06,96/07/23,191,171,154,147,149,158,173,192,205,212,209,198,184,170,158,151,153,163,181,202,223,234,237,224
HD06,96/07/24,205,184,164,150,141,142,152,164,179,190,197,200,197,188,179,169,164,166,176,193,207,222,225,226
HD06,96/07/25,216,200,180,162,145,134,131,138,149,162,178,188,196,199,195,191,180,174,171,178,190,205,217,224
HD06,96/07/26,221,212,196,178,155,135,119,115,120,136,154,172,190,204,213,212,206,194,185,177,181,190,205,219
HD06,96/07/27,227,224,216,202,182,156,130,109,101,105,121,145,170,197,220,230,232,221,203,187,177,178,188,204
HD06,96/07/28,221,234,236,231,209,182,149,118,093,081,086,108,141,176,207,231,241,238,222,202,181,167,166,178
HD06,96/07/29,201,225,242,247,236,213,182,145,108,079,067,076,106,145,186,221,246,254,247,226,197,172,155,160
HD06,96/07/30,176,207,233,256,259,248,221,182,139,098,071,064,079,112,155,198,236,260,264,248,218,185,163,151
HD06,96/07/31,157,179,212,243,265,269,251,217,172,124,085,062,064,089,126,173,213,248,262,257,231,201,168,145
HD06,96/08/01,136,147,176,214,247,267,266,243,207,160,116,079,067,074,106,145,190,226,255,260,245,216,182,150
HD06,96/08/02,129,126,146,182,220,248,261,257,232,193,150,110,080,074,093,128,168,204,234,248,248,229,199,163
HD06,96/08/03,133,118,123,152,185,218,240,249,239,213,181,144,117,100,104,123,157,193,224,245,252,242,217,187
HD06,96/08/04,155,134,127,139,164,195,222,240,246,233,211,182,154,135,129,142,167,197,225,245,254,253,237,215
HD06,96/08/05,185,159,140,136,147,169,196,218,230,228,216,199,180,164,155,151,163,184,206,226,238,243,237,218
HD06,96/08/06,195,167,146,130,133,142,165,183,200,208,207,200,190,178,168,163,166,178,196,216,228,235,234,225
HD06,96/08/07,208,189,168,150,138,133,142,157,175,188,195,197,195,191,185,181,179,184,189,202,212,222,225,224
HD06,96/08/08,215,203,184,169,152,140,135,140,150,161,174,183,192,198,201,197,194,190,190,194,200,209,216,219
HD06,96/08/09,222,215,209,193,179,159,145,137,137,142,155,170,188,203,214,217,216,211,206,199,196,197,206,215
HD06,96/08/10,223,225,222,211,197,177,157,135,123,120,131,150,173,193,209,218,222,216,208,194,185,180,184,195
HD06,96/08/11,208,219,224,226,213,194,167,140,120,108,109,123,148,176,204,223,231,225,213,199,186,177,178,181
HD06,96/08/12,194,209,228,239,237,221,192,162,134,111,102,109,129,160,193,221,238,241,232,216,196,180,170,168
HD06,96/08/13,182,199,225,243,251,242,218,186,150,120,100,095,110,142,180,216,240,249,242,224,203,182,169,161
HD06,96/08/14,167,186,213,238,255,252,235,207,175,139,109,097,101,129,169,208,241,258,258,242,217,193,174,165
HD06,96/08/15,171,187,212,245,276,295,295,269,233,186,152,128,125,138,165,204,240,268,277,266,238,207,180,159
HD06,96/08/16,152,159,179,211,242,261,262,244,213,177,139,111,098,105,133,173,215,245,259,255,238,207,179,152
HD06,96/08/17,138,139,158,187,219,243,255,250,228,197,156,124,102,101,124,156,196,229,251,257,243,217,185,153
HD06,96/08/18,133,126,143,169,199,223,240,248,238,211,177,144,119,111,122,149,182,217,241,253,248,226,197,165
HD06,96/08/19,140,128,132,150,178,203,227,238,236,221,194,165,140,127,127,146,171,201,226,244,247,235,208,178
HD06,96/08/20,147,130,125,136,154,179,201,221,231,225,208,183,161,144,138,144,163,188,213,233,240,235,220,195
HD06,96/08/21,167,143,130,126,137,156,177,198,211,216,211,200,185,172,165,162,168,183,204,224,238,240,230,209
HD06,96/08/22,187,164,149,139,135,136,150,170,190,206,209,206,198,192,187,183,182,185,196,210,225,231,231,220
HD06,96/08/23,203,184,168,152,141,136,138,149,167,186,199,208,213,214,213,208,203,196,198,204,215,226,234,233
HD06,96/08/24,226,211,197,180,165,151,140,131,135,147,168,186,204,211,214,210,209,200,193,183,185,191,208,218
HD06,96/08/25,223,219,208,191,171,148,126,110,105,111,127,151,176,202,218,230,228,218,204,185,179,178,191,204
HD06,96/08/26,220,227,235,227,215,191,159,127,103,094,099,122,153,188,218,239,250,246,231,206,179,164,162,178
HD06,96/08/27,201,225,243,248,241,218,186,149,114,090,081,090,116,157,198,234,252,254,240,217,188,166,148,150
HD06,96/08/28,164,198,231,255,261,247,215,180,142,110,088,083,096,128,173,219,253,265,260,235,206,178,157,143
HD06,96/08/29,145,166,207,248,275,277,252,216,176,138,110,092,094,113,151,195,238,268,271,251,218,181,152,133
HD06,96/08/30,129,143,172,212,250,268,266,244,205,163,123,095,088,103,134,173,212,244,261,254,229,193,157,127
HD06,96/08/31,111,115,137,173,215,248,263,253,228,191,154,125,107,107,125,157,196,233,257,259,241,212,177,146
HD06,96/09/01,121,112,123,150,189,227,253,262,252,226,197,164,141,130,138,160,193,228,253,265,258,237,208,177
HD06,96/09/02,147,124,121,136,170,204,236,251,252,237,216,190,169,156,152,163,186,217,242,260,256,240,213,184
HD06,96/09/03,153,134,125,128,145,168,198,219,233,230,217,194,177,165,162,170,184,203,223,240,246,242,224,199
HD06,96/09/04,170,148,133,129,135,151,170,193,212,218,214,201,191,182,179,178,185,195,211,225,234,233,223,206
HD06,96/09/05,185,165,147,136,134,140,151,167,184,196,201,202,194,190,184,185,189,194,202,210,216,220,218,212
HD06,96/09/06,197,182,167,153,144,140,140,146,157,172,185,194,199,198,196,195,195,195,196,196,199,207,212,214
HD06,96/09/07,209,201,189,176,164,154,143,138,138,151,165,183,192,200,203,202,199,195,188,181,179,186,195,203
HD06,96/09/08,205,204,199,190,177,159,139,125,120,126,141,160,179,195,210,218,219,210,200,184,176,174,183,193
HD06,96/09/09,207,214,219,217,207,189,163,141,123,119,127,144,169,195,218,226,230,222,211,194,177,166,167,177
HD06,96/09/10,194,212,226,233,224,211,183,155,127,113,110,126,151,182,210,232,243,239,223,200,179,163,157,162
HD06,96/09/11,179,203,225,242,242,229,203,172,142,120,107,112,132,165,202,232,249,247,231,207,181,159,145,143
HD06,96/09/12,153,180,210,239,251,248,224,194,159,131,109,105,120,150,186,221,245,253,240,217,185,156,137,130
HD06,96/09/13,140,161,195,225,250,256,243,216,184,150,119,105,109,133,169,210,241,256,249,228,196,165,138,123
HD06,96/09/14,121,138,166,204,235,254,252,234,202,168,133,113,106,123,155,194,229,254,257,241,206,173,143,121
HD06,96/09/15,111,121,147,187,224,251,257,247,222,191,158,134,118,123,143,181,220,252,264,257,233,203,171,141
HD06,96/09/16,119,113,126,160,200,238,256,257,241,214,186,157,137,127,138,167,205,241,260,257,235,203,169,140
HD06,96/09/17,120,112,120,140,173,206,236,246,243,222,193,168,150,147,149,164,188,220,249,262,251,225,189,158
HD06,96/09/18,132,124,122,133,151,180,210,236,245,237,217,195,178,165,162,167,185,208,233,250,250,233,206,175
HD06,96/09/19,146,124,119,127,143,160,181,203,222,230,225,209,189,175,170,177,186,203,217,233,241,239,223,197
HD06,96/09/20,168,147,133,131,134,143,156,174,197,213,224,219,208,197,192,191,194,198,205,214,225,231,225,211
HD06,96/09/21,190,167,150,141,136,135,137,148,164,186,202,213,214,211,206,200,196,194,196,203,211,217,218,215
HD06,96/09/22,207,194,181,163,145,135,126,129,137,148,162,182,197,211,214,214,214,214,214,214,209,210,219,228
HD06,96/09/23,232,230,221,204,186,169,156,146,138,140,150,175,203,227,241,244,239,224,206,187,177,178,191,211
HD06,96/09/24,232,247,253,247,228,200,169,142,123,113,120,138,171,204,235,251,251,236,214,188,167,156,157,175
HD06,96/09/25,198,225,242,250,240,219,187,152,122,104,100,116,146,184,220,246,260,250,232,201,173,148,135,142
HD06,96/09/26,168,203,234,257,257,246,222,187,153,121,104,101,124,161,203,239,259,260,246,218,181,145,120,115
HD06,96/09/27,131,168,209,244,260,258,237,207,173,139,113,100,108,137,177,222,252,264,249,216,178,141,114,099
HD06,96/09/28,100,121,158,204,241,260,254,232,198,163,131,108,103,122,158,203,239,258,257,235,203,167,131,103
HD06,96/09/29,088,099,132,179,225,254,265,253,228,195,162,137,123,129,154,191,226,253,260,250,221,186,151,117
HD06,96/09/30,097,089,110,149,193,231,254,259,244,219,187,160,139,137,149,179,212,241,258,256,237,206,169,138
HD06,96/10/01,112,101,106,132,168,206,237,254,254,239,214,188,169,160,165,184,209,234,253,256,248,223,195,162
HD06,96/10/02,134,112,108,119,143,173,204,228,239,234,217,195,177,167,167,177,196,217,237,245,246,235,214,184
HD06,96/10/03,154,130,119,123,139,163,186,211,226,235,230,217,202,190,188,192,202,214,228,236,240,235,224,205
HD06,96/10/04,180,156,141,136,143,156,175,193,212,224,232,227,218,207,202,202,209,217,223,229,232,233,230,218
HD06,96/10/05,203,184,167,154,148,146,157,170,189,202,212,216,214,209,204,202,200,199,197,199,200,209,211,211
HD06,96/10/06,203,192,176,168,156,148,148,151,165,179,196,208,219,223,222,217,214,208,203,196,195,198,205,216
HD06,96/10/07,220,218,210,200,186,176,167,167,169,179,189,211,228,244,245,243,235,225,214,200,189,187,192,203
HD06,96/10/08,213,217,220,214,201,182,166,146,137,137,149,168,190,212,226,231,224,211,192,175,160,154,160,177
HD06,96/10/09,195,215,223,227,221,206,185,159,141,135,142,159,183,209,230,240,240,227,208,184,162,147,141,152
HD06,96/10/10,171,199,220,233,231,217,195,168,143,125,121,133,160,190,220,234,237,226,205,175,148,125,120,126
HD06,96/10/11,147,175,204,227,238,231,214,185,156,127,116,118,137,168,202,227,241,236,215,183,148,120,105,105
HD06,96/10/12,120,147,181,215,238,242,228,201,168,140,119,113,121,147,184,219,243,247,232,204,166,130,106,098
HD06,96/10/13,102,129,165,206,236,253,250,231,201,169,141,124,125,145,182,219,250,262,250,223,186,149,117,100
HD06,96/10/14,098,113,147,190,229,253,260,248,224,195,165,145,136,147,174,211,243,263,264,242,205,166,126,102
HD06,96/10/15,096,106,132,168,206,242,263,267,250,222,191,166,155,158,177,205,237,262,271,261,234,197,158,125
HD06,96/10/16,102,098,110,143,179,215,239,251,245,226,203,177,159,153,163,184,213,237,252,248,230,201,163,127
HD06,96/10/17,101,089,093,112,141,174,203,227,237,235,218,197,175,163,161,174,194,218,236,241,234,217,189,158
HD06,96/10/18,127,107,096,102,121,148,182,208,228,233,228,214,198,184,176,177,186,206,221,232,234,225,206,183
HD06,96/10/19,156,135,118,114,118,134,156,182,203,220,223,224,217,209,199,191,190,195,206,218,228,227,220,199
HD06,96/10/20,180,157,143,130,125,123,134,150,173,195,212,221,222,219,208,198,187,181,183,188,197,202,203,200
HD06,96/10/21,193,186,168,152,133,125,123,132,144,162,180,199,215,222,225,217,202,187,173,167,169,178,190,199
HD06,96/10/22,205,204,197,186,165,145,126,118,125,138,161,183,206,221,233,233,224,203,177,155,144,150,164,184
HD06,96/10/23,200,210,214,211,196,174,147,128,118,121,135,159,185,211,231,237,231,209,179,146,126,120,128,151
HD06,96/10/24,177,204,221,227,221,202,175,149,127,120,121,140,165,196,225,247,246,229,193,159,125,109,109,126
HD06,96/10/25,150,186,216,242,248,239,211,180,154,133,131,137,159,189,224,252,264,255,225,187,149,119,104,108
HD06,96/10/26,131,167,209,246,267,269,252,225,194,163,143,135,149,183,223,257,269,264,239,202,160,121,096,079
HD06,96/10/27,088,113,159,204,242,256,253,232,202,172,146,131,133,154,190,228,253,262,247,222,182,142,103,079
HD06,96/10/28,078,102,143,188,229,253,265,258,236,204,165,143,136,154,182,217,243,258,255,237,206,166,125,091
HD06,96/10/29,075,087,118,164,207,239,254,255,240,218,192,169,156,158,174,204,234,259,261,244,214,177,144,112
HD06,96/10/30,092,087,100,131,174,214,242,250,239,221,201,184,168,162,168,190,219,246,255,246,221,193,161,131
HD06,96/10/31,107,095,094,116,147,185,214,236,237,229,209,191,174,165,169,178,199,218,234,234,223,201,171,146
HD06,96/11/01,120,107,102,110,130,158,192,218,235,235,224,207,197,191,189,192,200,217,228,239,235,223,202,181
HD06,96/11/02,159,143,134,133,137,152,174,198,216,228,222,212,197,187,181,183,186,193,198,205,210,209,199,183
HD06,96/11/03,164,147,136,132,135,141,154,170,187,204,212,213,207,198,191,184,182,181,183,187,191,194,194,191
HD06,96/11/04,181,171,155,145,132,131,136,152,165,185,195,205,205,204,199,192,185,178,174,169,175,177,184,185
HD06,96/11/05,188,185,182,173,161,148,140,141,151,170,187,207,214,217,215,207,201,187,175,165,164,170,180,193
HD06,96/11/06,203,206,205,197,189,180,169,157,153,164,184,208,222,230,227,224,207,189,166,150,142,143,148,155
HD06,96/11/07,171,186,197,195,186,166,148,133,131,139,154,171,191,210,222,230,220,205,176,150,128,124,132,151
HD06,96/11/08,174,195,211,224,225,213,190,163,141,132,141,161,186,210,227,235,231,216,187,158,127,112,111,126
HD06,96/11/09,151,183,212,231,236,228,210,185,161,142,137,148,173,204,234,252,255,240,215,179,146,118,106,109
HD06,96/11/10,135,169,209,237,251,249,231,210,180,155,136,138,153,186,217,244,251,243,214,175,138,104,086,080
HD06,96/11/11,096,127,167,206,236,249,246,226,195,166,143,135,142,170,201,236,257,260,242,207,165,123,094,081
HD06,96/11/12,086,112,148,195,236,265,275,268,240,206,178,158,157,174,208,240,265,274,262,234,195,152,110,084
HD06,96/11/13,078,090,122,163,205,237,255,254,239,220,191,168,155,163,185,210,234,253,256,242,213,170,129,088
HD06,96/11/14,071,073,096,134,175,214,244,262,260,243,212,185,164,159,169,195,224,250,263,256,233,197,157,119
HD06,96/11/15,090,076,085,110,147,184,216,238,248,244,226,199,176,161,161,175,198,221,235,237,225,204,172,136
HD06,96/11/16,105,083,079,092,117,145,172,199,216,224,217,205,185,171,160,162,175,193,210,220,215,207,187,164
HD06,96/11/17,137,112,094,092,103,126,148,175,197,213,224,219,208,194,184,183,190,199,207,214,222,225,223,208
HD06,96/11/18,184,159,134,124,124,137,154,169,181,197,213,226,227,212,194,177,169,171,174,179,180,186,190,191
HD06,96/11/19,187,171,150,132,121,121,133,147,161,177,191,206,211,213,206,192,174,155,141,137,146,159,171,178
HD06,96/11/20,183,179,170,158,144,129,122,122,132,147,166,185,202,212,216,207,189,164,140,126,124,137,155,175
HD06,96/11/21,191,207,213,210,196,172,154,142,143,155,173,190,214,230,243,244,227,198,165,137,119,119,129,150
HD06,96/11/22,174,197,214,221,214,195,174,154,143,140,152,170,192,212,228,230,224,201,168,133,104,092,098,119
HD06,96/11/23,147,178,203,225,229,220,198,174,154,144,145,159,178,202,226,238,239,219,188,145,110,085,079,093
HD06,96/11/24,120,156,188,221,236,240,225,202,173,155,143,148,163,188,216,238,246,233,205,166,120,090,071,073
HD06,96/11/25,095,128,167,207,236,249,243,222,197,172,157,152,160,178,207,233,248,248,225,184,140,101,072,062
HD06,96/11/26,071,097,132,175,210,236,241,231,206,180,157,147,149,163,188,215,240,251,238,208,165,124,089,073
HD06,96/11/27,073,090,118,157,198,231,250,249,234,208,183,167,161,172,190,218,242,259,257,240,206,167,127,099
HD06,96/11/28,089,094,116,148,189,221,247,252,244,221,199,178,169,167,182,202,227,246,251,240,212,179,141,110
HD06,96/11/29,088,083,095,123,157,193,223,240,242,228,205,182,168,168,177,193,215,233,247,249,236,208,173,140
HD06,96/11/30,115,104,106,121,145,175,205,230,238,236,220,200,180,167,171,183,206,221,231,232,222,207,190,165
HD06,96/12/01,139,117,106,115,140,170,198,222,239,241,235,218,204,191,185,184,189,199,214,222,222,207,188,168
HD06,96/12/02,148,133,120,118,122,141,163,190,210,220,215,206,188,175,165,161,169,175,185,189,195,192,190,177
HD06,96/12/03,163,145,131,122,122,129,147,167,189,206,213,211,202,191,181,174,167,164,164,168,176,183,185,183
HD06,96/12/04,176,164,155,143,134,132,139,155,176,194,207,210,210,203,193,184,171,162,153,156,163,174,182,191
HD06,96/12/05,195,195,187,177,168,165,165,170,185,211,235,252,256,250,243,236,226,216,201,176,160,165,188,213
HD06,96/12/06,228,232,224,215,203,189,174,163,159,172,190,212,225,229,223,209,193,169,146,124,114,112,128,147
HD06,96/12/07,172,191,201,205,199,184,166,152,144,152,169,194,213,227,231,226,212,191,159,129,103,096,106,133
HD06,96/12/08,159,187,208,221,221,212,192,171,156,150,155,173,196,218,233,237,227,201,165,129,099,082,082,100
HD06,96/12/09,129,163,197,222,233,229,212,190,168,151,146,156,178,205,229,241,238,218,189,151,113,081,067,070
HD06,96/12/10,098,136,178,212,236,244,238,218,193,167,150,150,165,193,222,243,253,243,218,177,133,090,064,062
HD06,96/12/11,079,111,150,190,225,251,258,247,219,188,164,154,160,183,212,239,256,258,241,207,162,115,076,057
HD06,96/12/12,058,081,115,157,199,235,253,254,235,206,175,156,151,163,188,217,243,255,252,228,190,146,101,068
HD06,96/12/13,051,060,087,130,170,210,235,251,247,229,200,173,154,152,168,193,223,242,252,239,213,175,136,097
HD06,96/12/14,070,059,075,103,145,184,217,244,252,246,222,196,169,159,162,184,209,233,247,245,231,203,171,131
HD06,96/12/15,098,076,073,089,119,153,185,213,229,236,223,205,179,157,148,155,174,196,213,221,217,202,182,156
HD06,96/12/16,125,097,081,086,104,134,163,188,209,223,225,215,197,172,154,148,156,173,188,202,205,203,195,182
HD06,96/12/17,159,134,113,104,109,128,152,177,198,215,225,225,213,195,174,161,157,163,172,183,194,203,208,205
HD06,96/12/18,199,184,173,161,148,145,154,176,204,224,232,234,224,213,199,183,166,149,144,147,161,169,178,184
HD06,96/12/19,189,186,176,165,151,145,145,159,173,194,209,221,222,220,211,195,176,154,139,133,138,152,166,182
HD06,96/12/20,194,201,201,195,178,166,156,158,164,177,189,204,215,222,220,207,190,160,136,113,108,114,134,157
HD06,96/12/21,180,195,205,210,207,198,180,169,161,170,184,206,219,227,230,226,214,190,158,123,101,095,109,132
HD06,96/12/22,158,181,203,217,224,215,200,180,167,165,174,192,210,228,242,248,241,224,194,155,122,101,099,119
HD06,96/12/23,151,189,220,245,250,244,224,207,193,184,180,182,194,212,235,247,247,224,189,149,113,086,075,078
HD06,96/12/24,097,127,165,203,228,237,227,209,186,170,161,163,175,196,222,243,253,245,220,182,141,103,077,071
HD06,96/12/25,086,118,157,195,226,245,245,235,215,190,172,163,169,185,213,237,255,254,240,209,167,126,091,073
HD06,96/12/26,076,101,135,177,212,239,249,242,221,196,175,161,160,170,195,221,244,254,245,218,181,140,102,075
HD06,96/12/27,067,076,106,144,186,216,235,237,224,204,181,160,152,154,174,202,233,249,252,234,204,168,135,106
HD06,96/12/28,086,083,100,136,180,220,247,254,248,227,206,187,172,166,176,197,225,245,248,236,213,188,158,126
HD06,96/12/29,097,080,087,118,157,196,224,238,237,226,207,186,168,156,155,171,197,224,240,237,219,196,170,143
HD06,96/12/30,119,100,096,109,140,177,209,229,235,228,214,195,174,155,148,159,178,203,220,225,217,203,181,161
HD06,96/12/31,136,116,102,107,125,156,188,214,227,228,216,199,180,163,151,148,156,173,191,203,206,201,187,172
