HD06,70/01/01,186,168,148,136,136,150,170,191,209,224,230,229,215,196,177,163,158,159,162,167,174,184,192,198
HD06,70/01/02,197,189,177,165,157,159,166,181,198,213,221,223,213,201,184,168,154,142,134,131,135,149,167,184
HD06,70/01/03,195,196,191,184,177,173,172,178,188,202,214,221,219,211,198,184,166,144,120,107,106,120,143,163
HD06,70/01/04,181,193,204,210,209,202,190,177,173,185,204,220,228,223,212,198,182,159,131,103,087,087,107,132
HD06,70/01/05,157,183,203,220,227,227,215,202,190,188,197,211,224,232,233,221,196,169,136,109,083,070,073,091
HD06,70/01/06,116,149,182,212,231,234,226,209,191,179,177,187,203,222,237,242,233,210,175,133,092,065,056,067
HD06,70/01/07,093,129,166,204,234,253,255,240,217,191,180,180,193,212,235,249,251,236,207,164,117,074,046,040
HD06,70/01/08,052,083,121,165,207,237,251,251,232,207,182,169,171,189,218,247,264,262,240,205,162,115,073,047
HD06,70/01/09,043,060,097,143,189,225,252,262,254,223,192,168,160,170,197,231,256,265,256,229,191,146,100,063
HD06,70/01/10,043,043,068,112,158,197,228,251,255,242,214,186,163,157,171,209,248,275,281,268,236,195,155,115
HD06,70/01/11,085,068,073,103,146,189,226,250,259,252,231,203,173,153,151,175,208,239,257,257,239,215,183,148
HD06,70/01/12,114,085,079,094,127,167,201,228,244,247,233,210,181,154,140,146,171,202,227,240,239,225,202,174
HD06,70/01/13,147,121,105,106,127,159,196,229,255,264,253,228,202,176,160,153,157,171,190,206,218,222,216,195
HD06,70/01/14,167,141,126,123,131,150,174,200,222,236,235,222,196,171,146,134,134,142,158,175,190,200,202,195
HD06,70/01/15,182,168,155,151,153,165,180,200,219,235,237,228,209,189,168,153,142,140,144,155,168,184,195,202
HD06,70/01/16,202,197,189,185,184,190,199,210,223,235,241,240,232,215,197,178,160,143,134,132,141,156,176,190
HD06,70/01/17,199,203,205,206,206,205,204,206,209,227,235,238,235,224,211,196,179,161,141,123,113,120,140,167
HD06,70/01/18,188,201,206,209,212,213,212,208,202,202,210,223,229,226,215,203,188,170,147,123,100,096,107,133
HD06,70/01/19,158,182,200,213,218,219,215,209,198,192,194,206,218,228,228,222,209,193,169,142,110,092,092,113
HD06,70/01/20,142,172,196,218,232,237,233,222,208,195,192,199,214,229,240,245,239,223,197,163,126,096,087,097
HD06,70/01/21,123,157,189,217,236,244,242,234,217,200,188,186,198,216,237,252,254,242,216,184,143,110,085,079
HD06,70/01/22,092,125,163,203,230,245,246,236,219,200,184,175,178,193,217,242,257,255,235,200,161,120,089,071
HD06,70/01/23,072,093,130,175,202,238,248,243,225,201,179,167,165,176,203,232,257,264,254,226,191,146,111,085
HD06,70/01/24,075,086,115,155,196,227,246,247,231,203,174,155,149,158,178,207,232,250,249,231,195,156,117,088
HD06,70/01/25,072,074,094,130,172,208,234,243,234,208,176,154,141,142,159,186,214,237,246,240,214,177,137,102
HD06,70/01/26,078,073,087,118,155,195,223,241,240,221,188,159,137,131,142,167,194,222,237,240,225,198,163,128
HD06,70/01/27,100,088,090,117,150,186,219,239,246,230,203,168,140,125,129,146,172,194,215,221,218,201,178,150
HD06,70/01/28,122,100,093,107,136,170,203,228,238,232,209,179,150,130,124,131,149,172,195,210,216,211,193,169
HD06,70/01/29,145,125,114,117,134,162,192,218,234,234,218,193,166,149,124,121,134,153,173,188,198,201,199,187
HD06,70/01/30,172,152,136,132,142,162,188,211,230,233,227,208,185,160,138,127,129,141,156,172,186,200,210,214
HD06,70/01/31,211,199,194,200,210,220,230,239,254,275,285,285,253,210,166,152,156,164,168,165,163,170,190,208
HD06,70/02/01,217,211,198,190,188,195,206,216,222,226,227,227,220,207,184,162,149,127,121,122,128,139,153,168
HD06,70/02/02,183,196,205,209,204,198,193,193,196,205,212,217,214,206,191,172,148,129,110,094,084,085,099,122
HD06,70/02/03,149,176,198,212,216,211,202,193,189,188,191,198,210,216,215,206,189,163,134,103,078,066,072,090
HD06,70/02/04,120,153,187,216,233,237,229,214,197,185,185,195,210,225,237,239,231,209,177,137,098,071,063,072
HD06,70/02/05,098,134,174,212,234,246,243,230,208,185,167,165,177,207,235,248,242,219,188,150,113,070,042,032
HD06,70/02/06,048,081,127,174,215,242,249,236,209,180,155,142,149,171,204,234,252,253,235,200,149,099,055,032
HD06,70/02/07,031,054,091,141,184,221,241,245,225,191,155,130,122,137,167,208,243,267,264,239,192,142,090,056
HD06,70/02/08,046,053,082,126,172,215,247,257,245,209,168,133,118,123,148,184,223,255,271,262,232,187,141,098
HD06,70/02/09,074,071,091,129,172,212,249,269,268,242,203,164,138,125,131,157,191,228,253,261,248,217,173,135
HD06,70/02/10,102,089,094,122,156,193,223,243,244,226,192,155,120,097,095,113,145,182,209,226,224,207,179,148
HD06,70/02/11,120,099,096,113,141,175,205,226,234,227,203,170,133,101,088,094,117,148,177,199,208,206,193,174
HD06,70/02/12,151,131,122,128,150,177,204,224,233,229,214,186,157,126,105,097,107,126,152,172,187,192,189,180
HD06,70/02/13,168,154,146,147,159,177,198,216,227,227,217,198,176,151,132,120,119,129,144,160,174,183,188,189
HD06,70/02/14,188,184,180,180,183,190,201,214,224,226,221,208,194,175,158,140,127,121,124,131,142,153,163,173
HD06,70/02/15,181,185,188,190,193,197,201,207,212,216,215,212,205,195,182,166,149,134,120,114,113,122,137,155
HD06,70/02/16,171,184,193,201,204,202,199,198,200,204,206,207,206,204,200,193,181,161,139,120,111,113,127,142
HD06,70/02/17,163,181,199,213,222,221,214,204,196,191,194,200,208,214,215,211,200,183,159,131,106,094,101,119
HD06,70/02/18,144,169,191,212,224,226,219,204,190,180,178,184,198,213,225,231,226,211,185,153,119,095,088,099
HD06,70/02/19,124,154,184,212,231,236,229,214,194,178,166,165,178,200,223,238,240,230,206,174,134,102,082,082
HD06,70/02/20,103,133,169,203,228,239,236,222,200,174,159,154,164,186,212,236,251,252,240,209,173,133,103,091
HD06,70/02/21,103,132,174,216,248,266,262,246,216,185,160,151,156,178,204,233,254,263,252,225,185,141,102,079
HD06,70/02/22,077,099,136,181,216,241,245,237,213,185,155,135,127,140,170,208,238,256,255,237,203,162,122,093
HD06,70/02/23,081,093,127,168,206,235,246,244,225,194,159,131,116,123,150,187,222,247,255,243,216,182,142,109
HD06,70/02/24,091,091,109,146,186,220,241,246,229,202,164,134,112,110,126,159,191,224,243,248,230,202,167,136
HD06,70/02/25,114,106,119,150,189,226,252,261,254,226,193,156,132,118,125,150,186,223,247,253,239,215,185,160
HD06,70/02/26,138,126,125,145,178,215,242,256,247,226,191,157,130,114,115,131,159,190,219,235,238,231,212,188
HD06,70/02/27,166,152,151,162,186,214,240,256,255,241,209,177,146,126,116,118,136,158,184,204,215,215,204,190
HD06,70/02/28,176,165,162,165,176,192,215,234,244,236,212,179,148,128,116,114,119,129,147,166,185,200,207,203
HD06,70/03/01,194,184,181,183,191,204,218,230,239,236,226,207,183,154,133,119,119,126,136,144,152,159,167,179
HD06,70/03/02,189,193,191,188,184,187,197,207,216,218,212,201,185,170,153,137,121,110,103,105,112,125,141,157
HD06,70/03/03,173,185,194,199,199,196,193,191,193,197,201,201,198,190,181,166,148,128,111,099,094,098,111,134
HD06,70/03/04,162,189,210,222,226,223,216,207,197,191,193,200,211,219,221,210,193,167,144,118,100,087,089,107
HD06,70/03/05,140,176,210,235,244,239,225,209,190,178,170,176,192,216,235,238,222,193,160,127,096,074,067,076
HD06,70/03/06,105,141,185,223,249,251,237,214,192,171,160,160,172,196,225,245,253,237,209,162,122,083,067,067
HD06,70/03/07,088,118,162,204,244,262,260,232,196,160,138,134,146,173,210,247,267,267,246,206,158,112,079,067
HD06,70/03/08,074,102,141,185,229,257,263,245,207,162,124,107,110,138,176,221,253,268,259,233,190,145,102,074
HD06,70/03/09,071,091,128,169,213,243,256,243,215,171,128,093,084,098,137,186,234,268,277,260,225,183,145,115
HD06,70/03/10,100,104,128,165,208,245,258,255,229,190,149,110,087,081,104,139,186,223,250,251,234,200,164,133
HD06,70/03/11,116,115,129,155,191,224,250,256,249,205,161,117,087,078,089,119,158,195,227,241,238,218,191,161
HD06,70/03/12,140,131,138,161,193,224,246,250,240,213,179,143,110,089,086,100,131,166,197,218,226,219,198,175
HD06,70/03/13,156,151,155,170,188,210,229,242,244,226,196,160,127,106,098,104,120,142,168,189,205,211,204,191
HD06,70/03/14,177,168,166,173,187,205,220,232,234,224,202,176,149,128,111,105,109,123,141,159,173,184,187,185
HD06,70/03/15,180,175,172,175,183,195,207,216,217,211,199,180,162,142,128,115,111,115,126,137,147,158,170,182
HD06,70/03/16,189,191,192,194,199,207,217,225,229,229,225,218,215,208,198,182,163,150,146,152,162,173,182,191
HD06,70/03/17,200,210,220,225,225,218,210,204,204,207,208,205,199,190,181,171,160,145,128,114,105,100,125,148
HD06,70/03/18,168,183,194,201,202,199,190,182,174,170,170,176,184,192,197,195,183,164,139,119,108,107,115,131
HD06,70/03/19,154,179,203,220,224,216,198,178,163,156,157,164,177,191,204,207,198,178,152,122,097,086,088,104
HD06,70/03/20,129,156,184,205,216,212,194,174,155,141,135,142,156,178,200,217,220,208,178,142,106,080,071,082
HD06,70/03/21,107,138,169,196,214,215,202,177,153,129,114,116,131,157,186,212,227,224,204,168,130,096,077,078
HD06,70/03/22,095,126,164,197,225,232,221,192,159,126,108,104,118,147,179,211,234,242,229,199,160,122,095,089
HD06,70/03/23,101,130,164,201,229,245,237,209,172,132,102,091,100,123,155,194,226,246,244,222,185,145,109,090
HD06,70/03/24,092,114,147,186,221,243,245,225,191,147,110,089,089,113,144,185,220,249,255,240,201,160,127,106
HD06,70/03/25,101,111,137,172,210,239,250,235,198,153,109,083,077,090,120,157,194,225,244,245,223,185,146,116
HD06,70/03/26,108,114,137,167,201,228,242,235,209,168,121,084,066,067,087,118,157,191,221,233,228,204,174,142
HD06,70/03/27,123,119,136,158,187,213,231,233,219,188,146,104,074,063,072,096,128,160,191,213,221,212,192,167
HD06,70/03/28,147,136,142,158,180,202,220,231,228,204,169,131,097,077,074,086,108,133,160,184,201,207,199,183
HD06,70/03/29,166,156,156,165,179,196,210,220,222,209,181,146,114,090,080,083,096,115,134,153,170,185,193,191
HD06,70/03/30,184,175,172,175,184,195,206,214,214,211,197,179,155,133,112,100,096,105,119,135,147,153,160,167
HD06,70/03/31,178,186,192,190,184,182,185,193,201,204,196,184,170,157,143,128,114,105,104,109,122,137,157,176
HD06,70/04/01,192,205,211,209,202,194,188,184,187,190,193,193,191,187,180,163,143,120,104,095,094,103,119,141
HD06,70/04/02,165,189,207,215,211,198,181,166,159,158,163,172,183,193,197,190,172,144,115,091,077,077,090,113
HD06,70/04/03,140,168,198,218,224,214,190,165,143,132,137,153,177,199,216,221,211,186,154,119,095,080,082,099
HD06,70/04/04,127,160,195,227,240,236,210,176,142,121,114,125,150,181,211,233,239,226,197,158,115,085,074,086
HD06,70/04/05,113,147,184,217,236,238,218,184,142,104,083,088,113,151,191,224,243,242,223,188,149,108,085,081
HD06,70/04/06,102,132,173,208,236,243,227,191,147,102,071,062,077,113,157,202,234,251,247,220,182,140,109,095
HD06,70/04/07,104,130,167,206,236,249,243,217,179,134,087,059,056,081,124,178,219,248,256,247,222,185,152,124
HD06,70/04/08,116,125,152,188,219,238,238,220,190,142,096,058,043,051,085,128,174,211,232,236,223,195,165,148
HD06,70/04/09,124,129,152,183,215,237,245,235,208,166,121,082,055,051,073,109,152,191,218,234,234,215,190,163
HD06,70/04/10,146,140,153,180,209,232,241,237,217,182,143,105,076,062,067,089,124,156,186,207,214,208,191,170
HD06,70/04/11,156,150,156,170,189,210,224,228,219,196,163,128,096,077,073,083,105,132,160,184,203,208,202,189
HD06,70/04/12,175,169,172,181,197,214,229,233,231,215,194,166,141,117,105,102,115,135,156,175,191,199,197,191
HD06,70/04/13,185,180,180,184,191,199,206,212,215,212,197,175,150,128,113,105,104,108,119,134,149,165,174,179
HD06,70/04/14,178,176,173,173,173,176,180,185,189,187,179,168,156,145,131,120,109,104,107,118,132,147,159,170
HD06,70/04/15,178,182,185,185,181,176,172,170,172,175,178,178,175,170,163,152,137,123,113,112,118,131,148,164
HD06,70/04/16,178,190,197,200,195,184,172,163,159,161,166,174,181,187,187,183,170,152,132,119,114,120,136,157
HD06,70/04/17,177,195,209,214,210,197,180,162,152,151,159,174,194,211,220,221,208,189,165,145,128,124,130,150
HD06,70/04/18,175,201,221,232,228,213,190,169,145,132,126,133,152,177,202,216,214,196,172,144,122,108,108,122
HD06,70/04/19,147,176,202,221,223,210,185,157,129,109,101,110,132,153,195,217,225,216,192,163,131,110,101,111
HD06,70/04/20,132,164,197,223,233,225,198,166,131,102,089,092,114,145,180,215,238,242,226,199,167,138,126,128
HD06,70/04/21,145,173,207,236,255,251,225,182,144,102,082,076,090,117,155,191,227,242,234,208,174,140,118,109
HD06,70/04/22,117,141,173,203,225,227,214,180,140,093,061,044,051,075,115,157,196,224,233,225,199,163,132,112
HD06,70/04/23,113,129,160,195,222,234,226,201,163,119,077,050,047,061,095,135,177,211,233,235,221,192,160,133
HD06,70/04/24,124,130,155,184,213,231,234,214,185,140,096,059,043,044,069,102,141,180,210,226,225,207,180,156
HD06,70/04/25,137,135,150,175,206,225,232,219,194,158,118,080,054,045,054,080,117,155,185,209,217,212,196,176
HD06,70/04/26,159,148,152,168,192,214,226,225,211,183,146,107,075,059,056,070,093,125,155,183,201,207,201,189
HD06,70/04/27,173,164,162,169,181,197,210,217,213,199,171,140,108,085,072,071,084,103,128,152,174,190,197,197
HD06,70/04/28,190,182,177,175,177,183,192,202,207,205,189,166,142,122,102,090,088,094,109,129,150,172,191,203
HD06,70/04/29,205,202,196,191,187,187,190,195,200,204,204,198,186,168,148,128,112,104,107,118,134,152,172,191
HD06,70/04/30,204,212,214,207,194,179,169,167,172,181,189,195,196,193,183,167,146,126,102,110,114,128,148,173
HD06,70/05/01,195,213,222,220,205,183,161,146,144,153,166,181,195,204,205,195,176,152,130,115,109,114,133,157
HD06,70/05/02,185,208,223,224,213,188,161,134,119,115,126,147,177,200,217,217,205,182,156,133,117,112,124,147
HD06,70/05/03,175,204,225,235,227,206,173,138,109,094,096,119,150,185,213,230,231,214,188,160,135,120,122,138
HD06,70/05/04,166,196,222,237,238,219,187,147,110,081,072,084,116,155,194,225,240,236,216,187,160,135,127,132
HD06,70/05/05,154,182,211,233,240,228,199,161,120,082,059,058,081,117,160,201,231,241,232,210,182,157,140,136
HD06,70/05/06,147,170,199,226,241,240,217,181,138,094,059,047,056,087,128,172,209,233,237,227,206,180,157,144
HD06,70/05/07,145,163,190,217,238,244,236,202,165,120,079,054,051,071,106,149,189,220,238,239,226,203,179,162
HD06,70/05/08,159,168,188,212,235,248,243,226,193,152,107,074,061,067,093,125,163,199,225,234,232,216,196,175
HD06,70/05/09,164,163,177,197,222,237,240,227,204,169,131,094,071,064,076,101,134,167,197,216,225,218,203,182
HD06,70/05/10,166,162,170,187,208,223,231,228,215,187,156,122,094,077,077,093,121,152,181,202,216,217,210,197
HD06,70/05/11,184,175,176,184,200,216,229,232,225,208,182,154,128,108,101,105,122,147,174,199,217,226,224,213
HD06,70/05/12,200,190,187,190,197,206,213,218,218,208,190,170,149,133,119,113,115,128,146,167,186,201,209,208
HD06,70/05/13,201,189,181,177,178,181,187,192,196,196,190,178,165,150,137,126,120,122,135,152,170,185,198,204
HD06,70/05/14,203,198,191,184,178,173,170,172,177,182,184,184,178,169,159,147,135,128,127,135,149,168,186,200
HD06,70/05/15,206,205,199,190,179,169,156,150,150,157,167,177,182,182,174,164,149,137,126,122,128,144,165,188
HD06,70/05/16,202,208,206,196,183,166,151,138,133,136,149,165,182,193,196,190,177,159,143,131,129,136,156,179
HD06,70/05/17,202,215,220,213,198,175,154,134,121,119,127,146,173,194,209,213,207,191,170,150,140,141,157,178
HD06,70/05/18,201,220,233,234,222,199,170,139,117,108,111,131,155,184,211,228,231,217,197,176,157,147,151,171
HD06,70/05/19,195,218,235,243,235,211,182,147,118,100,095,108,136,173,207,235,248,244,227,203,180,163,158,167
HD06,70/05/20,189,217,240,253,250,230,200,164,128,100,084,086,109,148,188,225,248,257,252,235,213,195,184,174
HD06,70/05/21,180,201,237,263,271,256,227,191,152,113,084,074,085,114,154,196,233,258,263,250,226,200,180,170
HD06,70/05/22,173,189,212,235,249,251,235,202,157,113,074,054,057,080,116,155,195,229,248,251,236,213,188,170
HD06,70/05/23,164,175,198,223,242,250,242,217,180,136,094,065,054,064,093,130,171,209,238,251,249,232,210,187
HD06,70/05/24,173,171,183,204,226,242,245,231,201,164,116,078,051,046,056,085,117,157,191,216,226,223,208,190
HD06,70/05/25,171,164,167,180,198,219,233,233,219,191,156,116,086,069,069,082,108,138,171,199,222,228,225,211
HD06,70/05/26,195,180,176,181,197,215,231,239,238,221,197,166,136,114,100,097,107,128,158,189,216,233,238,231
HD06,70/05/27,217,202,191,185,185,193,206,221,230,228,214,190,166,143,121,111,113,128,147,172,194,214,225,224
HD06,70/05/28,215,200,186,174,166,165,171,184,197,207,209,203,189,170,150,130,120,117,125,140,161,181,201,215
HD06,70/05/29,219,213,202,184,165,151,145,149,160,174,186,192,194,188,177,158,139,123,120,126,143,161,184,202
HD06,70/05/30,216,219,212,194,173,149,131,123,128,142,160,180,196,205,205,195,178,160,144,139,144,159,177,199
HD06,70/05/31,216,227,226,215,192,165,135,115,107,114,134,161,186,208,221,223,213,195,175,161,156,160,176,196
HD06,70/06/01,219,236,243,238,219,190,159,130,107,099,107,134,161,190,217,236,242,232,210,186,170,165,174,190
HD06,70/06/02,210,227,239,244,233,207,172,133,099,077,074,094,127,164,196,222,237,237,223,202,181,166,162,174
HD06,70/06/03,194,217,235,246,240,220,188,150,111,076,063,068,096,131,170,206,229,241,236,220,200,181,167,167
HD06,70/06/04,180,204,226,244,247,239,212,177,132,097,065,059,071,104,141,181,215,238,243,233,212,191,174,167
HD06,70/06/05,171,187,208,232,245,247,228,198,157,115,080,058,061,082,117,155,193,223,239,241,227,205,185,172
HD06,70/06/06,170,179,200,222,242,248,242,220,187,148,106,074,061,071,099,134,171,204,229,239,236,220,199,180
HD06,70/06/07,170,172,186,208,228,242,245,233,207,173,136,101,079,075,090,116,147,181,210,230,237,228,208,186
HD06,70/06/08,169,164,173,192,212,225,233,231,219,193,158,120,090,077,080,100,131,164,193,214,224,222,210,191
HD06,70/06/09,172,160,161,172,188,207,221,225,210,196,168,135,109,090,086,095,116,147,177,203,218,222,215,200
HD06,70/06/10,183,170,164,167,175,189,204,215,217,208,188,163,138,118,106,103,114,133,161,190,213,225,225,214
HD06,70/06/11,197,182,172,170,172,179,190,202,211,213,202,182,160,142,130,124,125,137,155,178,202,219,228,226
HD06,70/06/12,214,195,179,170,165,166,175,185,195,201,200,195,186,172,158,143,136,137,150,168,191,209,224,226
HD06,70/06/13,221,206,192,177,166,157,155,160,172,185,194,198,196,191,181,170,159,152,154,164,180,200,217,227
HD06,70/06/14,228,219,205,187,170,156,147,143,149,160,176,190,201,206,203,195,183,172,166,166,175,191,210,226
HD06,70/06/15,231,229,218,204,183,163,143,130,126,136,153,173,189,204,211,211,205,194,178,166,161,171,186,207
HD06,70/06/16,220,227,225,212,190,164,137,116,104,104,116,135,163,189,212,225,225,218,204,187,174,171,180,201
HD06,70/06/17,220,233,238,231,215,191,163,131,105,090,093,113,143,178,208,231,243,243,231,211,192,180,182,196
HD06,70/06/18,215,233,244,246,235,214,186,152,114,086,075,084,113,151,189,223,246,254,250,233,210,190,182,186
HD06,70/06/19,200,221,241,253,252,237,211,177,135,098,075,073,091,124,162,200,235,258,268,261,242,218,197,187
HD06,70/06/20,189,205,229,250,261,255,233,200,157,113,076,055,054,077,114,159,200,233,254,256,244,221,201,186
HD06,70/06/21,181,188,205,229,251,258,251,226,190,141,096,062,049,058,084,123,164,201,234,249,249,229,206,182
HD06,70/06/22,167,168,183,207,232,248,251,237,211,174,130,090,059,049,064,096,135,174,208,231,242,236,219,196
HD06,70/06/23,175,162,162,179,205,229,244,246,232,201,165,124,089,065,061,075,104,140,176,207,229,235,226,205
HD06,70/06/24,180,160,151,157,175,198,220,235,234,221,193,158,125,096,083,085,104,133,167,199,224,236,234,219
HD06,70/06/25,196,173,155,149,155,171,192,215,225,226,210,188,160,134,113,105,112,130,155,186,210,228,235,230
HD06,70/06/26,214,191,168,151,144,150,165,187,205,216,215,203,186,168,150,137,132,137,155,180,204,224,234,234
HD06,70/06/27,220,201,179,156,139,130,132,145,167,183,196,201,196,187,176,165,153,148,151,165,186,207,221,227
HD06,70/06/28,224,210,190,168,145,125,115,115,129,149,167,182,194,199,198,190,181,171,168,172,182,198,212,223
HD06,70/06/29,226,219,205,185,161,135,113,102,100,112,129,152,172,191,200,202,195,185,175,171,174,185,196,209
HD06,70/06/30,215,219,215,205,182,156,126,100,086,088,101,126,151,179,200,213,217,211,202,191,182,181,189,202
HD06,70/07/01,216,226,231,224,207,181,150,119,095,082,085,103,133,163,190,213,228,232,222,207,190,181,182,192
HD06,70/07/02,204,218,227,232,226,208,180,147,110,080,068,076,100,133,165,196,219,232,233,221,202,185,174,177
HD06,70/07/03,189,207,224,234,235,225,202,172,135,096,070,070,079,114,152,191,220,237,240,232,215,196,179,176
HD06,70/07/04,181,198,218,238,247,244,226,201,164,125,090,071,073,096,134,174,208,234,247,244,230,207,189,177
HD06,70/07/05,176,184,204,223,246,252,246,221,187,145,109,082,073,083,112,150,188,220,241,247,236,214,190,173
HD06,70/07/06,166,170,187,211,233,246,248,236,210,173,135,100,080,078,096,128,168,202,227,240,239,223,199,177
HD06,70/07/07,162,158,168,189,214,234,242,239,218,187,145,109,084,076,089,114,146,179,208,230,235,225,200,173
HD06,70/07/08,152,146,151,171,192,213,228,233,225,204,171,139,110,084,085,115,143,175,203,225,237,235,219,197
HD06,70/07/09,175,160,156,166,183,201,218,228,229,218,196,166,139,119,113,122,140,165,194,221,237,241,228,206
HD06,70/07/10,181,162,152,155,167,183,199,211,217,215,203,183,161,139,125,125,137,160,183,207,225,233,229,213
HD06,70/07/11,191,168,149,141,145,158,175,190,202,206,204,194,178,150,146,139,142,154,177,200,222,235,241,233
HD06,70/07/12,217,193,173,157,152,152,161,175,190,201,204,201,194,186,178,169,162,162,170,189,210,227,234,228
HD06,70/07/13,211,192,172,155,140,133,131,139,151,170,182,191,204,204,190,182,176,173,177,188,203,221,235,243
HD06,70/07/14,238,226,203,182,159,140,128,127,132,145,159,177,192,205,209,208,200,192,184,183,189,202,216,226
HD06,70/07/15,227,219,205,188,167,143,123,106,100,106,122,145,171,192,209,218,217,209,199,188,184,185,195,208
HD06,70/07/16,219,222,218,203,184,156,129,100,085,072,086,106,136,168,197,219,231,231,217,202,186,177,180,192
HD06,70/07/17,209,222,229,225,212,187,154,123,090,069,061,075,100,143,180,216,238,246,242,228,207,191,182,185
HD06,70/07/18,188,218,236,248,245,229,197,160,118,082,059,057,075,112,155,198,233,256,261,253,229,206,186,181
HD06,70/07/19,188,207,234,257,271,264,244,207,163,114,078,057,058,083,125,172,217,250,265,261,242,214,189,171
HD06,70/07/20,166,175,200,230,256,267,259,232,193,145,097,062,049,059,090,133,178,219,249,260,251,226,196,168
HD06,70/07/21,153,153,171,201,234,258,267,255,220,176,125,086,061,061,079,115,158,201,235,253,253,233,202,170
HD06,70/07/22,148,138,144,167,201,232,254,255,239,206,163,121,089,071,075,100,135,174,209,234,245,238,214,182
HD06,70/07/23,148,126,120,131,157,189,219,234,236,218,188,152,119,095,090,101,129,162,194,221,236,238,225,197
HD06,70/07/24,165,133,116,114,129,155,186,209,222,221,205,181,154,133,119,121,135,162,190,215,232,240,231,211
HD06,70/07/25,183,156,131,118,116,133,156,182,200,211,208,198,182,165,152,147,154,171,191,213,230,239,236,224
HD06,70/07/26,202,176,149,130,118,118,132,152,172,190,198,198,193,186,181,177,177,182,191,206,223,235,237,230
HD06,70/07/27,215,195,175,155,136,123,119,126,142,165,180,191,196,198,198,198,200,201,202,206,211,221,228,230
HD06,70/07/28,223,210,192,175,154,134,117,110,112,128,147,166,181,194,202,208,210,208,204,199,198,205,213,223
HD06,70/07/29,225,220,209,195,175,155,131,112,102,108,125,149,171,191,205,217,224,226,221,212,203,201,207,218
HD06,70/07/30,226,230,221,217,201,179,156,129,104,098,103,122,148,176,199,219,230,232,224,210,196,186,187,195
HD06,70/07/31,209,220,231,232,225,205,179,144,110,090,084,093,117,150,183,209,228,235,232,217,198,181,173,176
HD06,70/08/01,188,207,225,238,240,229,202,169,130,094,074,075,096,132,170,207,233,245,242,229,208,189,174,169
HD06,70/08/02,175,192,216,239,248,244,223,193,155,119,088,075,083,112,152,191,222,238,244,234,215,191,169,155
HD06,70/08/03,154,171,198,226,245,251,241,216,181,138,102,077,073,091,127,168,207,233,245,240,222,194,169,150
HD06,70/08/04,146,153,176,206,235,250,250,231,203,161,121,094,083,095,122,161,198,228,247,249,237,211,184,159
HD06,70/08/05,145,145,162,190,221,242,250,241,219,190,152,120,096,092,108,142,181,216,240,247,239,216,189,161
HD06,70/08/06,142,133,144,166,197,222,240,241,229,202,169,136,112,100,110,137,173,211,237,251,249,227,199,165
HD06,70/08/07,141,127,131,148,176,203,228,239,237,215,186,154,128,113,113,131,160,193,223,241,244,231,206,174
HD06,70/08/08,145,126,119,128,149,174,200,217,224,215,194,168,145,130,125,134,155,182,209,229,238,230,210,181
HD06,70/08/09,153,130,119,116,128,146,170,189,204,204,195,176,160,145,139,141,155,174,196,214,227,226,216,192
HD06,70/08/10,166,140,122,114,118,129,146,163,178,188,193,192,184,175,166,164,168,181,197,212,223,228,225,213
HD06,70/08/11,192,168,147,133,128,129,136,147,163,179,191,199,199,198,194,192,193,196,202,209,218,226,230,224
HD06,70/08/12,210,190,172,154,140,128,123,125,137,149,166,181,194,202,205,207,206,203,198,197,200,207,217,225
HD06,70/08/13,222,209,191,174,157,141,125,112,109,116,133,159,183,205,219,228,229,225,217,209,205,207,216,224
HD06,70/08/14,225,223,215,203,183,160,133,107,093,093,107,129,157,184,213,233,244,242,229,212,197,189,192,204
HD06,70/08/15,218,229,234,231,219,195,163,130,102,085,082,097,126,162,201,236,259,265,257,241,220,205,197,200
HD06,70/08/16,212,232,253,267,267,250,216,180,132,100,077,078,096,131,170,219,254,272,267,247,217,188,167,163
HD06,70/08/17,176,199,226,253,265,249,233,194,149,101,065,053,063,094,138,181,223,251,261,248,220,186,156,137
HD06,70/08/18,138,159,191,225,251,266,257,225,187,138,096,064,057,071,108,153,203,240,261,257,235,198,161,132
HD06,70/08/19,120,127,153,190,233,262,269,253,223,177,129,093,073,078,104,148,194,234,258,262,248,215,177,137
HD06,70/08/20,115,110,129,162,202,237,261,264,246,214,172,130,103,097,114,148,188,223,247,259,252,228,192,151
HD06,70/08/21,117,099,104,128,167,206,235,247,245,223,194,162,136,124,131,154,182,212,235,252,253,239,207,171
HD06,70/08/22,132,108,100,113,138,169,197,219,229,227,207,183,160,147,147,162,184,208,227,241,247,241,221,188
HD06,70/08/23,152,120,104,102,116,140,167,188,205,212,208,194,178,165,161,167,184,204,223,235,239,234,222,200
HD06,70/08/24,172,144,122,109,107,118,138,158,178,188,193,192,185,179,176,177,185,196,210,221,229,229,222,205
HD06,70/08/25,187,166,147,130,119,114,120,132,149,165,175,182,187,189,192,195,198,200,203,209,215,220,221,217
HD06,70/08/26,206,189,173,157,145,132,123,119,127,140,157,172,185,196,206,214,216,215,211,208,209,214,219,221
HD06,70/08/27,219,214,207,197,182,164,143,127,121,129,145,166,186,205,221,231,236,236,229,220,209,205,206,213
HD06,70/08/28,221,227,229,224,210,188,161,136,118,113,119,138,163,191,214,232,240,239,227,212,197,186,184,191
HD06,70/08/29,204,218,231,237,231,213,186,156,126,109,107,121,147,177,207,233,249,253,244,224,202,185,179,184
HD06,70/08/30,199,217,236,251,255,245,221,185,152,123,112,113,132,158,193,223,248,257,253,233,208,184,170,165
HD06,70/08/31,174,194,223,245,258,257,241,211,176,140,117,109,121,150,186,225,256,271,269,252,224,199,177,165
HD06,70/09/01,164,180,207,239,264,272,262,234,196,155,123,107,114,139,175,216,250,271,272,256,224,192,165,148
HD06,70/09/02,147,163,193,227,257,273,270,250,213,177,140,118,115,136,166,205,240,269,276,266,237,204,173,152
HD06,70/09/03,143,150,172,205,239,267,277,268,240,205,167,138,126,132,156,191,229,260,277,270,245,212,179,151
HD06,70/09/04,132,130,142,171,205,237,256,259,243,213,177,145,121,120,137,170,204,237,256,260,244,216,182,148
HD06,70/09/05,122,113,124,153,184,215,239,251,238,226,199,171,150,142,150,172,200,230,253,262,252,227,194,159
HD06,70/09/06,131,114,118,136,163,192,217,236,241,232,212,189,169,160,160,174,194,221,244,254,250,230,200,169
HD06,70/09/07,138,120,115,124,141,162,185,209,225,229,219,201,184,175,173,176,186,202,222,238,242,231,208,178
HD06,70/09/08,148,125,114,114,125,141,158,178,195,206,207,201,191,184,180,184,193,205,217,228,233,231,220,201
HD06,70/09/09,176,151,134,128,130,137,145,155,170,185,199,208,212,211,208,208,210,215,221,226,230,232,230,220
HD06,70/09/10,203,184,168,156,149,143,138,136,144,161,178,197,209,217,221,222,221,221,219,218,219,220,221,219
HD06,70/09/11,213,202,186,168,150,133,123,115,115,121,136,155,180,203,220,228,228,221,211,202,197,198,203,210
HD06,70/09/12,215,218,215,205,190,167,143,121,106,103,112,133,165,199,226,245,252,249,234,214,198,190,192,205
HD06,70/09/13,221,238,249,252,239,218,183,147,114,094,091,107,136,174,210,236,252,248,232,203,175,154,149,158
HD06,70/09/14,180,206,232,245,245,228,197,153,112,083,071,079,105,140,179,216,246,257,248,219,182,153,136,137
HD06,70/09/15,155,187,223,257,275,275,250,210,161,117,090,081,096,129,170,213,247,266,263,237,199,153,119,102
HD06,70/09/16,111,140,186,228,257,268,260,233,192,145,104,085,086,109,148,195,233,258,263,243,206,163,122,096
HD06,70/09/17,092,108,145,195,235,263,269,257,225,175,136,112,107,125,157,199,236,262,267,252,218,180,137,104
HD06,70/09/18,088,097,126,176,216,254,275,276,256,231,198,169,150,146,161,192,228,260,280,275,249,209,164,125
HD06,70/09/19,098,090,099,127,167,206,236,249,242,219,189,163,143,140,151,177,207,238,254,256,238,208,168,128
HD06,70/09/20,094,075,074,096,127,166,196,216,222,215,198,179,162,154,156,173,197,222,241,247,238,216,189,157
HD06,70/09/21,128,105,091,094,112,138,166,188,205,210,207,194,182,176,176,184,198,216,233,242,241,226,206,180
HD06,70/09/22,156,134,119,112,115,130,149,173,194,208,213,209,203,200,203,211,220,227,234,238,238,233,222,205
HD06,70/09/23,185,164,147,134,126,126,134,149,166,181,190,197,198,200,202,207,212,216,217,217,218,218,214,208
HD06,70/09/24,195,170,167,154,144,134,130,132,143,156,171,181,191,198,205,209,211,209,204,199,198,201,204,207
HD06,70/09/25,216,200,192,181,167,154,140,132,129,137,151,171,189,203,213,220,222,221,212,201,192,190,195,204
HD06,70/09/26,212,219,220,214,200,182,159,138,123,121,132,152,173,194,211,223,227,222,207,188,172,167,170,180
HD06,70/09/27,193,207,216,220,214,200,176,149,123,107,111,127,155,182,208,224,234,229,214,190,168,155,152,161
HD06,70/09/28,176,196,215,230,231,221,195,165,132,110,102,113,139,174,207,229,242,240,227,201,171,146,136,141
HD06,70/09/29,159,186,215,237,247,243,226,199,166,134,116,118,137,170,207,237,254,255,241,214,184,154,135,132
HD06,70/09/30,146,175,210,242,260,261,246,217,185,153,130,120,132,160,195,229,250,258,244,216,180,148,122,112
HD06,70/10/01,121,147,181,217,243,258,256,236,204,164,135,120,127,150,184,220,248,265,261,239,202,159,125,108
HD06,70/10/02,108,127,158,198,232,258,266,256,228,192,159,137,132,146,175,211,243,264,263,242,206,164,126,102
HD06,70/10/03,096,108,134,173,211,241,257,255,236,206,176,150,136,137,159,192,226,251,258,242,210,168,131,104
HD06,70/10/04,090,093,112,140,176,210,236,247,240,219,193,171,155,154,165,187,215,243,256,256,243,199,153,128
HD06,70/10/05,107,102,109,129,162,193,226,245,250,238,218,199,179,168,173,190,217,239,252,250,236,210,181,152
HD06,70/10/06,126,108,105,116,140,168,197,218,228,230,224,211,199,186,181,188,205,226,243,249,240,220,194,166
HD06,70/10/07,143,123,112,111,121,140,163,186,204,215,216,210,204,198,194,195,202,213,224,231,229,221,205,184
HD06,70/10/08,164,146,129,118,113,120,132,154,171,187,194,199,203,206,207,207,205,206,208,213,214,214,207,197
HD06,70/10/09,183,169,155,142,132,124,122,128,140,161,179,197,210,220,223,221,215,207,200,197,196,201,205,207
HD06,70/10/10,203,197,185,170,154,138,125,118,119,132,153,176,200,218,230,235,230,215,197,178,172,176,186,199
HD06,70/10/11,210,215,214,207,193,169,142,119,109,115,133,158,184,209,232,246,246,233,208,179,156,149,160,181
HD06,70/10/12,206,225,236,236,227,203,175,143,119,108,115,137,169,202,232,252,257,246,220,187,155,135,134,155
HD06,70/10/13,189,223,250,263,260,242,214,184,152,124,112,124,155,197,236,265,271,260,231,199,158,115,107,110
HD06,70/10/14,139,180,225,258,269,262,237,206,170,141,121,116,135,170,211,247,265,262,237,203,161,122,092,086
HD06,70/10/15,103,142,188,236,266,275,263,240,208,173,140,124,131,162,205,245,270,274,256,227,188,143,101,075
HD06,70/10/16,077,107,158,208,248,270,275,262,238,204,171,144,140,159,196,236,263,272,262,236,202,161,120,086
HD06,70/10/17,072,082,121,172,221,254,267,262,246,225,203,181,167,165,184,217,253,274,272,251,217,177,139,108
HD06,70/10/18,087,080,096,128,177,218,248,255,248,229,211,194,187,185,194,212,239,263,274,263,239,201,168,137
HD06,70/10/19,114,099,099,117,151,189,223,245,249,237,221,206,198,194,197,206,223,243,255,254,237,207,172,143
HD06,70/10/20,122,108,101,104,122,149,182,209,225,227,221,211,202,198,200,206,218,231,243,246,241,225,203,178
HD06,70/10/21,155,136,121,114,121,139,165,189,210,223,224,218,212,207,206,208,214,220,225,227,226,222,212,197
HD06,70/10/22,178,157,138,124,121,129,146,164,180,192,200,205,208,210,211,211,209,208,207,210,211,210,206,198
HD06,70/10/23,187,177,166,155,143,133,132,141,156,175,189,198,205,209,212,214,212,206,198,194,195,197,201,201
HD06,70/10/24,197,193,186,178,167,153,141,137,143,158,177,194,208,219,224,225,220,210,199,187,181,183,191,201
HD06,70/10/25,209,213,212,206,194,179,163,148,142,147,165,188,211,228,238,239,235,222,206,188,175,171,179,198
HD06,70/10/26,217,235,244,244,232,215,196,180,168,164,170,188,212,234,250,256,250,232,206,179,154,142,144,161
HD06,70/10/27,184,210,230,240,236,215,191,163,141,131,135,153,179,206,228,239,236,221,194,171,145,130,123,132
HD06,70/10/28,154,186,215,238,246,239,220,192,167,144,138,146,174,204,233,251,257,247,223,190,160,131,118,121
HD06,70/10/29,146,178,213,242,262,264,250,222,193,164,152,155,178,208,240,264,275,269,246,212,175,137,113,109
HD06,70/10/30,128,159,196,229,257,271,270,249,218,184,160,154,168,195,227,254,268,266,245,214,174,133,096,079
HD06,70/10/31,090,121,164,206,239,257,262,254,234,206,179,159,159,179,212,245,266,273,258,229,190,147,107,086
HD06,70/11/01,082,103,137,176,211,241,258,261,244,219,188,165,159,171,196,225,247,260,253,232,196,156,117,087
HD06,70/11/02,075,081,108,144,180,214,241,253,249,228,203,180,167,172,189,214,238,256,257,244,214,177,135,102
HD06,70/11/03,083,081,098,127,158,189,218,240,250,242,224,199,181,175,175,204,226,243,252,247,227,197,163,128
HD06,70/11/04,102,089,093,110,136,164,193,218,233,239,231,218,201,193,194,205,221,237,246,247,237,217,190,161
HD06,70/11/05,131,113,103,108,120,139,163,189,210,226,228,223,213,205,202,205,213,221,228,232,231,223,207,187
HD06,70/11/06,161,136,118,114,120,135,150,170,188,210,223,232,232,226,218,213,210,210,212,214,219,220,219,207
HD06,70/11/07,191,168,150,139,136,139,145,153,165,182,203,220,230,230,224,213,203,195,188,187,188,193,197,201
HD06,70/11/08,201,194,179,162,145,133,129,133,140,157,174,197,217,233,236,231,213,194,175,164,161,169,173,201
HD06,70/11/09,213,219,214,200,182,164,146,138,136,143,159,179,207,228,239,238,224,202,176,151,135,135,147,170
HD06,70/11/10,196,217,230,232,223,205,181,157,144,140,155,178,209,236,255,259,249,225,197,164,140,131,140,165
HD06,70/11/11,202,233,260,272,271,257,234,204,176,156,158,177,210,240,262,265,254,228,191,146,110,085,085,103
HD06,70/11/12,138,175,212,237,251,246,228,200,172,151,148,159,181,208,233,251,252,237,202,159,114,081,068,077
HD06,70/11/13,106,142,183,221,247,258,252,231,205,180,166,164,176,200,229,256,269,264,237,196,146,104,077,071
HD06,70/11/14,087,118,158,201,241,267,271,261,235,212,191,180,182,199,225,256,277,281,260,223,171,125,089,075
HD06,70/11/15,077,097,128,172,210,242,262,263,247,221,196,181,180,189,209,235,257,269,265,242,205,157,115,088
HD06,70/11/16,075,082,108,146,185,221,247,256,250,235,213,196,185,187,202,226,250,268,269,253,222,185,146,111
HD06,70/11/17,087,080,090,117,151,189,219,240,244,234,213,196,181,178,186,203,222,239,246,242,222,193,161,132
HD06,70/11/18,109,097,096,111,137,168,197,216,233,234,222,207,194,187,191,201,217,229,239,241,233,214,188,158
HD06,70/11/19,134,116,110,116,133,154,179,202,221,230,227,216,200,190,186,191,201,210,216,221,222,219,205,187
HD06,70/11/20,163,147,136,135,142,157,174,194,214,230,235,230,218,209,202,201,203,209,216,225,228,223,213,202
HD06,70/11/21,192,179,166,152,147,151,166,183,201,213,223,226,223,217,212,206,201,199,199,201,204,208,212,215
HD06,70/11/22,215,208,198,187,178,174,176,186,202,220,234,245,249,247,240,231,221,209,201,195,195,201,212,221
HD06,70/11/23,227,224,216,202,190,180,173,171,177,189,207,224,236,240,238,227,212,196,180,169,163,166,177,190
HD06,70/11/24,204,215,221,220,207,191,175,168,168,182,197,214,227,235,237,232,221,200,174,150,136,137,151,172
HD06,70/11/25,192,208,220,225,223,210,192,174,163,168,182,202,220,234,242,241,227,205,176,149,126,119,126,146
HD06,70/11/26,173,199,222,238,243,236,216,197,178,173,180,196,220,240,256,259,252,229,201,164,134,116,118,135
HD06,70/11/27,164,195,226,251,266,265,250,230,206,188,183,195,214,238,256,266,262,244,211,175,136,108,099,110
HD06,70/11/28,135,169,202,236,261,272,265,245,217,192,180,185,202,225,249,266,271,255,225,185,144,111,090,090
HD06,70/11/29,108,138,176,216,251,274,277,263,238,213,197,192,202,221,247,271,287,285,261,216,169,127,098,088
HD06,70/11/30,094,113,149,190,230,259,272,267,250,226,205,190,186,197,219,244,265,272,259,231,191,147,107,082
HD06,70/12/01,072,083,108,146,189,227,256,268,263,244,217,196,185,190,208,233,255,266,260,242,206,166,126,094
HD06,70/12/02,073,072,089,120,161,200,234,255,260,248,227,206,194,191,209,239,264,278,275,260,238,213,179,141
HD06,70/12/03,110,093,095,117,145,180,211,237,254,259,246,228,209,196,197,208,228,246,259,256,245,227,204,176
HD06,70/12/04,147,121,107,106,121,146,178,207,229,236,235,223,207,190,179,176,182,196,211,222,223,214,195,172
HD06,70/12/05,146,122,102,095,102,121,145,176,202,223,231,230,217,202,188,178,176,180,190,201,210,212,208,194
HD06,70/12/06,175,154,135,121,115,119,135,158,183,204,218,224,219,209,195,181,168,160,160,167,178,190,199,202
HD06,70/12/07,196,184,169,153,141,136,139,152,170,188,207,221,228,224,212,196,177,159,144,141,147,165,183,200
HD06,70/12/08,211,212,208,197,185,173,165,166,177,195,215,234,246,247,238,217,190,158,135,121,121,131,150,171
HD06,70/12/09,191,206,213,212,201,184,168,159,161,174,190,207,221,229,228,219,199,171,137,111,094,098,116,140
HD06,70/12/10,167,191,210,223,224,214,197,180,170,170,181,199,214,226,231,229,214,186,150,111,081,068,075,101
HD06,70/12/11,132,163,190,210,224,225,213,192,174,164,165,178,195,212,222,226,220,202,167,126,086,054,046,059
HD06,70/12/12,096,128,166,195,217,228,225,210,191,171,162,165,181,202,222,235,235,220,193,155,114,077,056,056
HD06,70/12/13,080,117,154,194,229,257,269,262,248,224,202,191,200,221,247,267,279,276,261,223,179,125,083,058
HD06,70/12/14,062,085,123,162,199,227,247,248,230,205,180,167,168,181,200,222,239,246,237,210,170,126,088,062
HD06,70/12/15,056,069,101,137,176,208,234,245,241,221,199,178,171,175,195,219,244,256,251,230,201,165,127,096
HD06,70/12/16,072,070,089,122,160,199,227,243,245,235,214,192,176,173,183,204,228,245,249,238,216,185,149,115
HD06,70/12/17,088,076,081,105,139,175,207,230,241,238,224,205,188,176,178,191,212,232,242,239,227,204,179,149
HD06,70/12/18,121,102,096,109,134,169,198,224,237,241,231,213,193,178,171,178,193,210,219,217,207,194,179,160
HD06,70/12/19,137,112,094,090,105,133,169,196,214,217,214,202,190,175,163,158,163,176,193,205,208,203,193,178
HD06,70/12/20,162,145,125,117,119,136,160,186,208,222,225,216,201,183,170,163,164,169,176,183,189,193,195,189
HD06,70/12/21,177,161,145,135,133,141,157,174,194,209,216,214,204,188,173,161,153,152,156,162,167,173,181,187
HD06,70/12/22,188,181,169,157,150,147,156,171,190,207,220,225,219,208,194,183,172,162,152,144,147,159,176,189
HD06,70/12/23,195,193,187,180,174,170,166,167,178,193,208,219,218,210,195,180,164,149,133,120,116,126,146,163
HD06,70/12/24,179,192,197,198,193,185,177,171,174,187,204,216,223,223,216,204,186,165,138,114,101,103,118,143
HD06,70/12/25,165,186,201,212,213,205,193,181,175,177,187,201,214,221,222,213,199,174,145,114,088,077,086,107
HD06,70/12/26,136,163,190,210,222,222,212,196,183,174,177,191,207,221,231,231,223,202,169,130,096,076,074,089
HD06,70/12/27,116,146,181,212,235,239,229,210,189,173,168,173,189,206,222,231,229,213,182,139,094,059,042,047
HD06,70/12/28,067,103,141,182,211,228,232,226,205,183,164,157,166,189,215,238,245,236,205,168,124,086,057,045
HD06,70/12/29,049,077,114,156,197,228,242,240,224,202,180,164,160,172,198,226,248,255,236,200,156,111,072,047
HD06,70/12/30,038,053,082,125,167,204,229,240,232,209,183,157,146,151,175,204,232,247,243,222,184,140,099,066
HD06,70/12/31,046,047,065,103,144,185,219,241,245,231,209,182,160,148,160,185,221,250,261,249,220,185,146,109
