HD06,75/01/01,069,063,080,116,164,205,238,261,262,245,214,183,157,145,154,178,209,235,251,253,235,206,169,130
HD06,75/01/02,094,070,070,094,137,177,217,241,251,243,223,195,165,143,138,154,181,211,231,240,234,219,198,170
HD06,75/01/03,136,106,091,100,130,169,206,235,248,246,235,212,188,161,147,147,163,186,209,223,225,217,206,189
HD06,75/01/04,166,141,119,110,120,147,177,210,233,237,226,205,181,158,140,130,133,146,164,182,193,198,196,189
HD06,75/01/05,179,166,151,139,136,148,172,198,221,232,232,222,204,182,162,147,140,139,142,150,161,173,185,193
HD06,75/01/06,194,188,175,163,154,155,166,184,203,219,225,223,213,198,181,164,147,134,126,127,135,148,164,176
HD06,75/01/07,186,193,195,192,183,172,169,177,192,208,217,218,214,206,197,184,168,147,124,111,111,124,142,161
HD06,75/01/08,177,192,204,212,210,200,190,185,189,202,215,223,228,228,223,216,205,186,155,126,110,112,130,155
HD06,75/01/09,182,204,222,236,243,240,228,214,206,203,211,223,233,240,242,239,230,212,180,144,111,097,100,119
HD06,75/01/10,144,174,202,228,246,249,242,224,206,195,196,206,220,234,249,262,264,248,208,165,125,103,100,111
HD06,75/01/11,131,155,188,221,250,261,256,237,212,196,188,193,207,226,247,264,269,257,227,187,143,112,093,094
HD06,75/01/12,109,135,170,207,239,256,257,244,223,201,185,176,180,197,225,253,271,269,245,208,165,130,104,088
HD06,75/01/13,091,111,146,189,227,252,259,253,233,210,187,172,166,176,201,233,260,268,255,223,185,149,114,091
HD06,75/01/14,082,093,123,166,208,239,253,249,233,210,186,166,155,155,177,210,246,264,260,234,200,161,131,102
HD06,75/01/15,087,086,107,144,186,223,243,250,238,217,190,168,149,145,160,188,223,250,257,241,214,183,152,124
HD06,75/01/16,100,090,099,135,175,215,239,250,245,232,209,184,160,146,150,174,210,239,253,249,232,207,185,160
HD06,75/01/17,135,117,115,135,170,208,237,251,251,238,218,196,173,152,144,158,187,217,239,244,234,216,196,174
HD06,75/01/18,151,134,125,137,165,200,231,250,255,251,237,215,190,167,155,163,183,208,223,230,229,222,209,193
HD06,75/01/19,170,150,138,143,163,191,220,241,250,247,235,215,192,168,150,143,151,168,189,204,212,212,206,194
HD06,75/01/20,179,164,152,148,155,174,198,222,237,241,233,217,195,171,152,138,137,144,158,172,184,191,193,188
HD06,75/01/21,178,167,157,153,156,166,180,199,215,224,223,213,199,182,164,148,136,132,136,146,160,173,185,192
HD06,75/01/22,191,186,180,177,178,183,189,198,210,220,226,227,221,209,194,178,166,156,151,149,155,166,184,201
HD06,75/01/23,211,216,214,209,203,199,196,195,197,205,216,224,224,216,201,183,163,143,123,108,099,104,123,150
HD06,75/01/24,175,193,203,206,206,201,194,188,185,186,194,207,220,225,221,209,193,171,145,119,097,089,099,130
HD06,75/01/25,166,201,223,236,241,239,229,212,198,190,196,207,216,223,228,229,224,206,169,128,085,062,060,081
HD06,75/01/26,117,156,190,217,232,236,228,212,191,171,158,163,174,211,233,245,243,227,199,158,113,073,053,056
HD06,75/01/27,083,123,169,207,237,247,245,227,201,177,160,155,165,186,216,246,264,263,235,193,143,102,070,051
HD06,75/01/28,053,078,118,179,224,256,265,250,224,192,165,152,154,172,205,241,271,282,271,236,188,133,086,055
HD06,75/01/29,042,057,095,144,199,236,255,249,223,191,156,132,119,128,150,190,227,259,266,247,211,165,120,079
HD06,75/01/30,058,059,090,130,179,219,250,258,244,216,178,139,113,110,128,161,196,228,248,248,228,194,154,114
HD06,75/01/31,083,066,075,109,151,193,228,244,245,223,192,156,125,106,106,126,159,196,226,239,234,212,182,152
HD06,75/02/01,122,101,096,111,142,180,215,241,250,239,210,178,146,122,113,123,146,175,200,219,225,217,200,178
HD06,75/02/02,159,140,128,130,147,176,207,235,246,240,221,193,163,137,121,114,121,137,161,182,198,204,199,184
HD06,75/02/03,167,153,143,143,152,169,188,209,225,229,221,198,174,148,130,117,113,118,130,147,162,174,181,181
HD06,75/02/04,176,169,162,160,162,169,181,197,212,226,224,214,194,174,157,143,133,130,132,138,149,163,179,192
HD06,75/02/05,201,204,202,201,201,203,207,212,222,231,235,230,219,204,186,170,156,141,126,117,115,123,137,153
HD06,75/02/06,168,180,188,192,191,185,180,178,181,191,199,203,204,202,196,186,170,152,130,113,102,107,122,142
HD06,75/02/07,162,181,199,211,217,214,206,197,191,193,201,211,222,230,233,231,222,204,178,149,125,113,121,137
HD06,75/02/08,159,181,201,218,227,227,217,200,182,169,167,177,194,210,221,224,218,201,177,147,114,090,083,096
HD06,75/02/09,120,151,182,209,227,243,226,209,188,171,162,164,180,202,224,241,242,230,205,170,135,104,088,090
HD06,75/02/10,108,137,169,203,228,237,234,219,195,171,154,148,158,181,212,235,248,245,221,187,148,113,090,080
HD06,75/02/11,087,113,146,188,222,240,240,224,198,171,148,137,140,162,191,224,247,253,239,206,167,127,097,083
HD06,75/02/12,085,104,138,181,215,239,244,234,208,179,152,134,129,144,183,223,258,272,263,235,196,157,126,106
HD06,75/02/13,097,103,126,159,198,230,246,241,218,181,148,123,112,120,145,180,213,239,247,232,201,164,128,098
HD06,75/02/14,086,091,117,153,190,223,244,247,223,205,168,136,118,117,136,166,203,235,253,254,236,207,171,139
HD06,75/02/15,117,112,124,154,187,220,244,254,249,227,198,165,139,124,129,151,186,219,243,249,236,212,184,156
HD06,75/02/16,134,122,125,145,178,211,237,254,253,237,209,175,146,124,123,135,164,194,220,235,235,221,197,171
HD06,75/02/17,148,134,133,146,170,200,224,242,246,236,214,183,154,131,119,123,138,163,189,210,219,217,205,186
HD06,75/02/18,167,154,150,157,172,189,209,227,238,237,222,195,168,143,128,124,130,145,166,184,198,203,200,191
HD06,75/02/19,177,167,161,163,171,184,200,217,230,232,223,204,183,161,144,131,127,130,140,153,168,183,191,195
HD06,75/02/20,192,185,181,180,184,190,198,210,220,229,230,222,211,194,176,158,143,134,131,135,145,159,175,192
HD06,75/02/21,202,206,205,205,206,207,208,210,214,224,233,237,235,225,210,191,175,161,147,136,132,140,158,184
HD06,75/02/22,207,221,227,227,224,217,211,206,203,205,210,218,226,231,229,218,196,167,140,114,101,103,120,147
HD06,75/02/23,175,202,223,236,239,232,218,202,189,186,190,202,217,230,240,242,232,205,174,133,103,086,090,110
HD06,75/02/24,142,174,211,235,249,246,228,206,181,166,158,167,189,215,236,248,245,226,197,155,115,080,069,075
HD06,75/02/25,109,147,192,227,249,252,239,216,189,161,143,143,166,201,237,265,275,266,243,211,169,125,091,076
HD06,75/02/26,089,122,171,219,252,265,257,230,195,159,133,117,123,149,186,227,255,268,257,223,179,134,092,067
HD06,75/02/27,062,090,135,188,232,258,263,247,211,175,139,112,105,120,156,200,242,272,281,264,228,182,139,105
HD06,75/02/28,085,089,121,168,210,244,261,251,226,188,145,111,097,100,123,159,204,240,261,257,232,197,162,130
HD06,75/03/01,111,101,114,148,192,230,255,248,240,206,154,125,097,085,094,123,161,200,228,237,229,206,176,147
HD06,75/03/02,123,112,115,139,175,213,239,251,239,214,176,140,108,092,088,104,133,170,201,222,227,218,199,176
HD06,75/03/03,158,143,140,150,173,201,230,248,250,234,203,168,136,115,103,103,115,138,164,190,205,208,200,187
HD06,75/03/04,173,161,154,156,167,184,206,226,237,229,209,182,156,133,119,112,114,126,143,162,178,187,192,189
HD06,75/03/05,183,175,169,167,169,180,194,210,220,219,210,191,171,152,135,120,113,112,120,133,150,160,171,180
HD06,75/03/06,185,186,185,184,184,188,195,202,211,219,222,215,204,189,176,163,151,142,136,136,142,153,167,180
HD06,75/03/07,190,197,202,204,203,198,192,189,193,199,203,204,202,197,191,180,166,148,131,120,117,122,135,150
HD06,75/03/08,167,184,199,207,205,194,182,172,166,165,171,178,186,193,196,191,181,162,141,118,104,100,109,117
HD06,75/03/09,150,174,195,211,218,212,197,178,161,155,162,175,191,204,211,212,206,190,168,140,113,097,099,116
HD06,75/03/10,140,165,191,211,222,221,206,188,165,148,141,152,176,211,232,238,229,213,193,167,137,110,094,100
HD06,75/03/11,123,156,190,214,227,225,212,191,165,138,120,121,138,166,197,220,229,226,207,176,139,107,083,081
HD06,75/03/12,102,134,172,203,224,231,223,204,174,141,115,108,120,153,189,223,243,245,229,199,161,124,096,085
HD06,75/03/13,097,125,163,200,228,241,235,213,181,148,117,099,100,127,162,202,233,245,236,211,173,136,105,088
HD06,75/03/14,088,108,143,183,213,234,236,221,191,154,116,090,083,099,134,174,214,239,243,227,199,160,129,104
HD06,75/03/15,095,105,134,171,207,233,241,230,203,166,127,095,079,085,110,150,189,224,240,237,211,179,144,119
HD06,75/03/16,105,107,127,160,194,225,239,237,216,180,141,105,082,080,097,126,166,203,228,236,222,194,163,136
HD06,75/03/17,120,117,129,153,186,215,238,243,227,196,156,119,092,083,091,113,144,177,207,225,224,207,180,154
HD06,75/03/18,136,127,135,152,176,202,223,234,229,205,171,135,104,087,085,096,116,144,174,199,211,205,185,161
HD06,75/03/19,142,135,137,149,166,184,201,216,221,209,184,151,121,099,087,085,098,119,144,169,186,194,190,177
HD06,75/03/20,161,150,148,154,165,179,194,207,215,211,197,173,146,123,106,101,104,116,133,152,172,189,201,204
HD06,75/03/21,197,190,192,200,214,216,203,199,208,226,238,226,197,166,145,136,131,130,131,136,148,168,188,201
HD06,75/03/22,205,202,197,193,190,189,189,192,198,204,206,203,197,187,172,153,133,117,107,107,116,132,152,171
HD06,75/03/23,187,199,206,208,201,189,178,170,169,175,184,192,198,201,198,186,168,143,118,102,097,107,128,156
HD06,75/03/24,181,202,216,222,218,204,184,166,156,151,158,172,191,208,221,221,207,182,150,119,096,086,092,114
HD06,75/03/25,149,185,220,239,240,221,194,169,149,138,135,145,166,197,225,242,243,224,190,153,115,089,082,096
HD06,75/03/26,128,161,198,227,243,237,215,179,145,115,102,108,132,167,202,231,246,244,218,180,134,096,075,075
HD06,75/03/27,100,139,184,220,244,246,228,192,153,116,089,079,095,131,174,219,249,265,256,225,183,139,105,090
HD06,75/03/28,102,132,172,212,244,255,249,219,180,132,094,071,071,099,140,185,227,256,263,246,211,170,133,108
HD06,75/03/29,102,119,155,197,234,254,257,237,202,155,114,079,068,081,119,167,210,249,268,267,245,214,179,150
HD06,75/03/30,133,135,162,204,243,269,280,266,237,194,151,112,086,083,102,139,175,209,234,248,247,226,197,167
HD06,75/03/31,146,140,152,176,210,238,254,254,237,204,165,124,094,077,082,106,144,179,208,225,227,219,204,184
HD06,75/04/01,164,152,152,166,189,221,239,248,240,218,184,149,121,100,090,098,122,151,178,199,209,212,209,198
HD06,75/04/02,184,170,164,166,181,200,222,233,234,221,198,169,143,124,108,101,107,125,148,171,188,199,201,194
HD06,75/04/03,185,175,168,165,169,180,193,205,209,207,196,178,158,137,120,108,107,116,131,148,162,173,181,185
HD06,75/04/04,185,182,177,173,169,171,176,184,190,194,190,182,169,156,142,130,120,115,118,126,138,150,161,172
HD06,75/04/05,181,186,187,183,177,172,168,170,173,178,183,186,188,187,180,167,152,139,134,135,142,153,167,181
HD06,75/04/06,199,215,229,236,230,212,196,190,200,213,219,209,197,196,204,210,203,175,144,122,118,132,151,167
HD06,75/04/07,180,191,201,209,208,196,173,150,136,135,145,159,173,185,193,193,187,171,150,126,110,106,115,135
HD06,75/04/08,159,183,201,211,211,200,180,154,133,123,127,142,165,189,208,218,216,205,186,163,142,129,123,134
HD06,75/04/09,159,192,220,236,237,224,201,173,145,122,113,121,146,176,205,224,229,220,200,170,141,118,108,116
HD06,75/04/10,137,167,197,222,231,226,204,174,142,113,097,098,120,156,194,228,246,247,231,206,174,145,127,123
HD06,75/04/11,139,169,205,236,251,247,228,197,162,123,093,083,099,136,175,211,234,241,232,207,177,142,120,109
HD06,75/04/12,117,141,176,206,228,234,220,191,155,119,086,066,066,091,129,173,209,233,234,218,190,158,131,112
HD06,75/04/13,111,126,156,189,218,232,229,208,176,135,095,067,060,075,108,150,193,226,240,234,211,181,153,133
HD06,75/04/14,125,132,154,184,216,239,244,228,198,157,115,083,066,068,092,129,173,209,233,238,226,201,173,147
HD06,75/04/15,133,132,149,174,202,224,236,230,207,174,132,094,066,059,072,100,136,174,206,224,222,208,183,156
HD06,75/04/16,138,133,141,159,182,204,219,223,213,187,149,109,078,061,063,081,111,145,177,201,213,209,195,174
HD06,75/04/17,156,147,148,158,176,195,213,224,224,208,180,145,115,090,080,082,101,125,158,186,205,213,209,195
HD06,75/04/18,177,163,158,161,169,180,193,206,214,208,191,164,137,113,097,091,094,107,128,151,176,194,202,200
HD06,75/04/19,187,174,165,163,166,172,180,189,197,201,197,187,170,149,129,113,104,104,115,132,153,174,191,201
HD06,75/04/20,201,195,187,181,174,167,165,169,178,190,195,193,187,177,165,148,130,115,108,114,129,152,175,193
HD06,75/04/21,204,209,207,200,187,173,159,152,152,163,176,188,197,200,193,180,160,138,120,111,114,127,148,173
HD06,75/04/22,196,213,222,218,203,179,156,137,127,126,135,153,174,197,210,209,194,167,138,114,103,105,121,146
HD06,75/04/23,177,205,225,231,219,198,169,139,120,114,122,141,167,194,217,231,229,211,180,148,121,109,111,132
HD06,75/04/24,161,195,223,239,232,209,179,147,117,092,084,095,125,166,205,228,236,226,206,177,149,122,110,118
HD06,75/04/25,144,180,216,237,241,226,201,166,127,090,065,063,088,129,174,212,237,243,234,212,181,148,125,118
HD06,75/04/26,131,165,202,234,247,242,218,181,141,100,071,058,070,100,145,188,227,248,252,238,211,178,150,133
HD06,75/04/27,135,157,191,224,248,255,243,214,175,134,093,064,057,077,115,161,201,231,246,245,228,205,177,154
HD06,75/04/28,142,148,173,205,237,253,252,230,196,153,113,078,062,063,089,124,167,204,232,242,235,215,191,170
HD06,75/04/29,155,153,166,190,219,241,250,244,220,185,143,107,081,073,085,117,151,189,220,239,244,237,220,200
HD06,75/04/30,182,171,171,184,207,230,244,246,233,204,171,136,106,089,087,099,122,153,183,206,219,221,212,195
HD06,75/05/01,176,162,158,164,178,196,212,221,219,201,174,146,120,101,090,091,106,131,159,185,201,208,205,197
HD06,75/05/02,186,175,167,166,171,182,194,205,210,205,190,167,145,124,110,105,110,126,146,165,181,193,200,200
HD06,75/05/03,195,186,175,167,165,170,179,191,199,198,191,180,167,152,138,126,120,125,139,158,176,190,199,205
HD06,75/05/04,207,205,201,193,184,179,178,186,197,203,203,200,196,190,182,173,164,156,156,163,176,191,206,217
HD06,75/05/05,222,222,217,211,201,188,178,173,175,182,191,200,206,208,204,195,182,169,159,157,160,167,179,192
HD06,75/05/06,203,211,213,207,194,175,157,145,140,143,155,171,186,198,202,196,180,163,150,141,139,145,158,175
HD06,75/05/07,182,206,213,209,195,176,152,131,116,112,121,142,165,187,202,204,197,182,164,148,137,135,144,161
HD06,75/05/08,182,202,217,221,210,188,160,132,113,102,105,122,150,179,204,218,218,206,185,165,147,139,140,153
HD06,75/05/09,173,197,217,228,225,205,176,144,115,095,090,101,129,164,198,222,232,224,207,187,167,150,142,145
HD06,75/05/10,164,191,218,237,240,224,196,161,125,095,076,077,097,132,173,210,233,238,226,205,181,159,144,140
HD06,75/05/11,149,170,200,227,241,238,214,179,139,103,077,067,081,112,153,193,225,242,242,228,206,180,160,149
HD06,75/05/12,153,171,196,222,240,243,232,202,164,120,082,060,061,088,125,171,208,236,246,240,221,197,171,152
HD06,75/05/13,147,157,182,212,235,246,240,215,181,138,098,066,056,067,099,138,180,216,237,240,227,205,181,161
HD06,75/05/14,158,151,168,196,223,243,246,231,202,168,127,093,070,069,089,120,159,199,228,243,240,226,205,183
HD06,75/05/15,166,158,166,185,211,234,245,241,222,191,152,116,085,070,074,096,129,169,203,227,236,233,218,197
HD06,75/05/16,176,163,161,173,194,215,232,239,233,214,185,149,117,092,085,093,113,140,174,204,226,236,231,215
HD06,75/05/17,196,180,174,178,188,202,216,227,233,230,214,191,160,133,113,108,115,134,157,184,207,224,231,226
HD06,75/05/18,211,192,177,166,164,172,184,197,208,212,208,197,181,159,141,125,116,119,134,158,187,209,225,231
HD06,75/05/19,225,211,197,184,174,168,169,177,189,203,208,205,199,191,178,159,138,127,131,149,173,196,213,227
HD06,75/05/20,234,234,223,205,184,167,159,161,169,183,195,208,217,222,218,205,182,161,148,148,159,178,201,221
HD06,75/05/21,235,239,234,219,196,172,151,136,133,142,158,177,198,214,222,219,205,184,162,146,141,149,168,193
HD06,75/05/22,214,228,232,223,203,176,148,121,104,099,111,136,166,195,217,228,223,208,187,164,148,145,156,177
HD06,75/05/23,204,224,237,236,221,194,160,123,096,079,081,099,132,169,204,226,236,231,213,189,166,148,143,155
HD06,75/05/24,181,210,230,238,231,209,178,140,103,074,058,063,090,129,172,206,231,236,227,205,182,158,146,147
HD06,75/05/25,162,187,213,235,241,230,201,163,122,082,056,049,065,096,136,177,212,234,237,225,202,177,156,146
HD06,75/05/26,151,170,195,222,239,242,227,196,156,113,076,058,058,079,113,155,196,230,246,242,223,197,176,162
HD06,75/05/27,159,168,189,216,240,252,246,221,186,145,106,076,065,072,102,140,180,214,237,246,240,219,196,174
HD06,75/05/28,162,164,179,205,231,248,250,236,209,178,139,102,079,073,091,126,168,204,229,244,244,234,215,195
HD06,75/05/29,176,168,173,191,217,238,250,245,228,195,163,129,103,088,093,116,150,186,214,233,240,236,223,205
HD06,75/05/30,185,172,167,175,193,217,235,242,232,207,177,148,123,104,098,108,133,162,190,212,225,229,223,208
HD06,75/05/31,191,172,163,163,174,191,208,218,220,210,190,166,143,123,110,107,117,139,166,191,210,221,223,216
HD06,75/06/01,202,184,169,162,163,173,188,202,209,206,196,181,165,150,135,124,125,139,160,180,198,211,217,216
HD06,75/06/02,206,193,176,164,156,156,164,176,187,194,192,184,174,162,151,141,135,138,150,169,187,200,210,214
HD06,75/06/03,211,201,186,171,157,147,147,154,167,179,187,188,187,181,173,164,155,150,152,163,177,190,204,213
HD06,75/06/04,216,215,206,188,170,152,142,139,144,156,168,180,189,194,194,191,182,172,165,164,169,180,196,211
HD06,75/06/05,220,224,218,204,185,164,145,133,131,136,150,170,189,205,212,212,204,192,182,177,177,184,196,210
HD06,75/06/06,225,235,238,231,210,184,155,132,119,119,130,150,175,201,218,228,226,215,198,181,171,172,182,200
HD06,75/06/07,219,234,244,243,229,203,170,140,115,100,103,123,152,187,214,232,238,231,213,194,177,167,168,180
HD06,75/06/08,199,220,237,245,238,216,181,148,113,089,081,092,120,156,195,225,240,244,235,214,192,175,168,175
HD06,75/06/09,190,212,232,247,248,235,208,173,131,095,073,071,092,129,171,209,238,253,253,238,213,188,170,166
HD06,75/06/10,177,198,222,245,255,251,230,195,151,110,078,062,068,097,137,181,218,241,250,243,222,196,174,161
HD06,75/06/11,160,174,199,226,244,249,240,213,176,134,091,061,050,067,100,146,187,222,240,246,236,214,187,166
HD06,75/06/12,156,162,183,212,237,252,253,240,211,171,128,089,065,064,086,125,166,205,233,248,247,228,204,179
HD06,75/06/13,163,158,169,191,218,239,249,246,227,195,157,118,087,070,077,100,135,173,210,235,247,237,216,191
HD06,75/06/14,168,156,156,169,190,212,230,239,235,218,187,151,118,091,083,094,118,149,185,216,238,241,229,207
HD06,75/06/15,180,161,151,153,167,186,206,222,226,220,200,174,146,120,103,098,109,132,163,195,220,233,231,216
HD06,75/06/16,195,172,154,145,147,159,177,195,208,212,208,195,177,156,137,122,119,130,152,179,205,223,229,223
HD06,75/06/17,208,189,169,153,141,138,144,158,175,191,200,202,196,184,169,153,143,139,147,164,188,210,227,233
HD06,75/06/18,225,209,188,166,149,136,132,136,150,167,186,200,209,212,207,196,182,170,165,172,184,200,217,228
HD06,75/06/19,232,226,209,186,162,139,121,112,113,128,146,166,184,199,204,202,191,176,162,154,157,171,190,210
HD06,75/06/20,220,222,214,198,175,149,123,101,089,091,106,129,158,185,205,216,213,200,184,168,160,160,175,195
HD06,75/06/21,215,225,227,218,200,176,144,115,089,076,080,103,134,170,199,220,228,224,211,191,175,165,166,179
HD06,75/06/22,198,219,236,240,228,204,174,138,103,080,068,079,103,142,181,217,238,245,237,221,200,180,170,174
HD06,75/06/23,190,213,237,252,252,236,208,175,135,096,075,071,090,126,165,205,232,249,248,234,212,188,171,164
HD06,75/06/24,173,195,222,243,254,249,227,195,154,114,082,065,069,094,134,177,215,241,251,243,225,200,180,165
HD06,75/06/25,162,174,200,229,250,256,245,218,181,140,104,077,070,083,118,156,195,225,247,251,238,213,187,168
HD06,75/06/26,159,173,202,238,255,259,250,233,210,183,144,108,079,079,104,143,181,215,238,251,248,231,205,177
HD06,75/06/27,160,155,168,193,221,241,250,244,224,196,161,125,098,088,099,127,161,197,226,245,250,238,217,191
HD06,75/06/28,171,159,160,173,195,219,239,248,240,215,185,152,123,108,109,126,151,184,212,234,245,241,226,205
HD06,75/06/29,179,161,153,159,178,202,221,233,233,219,195,168,144,124,119,126,146,172,202,224,241,242,233,217
HD06,75/06/30,194,174,160,155,161,175,195,216,227,222,207,183,160,143,136,136,145,162,185,209,228,238,233,219
HD06,75/07/01,197,176,158,150,149,157,171,187,199,205,203,192,175,161,150,143,145,155,173,194,213,226,229,222
HD06,75/07/02,208,189,169,155,147,146,152,165,180,193,200,200,193,185,176,168,165,168,177,190,205,219,229,232
HD06,75/07/03,226,212,194,174,158,148,143,150,163,179,192,200,205,205,202,196,189,184,185,191,203,215,229,237
HD06,75/07/04,237,229,213,196,176,160,147,141,145,160,179,199,214,219,216,212,208,206,202,201,203,210,221,233
HD06,75/07/05,243,243,233,215,194,170,150,134,129,130,143,163,189,210,224,226,221,210,201,194,188,188,195,208
HD06,75/07/06,223,235,236,227,205,182,151,127,106,104,117,144,170,199,221,236,240,235,223,210,197,193,198,212
HD06,75/07/07,227,241,249,248,235,213,183,150,120,102,100,114,140,175,209,238,252,253,242,225,207,194,191,197
HD06,75/07/08,211,229,246,256,254,237,208,173,134,100,082,084,113,150,193,225,252,263,261,245,221,198,177,173
HD06,75/07/09,184,206,229,248,254,248,225,190,146,098,063,053,068,105,146,188,223,245,251,241,219,190,167,158
HD06,75/07/10,160,180,207,235,253,259,245,219,177,135,092,064,056,082,122,165,205,234,254,253,236,208,180,160
HD06,75/07/11,154,165,190,219,245,263,270,255,227,185,136,095,076,080,112,151,193,230,259,268,263,242,211,181
HD06,75/07/12,161,154,170,195,225,250,265,262,243,206,164,120,089,075,088,118,158,196,226,246,249,239,209,179
HD06,75/07/13,148,133,130,153,179,211,235,246,239,220,187,151,118,090,086,101,134,173,210,238,250,248,225,198
HD06,75/07/14,161,138,127,135,155,183,208,226,231,226,208,182,151,125,109,110,130,161,197,227,244,247,235,212
HD06,75/07/15,183,156,137,129,135,153,175,197,212,218,212,199,179,159,146,139,145,160,184,212,234,243,241,224
HD06,75/07/16,201,177,155,138,130,132,146,168,188,201,205,202,196,189,182,173,168,170,185,208,230,244,248,240
HD06,75/07/17,225,202,181,160,144,131,134,144,163,178,191,199,205,207,204,196,187,181,182,193,211,226,235,235
HD06,75/07/18,228,212,196,175,154,132,117,116,125,141,158,175,190,202,209,211,206,197,188,186,192,203,218,225
HD06,75/07/19,226,220,212,196,176,149,125,106,102,108,125,146,168,189,206,216,219,210,199,187,180,182,195,208
HD06,75/07/20,221,226,226,214,198,172,148,119,103,095,104,133,165,193,214,227,234,230,218,202,188,183,186,198
HD06,75/07/21,214,227,236,235,225,205,175,145,116,098,091,104,132,165,196,225,239,242,235,219,202,185,178,179
HD06,75/07/22,193,212,236,248,248,232,207,173,137,110,094,095,110,140,173,208,234,250,250,235,210,187,168,164
HD06,75/07/23,174,194,221,241,251,247,228,196,159,128,099,085,094,124,158,194,225,247,254,245,222,196,174,159
HD06,75/07/24,160,174,199,228,248,254,244,217,184,145,109,086,086,109,145,184,215,239,253,252,235,209,180,159
HD06,75/07/25,151,161,186,215,238,253,253,234,204,164,126,096,084,095,124,162,200,229,245,247,234,211,182,155
HD06,75/07/26,139,141,160,191,222,243,250,240,215,182,147,115,095,093,114,148,184,215,238,246,240,222,194,164
HD06,75/07/27,142,131,145,171,201,225,239,239,227,204,173,139,115,105,117,142,175,205,229,243,245,232,209,178
HD06,75/07/28,152,135,136,156,181,206,229,238,237,215,188,156,135,121,125,140,167,194,219,238,242,237,215,188
HD06,75/07/29,160,139,129,136,155,179,202,218,222,216,196,171,148,134,132,143,163,186,207,226,242,242,234,205
HD06,75/07/30,175,150,137,136,144,162,180,199,212,216,206,187,168,154,147,152,165,182,202,221,237,242,235,215
HD06,75/07/31,190,164,148,138,135,142,155,175,192,204,204,196,184,171,164,162,166,174,187,203,218,229,232,222
HD06,75/08/01,202,180,157,142,132,130,134,146,163,179,190,193,191,186,180,175,174,178,185,197,209,218,224,223
HD06,75/08/02,213,197,177,157,141,130,124,129,141,155,170,184,194,200,201,199,195,193,193,196,203,212,220,226
HD06,75/08/03,226,218,205,189,169,149,131,120,122,133,152,172,194,211,222,228,227,220,210,203,202,208,217,228
HD06,75/08/04,235,238,234,222,204,176,149,126,115,113,126,148,176,205,229,243,244,237,223,210,201,198,202,212
HD06,75/08/05,224,236,244,243,229,205,170,138,108,093,095,115,147,184,218,246,261,261,246,225,203,188,184,193
HD06,75/08/06,210,230,247,257,254,239,208,170,130,102,088,095,120,159,204,242,270,277,270,245,215,191,177,177
HD06,75/08/07,194,218,247,270,279,273,250,216,171,124,091,081,094,133,180,231,264,281,275,258,232,204,181,165
HD06,75/08/08,165,184,217,252,276,282,266,230,191,147,106,078,073,098,137,182,227,258,273,266,240,206,171,147
HD06,75/08/09,137,147,175,213,249,273,280,263,229,178,131,095,080,088,118,157,198,238,263,267,247,211,173,139
HD06,75/08/10,121,125,147,181,216,247,264,268,249,215,169,125,098,091,110,146,187,226,255,268,259,234,199,162
HD06,75/08/11,131,118,124,150,184,217,246,262,262,241,208,169,137,119,121,142,175,211,245,264,267,250,220,182
HD06,75/08/12,150,128,123,134,157,187,217,242,254,248,229,200,170,149,139,147,171,201,231,253,261,254,233,205
HD06,75/08/13,171,141,123,121,135,159,185,208,224,229,223,207,188,170,161,163,178,200,225,243,253,254,244,221
HD06,75/08/14,193,163,141,131,133,145,160,179,196,209,217,216,208,196,187,185,190,200,212,228,242,251,251,240
HD06,75/08/15,217,192,167,150,140,139,145,154,166,183,198,209,215,215,211,207,204,206,212,219,229,237,241,239
HD06,75/08/16,229,212,193,174,158,145,139,139,148,160,177,195,211,223,229,229,226,219,215,212,215,222,231,236
HD06,75/08/17,237,232,220,205,185,165,146,136,133,139,152,171,192,213,231,240,238,230,219,209,204,205,212,222
HD06,75/08/18,231,237,237,231,215,191,164,140,125,123,131,150,174,201,226,244,250,246,231,212,197,190,195,209
HD06,75/08/19,225,238,246,247,240,218,191,158,129,114,112,125,153,183,217,242,257,257,244,223,203,187,182,191
HD06,75/08/20,208,229,246,257,258,245,221,187,155,126,115,119,143,172,209,243,268,275,266,242,216,193,180,178
HD06,75/08/21,191,213,238,260,272,268,246,210,176,141,121,116,131,157,195,233,264,279,276,258,228,198,175,167
HD06,75/08/22,174,196,224,251,269,273,260,235,202,165,134,117,120,145,180,219,252,274,276,261,234,205,177,162
HD06,75/08/23,162,176,209,244,277,293,291,272,246,214,186,162,154,167,196,236,277,312,324,311,277,232,192,163
HD06,75/08/24,150,153,174,206,240,266,272,259,230,194,157,129,116,122,145,178,213,242,258,258,240,209,175,144
HD06,75/08/25,124,122,139,170,205,233,252,252,237,207,175,143,125,122,135,161,195,228,251,257,242,216,184,153
HD06,75/08/26,128,118,128,151,181,213,237,249,246,225,196,167,145,136,146,169,198,227,251,262,260,243,214,179
HD06,75/08/27,149,132,134,152,178,208,235,255,260,248,221,193,170,161,165,179,199,223,246,261,265,256,229,199
HD06,75/08/28,166,147,140,145,160,180,202,226,241,242,227,204,182,169,169,180,196,214,232,247,256,253,237,208
HD06,75/08/29,177,151,137,135,144,161,179,200,217,225,223,211,196,185,181,186,196,210,224,236,244,246,238,220
HD06,75/08/30,197,172,154,144,142,146,156,172,192,210,220,221,214,206,202,203,206,211,217,223,229,234,234,227
HD06,75/08/31,209,188,169,152,143,138,140,149,166,184,200,210,215,215,214,212,210,208,207,209,214,222,227,227
HD06,75/09/01,221,210,195,178,160,144,134,134,141,157,172,191,210,224,232,232,227,218,210,205,204,210,219,228
HD06,75/09/02,234,236,233,224,206,179,150,127,118,123,141,165,194,217,235,241,241,233,220,202,191,188,194,209
HD06,75/09/03,226,238,246,240,224,196,165,135,113,101,107,130,163,199,230,249,253,242,222,199,178,169,171,184
HD06,75/09/04,205,228,248,257,251,232,199,160,126,101,093,105,135,174,216,250,266,266,247,217,188,164,155,158
HD06,75/09/05,178,206,240,266,278,269,243,201,157,116,094,091,112,150,193,235,266,277,263,234,199,165,140,132
HD06,75/09/06,143,174,212,251,278,289,276,242,198,150,110,088,092,121,167,214,255,276,277,255,219,178,144,121
HD06,75/09/07,121,140,177,218,258,280,285,264,232,187,146,112,101,113,149,195,240,271,282,269,240,200,158,126
HD06,75/09/08,110,118,144,186,231,270,290,276,261,224,186,155,136,137,161,202,248,285,303,296,270,238,200,161
HD06,75/09/09,134,122,133,162,203,243,273,285,276,255,220,184,159,150,158,183,220,256,281,286,274,243,208,169
HD06,75/09/10,138,119,119,135,163,197,229,252,259,252,232,207,183,169,167,183,210,244,269,279,273,252,225,192
HD06,75/09/11,161,136,122,122,138,165,195,219,233,236,228,214,199,187,184,188,203,225,247,261,263,254,236,208
HD06,75/09/12,182,156,138,128,132,145,167,189,208,220,223,221,215,209,205,204,209,220,235,247,255,253,243,224
HD06,75/09/13,204,182,163,147,139,139,148,164,182,195,205,211,214,215,213,210,209,211,216,225,234,239,237,228
HD06,75/09/14,213,195,178,164,152,142,139,143,153,167,179,191,202,210,216,218,215,208,202,201,205,213,218,220
HD06,75/09/15,216,209,200,189,175,158,143,136,139,150,165,182,199,215,229,236,235,225,210,198,192,196,206,214
HD06,75/09/16,221,223,223,217,206,188,167,150,138,140,152,171,192,213,231,243,246,238,219,198,184,180,188,202
HD06,75/09/17,216,229,237,239,231,214,191,167,148,137,137,150,174,204,231,250,256,248,226,201,177,165,166,180
HD06,75/09/18,201,223,242,253,253,239,216,188,163,140,131,134,155,187,221,247,258,254,234,206,178,157,149,156
HD06,75/09/19,177,204,231,250,258,252,234,204,175,147,131,129,147,173,209,240,261,266,252,222,186,158,139,138
HD06,75/09/20,153,183,216,247,263,266,251,223,188,155,134,127,141,166,200,235,261,270,262,235,197,165,142,133
HD06,75/09/21,138,160,192,228,256,271,265,242,210,170,145,132,141,162,196,229,259,276,274,251,215,179,147,130
HD06,75/09/22,130,144,172,210,243,265,268,252,223,188,159,139,136,149,177,211,245,267,270,253,219,183,148,120
HD06,75/09/23,109,115,141,182,223,253,266,257,234,202,170,148,139,144,166,198,231,254,264,254,231,198,161,124
HD06,75/09/24,102,104,129,169,205,236,254,262,252,227,195,170,154,152,165,191,220,246,262,260,241,209,173,138
HD06,75/09/25,115,109,120,144,171,202,229,246,248,231,204,178,163,157,167,187,209,232,250,257,249,226,193,159
HD06,75/09/26,134,121,123,135,154,180,208,232,242,237,219,197,180,173,177,188,203,222,239,248,247,233,209,178
HD06,75/09/27,149,127,120,128,144,166,190,211,230,238,236,220,204,193,190,195,206,220,233,239,239,234,222,204
HD06,75/09/28,180,158,141,134,136,147,166,186,203,216,222,222,214,206,201,199,201,207,215,222,226,227,222,211
HD06,75/09/29,196,178,163,150,142,140,146,159,178,197,211,219,222,219,214,207,203,202,203,205,209,213,216,214
HD06,75/09/30,208,197,183,166,150,137,132,136,145,161,183,204,219,226,228,223,217,208,198,189,186,191,201,212
HD06,75/10/01,220,222,218,208,189,167,143,129,125,137,157,183,206,227,240,245,240,224,201,180,170,171,183,200
HD06,75/10/02,220,235,242,238,226,201,172,143,123,116,130,158,194,226,249,258,256,241,216,186,161,148,152,172
HD06,75/10/03,200,228,249,258,253,235,207,172,140,117,112,131,165,205,239,261,264,250,227,195,167,141,130,138
HD06,75/10/04,167,205,245,268,275,261,235,202,168,135,114,116,143,190,233,264,276,268,242,209,173,139,116,112
HD06,75/10/05,130,167,215,255,279,280,263,231,196,161,133,122,133,167,214,255,280,278,249,212,173,143,117,099
HD06,75/10/06,097,116,164,214,258,276,273,251,223,190,158,132,128,149,186,230,267,283,278,247,210,167,128,096
HD06,75/10/07,083,093,131,182,230,263,281,281,266,235,198,159,138,143,178,220,259,281,282,267,243,211,174,134
HD06,75/10/08,105,097,119,162,224,270,293,298,296,286,269,229,187,161,168,207,252,285,289,271,242,211,178,147
HD06,75/10/09,116,100,099,124,160,199,230,244,243,230,213,197,183,174,174,187,209,237,256,261,245,217,185,153
HD06,75/10/10,130,116,111,116,131,157,189,213,230,226,213,199,186,177,175,181,195,213,231,240,239,221,196,167
HD06,75/10/11,140,118,109,112,124,142,163,181,197,207,211,207,197,185,179,183,193,206,219,225,226,221,211,195
HD06,75/10/12,173,153,138,133,137,148,163,177,191,203,210,214,214,210,205,197,191,190,197,207,215,216,209,198
HD06,75/10/13,186,174,161,149,139,137,144,155,168,181,188,196,205,209,209,203,195,189,185,185,190,197,202,203
HD06,75/10/14,202,195,185,175,164,155,149,152,158,168,180,193,209,221,226,224,216,205,194,184,177,180,189,202
HD06,75/10/15,211,215,212,203,190,172,153,139,138,145,158,176,194,208,217,219,213,200,181,161,146,145,155,173
HD06,75/10/16,191,203,208,205,194,179,163,147,136,132,138,156,181,203,220,227,223,209,188,165,144,133,134,150
HD06,75/10/17,173,199,216,223,220,207,191,170,150,135,131,143,170,201,226,238,237,223,200,171,147,129,121,132
HD06,75/10/18,155,185,212,229,235,227,206,186,163,145,135,139,159,189,220,240,241,228,203,171,135,113,102,112
HD06,75/10/19,137,169,204,231,246,244,228,199,174,149,137,138,157,185,218,243,254,250,230,200,162,133,110,108
HD06,75/10/20,123,157,194,232,257,265,258,236,208,179,158,147,154,178,212,244,264,266,248,216,179,142,113,098
HD06,75/10/21,104,132,169,210,241,255,255,238,213,185,159,146,146,164,195,226,255,263,251,220,180,145,111,095
HD06,75/10/22,093,105,134,174,212,239,247,240,219,193,166,150,148,157,179,207,233,249,247,227,195,153,116,087
HD06,75/10/23,080,089,116,150,188,223,248,253,240,214,187,164,154,158,176,201,230,251,257,248,222,186,150,119
HD06,75/10/24,104,100,116,144,179,216,244,260,257,242,217,196,181,178,187,203,227,251,266,260,239,210,179,151
HD06,75/10/25,128,111,107,121,151,187,221,240,242,231,214,195,180,171,173,184,203,223,238,240,229,208,182,155
HD06,75/10/26,132,114,106,108,125,152,182,211,230,235,227,211,195,186,184,190,200,213,227,236,237,228,209,186
HD06,75/10/27,162,141,129,123,129,143,166,192,215,229,233,225,214,205,199,196,196,201,208,217,224,224,216,201
HD06,75/10/28,184,166,150,139,132,133,145,164,188,209,219,222,221,216,210,203,196,191,189,194,203,210,213,212
HD06,75/10/29,206,197,186,171,154,140,138,149,168,189,210,226,238,245,243,233,219,201,189,184,189,199,211,217
HD06,75/10/30,221,218,209,193,169,146,130,128,136,151,171,190,205,214,217,213,197,175,154,137,132,141,160,182
HD06,75/10/31,200,210,211,204,189,169,149,131,123,123,137,164,196,220,232,230,217,197,170,143,120,112,121,148
HD06,75/11/01,181,209,226,233,228,213,189,161,133,120,126,151,185,218,237,245,236,217,186,148,112,091,089,113
HD06,75/11/02,148,189,218,241,244,237,218,191,156,130,119,131,164,205,239,253,250,233,206,168,128,091,072,079
HD06,75/11/03,110,152,195,230,252,259,249,225,190,155,131,129,152,188,226,249,258,245,220,183,141,101,068,058
HD06,75/11/04,073,111,160,205,237,254,257,245,218,186,153,136,140,166,203,236,254,255,235,205,165,120,080,057
HD06,75/11/05,053,079,120,168,206,237,252,252,235,205,174,148,140,149,180,214,244,255,247,220,186,147,110,076
HD06,75/11/06,058,063,091,133,176,214,237,249,244,226,200,175,156,153,170,199,229,251,255,240,211,177,143,109
HD06,75/11/07,085,076,088,120,162,204,237,256,262,260,250,233,205,186,185,205,236,268,281,270,244,213,183,152
HD06,75/11/08,126,106,100,112,142,176,208,230,240,236,222,202,186,173,173,185,201,221,235,240,230,209,181,152
HD06,75/11/09,127,108,103,111,129,151,176,197,218,226,226,215,197,182,175,176,184,196,209,220,222,214,192,168
HD06,75/11/10,145,129,121,118,120,129,142,164,183,198,202,196,186,178,173,170,169,171,176,183,191,195,192,180
HD06,75/11/11,165,147,134,127,127,133,145,161,182,197,211,217,215,210,203,196,189,184,184,188,195,203,208,209
HD06,75/11/12,205,197,185,173,161,155,157,165,179,194,208,217,223,225,221,211,198,182,170,165,168,177,188,198
HD06,75/11/13,203,202,197,187,176,166,160,158,161,175,190,208,220,226,223,215,202,184,166,152,147,154,170,187
HD06,75/11/14,203,209,209,203,195,184,173,165,163,164,176,193,211,224,230,225,211,192,168,148,134,132,142,160
HD06,75/11/15,183,202,213,218,213,202,187,173,165,162,169,185,207,227,243,244,235,215,188,162,140,133,135,152
HD06,75/11/16,178,208,232,247,247,237,218,200,185,177,179,190,210,232,252,260,255,237,206,168,131,110,106,123
HD06,75/11/17,150,182,208,228,235,230,212,190,165,152,146,155,174,200,220,235,236,222,194,155,115,087,077,086
HD06,75/11/18,114,146,182,213,235,242,234,213,189,165,150,148,160,185,216,240,251,241,216,177,138,101,081,078
HD06,75/11/19,098,128,167,203,234,250,250,236,209,181,162,154,163,183,212,240,260,259,236,199,154,109,079,067
HD06,75/11/20,085,114,148,187,220,244,255,247,224,197,168,152,154,172,200,224,242,251,245,222,186,142,101,073
HD06,75/11/21,067,084,116,153,195,227,246,248,237,211,185,161,150,154,175,203,230,245,244,227,196,159,121,087
HD06,75/11/22,069,072,093,129,169,205,231,242,240,223,197,171,157,154,169,192,219,241,248,240,217,185,146,114
HD06,75/11/23,089,081,093,122,156,194,227,247,251,244,224,202,184,178,181,195,214,234,249,256,249,226,193,158
HD06,75/11/24,125,104,102,118,142,169,198,224,243,252,244,222,199,182,177,183,196,212,227,234,232,222,202,176
HD06,75/11/25,149,126,110,106,117,139,170,200,221,233,232,222,206,193,182,176,178,186,198,212,221,223,213,196
HD06,75/11/26,175,152,136,126,125,132,151,176,200,220,229,226,213,198,185,176,171,172,174,182,192,204,210,206
HD06,75/11/27,195,180,163,149,138,132,137,152,176,199,215,225,223,213,199,185,173,162,155,156,164,177,195,205
HD06,75/11/28,208,204,194,179,163,151,144,151,165,187,207,226,232,229,218,203,183,162,146,136,135,146,165,186
HD06,75/11/29,205,216,216,208,192,174,160,153,160,173,194,212,229,237,236,224,203,178,151,130,117,121,138,164
HD06,75/11/30,192,216,233,238,234,216,195,175,165,165,175,197,224,243,248,238,218,188,155,124,097,090,098,118
HD06,75/12/01,148,179,211,232,241,232,211,185,166,156,162,178,200,222,242,248,241,216,180,140,103,081,076,091
HD06,75/12/02,117,152,188,223,244,249,235,214,188,168,157,165,180,206,232,252,254,235,203,160,119,085,067,067
HD06,75/12/03,088,119,161,200,234,250,248,231,208,181,165,158,168,189,219,243,259,255,233,194,151,109,078,066
HD06,75/12/04,073,095,130,174,216,247,258,251,228,204,178,168,165,179,203,235,258,267,254,223,185,141,106,082
HD06,75/12/05,076,088,114,154,200,237,259,263,256,231,215,193,178,177,200,228,254,265,261,239,208,170,130,097
HD06,75/12/06,078,080,095,125,162,200,232,248,247,228,205,179,166,161,173,196,220,246,251,245,220,190,155,123
HD06,75/12/07,101,089,098,123,156,193,224,247,255,248,229,207,190,178,180,192,212,234,248,248,234,210,183,153
HD06,75/12/08,128,109,105,118,146,176,206,230,241,239,229,213,191,175,170,175,189,208,223,228,225,213,194,170
HD06,75/12/09,148,131,122,123,141,166,193,215,234,239,234,220,203,183,170,167,174,185,195,204,208,210,202,188
HD06,75/12/10,168,148,137,133,140,157,174,195,211,224,229,225,214,199,185,175,171,172,179,189,198,203,204,197
HD06,75/12/11,185,173,160,153,150,155,166,183,199,217,227,231,223,211,196,184,174,167,163,164,172,183,194,201
HD06,75/12/12,201,192,182,174,171,171,175,182,194,208,220,230,229,220,206,191,178,165,155,148,147,154,168,182
HD06,75/12/13,191,194,190,184,179,173,171,173,180,190,205,218,225,227,221,206,188,166,149,134,129,135,148,165
HD06,75/12/14,183,196,203,204,199,191,179,174,172,179,193,208,219,224,222,216,200,180,152,129,110,112,128,149
HD06,75/12/15,172,192,208,215,214,206,193,180,171,171,183,198,213,223,228,226,215,193,162,126,100,091,102,130
HD06,75/12/16,161,188,210,225,232,231,221,205,187,177,177,192,212,231,244,250,250,237,210,170,123,092,084,101
HD06,75/12/17,131,163,194,221,237,238,224,203,184,169,164,172,185,202,221,238,245,231,200,158,116,081,067,071
HD06,75/12/18,095,126,162,197,226,243,240,222,197,173,158,157,170,187,212,232,245,240,219,180,138,094,065,056
HD06,75/12/19,072,104,140,181,217,243,251,241,220,193,169,156,158,174,198,225,246,251,239,206,166,121,085,063
HD06,75/12/20,063,083,118,160,204,238,256,255,239,210,183,166,162,169,189,215,244,261,260,234,198,151,112,081
HD06,75/12/21,067,076,102,140,183,222,249,260,255,235,206,180,166,167,183,210,239,263,274,270,241,202,157,117
HD06,75/12/22,092,087,102,135,175,214,248,267,268,255,231,201,180,168,178,197,226,244,255,252,241,219,188,149
HD06,75/12/23,111,084,081,104,140,183,214,240,251,249,229,207,178,161,154,165,186,209,227,237,234,219,196,167
HD06,75/12/24,136,110,097,102,127,161,196,225,238,245,234,215,191,166,152,149,157,173,190,205,214,216,209,193
HD06,75/12/25,169,145,124,118,126,150,175,206,226,239,241,233,214,190,167,152,151,159,170,184,195,205,210,208
HD06,75/12/26,197,177,156,141,138,149,165,186,205,222,230,229,215,194,173,154,144,138,137,144,153,165,180,190
HD06,75/12/27,195,191,181,168,157,152,157,170,192,210,223,230,228,218,201,182,161,141,126,119,120,132,157,182
HD06,75/12/28,200,207,200,190,180,171,166,167,175,185,208,221,235,234,220,203,183,159,134,113,105,113,135,163
HD06,75/12/29,190,209,222,225,220,208,195,185,180,187,201,219,233,241,239,229,215,191,161,127,103,098,113,140
HD06,75/12/30,171,196,219,233,240,236,222,205,189,180,184,202,222,238,246,244,234,216,186,147,104,076,074,095
HD06,75/12/31,123,154,184,210,231,237,228,212,188,170,166,173,193,212,231,244,246,227,194,150,105,075,063,073
