HD06,86/01/01,104,083,075,088,118,159,196,223,233,231,219,202,184,169,163,171,190,212,228,233,226,209,188,162
HD06,86/01/02,134,109,094,097,115,145,176,205,224,231,226,210,193,173,161,159,167,181,191,200,204,201,192,173
HD06,86/01/03,144,120,101,096,103,121,144,173,197,214,214,204,186,166,153,146,145,148,158,171,184,191,191,185
HD06,86/01/04,171,153,138,125,119,126,143,167,195,218,228,227,214,196,180,166,155,147,146,155,174,193,205,207
HD06,86/01/05,204,197,191,184,179,175,176,189,211,233,246,244,232,216,200,186,169,150,132,125,130,149,174,193
HD06,86/01/06,202,203,201,195,189,182,172,169,175,192,213,230,234,224,208,190,169,147,122,101,092,101,124,153
HD06,86/01/07,177,195,204,208,202,192,179,168,163,170,188,209,220,223,217,204,184,161,130,098,071,064,080,112
HD06,86/01/08,145,175,197,213,220,216,203,186,173,169,176,194,209,223,231,231,221,195,156,117,085,067,069,083
HD06,86/01/09,110,145,184,217,237,239,228,210,194,185,179,185,195,211,226,239,236,217,178,129,083,051,038,046
HD06,86/01/10,066,097,136,179,216,235,237,223,203,183,171,167,175,193,216,237,246,236,205,163,117,075,046,033
HD06,86/01/11,039,064,103,150,194,226,238,233,217,194,176,162,160,170,195,226,250,253,233,196,149,108,072,045
HD06,86/01/12,033,044,074,121,166,206,229,235,224,203,177,158,145,150,171,201,229,243,240,216,181,138,100,064
HD06,86/01/13,043,040,061,100,145,186,217,234,233,219,196,175,157,153,168,199,232,255,262,248,224,190,153,115
HD06,86/01/14,081,059,063,090,130,173,207,228,236,229,210,185,161,145,145,163,194,223,239,237,219,196,166,136
HD06,86/01/15,104,081,075,092,124,161,192,216,226,226,214,195,169,144,135,141,165,193,216,223,218,200,180,155
HD06,86/01/16,130,106,092,097,120,153,183,206,220,225,219,204,182,157,141,138,150,171,192,205,209,205,197,179
HD06,86/01/17,158,135,120,122,134,157,180,205,222,231,229,219,200,176,157,146,149,159,174,186,193,199,199,193
HD06,86/01/18,177,159,147,143,150,160,175,194,209,221,225,218,202,179,163,151,144,143,144,149,156,166,177,185
HD06,86/01/19,180,169,154,148,147,157,169,183,193,202,209,209,204,189,172,153,138,131,128,129,134,144,157,171
HD06,86/01/20,177,179,177,173,170,170,173,179,189,198,207,214,212,203,188,173,158,144,131,122,120,128,145,165
HD06,86/01/21,180,189,193,195,194,192,190,189,190,195,203,212,215,212,206,193,180,161,141,119,106,108,123,147
HD06,86/01/22,170,189,201,211,214,216,211,203,195,192,197,209,222,230,228,218,205,188,164,133,104,090,096,121
HD06,86/01/23,151,178,200,215,222,223,217,210,199,190,188,193,206,219,230,233,227,207,179,142,109,088,085,094
HD06,86/01/24,118,147,177,207,227,232,223,207,191,180,173,175,184,201,218,230,231,216,188,150,111,077,058,061
HD06,86/01/25,082,114,155,190,218,231,228,218,199,178,163,159,169,187,211,229,238,233,212,178,135,093,062,052
HD06,86/01/26,062,092,129,170,207,230,237,228,210,190,168,157,159,172,198,224,246,249,236,204,162,119,082,059
HD06,86/01/27,054,071,105,150,193,226,245,244,227,201,177,158,153,162,181,210,237,252,247,223,185,144,104,072
HD06,86/01/28,055,058,083,125,172,212,234,242,232,208,180,158,145,148,163,192,222,246,255,241,210,166,123,087
HD06,86/01/29,066,058,069,101,142,185,220,239,234,211,179,153,134,128,137,159,188,217,238,242,224,192,155,118
HD06,86/01/30,088,070,069,090,127,169,208,232,239,224,200,168,143,126,126,140,167,198,222,234,231,217,189,159
HD06,86/01/31,126,103,095,107,135,168,202,228,243,239,221,193,164,137,125,128,146,171,197,216,222,217,201,180
HD06,86/02/01,155,131,116,114,127,152,183,216,236,237,224,198,171,145,127,120,123,138,157,179,194,202,198,188
HD06,86/02/02,173,157,141,135,139,152,174,198,219,230,227,211,189,162,141,125,121,123,133,147,161,178,190,197
HD06,86/02/03,195,185,173,168,167,175,185,204,223,240,249,244,226,204,181,160,142,128,118,116,123,138,160,180
HD06,86/02/04,190,190,185,180,178,178,180,184,189,198,210,217,212,198,180,161,142,125,108,099,098,107,124,149
HD06,86/02/05,171,187,199,205,208,203,198,191,189,194,205,213,216,213,206,193,174,151,122,095,077,075,088,113
HD06,86/02/06,143,173,196,214,224,221,211,198,187,182,186,193,205,214,219,215,203,179,147,111,082,066,065,080
HD06,86/02/07,106,141,176,207,226,229,222,205,191,178,172,174,186,204,223,232,229,209,176,139,100,073,056,059
HD06,86/02/08,076,110,152,195,225,239,232,217,198,179,166,161,169,187,212,235,245,238,212,174,131,093,065,054
HD06,86/02/09,061,087,125,171,211,237,241,231,209,186,163,151,153,170,198,228,250,252,235,198,152,109,073,054
HD06,86/02/10,050,066,097,140,181,216,233,231,209,181,152,132,127,136,161,192,226,247,246,222,183,138,098,070
HD06,86/02/11,055,060,086,125,167,205,230,239,226,198,167,137,123,124,143,173,207,236,251,242,211,174,132,097
HD06,86/02/12,075,073,090,124,163,199,226,239,235,214,184,152,128,119,129,154,192,227,249,248,228,194,159,130
HD06,86/02/13,106,095,099,121,155,192,221,240,240,220,191,159,135,120,121,136,166,200,228,237,229,207,181,153
HD06,86/02/14,132,117,113,124,151,188,220,241,243,227,201,173,148,129,123,128,146,175,205,225,227,215,191,170
HD06,86/02/15,151,140,135,141,157,183,212,235,244,235,215,191,169,148,136,130,138,160,184,204,210,206,197,187
HD06,86/02/16,176,166,157,155,164,184,207,225,235,233,221,198,174,151,134,122,117,127,144,162,178,185,186,180
HD06,86/02/17,173,164,159,159,165,176,192,207,217,218,213,198,183,164,147,136,126,127,133,142,151,159,166,172
HD06,86/02/18,174,175,173,172,174,179,187,196,203,206,204,196,185,171,159,146,131,123,119,121,130,141,156,167
HD06,86/02/19,176,183,188,192,196,197,198,200,204,209,213,211,205,195,185,172,160,143,130,120,116,122,135,153
HD06,86/02/20,172,187,198,205,208,204,200,196,193,191,194,196,199,201,198,193,178,161,140,119,104,100,108,126
HD06,86/02/21,154,179,198,210,215,214,210,201,190,180,177,181,195,208,216,212,199,179,154,127,101,085,081,093
HD06,86/02/22,120,153,184,209,220,222,214,199,185,170,162,164,177,194,213,222,220,203,176,142,107,080,066,073
HD06,86/02/23,096,132,168,201,225,234,228,212,190,171,155,153,164,186,213,234,242,237,212,177,136,097,071,062
HD06,86/02/24,076,109,148,190,223,241,241,223,196,169,149,141,146,166,194,224,242,248,232,198,152,107,071,055
HD06,86/02/25,058,084,123,170,209,237,244,233,208,176,147,129,126,141,169,203,233,253,253,227,183,136,094,065
HD06,86/02/26,057,070,101,143,186,224,243,244,221,183,147,119,109,117,142,176,211,240,254,246,216,173,125,088
HD06,86/02/27,068,070,095,130,173,213,240,246,232,198,160,124,103,101,118,148,186,221,246,251,236,205,165,128
HD06,86/02/28,101,089,099,130,170,213,247,257,244,216,183,150,119,103,104,123,156,194,227,242,237,218,187,159
HD06,86/03/01,131,114,110,125,155,193,226,245,246,227,192,154,120,097,090,101,126,155,188,213,225,221,201,177
HD06,86/03/02,155,142,138,145,163,188,217,243,252,243,216,178,146,122,112,109,118,135,161,185,209,219,216,201
HD06,86/03/03,185,171,166,170,177,193,211,230,241,242,225,199,168,143,124,113,108,113,123,138,158,172,184,185
HD06,86/03/04,184,177,173,171,175,181,191,202,210,215,210,198,177,156,136,121,108,102,106,113,125,141,157,172
HD06,86/03/05,183,190,194,196,197,196,197,200,208,214,215,210,200,190,175,162,146,127,109,095,098,113,135,155
HD06,86/03/06,171,183,193,199,207,204,196,185,178,181,183,189,191,189,181,172,153,134,110,092,078,079,089,108
HD06,86/03/07,134,163,189,208,216,211,199,183,172,167,169,175,187,198,206,203,193,170,144,111,088,073,074,089
HD06,86/03/08,115,145,178,203,218,219,209,190,169,153,145,150,168,188,207,216,212,196,170,133,098,069,060,065
HD06,86/03/09,090,120,159,192,218,225,219,199,172,146,130,128,143,172,203,227,237,229,207,173,135,099,075,067
HD06,86/03/10,081,111,152,192,224,240,239,220,190,163,141,128,139,161,195,227,250,252,237,208,170,131,096,079
HD06,86/03/11,079,104,143,184,218,241,242,227,200,166,135,112,111,127,164,203,240,255,251,226,189,151,117,093
HD06,86/03/12,085,100,131,175,214,243,250,242,212,181,142,113,102,112,143,181,223,248,257,241,214,174,139,107
HD06,86/03/13,092,098,125,163,199,228,238,237,218,190,149,112,093,096,116,156,194,229,245,243,223,197,162,131
HD06,86/03/14,112,106,122,150,187,216,236,236,220,190,152,117,089,081,088,118,154,192,217,226,217,198,170,139
HD06,86/03/15,118,110,118,139,169,198,221,231,225,203,167,132,102,087,085,103,135,170,201,221,224,215,192,171
HD06,86/03/16,151,143,149,166,189,211,234,245,246,230,201,166,135,117,110,121,140,166,193,213,219,214,200,183
HD06,86/03/17,168,158,155,160,173,195,219,237,239,220,198,169,148,130,122,115,123,138,161,184,198,205,200,193
HD06,86/03/18,183,178,176,178,186,196,211,223,228,220,207,187,167,147,135,122,124,134,147,161,179,188,194,196
HD06,86/03/19,197,196,197,200,202,205,211,221,223,221,215,204,188,174,158,146,137,137,143,148,163,174,186,197
HD06,86/03/20,207,212,215,216,217,218,219,220,221,220,218,213,206,198,186,172,155,140,128,122,128,137,152,169
HD06,86/03/21,185,195,205,209,208,203,200,194,192,189,187,189,193,196,195,185,169,150,131,116,111,113,124,141
HD06,86/03/22,166,187,209,218,217,210,197,187,178,175,171,176,183,199,208,204,191,169,144,115,100,091,099,115
HD06,86/03/23,145,177,207,225,233,226,213,195,179,168,165,171,184,201,217,228,230,220,196,160,124,103,102,120
HD06,86/03/24,150,184,219,245,258,253,237,208,184,163,153,155,170,196,221,244,251,242,213,173,130,099,085,089
HD06,86/03/25,113,147,190,226,250,253,237,211,177,149,127,121,133,163,201,234,253,253,233,197,154,112,080,070
HD06,86/03/26,080,114,159,203,236,249,239,212,175,138,108,094,099,126,164,207,240,259,251,223,184,140,101,079
HD06,86/03/27,077,099,139,183,223,245,247,225,189,146,107,082,077,095,131,174,218,249,259,247,217,179,139,109
HD06,86/03/28,092,104,134,178,217,247,253,242,212,166,126,088,070,067,092,132,181,220,243,246,230,202,169,137
HD06,86/03/29,116,115,133,164,206,240,256,253,225,192,149,112,082,071,082,113,156,196,229,245,244,228,203,175
HD06,86/03/30,152,140,146,170,201,233,251,253,237,209,170,131,098,081,081,096,126,161,194,221,234,235,219,201
HD06,86/03/31,180,168,172,182,204,224,242,252,246,228,196,159,126,101,087,087,102,124,148,173,191,202,202,196
HD06,86/04/01,183,173,170,177,189,205,217,223,225,216,198,172,147,121,102,093,096,110,127,146,162,177,188,195
HD06,86/04/02,197,194,190,189,190,197,205,212,215,212,199,187,169,153,134,116,106,105,110,123,133,147,160,173
HD06,86/04/03,184,190,195,193,188,184,185,188,193,190,184,179,173,169,156,141,121,107,098,100,106,118,131,151
HD06,86/04/04,169,188,203,208,207,196,186,179,177,178,182,185,193,196,197,187,171,147,129,114,110,113,125,143
HD06,86/04/05,168,197,219,233,231,221,203,187,172,166,168,179,192,209,216,214,200,178,147,120,098,093,098,119
HD06,86/04/06,143,173,200,221,229,220,201,175,154,143,147,158,178,199,219,229,231,212,185,149,120,105,106,118
HD06,86/04/07,138,165,197,224,239,237,216,186,151,130,115,122,139,168,195,218,225,219,198,167,132,103,088,090
HD06,86/04/08,108,140,176,208,227,230,215,185,149,118,096,094,112,148,185,220,239,238,225,194,162,129,109,099
HD06,86/04/09,109,135,175,210,235,240,227,199,167,131,102,086,094,122,166,207,241,254,245,224,191,161,133,117
HD06,86/04/10,117,137,171,211,241,255,247,221,185,144,113,091,095,114,153,192,234,256,263,247,217,183,153,135
HD06,86/04/11,128,142,167,201,231,251,251,232,200,162,124,095,084,095,126,162,199,232,250,249,231,197,161,138
HD06,86/04/12,126,136,160,191,215,230,233,223,200,169,126,093,071,075,094,131,169,205,226,232,221,199,176,152
HD06,86/04/13,138,133,149,171,199,218,228,224,205,172,134,097,076,069,079,104,136,170,200,217,217,202,182,160
HD06,86/04/14,147,144,154,170,191,207,221,220,211,183,150,114,087,071,072,087,112,139,168,190,200,198,185,165
HD06,86/04/15,150,145,150,162,181,197,211,217,210,191,165,137,111,095,089,095,111,134,159,184,202,209,206,196
HD06,86/04/16,184,178,178,187,198,208,212,215,211,204,188,167,140,117,102,100,105,120,136,156,171,185,188,188
HD06,86/04/17,179,175,172,177,182,187,190,194,194,192,182,166,147,132,118,109,105,107,118,132,150,164,178,183
HD06,86/04/18,186,189,190,190,189,187,187,189,190,192,184,178,168,160,148,136,123,114,110,114,124,142,159,177
HD06,86/04/19,184,191,193,197,191,188,177,172,168,170,175,177,177,173,167,155,141,124,110,104,106,118,135,157
HD06,86/04/20,175,193,203,208,201,190,173,158,152,152,158,166,179,186,192,185,173,151,125,107,095,100,115,140
HD06,86/04/21,164,188,208,219,216,202,179,156,138,134,136,151,170,189,203,212,204,184,154,121,098,088,095,118
HD06,86/04/22,149,179,208,223,226,212,186,157,129,113,108,123,146,180,206,225,227,214,186,153,122,099,095,108
HD06,86/04/23,139,175,215,239,248,236,209,174,140,109,094,099,123,159,199,231,247,245,223,190,153,119,100,097
HD06,86/04/24,121,155,198,228,244,237,213,176,135,097,070,064,079,113,157,202,234,249,241,216,180,145,117,107
HD06,86/04/25,116,145,183,219,243,249,232,199,155,110,074,054,058,085,128,174,218,249,258,248,220,188,156,136
HD06,86/04/26,128,145,174,212,243,256,250,220,181,133,090,059,048,061,095,139,186,224,246,249,233,209,183,161
HD06,86/04/27,150,152,170,199,231,253,255,241,212,171,128,090,068,068,088,121,162,201,233,252,257,245,229,206
HD06,86/04/28,192,184,195,212,239,254,264,253,231,196,154,109,072,053,058,081,114,145,174,197,210,216,208,192
HD06,86/04/29,175,165,166,178,194,213,224,226,217,195,163,128,098,075,067,071,091,113,141,164,188,198,205,197
HD06,86/04/30,189,179,176,175,183,193,205,210,208,196,174,149,126,103,085,078,078,092,110,133,151,169,183,189
HD06,86/05/01,190,186,182,177,177,180,188,193,197,192,181,168,152,136,119,106,097,095,105,120,138,154,170,183
HD06,86/05/02,194,199,201,194,189,182,182,184,188,191,191,189,183,173,159,142,125,110,107,115,128,140,155,170
HD06,86/05/03,187,200,207,201,189,171,159,153,154,159,167,170,177,179,178,168,151,132,115,109,113,123,139,156
HD06,86/05/04,176,196,209,210,199,181,160,144,135,135,144,157,175,188,197,192,179,158,136,120,113,114,127,145
HD06,86/05/05,170,192,211,217,210,190,166,140,122,115,122,136,160,181,199,206,201,185,162,137,119,112,120,139
HD06,86/05/06,162,186,207,222,222,206,180,147,123,106,105,119,143,175,202,220,224,215,200,176,154,137,135,145
HD06,86/05/07,171,198,227,239,243,229,207,170,140,110,098,105,129,164,197,223,237,234,221,199,172,151,136,138
HD06,86/05/08,154,184,212,233,239,228,206,172,137,104,083,079,096,130,172,208,233,241,233,213,192,169,154,146
HD06,86/05/09,151,173,204,234,248,244,220,191,156,125,096,081,083,111,155,201,236,252,251,237,219,196,175,159
HD06,86/05/10,153,167,193,223,243,246,228,198,162,124,090,066,062,077,110,152,191,219,231,228,211,188,167,150
HD06,86/05/11,145,155,177,204,225,236,231,212,180,141,102,075,063,075,099,138,175,210,232,239,231,209,189,171
HD06,86/05/12,160,162,175,197,217,235,238,223,193,154,113,084,065,064,078,106,136,174,203,220,220,206,183,165
HD06,86/05/13,155,156,165,181,199,214,221,217,199,168,132,101,076,066,070,090,117,150,181,203,213,208,193,177
HD06,86/05/14,166,164,166,180,192,208,218,223,210,189,159,128,103,087,087,093,113,138,166,195,215,221,216,204
HD06,86/05/15,197,190,189,194,203,214,226,233,229,216,190,167,142,124,113,110,118,136,158,183,206,220,224,216
HD06,86/05/16,205,194,189,191,197,201,205,210,212,209,198,182,163,144,133,129,124,124,133,150,171,195,211,214
HD06,86/05/17,206,199,193,189,186,185,184,186,190,195,192,186,174,160,145,131,122,116,122,132,152,172,191,203
HD06,86/05/18,211,207,201,190,181,171,166,164,168,173,179,185,187,182,170,157,139,127,120,122,133,153,175,197
HD06,86/05/19,211,217,214,205,192,176,164,155,155,162,173,191,204,213,213,202,185,165,151,141,143,154,177,200
HD06,86/05/20,223,244,250,243,225,209,190,174,162,151,149,157,176,204,224,227,213,186,158,134,127,132,150,174
HD06,86/05/21,201,220,237,236,224,198,166,136,112,102,107,130,157,190,215,231,230,216,188,158,135,122,132,151
HD06,86/05/22,182,210,232,238,230,208,174,137,101,078,074,090,123,160,199,228,244,242,223,194,163,141,134,145
HD06,86/05/23,171,201,228,245,244,227,194,151,109,072,053,056,084,120,165,205,237,250,244,223,192,165,148,146
HD06,86/05/24,162,188,217,243,252,246,216,178,131,091,059,048,060,093,137,186,230,259,266,258,237,213,192,179
HD06,86/05/25,178,189,214,242,263,262,244,208,164,118,074,046,039,060,095,139,184,222,245,251,239,217,192,174
HD06,86/05/26,163,169,185,211,236,248,245,223,189,144,100,060,038,037,060,094,132,172,206,228,236,225,207,187
HD06,86/05/27,172,168,178,195,218,232,241,233,210,174,133,093,064,052,057,081,111,147,180,211,225,229,217,203
HD06,86/05/28,185,176,176,184,200,217,231,234,223,198,166,131,100,077,070,076,095,123,152,178,203,217,219,212
HD06,86/05/29,197,184,179,178,187,199,214,222,223,209,188,164,137,115,095,088,091,112,135,161,184,204,216,218
HD06,86/05/30,212,200,188,181,181,188,200,210,217,216,208,196,180,160,141,124,116,121,135,156,177,196,213,223
HD06,86/05/31,226,216,206,190,180,175,177,186,194,199,201,198,192,182,165,146,131,126,132,142,160,173,191,204
HD06,86/06/01,216,215,210,194,174,158,151,151,158,167,175,183,189,187,180,168,152,137,131,135,144,160,177,195
HD06,86/06/02,208,214,213,200,181,159,141,131,131,139,151,168,184,196,200,193,179,162,149,146,148,157,168,186
HD06,86/06/03,204,217,221,214,196,173,147,125,115,117,131,151,173,194,208,212,205,189,172,158,151,152,162,182
HD06,86/06/04,203,219,225,223,209,186,160,132,108,099,106,124,150,178,200,216,220,209,193,175,158,152,157,171
HD06,86/06/05,190,208,220,225,219,200,170,139,106,086,081,096,124,157,188,210,222,222,213,195,175,162,158,166
HD06,86/06/06,182,203,220,230,230,215,189,153,119,090,073,077,100,134,168,199,222,230,226,213,193,173,164,165
HD06,86/06/07,180,198,220,238,242,231,210,179,144,108,085,074,087,119,159,196,224,238,240,231,216,196,180,174
HD06,86/06/08,177,191,215,236,246,243,226,197,163,125,091,072,075,097,135,174,208,229,242,241,226,205,183,167
HD06,86/06/09,164,177,200,223,240,242,231,208,174,138,104,077,069,079,109,148,186,218,239,243,233,213,189,172
HD06,86/06/10,163,167,182,203,224,235,231,214,186,149,109,076,057,058,075,108,145,181,208,223,223,209,189,172
HD06,86/06/11,160,156,166,185,207,223,231,221,197,166,131,098,073,064,069,090,123,160,191,211,220,213,195,177
HD06,86/06/12,164,156,157,171,189,206,216,218,205,181,149,118,089,072,066,079,104,137,170,196,209,211,200,185
HD06,86/06/13,169,156,153,159,172,190,204,210,205,192,169,143,115,094,080,081,096,120,149,176,198,208,207,196
HD06,86/06/14,180,166,157,155,159,171,184,196,200,197,183,163,140,118,101,091,093,107,131,161,188,204,213,209
HD06,86/06/15,196,180,167,160,155,158,166,179,188,196,194,183,166,149,131,119,110,113,125,148,174,196,209,215
HD06,86/06/16,210,195,179,165,153,145,145,152,165,179,187,192,188,179,166,149,131,120,121,134,158,183,204,216
HD06,86/06/17,218,209,196,179,160,142,130,129,140,155,172,187,198,201,196,184,167,150,141,145,158,178,204,226
HD06,86/06/18,236,238,229,215,190,165,141,127,122,133,150,175,198,215,221,216,205,187,171,159,158,164,184,207
HD06,86/06/19,225,235,234,218,195,165,134,106,091,088,104,132,164,194,219,232,232,218,196,177,163,160,174,190
HD06,86/06/20,212,232,240,235,217,188,150,115,085,072,073,093,125,162,200,230,245,242,227,202,180,167,168,178
HD06,86/06/21,198,219,238,243,235,210,172,134,094,063,048,057,081,120,164,206,237,249,247,231,208,185,175,176
HD06,86/06/22,188,210,232,248,251,238,210,171,124,082,051,040,053,085,127,171,209,239,252,247,228,205,182,172
HD06,86/06/23,175,190,214,238,252,250,234,199,157,113,072,044,038,057,091,134,177,215,238,245,238,222,199,180
HD06,86/06/24,169,175,196,220,243,254,246,225,193,151,107,073,048,048,071,109,149,187,218,239,243,234,214,192
HD06,86/06/25,175,173,185,208,231,248,254,244,223,190,151,111,080,065,072,097,133,166,198,230,246,253,247,238
HD06,86/06/26,221,205,195,199,215,239,259,265,254,229,197,164,134,109,100,108,124,154,184,214,235,242,238,223
HD06,86/06/27,204,185,172,173,186,205,225,238,240,229,208,180,152,128,112,109,121,143,171,197,221,235,239,231
HD06,86/06/28,218,199,181,173,175,184,202,219,229,228,218,200,178,157,141,130,133,146,164,188,211,227,237,235
HD06,86/06/29,222,205,186,174,166,167,176,191,201,209,211,209,195,178,159,147,143,147,159,180,198,215,226,231
HD06,86/06/30,225,211,195,177,158,149,148,159,172,185,193,198,197,192,186,173,163,158,161,173,194,209,221,229
HD06,86/07/01,227,220,204,190,168,151,136,138,146,163,176,189,195,199,199,193,186,173,170,172,184,199,213,221
HD06,86/07/02,223,219,211,198,177,152,132,119,119,128,146,165,181,193,203,206,200,193,181,178,177,186,197,212
HD06,86/07/03,221,225,221,211,192,165,142,120,108,106,119,137,162,183,203,213,216,208,198,185,178,179,188,201
HD06,86/07/04,214,222,226,220,204,180,151,124,101,093,093,113,138,169,194,214,222,222,210,197,183,175,176,185
HD06,86/07/05,201,214,226,225,218,195,170,138,109,088,078,090,114,150,182,206,223,228,225,213,197,183,178,180
HD06,86/07/06,194,213,232,246,246,227,197,166,132,103,085,084,100,135,169,207,230,242,237,223,209,191,179,172
HD06,86/07/07,176,193,213,233,240,233,208,178,140,106,075,065,068,096,133,175,207,228,235,229,213,195,177,166
HD06,86/07/08,165,178,198,224,240,241,225,200,162,125,091,067,063,080,113,154,192,220,237,236,223,203,182,168
HD06,86/07/09,162,168,184,208,231,243,239,215,183,145,109,081,065,070,096,135,172,209,229,240,235,218,197,177
HD06,86/07/10,166,166,180,202,225,243,246,236,212,177,137,107,084,079,091,120,159,195,227,242,244,230,207,184
HD06,86/07/11,166,159,163,180,202,223,236,238,223,196,161,126,096,081,081,100,132,170,203,228,238,231,216,193
HD06,86/07/12,173,156,152,161,179,202,223,233,231,214,186,153,124,102,095,104,129,159,195,222,241,245,237,215
HD06,86/07/13,192,171,161,162,171,187,209,223,235,230,215,185,157,134,121,123,137,157,182,211,233,243,240,225
HD06,86/07/14,199,175,158,149,151,163,177,195,209,216,213,199,181,159,144,132,134,147,170,194,219,233,238,228
HD06,86/07/15,211,188,167,151,142,141,154,172,190,204,212,213,205,193,179,167,159,160,173,191,214,232,243,238
HD06,86/07/16,225,205,185,164,144,132,128,139,154,173,188,200,204,206,198,190,178,171,171,180,197,214,230,237
HD06,86/07/17,237,226,208,183,157,134,119,116,123,139,158,179,196,212,217,218,209,198,187,185,192,206,223,236
HD06,86/07/18,239,234,223,206,185,156,133,112,104,111,129,153,181,207,228,240,241,233,220,208,200,201,214,228
HD06,86/07/19,241,244,239,226,207,179,147,115,090,082,089,111,141,174,208,232,246,246,237,221,205,193,193,203
HD06,86/07/20,219,232,241,239,227,203,170,131,097,072,062,072,096,133,171,208,234,248,247,232,213,197,187,187
HD06,86/07/21,199,218,237,250,249,234,205,168,128,089,064,057,073,101,140,178,218,243,256,248,231,207,188,178
HD06,86/07/22,182,199,225,248,258,255,238,208,168,125,086,061,059,079,113,153,193,227,249,252,239,220,194,176
HD06,86/07/23,169,179,203,234,257,264,257,236,205,164,122,085,069,075,104,139,179,215,240,254,250,233,207,180
HD06,86/07/24,160,156,173,202,232,252,258,246,222,189,148,108,081,072,085,116,153,191,222,239,241,231,211,185
HD06,86/07/25,163,149,153,173,203,230,246,247,236,211,179,146,116,097,097,116,146,182,210,234,243,241,225,201
HD06,86/07/26,173,153,146,155,179,202,226,239,240,226,203,174,146,124,116,122,144,172,202,224,238,238,229,207
HD06,86/07/27,183,158,143,140,151,171,195,216,225,221,206,184,161,143,132,133,146,166,190,214,230,236,227,211
HD06,86/07/28,187,163,142,131,133,144,164,186,203,209,203,189,175,160,152,149,155,168,186,206,223,230,228,215
HD06,86/07/29,195,172,151,136,128,129,142,159,177,189,194,192,186,180,173,170,171,177,186,201,215,224,226,219
HD06,86/07/30,204,188,170,154,138,128,128,137,154,170,179,185,187,189,190,190,189,188,192,198,204,212,218,219
HD06,86/07/31,211,199,183,169,152,136,124,122,129,144,160,171,183,192,200,204,205,200,197,193,197,203,212,216
HD06,86/08/01,216,210,201,187,170,149,130,116,112,118,134,153,171,188,201,212,214,211,203,195,189,192,199,206
HD06,86/08/02,212,213,211,203,189,169,144,121,105,102,113,130,155,178,198,214,223,223,217,206,195,189,190,197
HD06,86/08/03,207,217,223,223,211,194,168,142,118,102,100,112,135,164,195,219,234,239,232,219,205,195,192,195
HD06,86/08/04,206,216,229,237,237,224,201,168,133,107,094,099,120,148,182,210,237,251,254,245,227,207,201,201
HD06,86/08/05,210,224,242,259,269,264,244,210,174,137,114,105,114,140,176,213,243,261,261,248,228,206,191,180
HD06,86/08/06,181,194,217,240,256,256,239,210,171,132,098,078,078,102,139,181,218,244,255,248,229,206,185,169
HD06,86/08/07,164,174,193,223,246,259,256,233,197,153,114,086,076,089,118,157,197,229,249,251,239,214,187,166
HD06,86/08/08,154,158,173,199,225,248,255,246,217,179,138,103,083,082,102,137,176,213,241,250,243,220,193,165
HD06,86/08/09,146,140,153,173,202,225,243,244,231,200,162,125,097,085,096,122,155,194,225,245,244,227,197,164
HD06,86/08/10,140,127,133,149,174,199,222,236,236,218,186,149,118,101,104,122,151,183,213,237,245,237,212,180
HD06,86/08/11,150,129,123,134,151,178,200,222,233,227,209,182,156,136,128,133,154,180,211,235,247,244,227,200
HD06,86/08/12,170,147,130,128,137,157,178,202,221,228,223,207,188,169,159,158,167,186,210,229,243,249,240,221
HD06,86/08/13,193,166,143,132,131,139,155,173,195,207,217,215,208,199,187,183,182,191,206,223,238,246,242,231
HD06,86/08/14,209,184,160,139,127,122,127,140,156,172,188,200,205,208,205,201,197,197,201,211,221,229,233,229
HD06,86/08/15,218,200,181,159,137,121,113,115,125,137,154,175,194,209,219,220,216,209,207,205,209,214,220,224
HD06,86/08/16,222,217,203,186,161,139,116,103,097,106,119,141,167,193,217,232,236,227,217,206,201,200,205,212
HD06,86/08/17,219,224,226,218,199,168,137,107,089,083,089,105,131,164,199,228,242,242,228,211,195,186,187,193
HD06,86/08/18,205,219,232,236,227,204,170,131,098,073,066,075,099,134,175,214,241,251,243,223,199,181,172,174
HD06,86/08/19,187,208,230,245,250,235,210,171,130,091,067,062,081,114,154,195,229,252,256,242,216,189,168,160
HD06,86/08/20,169,192,220,245,260,263,246,213,172,130,096,080,083,103,142,182,224,256,269,261,237,206,179,162
HD06,86/08/21,161,175,200,229,258,272,271,247,213,168,124,096,086,097,124,165,207,244,264,265,244,212,179,153
HD06,86/08/22,139,141,164,196,230,256,266,255,229,187,147,107,089,090,116,149,187,219,244,253,245,218,183,147
HD06,86/08/23,123,120,136,165,198,228,246,251,238,210,173,137,109,102,117,146,178,209,234,248,244,227,196,161
HD06,86/08/24,131,116,120,142,172,202,226,241,239,223,195,163,137,125,130,149,174,203,229,245,248,234,208,177
HD06,86/08/25,146,127,120,128,148,174,202,225,233,225,204,180,160,147,145,152,172,195,220,236,240,229,210,184
HD06,86/08/26,156,135,119,119,128,150,174,197,211,214,203,188,171,160,160,166,178,195,210,225,235,232,221,196
HD06,86/08/27,170,146,131,125,129,141,157,175,192,203,205,199,188,182,178,185,192,203,212,225,232,235,227,213
HD06,86/08/28,189,170,151,143,135,137,144,157,173,189,197,200,200,196,198,202,209,213,215,218,223,228,229,222
HD06,86/08/29,208,191,176,164,154,147,140,143,154,167,181,193,204,210,216,221,223,224,222,220,221,226,228,227
HD06,86/08/30,220,211,201,191,177,162,147,137,139,146,161,179,198,212,222,227,229,228,223,217,211,210,213,218
HD06,86/08/31,220,220,214,205,190,172,151,133,123,122,133,150,172,195,215,231,238,233,221,205,193,191,196,204
HD06,86/09/01,212,218,221,219,208,189,164,135,111,099,104,123,148,176,201,220,235,237,229,210,190,178,176,186
HD06,86/09/02,201,215,227,232,230,217,192,159,126,100,096,106,133,165,197,224,248,255,249,230,208,190,180,182
HD06,86/09/03,193,214,240,257,265,256,234,201,165,132,110,104,121,153,194,231,257,267,265,249,225,199,175,164
HD06,86/09/04,168,191,221,249,262,259,241,208,172,134,104,089,095,124,163,207,241,260,260,243,214,184,158,144
HD06,86/09/05,146,163,193,225,251,264,257,232,193,150,113,090,086,107,141,186,224,252,262,252,223,189,156,133
HD06,86/09/06,126,138,164,199,235,258,267,254,224,183,142,109,094,105,133,172,212,244,261,257,236,202,170,139
HD06,86/09/07,120,120,143,174,211,242,261,263,245,214,175,140,117,114,133,168,205,238,261,266,249,217,179,143
HD06,86/09/08,117,108,121,146,179,212,240,255,253,231,198,164,141,131,139,163,193,225,252,264,257,230,193,156
HD06,86/09/09,123,107,107,123,151,184,211,237,245,240,218,194,168,154,155,170,194,220,244,258,256,240,213,176
HD06,86/09/10,143,116,105,111,132,159,186,207,224,229,225,215,198,184,178,184,200,222,242,254,257,250,233,205
HD06,86/09/11,171,143,122,116,125,140,158,178,195,209,218,218,212,204,199,198,202,215,228,236,239,237,228,210
HD06,86/09/12,187,163,142,127,119,120,127,140,156,172,188,200,206,211,212,211,210,211,215,220,223,226,223,217
HD06,86/09/13,202,186,168,152,136,123,116,117,124,138,154,173,191,208,221,226,225,219,212,208,209,211,215,213
HD06,86/09/14,209,202,195,181,163,139,120,106,104,110,125,143,168,193,218,234,240,234,220,206,198,195,198,206
HD06,86/09/15,214,222,227,223,210,185,154,124,105,098,105,122,147,178,209,234,250,248,235,211,189,176,175,184
HD06,86/09/16,199,215,229,237,232,213,181,145,111,090,085,097,123,155,190,221,242,249,240,216,186,163,150,155
HD06,86/09/17,174,201,224,242,247,239,216,177,139,105,088,089,111,145,184,222,248,261,256,236,202,170,148,142
HD06,86/09/18,155,186,221,251,265,264,245,215,178,139,110,097,106,134,174,213,246,261,260,238,205,168,138,124
HD06,86/09/19,128,152,189,228,256,267,259,234,196,159,123,102,101,121,155,195,233,253,257,240,209,171,137,113
HD06,86/09/20,110,125,157,196,232,257,262,249,219,183,147,121,113,125,151,190,224,252,260,248,219,182,145,115
HD06,86/09/21,101,105,129,164,205,236,254,252,234,205,172,144,130,134,154,186,221,248,262,260,239,208,174,139
HD06,86/09/22,118,113,131,163,202,240,263,271,260,238,211,187,171,166,173,192,219,246,263,261,242,212,179,146
HD06,86/09/23,119,103,106,125,156,190,219,235,235,223,201,181,164,159,166,186,210,234,249,252,245,225,197,167
HD06,86/09/24,140,121,117,125,145,171,199,220,233,232,219,201,186,182,186,198,211,232,245,253,249,233,209,183
HD06,86/09/25,157,138,126,124,134,150,172,193,209,216,214,205,196,189,187,195,205,218,226,231,228,222,209,188
HD06,86/09/26,162,141,127,123,127,136,148,162,177,188,197,199,198,196,196,198,202,210,214,217,218,213,208,194
HD06,86/09/27,182,164,152,140,132,130,135,143,156,168,180,190,197,203,204,205,206,207,207,206,205,204,201,198
HD06,86/09/28,192,184,174,161,149,135,130,129,138,150,164,178,193,205,215,218,218,215,207,200,193,192,198,200
HD06,86/09/29,200,198,193,185,175,157,139,124,120,123,140,156,179,201,219,227,228,222,209,196,186,181,186,193
HD06,86/09/30,203,211,216,215,203,181,154,129,113,112,124,146,171,199,221,238,243,240,222,198,176,163,162,173
HD06,86/10/01,189,206,220,225,222,202,177,142,114,099,102,121,148,182,208,231,240,236,219,190,163,145,142,150
HD06,86/10/02,169,195,218,236,242,231,206,171,137,111,099,105,129,167,207,240,259,257,237,210,179,153,135,133
HD06,86/10/03,145,172,206,238,252,249,226,192,155,121,101,095,109,141,180,222,251,258,241,206,167,137,114,109
HD06,86/10/04,118,143,177,218,250,262,248,219,181,142,113,100,105,128,165,208,244,257,249,217,176,134,104,086
HD06,86/10/05,089,109,143,186,225,249,254,240,211,174,139,115,110,123,154,196,233,257,258,236,200,160,122,096
HD06,86/10/06,084,092,117,160,205,249,274,278,255,218,181,150,139,144,163,195,230,262,274,262,230,187,143,107
HD06,86/10/07,086,081,097,128,169,209,241,257,252,231,201,173,152,150,161,181,212,238,251,247,228,193,156,120
HD06,86/10/08,090,074,076,100,131,172,204,227,236,234,218,199,182,174,176,186,210,240,263,264,253,225,193,161
HD06,86/10/09,129,109,098,107,126,159,190,220,233,237,231,222,211,204,200,203,212,228,242,251,246,233,208,180
HD06,86/10/10,153,129,112,107,111,125,145,167,189,206,218,221,218,212,208,207,211,214,224,228,230,223,214,195
HD06,86/10/11,175,156,139,128,119,119,126,139,158,176,194,206,215,222,224,225,221,219,215,217,218,219,214,209
HD06,86/10/12,198,187,174,161,146,132,126,126,136,151,168,184,202,218,230,236,234,225,212,201,198,202,207,214
HD06,86/10/13,215,212,206,195,179,157,139,127,124,132,149,171,199,225,246,254,252,238,217,196,181,178,183,195
HD06,86/10/14,208,216,222,219,208,185,160,135,121,114,126,147,179,210,236,248,248,233,211,186,165,156,157,173
HD06,86/10/15,192,214,231,240,236,217,190,157,129,112,112,127,156,190,222,244,251,239,215,186,155,137,130,141
HD06,86/10/16,162,193,222,241,243,229,206,178,148,125,115,121,147,181,218,247,261,257,235,200,163,133,118,122
HD06,86/10/17,141,173,208,240,254,251,231,203,171,142,125,123,140,168,202,231,250,248,227,190,152,116,092,085
HD06,86/10/18,099,128,165,205,233,244,234,210,181,152,132,122,132,152,186,217,244,251,239,208,172,134,102,086
HD06,86/10/19,089,112,146,190,227,251,254,241,213,183,154,138,137,154,179,211,236,248,242,217,179,140,104,080
HD06,86/10/20,071,083,113,154,196,227,244,239,222,193,166,147,144,154,178,205,231,249,250,232,200,164,124,098
HD06,86/10/21,083,087,111,145,185,219,241,246,235,214,193,173,163,165,181,204,230,250,255,243,216,184,149,122
HD06,86/10/22,101,095,107,135,176,215,243,258,257,243,223,203,184,175,181,203,226,243,245,232,210,178,148,120
HD06,86/10/23,097,081,079,097,127,162,192,212,216,209,193,180,169,167,173,185,200,219,227,229,214,195,170,141
HD06,86/10/24,120,101,094,096,116,138,166,189,205,206,202,191,185,183,186,191,199,212,218,224,218,206,187,164
HD06,86/10/25,145,126,116,113,120,133,154,173,191,199,204,202,199,194,192,195,202,210,214,215,211,205,194,182
HD06,86/10/26,166,149,134,125,124,130,139,153,167,183,195,201,204,207,209,210,211,210,208,207,206,204,201,197
HD06,86/10/27,185,176,160,150,138,132,131,139,151,166,183,193,204,208,208,205,200,196,187,181,176,176,180,186
HD06,86/10/28,189,185,176,162,149,133,123,119,123,137,155,176,195,210,216,220,212,199,183,171,161,164,171,184
HD06,86/10/29,196,202,201,193,180,161,142,124,117,121,139,164,191,211,224,225,218,204,183,160,145,139,148,164
HD06,86/10/30,185,205,219,220,212,191,165,135,115,112,126,153,182,207,225,235,229,212,182,153,124,111,112,133
HD06,86/10/31,160,187,207,220,218,201,177,145,119,102,103,124,156,190,221,236,238,224,197,162,127,100,091,103
HD06,86/11/01,133,168,203,232,244,240,220,186,153,124,113,120,144,180,215,243,252,244,213,174,127,096,076,081
HD06,86/11/02,104,139,183,224,254,262,250,220,189,159,135,130,143,170,209,244,262,259,232,188,141,103,076,069
HD06,86/11/03,077,105,144,192,237,263,268,249,220,187,163,149,152,169,201,233,260,270,255,218,171,127,088,066
HD06,86/11/04,064,085,120,163,212,248,269,267,247,218,193,176,171,179,200,226,252,268,265,235,193,147,102,069
HD06,86/11/05,058,061,085,118,159,199,228,246,244,228,206,182,169,168,182,205,234,252,253,240,212,173,132,097
HD06,86/11/06,070,063,072,097,129,163,197,220,233,229,219,200,188,182,187,200,217,233,241,239,224,196,163,127
HD06,86/11/07,097,078,075,087,105,131,160,189,213,223,220,209,199,193,194,201,209,217,227,232,229,215,188,160
HD06,86/11/08,132,109,097,099,105,123,142,167,190,208,214,213,207,203,201,200,203,205,208,211,215,213,202,184
HD06,86/11/09,161,139,117,109,107,114,121,138,155,175,192,205,211,208,203,200,196,195,194,198,200,204,205,203
HD06,86/11/10,194,179,162,149,141,136,136,142,150,168,188,207,218,226,226,223,212,203,189,182,181,187,196,202
HD06,86/11/11,206,203,192,180,163,145,136,134,142,153,172,188,208,221,228,224,209,187,166,148,141,147,156,170
HD06,86/11/12,183,193,198,194,180,159,138,123,119,128,146,165,187,206,219,223,213,193,165,139,125,121,133,154
HD06,86/11/13,177,199,211,215,210,197,176,155,140,138,147,167,188,210,227,240,232,216,183,150,118,105,111,130
HD06,86/11/14,162,189,215,230,234,222,205,180,160,147,147,164,189,218,241,256,251,235,207,172,139,114,106,119
HD06,86/11/15,148,182,218,244,257,253,236,211,187,169,162,164,180,203,230,250,257,241,213,174,135,102,088,093
HD06,86/11/16,117,149,186,216,243,254,250,228,199,171,156,158,174,196,219,238,248,247,224,187,141,099,075,074
HD06,86/11/17,087,117,150,188,218,240,243,230,208,180,160,153,164,182,208,228,245,245,234,203,161,118,082,066
HD06,86/11/18,073,099,132,168,200,230,243,241,222,195,172,160,164,179,202,225,243,248,242,218,185,142,105,076
HD06,86/11/19,070,084,113,149,185,220,244,249,235,210,187,172,172,176,193,209,230,242,245,226,197,157,119,088
HD06,86/11/20,075,079,099,128,161,193,221,234,236,220,199,179,170,171,183,200,218,230,234,230,206,179,141,107
HD06,86/11/21,084,077,086,110,138,167,194,215,224,219,204,188,172,167,175,190,206,219,226,219,208,186,161,127
HD06,86/11/22,101,086,088,104,129,154,179,199,218,224,216,200,183,173,174,185,198,210,214,214,206,194,171,148
HD06,86/11/23,122,101,090,091,107,131,153,173,188,199,200,196,184,176,170,172,178,186,190,194,189,185,174,160
HD06,86/11/24,140,123,105,097,104,119,138,159,177,193,201,206,202,195,187,179,179,182,190,193,198,196,193,188
HD06,86/11/25,177,166,152,138,129,130,143,163,183,205,216,224,226,222,219,209,202,191,188,186,192,197,202,205
HD06,86/11/26,202,195,185,170,156,142,135,141,156,173,192,209,216,216,208,197,181,166,153,146,146,153,165,177
HD06,86/11/27,189,189,188,176,160,141,130,125,129,145,164,188,205,217,217,208,189,168,146,131,123,127,142,163
HD06,86/11/28,186,201,210,206,193,172,153,139,133,139,158,181,205,221,231,228,215,188,158,128,111,110,125,150
HD06,86/11/29,179,205,228,241,238,220,193,170,156,153,164,186,211,231,244,246,235,207,169,128,097,076,080,105
HD06,86/11/30,144,178,210,230,240,240,224,197,169,151,151,169,198,226,249,254,249,228,195,154,113,081,070,081
HD06,86/12/01,112,154,195,233,260,268,257,233,205,183,170,174,188,214,239,259,263,248,213,168,118,078,055,051
HD06,86/12/02,070,104,145,191,227,252,256,245,221,193,171,161,168,190,219,245,257,251,227,189,141,095,058,040
HD06,86/12/03,044,070,107,152,195,231,254,261,246,222,196,180,177,190,213,238,257,265,254,229,187,141,096,064
HD06,86/12/04,052,061,092,130,175,214,249,269,271,259,235,216,207,208,223,245,265,278,279,258,230,190,151,112
HD06,86/12/05,084,072,079,108,143,182,217,244,253,249,231,211,198,191,200,211,227,242,253,248,229,201,163,127
HD06,86/12/06,092,070,067,080,108,141,173,202,222,229,225,213,200,185,181,187,202,218,233,236,227,209,186,159
HD06,86/12/07,132,107,094,091,106,130,160,189,215,232,238,237,227,217,206,201,201,205,208,215,216,217,208,189
HD06,86/12/08,161,134,111,101,103,115,135,154,176,193,208,213,210,200,187,177,172,172,178,187,193,199,200,196
HD06,86/12/09,184,169,152,138,129,130,138,156,176,194,212,221,223,214,204,192,182,173,168,167,172,181,196,203
HD06,86/12/10,203,195,182,170,159,153,152,162,175,191,206,219,227,230,226,213,195,176,159,152,154,167,182,198
HD06,86/12/11,206,209,205,196,185,174,164,162,165,180,197,211,221,223,219,208,192,169,145,126,116,120,140,161
HD06,86/12/12,182,197,205,207,200,190,176,165,160,168,181,201,217,225,229,222,208,183,156,127,108,101,116,140
HD06,86/12/13,168,191,208,217,218,213,196,182,168,166,173,191,207,219,226,228,220,199,166,128,098,084,092,115
HD06,86/12/14,142,172,196,216,232,233,223,204,186,178,179,194,210,224,238,245,241,224,194,156,118,091,086,100
HD06,86/12/15,127,161,194,223,246,255,248,231,204,182,174,181,195,214,231,242,244,234,208,173,131,097,074,075
HD06,86/12/16,093,128,165,199,226,238,240,229,212,190,175,173,182,200,224,239,249,243,225,193,152,111,079,071
HD06,86/12/17,080,108,141,179,212,237,248,248,231,207,185,172,176,189,214,233,248,246,232,200,164,122,088,065
HD06,86/12/18,062,078,113,150,187,216,235,240,232,213,189,174,171,180,201,223,244,253,251,232,199,162,126,099
HD06,86/12/19,086,091,119,159,201,242,275,293,290,270,232,204,193,207,226,249,265,273,271,255,230,195,160,124
HD06,86/12/20,100,090,102,131,162,192,217,232,235,227,208,189,175,165,170,184,208,223,234,228,209,181,153,121
HD06,86/12/21,097,078,082,099,131,166,198,217,229,228,215,198,180,172,173,189,209,229,238,237,227,210,189,161
HD06,86/12/22,133,108,100,110,133,162,186,206,219,226,219,206,188,170,162,162,173,188,202,209,206,198,182,163
HD06,86/12/23,139,116,098,095,107,133,158,186,206,220,220,213,200,184,174,167,173,180,192,199,206,205,203,193
HD06,86/12/24,177,158,137,128,129,141,163,185,204,222,229,230,218,204,187,177,170,171,174,181,189,196,201,200
HD06,86/12/25,195,180,165,147,138,140,153,171,193,211,223,228,223,212,197,180,165,158,152,154,161,174,190,199
HD06,86/12/26,202,198,192,181,170,161,156,163,178,199,215,226,226,220,209,192,173,152,133,125,126,138,160,180
HD06,86/12/27,193,204,206,203,192,179,167,163,167,181,200,217,229,230,222,206,187,160,133,109,102,111,132,157
HD06,86/12/28,179,197,213,225,224,216,198,185,179,186,202,220,233,241,243,235,219,190,157,123,098,090,103,129
HD06,86/12/29,159,192,218,239,249,244,229,209,193,185,189,203,219,233,245,246,236,210,172,130,092,067,068,084
HD06,86/12/30,115,152,190,225,248,259,252,238,217,198,188,194,211,232,249,261,258,241,209,165,119,081,061,064
HD06,86/12/31,084,114,158,199,237,263,267,258,234,213,195,192,201,224,249,268,278,273,253,219,173,122,085,066
