HD06,98/01/01,062,066,090,128,171,211,242,258,255,235,204,175,156,155,174,205,236,258,263,252,227,193,154,115
HD06,98/01/02,083,068,077,107,148,189,223,244,249,238,215,186,160,145,148,167,195,222,239,241,227,202,170,134
HD06,98/01/03,100,077,074,093,127,164,198,225,242,244,231,206,176,153,143,151,171,196,218,230,230,218,196,168
HD06,98/01/04,138,112,100,106,126,154,184,212,233,244,243,228,203,177,159,156,166,182,198,211,220,221,211,190
HD06,98/01/05,161,135,120,117,124,138,158,181,205,224,231,225,207,185,164,150,146,152,163,175,187,201,210,209
HD06,98/01/06,196,176,156,144,143,152,168,186,205,224,238,244,237,219,195,172,155,145,142,145,154,167,182,191
HD06,98/01/07,193,186,173,158,147,145,151,164,178,192,205,214,216,210,196,176,154,134,120,115,121,134,153,171
HD06,98/01/08,185,192,194,190,182,172,165,165,173,188,202,213,218,217,212,202,186,162,135,112,103,111,131,151
HD06,98/01/09,169,185,202,215,216,204,183,166,161,172,191,207,215,216,218,218,210,187,152,114,088,082,098,125
HD06,98/01/10,155,180,201,217,224,220,207,188,172,166,173,189,207,222,231,233,227,208,177,137,099,075,073,091
HD06,98/01/11,121,154,185,211,228,233,224,204,182,165,159,168,186,208,226,238,239,227,200,161,116,079,061,068
HD06,98/01/12,094,130,168,202,227,240,239,224,201,176,160,159,174,199,224,242,248,240,221,190,148,104,067,053
HD06,98/01/13,066,101,145,187,220,238,243,233,213,187,164,151,154,172,201,230,249,252,236,206,166,124,087,064
HD06,98/01/14,060,078,113,156,198,229,243,240,222,196,171,152,148,158,181,209,235,249,245,223,189,148,108,076
HD06,98/01/15,061,067,094,133,174,209,232,240,233,213,186,159,143,143,162,192,223,244,252,243,221,191,157,124
HD06,98/01/16,097,088,102,137,182,222,248,257,252,238,218,193,168,153,158,181,213,241,254,249,230,204,174,142
HD06,98/01/17,112,093,094,117,155,195,227,245,247,235,213,188,165,151,149,160,183,209,229,236,230,211,185,157
HD06,98/01/18,131,113,109,121,146,180,215,243,256,253,236,213,191,176,170,176,191,209,225,234,234,227,213,192
HD06,98/01/19,166,141,128,132,150,177,205,229,243,245,236,217,194,172,158,155,163,175,188,199,204,203,197,185
HD06,98/01/20,168,148,132,126,134,152,176,199,216,224,221,210,194,175,159,148,147,155,168,180,188,192,193,190
HD06,98/01/21,184,172,159,149,147,156,173,194,212,223,226,221,210,195,178,163,153,148,149,153,157,162,170,178
HD06,98/01/22,182,178,168,157,149,150,160,174,188,198,203,206,203,195,181,164,149,137,131,129,133,143,156,170
HD06,98/01/23,181,187,187,184,179,172,169,173,182,194,205,213,217,214,204,190,173,156,140,127,123,129,145,165
HD06,98/01/24,184,199,209,213,211,203,193,187,189,198,212,228,239,242,235,219,200,180,157,132,110,100,107,130
HD06,98/01/25,160,186,204,213,212,206,196,183,172,165,168,182,200,217,224,222,209,188,160,128,100,084,086,104
HD06,98/01/26,132,163,193,218,231,231,219,199,179,165,162,173,193,215,232,238,232,214,185,147,108,076,062,069
HD06,98/01/27,095,131,170,203,224,230,223,206,183,161,145,143,157,184,213,235,241,229,201,162,120,081,056,051
HD06,98/01/28,066,098,139,182,218,240,243,230,205,177,153,141,147,170,203,234,254,254,235,199,155,109,071,050
HD06,98/01/29,051,074,113,160,203,234,247,241,219,189,157,134,127,140,169,207,241,258,251,222,180,135,093,061
HD06,98/01/30,044,051,080,126,176,216,240,243,227,200,169,141,123,121,139,176,218,252,262,248,214,173,130,093
HD06,98/01/31,067,060,077,112,157,200,234,250,245,222,189,157,133,122,128,152,187,221,242,242,223,193,156,119
HD06,98/02/01,088,070,071,092,127,166,203,228,236,224,197,164,135,115,108,118,143,178,211,230,227,206,175,144
HD06,98/02/02,116,095,086,093,115,149,186,217,233,229,211,186,159,133,114,110,124,151,182,205,215,211,196,176
HD06,98/02/03,154,133,119,116,127,150,180,209,230,236,227,208,185,160,138,124,124,137,159,182,200,209,210,201
HD06,98/02/04,186,169,156,151,154,163,176,195,214,228,231,220,201,179,158,142,131,129,134,145,159,173,186,192
HD06,98/02/05,190,182,172,165,161,164,173,187,201,213,219,218,213,201,184,164,145,132,127,129,137,151,168,184
HD06,98/02/06,194,197,196,192,187,182,182,186,195,204,211,216,218,216,206,190,171,151,133,120,115,121,139,162
HD06,98/02/07,183,198,204,205,202,197,192,187,184,184,190,202,215,221,218,205,189,169,146,121,102,098,111,135
HD06,98/02/08,163,188,209,222,228,225,216,205,195,189,193,205,222,240,256,266,262,239,199,154,120,108,117,138
HD06,98/02/09,163,190,219,242,253,248,233,214,197,183,175,178,193,214,234,244,241,226,197,158,118,088,077,088
HD06,98/02/10,114,148,182,213,234,241,235,220,200,180,165,161,173,197,223,243,251,244,221,185,144,106,079,071
HD06,98/02/11,086,119,161,199,225,236,235,224,203,176,152,140,146,169,200,230,250,253,236,203,163,124,093,075
HD06,98/02/12,076,099,138,183,221,243,245,232,208,183,160,144,142,158,193,236,268,276,259,226,189,156,127,103
HD06,98/02/13,088,092,121,168,214,244,251,239,217,192,167,145,131,133,155,191,228,254,258,240,208,171,136,107
HD06,98/02/14,090,091,114,153,197,232,251,253,240,216,189,166,153,151,163,186,216,243,256,250,225,193,160,131
HD06,98/02/15,107,096,105,134,175,212,237,245,239,221,193,162,136,124,131,154,188,221,242,246,232,208,180,151
HD06,98/02/16,126,110,111,130,164,200,230,245,242,225,197,168,143,129,128,142,166,193,216,228,225,210,189,165
HD06,98/02/17,142,126,121,130,153,184,213,233,237,227,204,177,150,130,123,125,137,154,175,194,203,201,189,169
HD06,98/02/18,147,128,118,121,138,162,187,207,216,213,198,175,151,130,116,113,120,136,155,172,182,185,180,170
HD06,98/02/19,156,143,135,133,140,154,173,192,207,212,206,189,168,148,134,127,127,132,142,153,170,181,186,185
HD06,98/02/20,179,171,164,159,160,165,176,191,205,214,214,205,190,174,161,149,140,135,137,146,159,174,186,194
HD06,98/02/21,197,197,195,194,191,188,185,186,192,200,207,207,200,186,171,156,143,132,124,119,120,129,145,164
HD06,98/02/22,180,188,193,193,191,187,181,177,177,183,191,200,205,204,197,185,170,151,132,115,107,109,123,144
HD06,98/02/23,168,189,205,214,213,205,192,180,172,171,176,186,200,211,215,209,194,173,148,121,099,089,095,115
HD06,98/02/24,144,174,200,218,226,222,208,188,169,156,154,165,186,208,223,226,216,196,168,135,103,078,071,083
HD06,98/02/25,110,146,183,214,232,235,223,202,177,154,141,142,159,188,219,241,246,233,205,167,127,092,071,070
HD06,98/02/26,089,126,170,213,244,258,252,230,199,168,146,137,147,174,211,245,265,263,242,206,163,120,086,069
HD06,98/02/27,076,105,148,196,235,257,258,241,213,179,147,124,121,141,178,222,256,270,261,232,192,147,106,078
HD06,98/02/28,070,086,121,166,211,244,259,252,228,192,153,121,107,114,143,185,229,260,268,253,221,181,141,107
HD06,98/03/01,088,090,111,148,192,234,260,264,247,218,183,146,114,097,106,140,189,236,264,264,242,208,172,138
HD06,98/03/02,112,100,108,136,177,218,248,261,253,227,192,155,126,109,110,129,163,203,237,255,252,232,204,174
HD06,98/03/03,147,129,125,140,170,205,233,248,247,233,209,178,146,120,107,112,135,168,200,223,230,224,209,190
HD06,98/03/04,170,154,144,146,162,187,214,232,238,231,214,190,163,137,117,110,117,138,165,189,204,209,205,196
HD06,98/03/05,183,171,162,158,163,178,199,217,227,225,213,197,178,157,136,119,112,117,134,155,174,187,192,193
HD06,98/03/06,190,186,183,182,182,187,198,213,226,232,229,220,207,193,179,163,149,139,139,148,163,178,190,198
HD06,98/03/07,205,211,214,212,207,202,201,206,214,221,222,218,212,204,195,183,166,146,127,118,119,129,144,159
HD06,98/03/08,173,187,198,202,199,190,181,177,179,186,192,197,201,205,206,202,189,169,145,127,121,126,140,157
HD06,98/03/09,176,196,214,225,226,218,204,191,182,180,185,195,206,217,224,226,219,202,176,147,124,114,117,130
HD06,98/03/10,150,173,198,220,230,224,206,183,166,158,159,167,182,202,220,230,227,213,189,157,124,100,094,107
HD06,98/03/11,134,165,194,216,229,230,220,200,175,152,139,142,162,189,215,232,236,229,211,183,148,115,096,098
HD06,98/03/12,121,157,194,224,243,249,243,224,198,170,148,141,154,181,214,243,259,260,246,220,184,147,117,105
HD06,98/03/13,116,147,187,223,246,254,248,232,207,176,146,129,133,158,193,226,249,259,253,233,201,164,128,104
HD06,98/03/14,102,124,161,202,235,253,255,240,213,180,147,125,120,137,170,209,244,265,268,254,223,185,146,119
HD06,98/03/15,111,122,152,193,234,263,272,263,242,210,168,125,100,108,143,186,218,235,239,231,214,187,153,121
HD06,98/03/16,100,100,122,158,198,229,244,241,221,191,156,127,108,106,121,151,189,225,247,250,234,206,175,147
HD06,98/03/17,126,118,125,149,183,217,240,246,232,204,170,137,113,104,110,131,160,191,215,226,220,199,171,144
HD06,98/03/18,126,118,123,137,161,191,218,233,228,205,171,138,115,104,103,113,134,163,193,214,220,210,190,168
HD06,98/03/19,150,139,137,145,163,187,212,228,229,216,193,169,147,130,121,124,140,164,189,210,223,224,217,203
HD06,98/03/20,189,180,176,179,190,206,226,245,254,249,234,213,192,173,160,154,154,158,166,178,194,206,209,203
HD06,98/03/21,191,180,174,172,174,180,188,197,206,211,206,192,171,151,135,124,119,121,130,143,158,172,184,191
HD06,98/03/22,193,190,184,178,174,174,179,186,193,198,198,192,182,169,156,141,128,119,116,118,127,140,157,173
HD06,98/03/23,186,192,194,192,188,180,173,169,171,177,183,188,189,187,179,165,147,128,114,107,108,116,131,152
HD06,98/03/24,173,192,204,207,201,188,174,162,156,158,166,177,189,198,200,194,179,158,134,112,099,099,112,134
HD06,98/03/25,162,190,213,226,225,212,191,170,153,145,147,159,180,203,220,224,214,192,162,129,101,085,086,104
HD06,98/03/26,132,165,199,225,237,230,207,175,144,121,113,124,150,183,212,228,230,216,189,152,113,081,069,078
HD06,98/03/27,106,143,184,220,243,246,230,199,164,134,115,113,130,164,205,240,259,257,237,204,165,126,096,083
HD06,98/03/28,094,127,173,217,247,257,245,218,180,139,104,085,092,122,166,211,245,258,249,221,182,140,103,081
HD06,98/03/29,082,105,144,188,226,248,251,232,196,150,105,073,067,089,130,177,219,248,258,247,219,180,139,107
HD06,98/03/30,092,101,131,172,213,243,255,246,217,176,130,091,070,073,099,142,189,231,257,262,247,217,179,144
HD06,98/03/31,122,118,135,165,200,231,250,252,234,199,155,111,080,069,080,109,147,187,220,240,240,222,194,163
HD06,98/04/01,138,125,130,151,179,207,228,238,233,213,180,137,100,076,073,089,119,153,186,212,223,220,204,182
HD06,98/04/02,162,149,149,161,180,204,226,242,244,230,202,169,136,110,093,091,105,130,161,188,207,215,211,196
HD06,98/04/03,178,163,157,160,170,184,199,211,218,215,201,178,152,128,109,099,101,113,132,153,173,189,197,197
HD06,98/04/04,190,181,173,168,169,175,184,192,197,197,193,183,169,150,130,113,104,105,115,129,144,157,170,181
HD06,98/04/05,186,186,183,179,175,172,171,174,179,182,181,178,174,168,158,144,128,114,109,112,122,136,151,166
HD06,98/04/06,179,187,190,188,182,173,164,160,161,166,171,174,176,177,177,171,157,137,119,108,109,119,136,155
HD06,98/04/07,173,189,201,206,201,188,171,157,150,152,158,167,176,187,196,198,190,171,146,123,110,112,125,144
HD06,98/04/08,164,185,205,218,219,206,183,160,143,136,139,151,168,186,201,211,210,196,170,139,113,100,104,120
HD06,98/04/09,145,172,196,212,217,209,191,165,139,120,113,123,145,173,198,215,222,218,201,173,140,114,105,116
HD06,98/04/10,141,172,202,224,235,233,216,188,155,126,110,112,132,162,195,221,235,235,221,194,160,128,108,108
HD06,98/04/11,126,158,192,220,236,237,224,198,165,132,107,099,112,142,178,210,231,239,234,214,183,148,119,105
HD06,98/04/12,113,140,178,213,236,241,228,204,172,139,110,092,092,113,148,188,220,238,240,225,199,168,139,119
HD06,98/04/13,114,131,166,206,237,251,245,226,197,164,130,106,099,114,147,186,222,247,258,254,236,209,177,150
HD06,98/04/14,136,142,169,206,239,257,257,243,219,189,155,124,104,104,125,159,197,230,252,258,247,222,189,160
HD06,98/04/15,142,143,162,192,223,246,254,247,230,208,186,157,122,095,093,123,172,217,243,247,236,218,198,175
HD06,98/04/16,154,142,145,166,195,223,238,237,222,195,162,129,102,088,091,111,141,174,203,221,228,222,206,185
HD06,98/04/17,164,151,151,164,185,206,223,231,227,209,181,149,119,099,093,102,123,150,179,204,221,225,217,202
HD06,98/04/18,185,172,166,169,181,198,214,225,226,215,194,168,144,123,111,108,118,138,162,185,203,213,215,210
HD06,98/04/19,200,188,179,175,178,188,201,212,218,214,201,183,164,144,128,118,117,125,140,159,177,193,204,208
HD06,98/04/20,205,198,191,184,178,175,178,185,195,201,198,189,175,159,144,130,120,116,120,131,147,165,182,195
HD06,98/04/21,203,205,203,197,187,177,169,168,174,184,191,194,193,187,177,163,146,132,122,121,129,146,167,188
HD06,98/04/22,206,217,222,217,205,188,170,158,153,157,169,184,197,204,203,193,176,154,133,117,112,119,138,162
HD06,98/04/23,187,209,223,227,219,201,176,152,135,132,141,162,186,207,220,220,208,185,158,131,113,108,118,140
HD06,98/04/24,170,202,229,243,241,224,196,164,136,119,122,143,175,208,234,249,247,230,203,172,144,125,120,133
HD06,98/04/25,162,200,236,261,267,254,226,189,150,120,105,112,138,177,218,251,265,259,235,202,167,137,120,120
HD06,98/04/26,139,173,212,244,261,256,232,195,152,109,077,067,084,121,168,212,242,254,246,221,184,147,119,108
HD06,98/04/27,117,142,178,214,242,253,243,212,168,120,079,056,057,081,122,171,216,247,256,243,213,178,148,129
HD06,98/04/28,126,139,165,201,234,254,253,231,192,145,100,065,051,062,092,134,180,220,245,248,231,202,172,148
HD06,98/04/29,136,140,160,191,223,246,254,245,219,181,138,099,073,067,083,116,159,199,228,241,237,222,201,178
HD06,98/04/30,158,149,154,175,203,227,240,238,222,193,155,116,083,066,068,089,121,156,188,212,226,224,208,184
HD06,98/05/01,162,150,153,168,188,206,219,225,221,204,179,148,117,091,078,084,106,136,167,192,210,217,213,200
HD06,98/05/02,184,171,166,171,182,196,210,220,223,216,200,178,154,132,116,110,118,136,161,187,210,226,232,229
HD06,98/05/03,220,210,202,199,204,213,224,232,235,232,223,209,190,170,150,135,128,131,143,160,177,190,197,198
HD06,98/05/04,196,191,184,175,167,163,164,169,175,181,183,180,173,162,150,136,122,114,114,124,141,160,178,190
HD06,98/05/05,196,196,192,186,178,168,160,156,159,167,175,180,182,182,177,166,152,136,126,125,133,148,166,181
HD06,98/05/06,193,201,204,200,189,173,158,147,144,148,157,169,179,188,192,190,180,163,144,131,127,135,153,174
HD06,98/05/07,193,208,215,214,203,185,165,146,134,130,137,152,173,193,206,209,201,185,165,147,135,134,144,164
HD06,98/05/08,188,211,227,232,225,209,188,167,147,134,131,143,167,196,221,235,235,222,201,177,156,142,139,149
HD06,98/05/09,170,195,217,228,227,213,187,154,123,101,095,106,130,161,191,214,225,221,205,181,156,136,129,136
HD06,98/05/10,158,187,214,233,238,228,205,174,140,111,094,095,114,146,182,213,233,237,227,204,176,149,131,126
HD06,98/05/11,139,165,195,220,233,229,208,176,139,104,081,074,086,112,147,184,213,229,229,212,186,158,136,127
HD06,98/05/12,133,154,184,214,233,237,225,199,164,126,093,075,077,099,134,174,211,236,246,238,218,191,167,152
HD06,98/05/13,152,167,195,227,252,262,254,230,196,155,118,092,084,095,124,162,200,231,248,247,229,202,172,147
HD06,98/05/14,133,136,157,187,215,232,233,219,191,153,112,078,060,064,087,120,158,192,218,231,228,210,186,162
HD06,98/05/15,145,140,150,172,199,222,233,228,207,173,134,099,074,066,077,102,136,171,201,222,228,219,199,175
HD06,98/05/16,155,145,150,166,187,207,221,224,215,191,157,120,090,075,076,091,115,145,175,202,218,221,211,192
HD06,98/05/17,171,155,152,161,177,195,210,220,220,207,180,147,117,095,086,093,111,137,164,189,209,221,221,212
HD06,98/05/18,195,178,167,164,170,183,198,211,217,213,196,172,148,129,115,108,110,120,139,163,187,207,218,219
HD06,98/05/19,214,207,196,183,171,167,175,190,203,208,201,186,170,153,138,124,115,113,122,139,160,182,200,211
HD06,98/05/20,213,207,196,181,167,156,153,158,168,179,187,191,189,180,166,148,130,119,117,125,140,157,176,195
HD06,98/05/21,211,218,213,198,176,155,140,134,138,150,166,181,193,198,194,181,162,142,127,121,125,138,159,183
HD06,98/05/22,206,222,226,216,196,170,143,121,112,116,131,154,179,198,208,205,189,167,144,125,116,120,137,162
HD06,98/05/23,188,211,225,227,213,187,152,118,094,086,095,120,153,187,213,226,223,206,182,156,135,126,131,151
HD06,98/05/24,177,205,227,238,236,216,181,141,103,077,072,088,122,164,204,232,244,238,218,193,168,149,142,150
HD06,98/05/25,174,208,242,265,271,260,235,199,155,111,082,080,105,147,193,232,256,263,254,233,206,177,155,146
HD06,98/05/26,155,180,212,240,254,251,232,197,152,104,065,046,054,086,133,180,219,242,247,237,214,186,160,145
HD06,98/05/27,145,163,192,222,244,250,240,216,179,135,091,059,052,072,110,154,195,227,249,257,250,228,198,171
HD06,98/05/28,158,165,187,216,241,256,257,246,221,184,139,098,074,074,097,134,175,213,243,260,260,243,217,191
HD06,98/05/29,173,167,176,198,224,246,256,253,235,206,170,132,100,085,092,120,158,196,225,245,254,252,240,219
HD06,98/05/30,198,184,183,195,218,241,256,258,246,224,195,163,134,111,101,109,135,169,203,230,246,249,240,223
HD06,98/05/31,204,190,186,190,200,213,225,234,237,228,208,182,155,134,121,120,131,154,182,209,228,239,240,232
HD06,98/06/01,219,205,193,187,189,199,212,224,229,226,218,205,189,171,154,143,142,154,174,197,217,233,241,240
HD06,98/06/02,230,215,201,192,189,189,192,198,205,210,211,206,195,181,166,152,143,143,153,172,192,210,222,227
HD06,98/06/03,225,217,205,194,184,177,173,174,181,190,197,201,200,195,186,173,161,153,153,161,176,195,213,226
HD06,98/06/04,230,228,220,208,194,179,167,162,166,175,185,194,201,205,205,199,187,173,161,157,163,179,198,215
HD06,98/06/05,224,225,221,211,196,177,160,147,141,143,154,171,187,200,207,207,199,185,170,157,154,162,178,198
HD06,98/06/06,214,223,224,219,206,186,161,138,124,120,128,144,164,187,206,216,213,200,181,162,150,148,158,177
HD06,98/06/07,199,217,228,229,219,199,171,143,118,105,107,123,148,176,200,216,223,220,207,187,166,153,155,170
HD06,98/06/08,192,213,228,236,234,219,193,160,130,108,099,105,126,156,188,216,233,237,226,206,182,163,155,159
HD06,98/06/09,174,196,219,236,240,228,203,170,136,106,086,082,098,129,168,205,231,242,238,223,200,177,160,155
HD06,98/06/10,165,187,214,236,246,241,222,192,155,119,091,081,090,115,150,188,220,244,254,247,225,197,173,160
HD06,98/06/11,164,181,206,230,248,253,244,219,182,140,104,081,080,098,130,168,205,235,252,253,239,214,187,167
HD06,98/06/12,160,169,192,218,240,251,249,231,201,163,123,091,077,084,109,144,182,217,243,256,253,236,210,184
HD06,98/06/13,167,164,177,202,229,249,257,249,227,195,157,122,097,090,101,128,165,203,235,257,264,254,232,206
HD06,98/06/14,184,172,174,190,214,238,255,257,244,217,183,149,121,104,103,120,152,190,224,247,259,259,249,230
HD06,98/06/15,207,189,182,188,205,225,243,254,253,237,210,178,148,128,121,129,147,174,202,229,249,258,255,241
HD06,98/06/16,220,199,185,180,186,199,216,230,238,235,221,198,173,149,132,126,131,147,172,200,225,243,250,246
HD06,98/06/17,231,211,193,181,177,181,192,207,221,229,227,217,200,180,162,147,141,146,161,183,205,225,238,244
HD06,98/06/18,240,228,210,190,172,161,162,176,193,207,214,214,212,205,192,173,156,148,151,166,185,204,220,234
HD06,98/06/19,241,238,224,203,179,159,148,149,159,174,190,204,216,221,216,203,186,174,172,177,187,200,219,242
HD06,98/06/20,263,273,269,249,220,187,160,144,141,150,169,191,212,228,236,235,224,205,185,171,166,174,190,210
HD06,98/06/21,227,237,240,232,213,185,151,121,102,100,114,140,170,199,221,233,234,222,202,179,164,161,173,192
HD06,98/06/22,214,231,242,244,233,207,170,131,100,082,082,099,130,168,203,229,240,237,222,200,179,164,161,171
HD06,98/06/23,191,216,237,249,246,228,198,159,118,084,067,073,101,139,178,212,237,250,247,229,202,177,164,166
HD06,98/06/24,182,204,227,245,252,248,228,194,149,104,072,063,080,114,155,193,225,249,259,252,229,200,173,160
HD06,98/06/25,163,181,207,232,249,253,243,218,179,133,090,063,061,084,124,169,209,237,252,253,239,216,190,168
HD06,98/06/26,158,164,186,215,239,255,256,240,207,165,122,085,066,072,103,147,192,228,250,258,254,237,212,187
HD06,98/06/27,170,167,180,204,230,249,257,249,228,195,157,121,095,086,099,130,169,208,238,256,257,244,221,194
HD06,98/06/28,174,165,171,187,207,226,240,246,238,214,180,142,111,095,099,121,153,187,217,240,252,250,236,214
HD06,98/06/29,190,172,167,175,194,216,232,239,235,221,200,174,146,123,112,119,140,171,202,227,243,247,240,223
HD06,98/06/30,202,182,171,170,179,193,209,221,227,224,212,192,168,145,130,127,139,162,187,210,226,235,236,228
HD06,98/07/01,210,189,171,161,161,169,182,195,205,209,205,196,183,168,154,145,145,155,173,195,215,230,237,233
HD06,98/07/02,220,202,185,173,165,165,171,183,195,203,206,205,201,192,181,169,162,162,171,186,203,217,227,230
HD06,98/07/03,226,215,200,183,167,156,154,159,170,180,189,196,201,203,200,192,183,176,177,185,197,210,223,233
HD06,98/07/04,236,231,219,201,181,161,149,145,150,159,171,183,195,204,209,207,198,185,175,173,180,194,209,222
HD06,98/07/05,228,228,223,213,197,175,151,133,126,131,147,166,185,202,214,219,215,204,189,176,172,178,193,208
HD06,98/07/06,220,227,227,222,208,186,159,132,115,112,124,145,170,193,213,227,232,225,211,194,180,177,184,199
HD06,98/07/07,216,230,238,238,228,207,179,148,120,103,102,119,147,181,211,233,244,242,229,209,190,177,175,185
HD06,98/07/08,203,224,241,248,243,226,201,168,133,104,090,098,126,164,201,230,249,257,252,237,216,195,182,182
HD06,98/07/09,196,218,241,257,262,252,229,196,157,120,095,090,108,142,182,218,245,260,261,250,230,205,181,168
HD06,98/07/10,173,196,227,252,262,258,242,215,179,137,100,079,083,111,151,192,226,251,263,263,249,225,198,177
HD06,98/07/11,170,181,207,238,262,272,265,241,207,168,131,103,092,101,128,167,208,243,265,271,260,237,210,184
HD06,98/07/12,167,166,182,210,240,261,265,253,225,187,145,109,086,085,105,137,174,210,240,260,263,248,221,190
HD06,98/07/13,166,157,166,189,217,242,256,258,246,218,181,141,109,095,102,127,160,193,223,245,257,253,235,208
HD06,98/07/14,180,161,157,170,193,218,238,250,248,232,205,172,139,116,109,120,145,176,206,231,248,253,246,226
HD06,98/07/15,199,174,159,158,171,192,214,233,242,238,222,198,170,145,131,130,141,162,187,213,236,250,251,238
HD06,98/07/16,214,189,167,156,156,167,184,202,219,228,227,216,196,173,153,142,144,157,177,198,217,233,243,242
HD06,98/07/17,229,206,180,158,145,143,154,171,190,204,213,216,212,202,187,171,161,161,171,188,207,224,237,244
HD06,98/07/18,242,230,210,185,161,146,142,150,166,183,198,211,220,225,225,217,204,191,184,185,196,212,229,242
HD06,98/07/19,246,242,230,212,190,165,143,132,134,148,169,191,210,224,232,233,226,213,200,192,193,202,216,230
HD06,98/07/20,241,246,244,234,214,185,154,130,118,122,138,161,187,212,233,245,245,234,216,200,191,193,201,214
HD06,98/07/21,228,240,248,246,233,207,171,134,106,095,102,123,152,184,213,235,245,242,229,211,194,183,183,191
HD06,98/07/22,207,226,244,254,250,233,204,168,131,102,091,099,125,160,197,229,251,259,253,236,213,193,182,185
HD06,98/07/23,201,224,246,261,266,259,239,206,165,125,096,086,098,130,171,211,243,260,260,246,224,202,183,172
HD06,98/07/24,171,186,212,241,259,259,241,210,171,130,094,073,075,098,136,179,217,243,253,246,225,199,175,160
HD06,98/07/25,156,166,188,216,242,257,255,234,199,155,114,084,074,087,116,156,195,229,249,251,236,212,186,166
HD06,98/07/26,155,157,173,200,230,251,259,250,225,190,149,114,093,093,112,145,184,220,246,257,250,230,202,175
HD06,98/07/27,156,152,163,185,211,235,250,252,239,211,175,139,112,102,112,139,174,208,236,254,256,244,220,191
HD06,98/07/28,166,153,155,171,194,218,238,248,245,228,200,168,140,122,121,136,163,194,223,244,253,246,228,202
HD06,98/07/29,177,159,152,158,175,197,218,232,237,231,213,189,164,144,136,141,159,183,210,233,247,249,238,218
HD06,98/07/30,193,171,156,153,161,177,195,212,223,225,216,199,179,162,151,148,157,173,193,212,228,238,237,223
HD06,98/07/31,201,177,159,151,152,160,172,185,199,209,211,204,193,180,170,164,164,172,186,204,220,231,234,227
HD06,98/08/01,213,194,176,162,152,149,154,166,180,193,200,203,203,199,192,185,179,178,185,196,211,225,233,233
HD06,98/08/02,224,210,195,180,166,155,151,156,167,180,191,200,207,212,213,208,200,192,188,191,201,213,224,229
HD06,98/08/03,227,219,207,192,175,156,141,133,135,145,161,179,194,206,213,215,210,200,188,181,182,191,204,215
HD06,98/08/04,222,223,218,209,193,173,150,130,120,124,137,157,178,199,218,231,232,223,207,190,181,183,195,211
HD06,98/08/05,223,231,233,229,218,197,170,141,119,110,118,137,163,191,217,238,248,244,229,207,188,178,181,194
HD06,98/08/06,212,229,240,242,235,217,189,155,122,100,094,108,135,168,199,227,248,256,247,224,196,174,167,177
HD06,98/08/07,197,219,238,250,253,243,219,183,143,110,092,093,113,144,181,219,250,267,263,241,210,181,163,161
HD06,98/08/08,173,195,221,245,259,258,238,204,162,120,089,077,086,112,147,187,226,256,266,253,224,190,163,149
HD06,98/08/09,152,170,199,229,253,263,256,231,194,151,111,084,078,095,127,168,210,245,264,263,246,218,189,165
HD06,98/08/10,152,156,178,211,245,269,275,262,233,195,155,118,095,093,113,151,195,237,264,272,260,234,204,176
HD06,98/08/11,155,147,155,181,217,251,271,270,248,214,173,136,110,101,112,137,172,210,243,264,266,248,217,181
HD06,98/08/12,153,139,143,162,189,220,247,262,260,240,207,171,141,123,122,138,165,198,231,256,265,258,236,205
HD06,98/08/13,173,147,137,145,166,194,221,242,251,246,228,202,174,153,144,150,168,193,218,240,256,260,250,227
HD06,98/08/14,197,168,147,140,147,165,188,212,229,235,228,212,193,176,164,161,167,182,203,224,240,246,241,228
HD06,98/08/15,207,183,158,140,131,135,151,172,193,208,214,212,205,195,186,179,175,178,188,205,222,235,240,235
HD06,98/08/16,221,201,181,163,148,139,139,151,171,191,206,215,218,219,218,215,210,205,205,211,220,231,239,242
HD06,98/08/17,237,227,213,195,174,153,137,133,141,158,176,193,207,218,225,226,219,207,195,189,193,204,216,224
HD06,98/08/18,226,224,220,209,190,164,138,119,112,118,134,156,179,201,218,228,228,218,203,187,178,180,191,206
HD06,98/08/19,219,227,230,226,215,193,162,131,109,102,112,132,158,186,214,236,247,242,225,204,188,182,186,197
HD06,98/08/20,210,225,239,249,247,229,197,159,125,104,102,116,140,171,203,232,252,257,245,222,198,179,172,178
HD06,98/08/21,191,210,229,246,254,246,221,185,144,110,091,091,110,142,179,216,244,256,250,228,199,173,156,152
HD06,98/08/22,163,184,212,237,253,253,237,207,167,126,095,082,091,118,154,192,226,247,251,236,209,178,154,142
HD06,98/08/23,144,162,190,221,244,254,249,229,196,155,117,092,089,107,140,180,217,244,256,250,229,199,169,148
HD06,98/08/24,142,153,178,209,237,256,261,249,224,188,151,120,104,108,134,173,215,248,264,260,242,217,190,166
HD06,98/08/25,151,149,163,192,227,255,268,264,244,214,181,151,131,125,138,168,207,244,268,272,258,233,204,177
HD06,98/08/26,156,147,153,174,203,233,255,261,250,227,195,162,139,130,137,159,188,218,244,258,255,235,206,174
HD06,98/08/27,148,136,138,154,178,205,227,240,240,228,205,177,151,136,136,151,177,206,230,245,248,238,217,188
HD06,98/08/28,160,141,136,146,164,186,206,224,233,230,214,192,171,157,154,161,176,195,216,233,244,242,226,199
HD06,98/08/29,172,150,141,141,150,164,182,200,214,219,213,201,187,175,167,167,174,189,206,221,231,233,227,211
HD06,98/08/30,190,168,151,144,145,151,162,176,191,204,210,208,200,190,183,180,183,187,191,197,206,218,225,219
HD06,98/08/31,200,177,158,148,143,143,145,151,161,176,189,199,202,200,196,191,188,188,191,197,204,211,218,220
HD06,98/09/01,215,204,190,176,163,152,146,145,151,162,176,193,209,220,226,226,221,214,207,203,203,208,216,224
HD06,98/09/02,228,227,220,207,191,173,155,143,138,143,157,178,200,221,235,242,240,230,216,202,193,192,201,216
HD06,98/09/03,230,238,238,228,211,189,163,138,120,114,124,146,175,204,227,242,247,241,226,205,185,175,177,190
HD06,98/09/04,209,226,237,239,231,211,182,148,119,101,099,116,145,181,215,241,257,257,243,217,189,166,158,167
HD06,98/09/05,189,216,239,252,251,237,210,176,140,108,090,093,115,152,193,231,256,265,255,230,199,171,153,149
HD06,98/09/06,163,191,224,251,265,262,242,208,167,127,095,082,093,124,168,213,248,266,265,248,219,184,152,133
HD06,98/09/07,135,160,198,237,265,274,264,237,199,157,118,091,085,104,142,189,232,261,270,259,231,196,161,133
HD06,98/09/08,121,131,163,206,245,270,273,257,226,186,145,111,092,097,125,167,211,246,265,265,247,215,177,140
HD06,98/09/09,115,110,129,167,212,249,270,271,252,220,182,144,117,107,119,151,192,232,258,265,252,225,192,156
HD06,98/09/10,124,104,105,129,169,210,241,254,249,230,203,172,145,127,125,142,174,211,241,254,249,230,202,170
HD06,98/09/11,139,113,102,110,137,174,209,234,244,236,218,195,174,156,147,151,170,199,228,247,251,241,221,196
HD06,98/09/12,169,142,122,115,123,146,176,205,227,238,236,224,206,187,173,170,179,197,217,233,242,240,230,212
HD06,98/09/13,192,169,147,129,121,128,148,174,197,212,216,212,206,200,196,192,190,194,203,214,223,228,226,216
HD06,98/09/14,200,182,163,145,132,126,128,140,158,177,193,202,206,206,204,202,200,199,200,203,209,215,220,221
HD06,98/09/15,217,207,193,177,159,144,136,136,144,157,173,190,207,221,229,230,225,218,210,206,205,210,217,224
HD06,98/09/16,229,231,231,230,224,209,192,188,202,220,224,216,216,240,276,297,288,253,217,197,195,201,206,207
HD06,98/09/17,210,217,228,233,223,198,165,137,122,123,135,154,176,200,223,238,241,229,208,184,166,158,162,173
HD06,98/09/18,189,205,219,226,223,208,184,155,128,108,103,114,141,174,206,228,235,229,212,189,165,147,140,147
HD06,98/09/19,167,193,219,237,244,236,214,181,145,116,102,107,129,163,198,228,245,247,235,211,184,160,144,141
HD06,98/09/20,153,176,208,236,252,250,231,199,163,130,107,102,117,147,184,220,247,257,249,225,194,164,141,130
HD06,98/09/21,134,155,188,223,250,260,250,225,192,157,128,113,117,140,175,214,246,264,264,247,219,187,159,140
HD06,98/09/22,136,153,188,228,259,273,269,249,222,191,161,138,126,134,161,201,242,272,284,276,250,212,171,139
HD06,98/09/23,125,133,160,196,230,253,262,254,232,199,163,134,120,125,146,179,214,241,251,242,218,185,149,119
HD06,98/09/24,102,103,122,153,188,218,236,240,227,201,170,143,127,125,139,164,197,226,244,243,226,197,164,133
HD06,98/09/25,111,105,116,142,176,208,232,242,240,226,206,183,163,153,157,175,202,232,255,262,252,229,200,170
HD06,98/09/26,145,130,128,141,166,194,220,236,239,229,210,187,167,156,156,167,187,210,228,235,230,214,192,166
HD06,98/09/27,141,121,111,116,133,156,178,196,208,212,206,194,181,170,165,168,179,195,213,227,231,224,207,184
HD06,98/09/28,159,137,126,126,134,148,164,183,200,210,212,208,201,192,184,180,181,189,202,214,221,219,208,193
HD06,98/09/29,177,162,149,138,134,136,146,161,177,191,201,205,204,201,197,193,190,189,192,197,204,210,211,205
HD06,98/09/30,196,183,170,157,147,140,141,148,159,173,187,201,211,216,217,215,212,207,202,198,199,206,214,218
HD06,98/10/01,216,210,201,190,176,161,148,142,144,156,175,195,213,227,234,238,235,227,213,198,191,194,205,217
HD06,98/10/02,225,228,226,219,206,187,166,148,137,138,151,176,204,230,247,253,247,233,212,189,171,163,169,185
HD06,98/10/03,204,220,228,226,214,192,162,132,110,102,110,132,161,192,219,239,246,238,217,188,161,143,141,155
HD06,98/10/04,180,209,233,247,246,229,200,166,133,108,098,108,136,174,212,242,257,256,239,209,172,140,122,125
HD06,98/10/05,149,183,217,243,255,252,231,197,155,116,090,086,107,146,189,226,249,257,247,221,184,143,110,097
HD06,98/10/06,111,147,192,231,255,262,252,228,194,155,119,100,105,133,175,218,250,265,260,236,200,158,120,095
HD06,98/10/07,091,113,154,202,243,265,267,252,223,187,151,124,114,126,159,202,241,265,268,252,222,183,143,108
HD06,98/10/08,089,094,125,173,222,259,278,277,260,231,198,167,147,145,165,200,239,266,274,263,239,207,169,129
HD06,98/10/09,096,081,094,131,178,220,248,256,249,230,205,181,162,154,161,183,213,243,259,259,244,218,186,150
HD06,98/10/10,115,092,090,109,145,184,217,237,245,240,225,205,183,168,166,179,204,229,246,249,241,224,198,168
HD06,98/10/11,135,107,095,101,121,148,176,199,213,217,211,199,186,174,168,171,182,200,216,226,225,215,198,176
HD06,98/10/12,153,130,113,106,110,123,143,166,188,202,207,204,195,187,182,182,187,195,203,209,213,213,208,197
HD06,98/10/13,180,162,143,128,118,117,127,145,165,182,194,200,202,201,200,197,193,190,189,192,198,202,202,198
HD06,98/10/14,190,182,171,159,144,131,126,130,143,162,180,194,204,210,212,211,207,200,192,185,183,187,195,203
HD06,98/10/15,207,205,199,189,176,160,145,136,138,150,169,190,208,222,231,233,229,217,202,187,177,176,185,198
HD06,98/10/16,209,217,220,216,206,189,166,144,128,127,142,166,192,212,224,227,224,213,195,173,155,148,154,170
HD06,98/10/17,190,208,221,225,219,202,176,148,127,119,127,147,172,197,218,229,231,222,203,176,151,136,136,152
HD06,98/10/18,178,206,230,246,256,261,258,242,211,178,160,165,190,224,255,275,279,269,245,213,177,146,129,132
HD06,98/10/19,151,181,212,237,249,245,226,197,166,140,126,128,147,177,210,236,251,250,230,196,157,123,105,104
HD06,98/10/20,119,148,181,212,233,239,229,207,175,140,114,108,123,152,187,217,237,241,228,199,161,125,099,091
HD06,98/10/21,101,125,158,194,225,246,250,235,206,171,141,125,127,147,177,208,233,247,243,222,188,151,119,100
HD06,98/10/22,098,114,144,179,213,238,250,246,227,197,165,141,133,144,169,200,228,246,250,236,207,169,132,105
HD06,98/10/23,094,103,128,163,198,228,248,254,243,218,185,157,143,148,168,196,223,242,250,245,226,194,155,118
HD06,98/10/24,096,095,115,147,179,206,229,247,251,239,213,184,163,157,169,191,217,239,252,252,238,213,180,146
HD06,98/10/25,118,106,114,138,169,200,227,246,255,251,234,210,187,173,173,188,210,232,244,246,237,220,195,166
HD06,98/10/26,136,115,109,121,147,176,201,220,232,237,234,223,206,189,179,182,197,217,232,237,230,214,193,171
HD06,98/10/27,150,131,119,115,124,144,169,194,213,223,225,219,207,194,184,181,187,200,215,226,227,221,211,198
HD06,98/10/28,184,167,149,135,133,145,167,190,208,219,227,233,234,229,219,208,201,201,206,215,222,223,220,213
HD06,98/10/29,204,193,180,165,152,146,150,163,181,198,211,221,227,231,230,224,213,201,193,192,197,203,208,209
HD06,98/10/30,207,201,192,178,161,146,136,136,147,166,186,204,218,228,234,233,224,209,192,179,176,185,200,216
HD06,98/10/31,225,227,222,213,198,178,158,143,138,147,167,193,217,235,246,248,241,224,199,172,153,149,163,188
HD06,98/11/01,212,226,231,229,221,206,184,157,136,131,144,171,204,234,257,268,265,247,217,180,147,129,134,156
HD06,98/11/02,187,216,237,248,248,235,209,176,144,124,124,144,179,216,246,264,270,262,239,203,160,125,110,123
HD06,98/11/03,159,204,245,271,281,274,252,219,180,145,125,130,157,197,235,261,274,271,250,210,160,114,087,087
HD06,98/11/04,112,154,199,238,265,278,273,249,210,169,140,133,150,186,228,265,289,296,281,245,195,142,100,081
HD06,98/11/05,090,122,166,208,241,262,269,261,237,200,163,137,134,155,195,236,263,271,261,238,205,161,113,073
HD06,98/11/06,056,070,110,162,209,243,259,259,245,221,190,160,141,145,170,207,239,256,256,242,218,185,143,099
HD06,98/11/07,067,060,084,128,178,221,250,264,263,249,225,197,175,168,179,205,236,260,268,261,242,215,182,145
HD06,98/11/08,110,089,092,118,157,198,233,258,268,262,243,220,200,190,192,205,229,253,269,274,265,242,209,174
HD06,98/11/09,139,111,100,110,137,171,204,232,250,258,255,245,230,217,211,213,222,234,246,254,252,242,224,202
HD06,98/11/10,179,155,135,124,128,144,169,195,217,228,226,217,206,196,190,187,189,197,206,214,216,213,204,191
HD06,98/11/11,173,155,139,129,130,139,154,172,192,211,224,228,224,217,212,207,204,202,203,207,214,221,223,219
HD06,98/11/12,209,195,180,166,154,146,145,154,172,194,212,222,225,222,218,213,205,194,183,176,178,187,198,204
HD06,98/11/13,204,198,190,181,172,162,153,150,157,173,195,215,228,233,230,224,215,202,188,175,168,171,183,198
HD06,98/11/14,212,219,218,211,199,184,169,159,157,166,183,204,223,235,241,237,226,208,186,165,151,151,162,180
HD06,98/11/15,198,212,220,222,216,201,181,161,150,151,164,185,207,227,241,245,237,218,192,166,146,137,141,155
HD06,98/11/16,178,203,225,238,238,225,205,182,164,156,159,175,198,224,246,258,254,237,211,182,156,139,135,145
HD06,98/11/17,168,199,230,256,269,264,244,217,194,182,183,195,215,239,264,282,287,274,245,207,170,142,128,131
HD06,98/11/18,148,177,210,240,260,263,250,225,195,169,155,158,175,201,230,253,264,258,234,196,153,118,099,100
HD06,98/11/19,119,147,180,213,242,258,258,240,211,181,159,154,165,189,219,246,263,265,249,218,179,140,109,094
HD06,98/11/20,098,121,158,201,239,263,269,257,233,205,181,166,164,177,202,232,256,266,256,230,194,156,124,102
HD06,98/11/21,097,111,141,180,220,252,267,264,245,219,193,172,163,168,188,217,245,260,257,236,202,163,126,100
HD06,98/11/22,087,088,106,138,177,215,240,248,240,220,196,177,167,167,178,197,222,243,252,242,214,177,141,112
HD06,98/11/23,095,090,100,123,157,196,230,252,256,244,221,199,182,175,180,195,218,238,247,240,221,194,164,134
HD06,98/11/24,108,093,092,108,135,168,201,227,241,241,226,206,187,175,174,182,198,216,230,235,229,215,194,166
HD06,98/11/25,136,111,099,105,124,151,178,202,220,229,227,215,199,184,175,174,182,193,204,210,209,201,186,167
HD06,98/11/26,146,126,111,105,110,125,147,171,195,215,225,223,211,196,183,176,175,180,187,195,200,202,198,186
HD06,98/11/27,167,147,129,119,118,124,136,155,178,201,219,228,228,219,205,192,184,181,182,185,193,202,211,215
HD06,98/11/28,209,196,179,166,157,153,151,155,168,190,212,229,236,233,222,206,188,173,160,153,152,160,176,192
HD06,98/11/29,201,199,187,172,156,144,138,138,145,159,179,201,221,233,235,225,206,182,156,136,130,138,157,181
HD06,98/11/30,202,216,220,215,200,180,161,147,143,149,167,191,216,236,247,245,229,201,167,137,118,115,127,149
HD06,98/12/01,177,205,229,241,237,217,190,165,151,150,160,178,202,229,250,259,252,227,189,146,110,093,097,119
HD06,98/12/02,151,186,218,239,246,238,216,189,162,143,139,151,175,205,233,250,250,231,195,150,107,076,064,073
HD06,98/12/03,100,139,182,221,248,256,244,219,189,163,149,150,165,191,221,247,259,253,226,183,133,088,061,056
HD06,98/12/04,072,104,146,191,232,258,264,247,215,181,157,148,155,174,202,232,255,260,245,209,161,113,074,053
HD06,98/12/05,053,074,110,155,201,240,260,258,235,204,176,161,161,173,193,217,242,258,258,235,196,149,105,072
HD06,98/12/06,058,064,089,128,173,213,241,251,241,217,189,168,157,159,171,191,216,236,243,234,207,168,124,086
HD06,98/12/07,060,054,067,096,134,173,207,232,242,235,212,184,162,156,165,185,208,228,241,242,229,203,170,137
HD06,98/12/08,107,089,089,106,135,170,203,231,249,251,237,213,190,175,172,181,195,211,223,228,223,208,185,155
HD06,98/12/09,126,103,092,095,111,135,164,192,214,224,220,207,190,175,168,169,176,186,196,204,207,204,192,172
HD06,98/12/10,147,123,106,100,107,124,145,167,187,202,210,209,199,183,169,161,161,168,174,179,182,185,185,182
HD06,98/12/11,171,155,137,124,121,129,145,165,184,201,213,219,217,207,194,181,172,167,168,169,169,167,168,172
HD06,98/12/12,176,173,160,143,128,122,127,141,157,172,186,198,204,202,192,180,167,157,150,146,146,152,163,176
HD06,98/12/13,185,188,183,172,159,148,144,148,159,174,190,204,214,217,213,203,190,174,156,141,133,137,151,169
HD06,98/12/14,185,196,201,201,194,182,168,158,157,166,183,202,216,224,225,220,208,188,164,141,127,127,138,156
HD06,98/12/15,176,194,208,216,214,203,187,172,161,158,165,181,200,216,223,221,209,189,162,134,112,101,106,124
HD06,98/12/16,151,179,203,218,222,216,204,187,171,160,159,173,195,218,234,238,230,212,184,151,118,095,090,103
HD06,98/12/17,129,161,191,215,229,229,218,200,181,165,158,165,183,207,228,242,243,228,199,160,122,094,081,085
HD06,98/12/18,101,127,160,195,221,234,229,211,187,164,152,153,165,184,207,227,240,236,215,178,136,100,078,073
HD06,98/12/19,087,114,150,188,222,245,252,242,220,195,175,167,171,188,213,241,261,264,246,212,170,130,101,087
HD06,98/12/20,089,109,142,182,222,251,265,260,239,210,184,168,165,177,199,225,247,254,243,216,178,139,104,079
HD06,98/12/21,069,080,109,148,187,221,244,253,246,224,197,173,162,166,185,211,235,250,252,237,209,172,133,100
HD06,98/12/22,080,080,099,132,170,207,236,253,254,240,215,189,171,168,181,205,231,250,257,249,228,198,162,127
HD06,98/12/23,100,089,097,119,151,185,217,241,252,247,228,203,179,167,170,187,210,230,240,240,231,214,188,155
HD06,98/12/24,122,099,094,106,130,160,194,225,243,244,231,211,191,177,170,172,180,194,211,224,227,218,197,169
HD06,98/12/25,141,118,108,110,124,145,170,199,226,243,247,234,211,188,174,171,178,188,198,207,215,221,220,207
HD06,98/12/26,183,156,135,128,135,151,171,193,214,232,243,243,231,210,189,175,168,167,171,179,192,203,209,206
HD06,98/12/27,195,177,158,144,136,138,148,164,183,204,220,230,228,216,198,179,164,152,147,147,155,168,183,195
HD06,98/12/28,198,192,180,166,154,146,145,151,164,182,202,218,225,222,211,194,174,152,132,120,121,135,156,178
HD06,98/12/29,194,203,204,199,187,172,159,153,158,172,191,209,222,229,229,222,203,174,141,116,105,110,129,154
HD06,98/12/30,181,205,222,229,224,210,190,174,166,170,184,203,222,235,242,239,225,197,157,116,085,076,089,116
HD06,98/12/31,147,179,207,229,237,230,211,189,171,165,170,185,204,223,239,248,243,223,186,140,096,068,065,084
