HD06,15/01/01,218,235,238,232,223,213,207,203,204,209,219,232,244,249,248,238,222,198,167,137,115,113,132,157
HD06,15/01/02,183,202,217,229,233,229,217,201,191,188,197,212,228,240,249,249,241,220,187,152,120,104,107,128
HD06,15/01/03,155,185,210,230,243,243,234,216,196,181,181,192,212,230,244,250,246,229,200,162,123,94,85,95
HD06,15/01/04,121,155,189,220,239,245,237,224,204,189,178,180,192,214,239,257,263,251,223,185,143,109,88,84
HD06,15/01/05,100,130,170,208,238,250,246,230,210,190,173,165,169,186,213,244,262,261,237,200,159,121,91,76
HD06,15/01/06,81,106,144,191,230,255,262,254,238,220,202,189,190,204,233,263,286,291,276,246,205,160,127,102
HD06,15/01/07,96,105,135,174,215,246,261,258,243,219,194,176,167,170,191,220,251,268,265,243,207,169,135,108
HD06,15/01/08,92,90,109,144,192,233,258,262,248,226,203,183,166,160,171,198,230,255,262,247,218,188,158,131
HD06,15/01/09,105,93,100,131,173,215,242,254,247,231,209,186,166,154,159,178,208,234,250,245,227,200,174,147
HD06,15/01/10,123,105,105,123,158,196,230,249,251,239,221,198,175,159,155,167,191,216,234,237,228,212,191,168
HD06,15/01/11,144,123,114,122,147,180,214,236,246,240,227,208,187,169,158,164,183,209,228,236,232,222,206,188
HD06,15/01/12,159,136,122,129,146,170,191,211,223,229,226,213,191,165,147,143,154,169,183,191,193,194,194,187
HD06,15/01/13,170,152,137,134,139,156,174,195,211,220,221,212,196,175,156,146,146,152,161,166,172,178,183,183
HD06,15/01/14,176,166,155,150,150,155,165,182,199,214,217,215,203,189,173,162,149,144,140,146,152,166,178,188
HD06,15/01/15,189,186,181,180,176,175,173,180,194,212,225,229,220,210,197,191,172,162,148,144,139,145,158,179
HD06,15/01/16,197,208,209,206,198,194,187,188,190,200,212,225,231,228,217,203,188,171,153,133,121,123,143,169
HD06,15/01/17,194,213,228,237,238,232,220,208,200,199,210,224,237,242,240,229,213,189,161,129,105,93,100,121
HD06,15/01/18,149,178,204,224,231,228,214,198,181,174,177,193,212,231,239,241,228,207,174,139,102,83,77,94
HD06,15/01/19,122,159,196,228,247,249,240,221,200,179,172,176,199,222,246,257,256,238,208,167,124,86,65,69
HD06,15/01/20,93,129,169,209,241,256,253,234,208,180,161,156,168,192,224,250,263,255,229,187,140,95,63,47
HD06,15/01/21,54,84,129,175,216,238,246,236,217,188,158,139,135,154,187,227,255,263,246,212,172,126,93,63
HD06,15/01/22,55,65,103,149,201,237,259,256,239,213,185,158,144,146,171,210,250,277,278,260,223,184,143,109
HD06,15/01/23,86,82,105,145,193,233,261,270,264,242,211,179,153,141,150,182,220,253,268,262,236,201,162,125
HD06,15/01/24,94,80,85,111,151,193,228,250,252,234,206,173,146,127,124,140,172,209,237,247,239,215,184,153
HD06,15/01/25,122,100,94,109,136,169,201,228,242,237,214,185,156,132,121,121,138,164,197,218,227,216,197,169
HD06,15/01/26,145,125,116,119,135,162,191,217,235,240,229,206,180,153,136,128,135,153,174,194,207,213,211,198
HD06,15/01/27,179,160,148,147,154,171,190,212,230,243,243,231,209,184,164,150,143,144,154,168,183,197,204,202
HD06,15/01/28,192,179,173,169,172,175,184,194,210,223,230,227,215,196,178,160,146,136,131,132,141,155,172,187
HD06,15/01/29,191,189,182,178,177,178,181,187,193,203,211,219,218,210,193,176,156,140,125,117,119,127,143,162
HD06,15/01/30,181,193,197,197,192,189,185,184,187,192,200,209,219,220,217,205,192,170,149,127,115,116,131,152
HD06,15/01/31,177,198,213,222,221,215,206,197,192,189,191,198,211,222,229,225,209,185,157,128,105,94,98,116
HD06,15/02/01,144,174,200,219,225,221,205,191,180,172,171,176,190,206,223,230,228,208,179,142,110,86,83,92
HD06,15/02/02,117,146,179,209,227,230,216,198,179,166,159,163,175,193,216,235,242,231,202,165,124,93,77,79
HD06,15/02/03,97,126,161,197,225,236,229,209,185,164,150,148,158,177,203,229,246,246,226,190,149,112,85,76
HD06,15/02/04,84,110,146,186,220,239,241,226,202,175,152,141,145,164,192,222,244,253,242,215,175,133,99,79
HD06,15/02/05,79,100,133,174,210,239,250,240,217,188,161,142,138,150,174,206,235,254,254,235,199,161,122,95
HD06,15/02/06,82,92,120,162,202,234,249,248,228,201,170,145,131,135,154,187,218,243,249,237,208,172,136,105
HD06,15/02/07,87,85,104,138,179,214,239,244,231,205,174,144,127,124,139,163,194,222,242,243,224,195,159,131
HD06,15/02/08,110,104,112,139,175,213,242,255,252,230,203,171,152,140,143,160,188,220,245,256,246,227,197,170
HD06,15/02/09,142,127,123,143,167,198,224,242,245,234,209,181,156,137,131,142,165,193,216,231,233,223,205,181
HD06,15/02/10,157,140,135,146,165,190,214,234,245,241,222,194,167,147,137,138,149,168,188,208,217,217,204,186
HD06,15/02/11,167,152,143,144,155,172,197,218,236,236,224,199,174,153,140,136,140,150,165,181,195,206,205,198
HD06,15/02/12,184,170,161,159,164,176,192,210,227,235,233,217,198,178,162,153,147,148,154,165,177,193,201,204
HD06,15/02/13,199,192,187,185,182,183,188,200,214,224,227,221,213,198,184,165,151,136,128,130,139,154,169,184
HD06,15/02/14,194,199,200,197,192,187,184,187,195,203,211,212,212,206,196,181,164,145,128,118,114,123,138,162
HD06,15/02/15,182,200,209,214,208,199,189,182,181,183,195,204,217,218,216,203,188,161,132,102,85,84,107,133
HD06,15/02/16,161,181,201,219,228,223,205,184,168,163,171,187,205,219,227,228,216,197,164,131,99,84,83,103
HD06,15/02/17,130,166,200,230,245,244,225,201,175,161,157,167,185,212,235,250,249,230,199,157,118,87,75,82
HD06,15/02/18,109,144,186,226,254,263,253,229,201,173,156,151,168,195,230,257,271,260,233,193,149,109,82,71
HD06,15/02/19,83,114,158,208,249,271,267,247,214,182,152,136,137,160,197,238,268,277,262,228,183,138,97,74
HD06,15/02/20,71,91,128,175,219,253,265,255,227,187,149,120,110,122,155,198,239,264,267,247,209,165,120,87
HD06,15/02/21,70,77,104,146,191,230,252,255,233,197,156,120,100,97,116,150,195,234,255,251,225,187,148,115
HD06,15/02/22,92,84,97,129,169,211,241,252,242,214,176,137,106,93,100,127,163,203,236,249,243,216,184,155
HD06,15/02/23,135,124,124,143,173,216,250,270,262,235,199,167,142,122,115,121,146,178,210,229,227,219,199,179
HD06,15/02/24,155,137,126,137,160,191,220,241,247,236,212,182,154,128,112,111,123,147,173,199,216,220,209,190
HD06,15/02/25,170,156,148,152,164,182,202,220,233,232,221,198,173,147,126,114,113,126,145,164,181,190,196,190
HD06,15/02/26,183,168,162,157,167,176,192,203,216,219,218,207,190,170,149,133,124,124,131,146,158,171,186,199
HD06,15/02/27,201,197,191,188,188,193,197,204,209,217,220,216,207,192,177,159,145,129,121,116,124,135,151,165
HD06,15/02/28,177,184,184,183,177,176,172,174,175,178,180,185,190,192,186,171,153,133,117,108,104,110,121,139
HD06,15/03/01,159,178,191,197,195,188,179,172,170,171,176,185,198,207,213,207,198,179,161,139,130,122,130,145
HD06,15/03/02,173,199,220,229,226,215,203,190,179,170,167,173,186,205,220,225,217,197,169,138,114,96,95,109
HD06,15/03/03,133,165,194,215,220,213,201,185,170,151,144,142,162,186,212,224,226,213,191,160,128,103,89,96
HD06,15/03/04,119,156,191,224,238,241,232,214,191,167,151,148,162,187,216,239,252,249,231,197,158,123,100,95
HD06,15/03/05,109,137,171,206,230,239,230,209,179,148,127,119,129,153,185,214,236,243,233,201,164,123,95,79
HD06,15/03/06,87,110,145,183,217,237,235,216,182,150,123,110,109,128,158,193,225,243,243,217,182,141,109,86
HD06,15/03/07,83,97,129,168,208,233,240,226,198,163,131,108,100,110,137,172,208,235,246,233,204,166,130,102
HD06,15/03/08,89,97,123,162,200,230,243,236,213,181,145,116,98,97,117,149,190,221,241,237,217,186,152,123
HD06,15/03/09,104,103,117,150,186,221,241,246,229,201,164,132,110,103,115,142,178,215,243,252,245,219,192,163
HD06,15/03/10,145,137,146,169,200,231,254,266,257,232,195,161,133,125,126,142,163,191,217,239,242,227,201,168
HD06,15/03/11,143,130,135,152,178,202,223,235,238,226,199,167,136,118,111,122,142,171,196,215,220,214,198,181
HD06,15/03/12,164,152,148,152,165,189,213,234,239,228,204,176,151,133,120,116,123,141,164,187,201,206,196,184
HD06,15/03/13,172,164,158,155,157,167,184,204,217,218,202,182,160,141,126,115,113,120,139,162,178,188,191,191
HD06,15/03/14,191,188,179,169,162,164,175,191,205,207,202,190,174,159,143,126,115,109,113,122,132,147,159,172
HD06,15/03/15,179,183,182,175,169,165,165,169,176,182,185,187,184,177,164,148,130,115,111,109,114,123,141,161
HD06,15/03/16,183,197,205,202,194,184,172,166,164,169,177,187,194,197,194,183,165,142,119,102,96,100,114,138
HD06,15/03/17,166,193,212,220,217,203,186,167,156,151,157,171,193,210,222,220,206,181,153,124,101,91,97,119
HD06,15/03/18,152,188,219,239,242,230,207,182,157,143,136,151,172,203,226,238,231,211,183,148,114,88,81,93
HD06,15/03/19,123,161,201,234,254,253,236,209,176,147,127,129,152,191,231,257,266,252,226,190,153,117,91,86
HD06,15/03/20,104,140,183,227,256,265,247,215,177,142,115,103,112,143,188,230,261,270,255,222,182,140,106,91
HD06,15/03/21,96,123,160,207,242,266,262,238,197,154,116,94,91,115,154,199,242,268,273,251,215,174,136,110
HD06,15/03/22,102,117,149,191,231,260,268,255,223,182,140,106,87,95,126,172,219,257,274,270,244,213,179,151
HD06,15/03/23,130,127,145,179,215,252,268,269,243,206,163,124,96,90,105,139,180,217,244,247,240,219,194,166
HD06,15/03/24,141,131,139,165,197,228,248,256,243,218,181,144,109,92,91,113,144,182,211,230,232,220,201,178
HD06,15/03/25,158,144,143,155,177,205,228,240,234,215,184,154,124,100,86,90,110,140,173,198,209,206,195,178
HD06,15/03/26,165,153,149,151,162,179,199,214,218,207,188,164,140,119,103,95,99,120,146,172,188,196,195,189
HD06,15/03/27,180,171,166,164,170,179,193,205,215,213,202,186,169,153,138,125,119,122,136,155,174,188,195,195
HD06,15/03/28,193,190,188,185,181,181,186,195,204,206,202,194,184,175,164,150,136,127,128,138,155,170,183,191
HD06,15/03/29,197,200,201,198,191,184,181,182,188,193,197,199,200,198,189,178,162,146,137,134,142,156,168,182
HD06,15/03/30,192,204,211,212,203,191,178,172,172,176,180,185,190,197,201,195,181,160,140,126,119,124,136,152
HD06,15/03/31,173,192,207,213,207,193,177,161,152,148,154,165,182,199,211,213,204,186,163,141,124,119,123,139
HD06,15/04/01,162,191,214,228,224,210,189,171,153,144,140,150,169,196,216,227,223,209,184,154,121,98,95,112
HD06,15/04/02,142,173,199,215,218,210,192,168,141,118,108,114,135,166,195,218,226,220,199,170,138,113,102,107
HD06,15/04/03,130,161,198,226,242,236,218,190,164,136,122,119,135,168,202,235,255,256,239,216,181,150,120,113
HD06,15/04/04,122,154,191,226,241,241,220,191,157,124,98,84,90,115,151,189,217,229,221,198,166,132,104,92
HD06,15/04/05,97,122,158,197,224,238,227,205,170,136,103,83,82,105,141,183,217,239,242,226,199,167,137,115
HD06,15/04/06,108,122,154,192,225,245,242,223,190,152,117,91,82,94,123,162,201,232,245,239,217,187,156,130
HD06,15/04/07,116,119,143,176,209,232,239,228,202,164,124,92,75,77,96,129,165,201,227,234,222,196,166,140
HD06,15/04/08,123,120,133,158,188,213,231,226,209,173,139,102,80,70,78,103,139,175,206,224,225,210,187,161
HD06,15/04/09,141,130,135,155,179,204,222,225,214,190,157,125,98,83,81,97,123,154,182,204,212,211,195,176
HD06,15/04/10,157,146,145,155,171,192,208,218,216,202,178,150,124,101,90,91,109,135,162,183,197,202,201,194
HD06,15/04/11,182,170,160,159,165,182,197,212,214,209,191,170,146,125,109,100,102,113,132,156,174,188,194,193
HD06,15/04/12,184,176,169,164,161,163,169,179,191,194,188,173,157,138,123,109,103,101,110,123,142,159,175,184
HD06,15/04/13,187,187,185,178,167,157,154,160,173,182,183,180,172,163,151,137,121,109,103,109,121,140,159,178
HD06,15/04/14,194,206,210,208,195,182,168,159,161,170,182,192,197,199,194,181,164,144,130,118,116,126,148,177
HD06,15/04/15,203,221,230,230,222,205,189,168,158,152,165,184,207,225,230,226,213,195,174,146,121,108,115,144
HD06,15/04/16,180,213,231,235,225,206,183,156,134,116,117,133,165,198,223,229,222,201,176,146,122,105,104,120
HD06,15/04/17,150,186,221,243,244,228,200,166,134,108,99,111,141,181,217,245,252,242,212,180,138,109,94,105
HD06,15/04/18,128,164,199,229,243,237,215,178,138,100,79,77,100,139,188,231,259,261,245,214,180,147,125,116
HD06,15/04/19,125,152,190,227,251,256,240,205,162,119,83,66,74,103,145,192,231,253,253,232,202,170,142,126
HD06,15/04/20,125,142,174,212,245,264,259,234,194,150,108,78,72,89,122,168,213,252,273,272,250,217,184,164
HD06,15/04/21,153,161,184,214,242,264,268,253,220,179,132,95,72,71,92,128,170,210,237,246,233,210,181,158
HD06,15/04/22,141,140,153,175,202,226,242,238,220,185,145,105,80,69,78,104,139,176,210,231,234,222,200,180
HD06,15/04/23,162,155,158,173,193,215,231,237,227,203,169,133,104,86,82,94,118,150,181,206,219,217,206,187
HD06,15/04/24,169,157,158,166,182,198,213,220,220,208,187,159,133,113,101,104,119,145,170,195,210,222,221,212
HD06,15/04/25,194,181,172,173,179,191,201,208,211,207,195,178,158,137,120,108,108,119,141,162,182,193,201,199
HD06,15/04/26,192,182,176,172,172,174,179,186,193,195,191,182,171,157,144,130,123,123,134,149,165,178,191,197
HD06,15/04/27,200,197,192,183,175,170,169,172,180,184,186,185,184,181,173,161,146,135,133,140,151,167,182,193
HD06,15/04/28,202,205,205,197,186,173,164,157,159,165,172,179,188,190,188,178,165,150,138,134,136,148,164,182
HD06,15/04/29,197,208,212,209,195,181,162,150,144,146,155,168,181,193,201,199,190,174,156,139,130,134,151,173
HD06,15/04/30,194,210,218,219,210,194,172,152,135,130,132,148,169,192,207,213,208,193,174,153,139,131,139,157
HD06,15/05/01,182,207,224,230,223,206,182,158,136,121,116,128,152,182,209,225,228,218,198,175,152,135,131,141
HD06,15/05/02,165,194,221,235,234,218,194,163,134,110,98,103,126,159,194,219,231,227,211,188,161,138,125,128
HD06,15/05/03,146,178,210,232,239,229,205,173,140,109,90,86,103,135,174,211,237,243,235,211,184,155,138,132
HD06,15/05/04,144,169,202,232,250,249,227,196,160,128,102,91,97,125,163,205,240,260,260,244,217,189,165,153
HD06,15/05/05,155,171,201,229,247,249,238,213,178,140,100,75,72,94,127,168,205,234,247,242,220,193,165,146
HD06,15/05/06,139,148,172,200,229,246,247,227,193,152,112,82,72,82,108,144,181,217,242,248,236,212,186,162
HD06,15/05/07,150,149,165,189,219,239,249,236,210,170,132,97,77,72,87,116,152,190,222,241,240,226,202,179
HD06,15/05/08,160,152,157,175,199,223,238,239,221,190,151,115,87,75,80,101,130,163,196,219,231,225,212,192
HD06,15/05/09,173,160,156,165,182,205,222,231,224,205,175,144,116,96,87,93,113,142,175,202,222,230,225,212
HD06,15/05/10,193,178,170,170,178,191,206,221,228,221,200,173,146,123,110,103,109,122,144,168,191,207,215,211
HD06,15/05/11,200,184,170,159,159,165,176,187,196,201,195,181,161,142,125,114,109,112,125,146,169,191,209,218
HD06,15/05/12,218,210,199,186,172,168,169,178,191,202,207,204,200,190,176,157,142,132,132,143,162,187,214,247
HD06,15/05/13,282,275,253,215,190,183,183,182,171,171,179,200,217,226,213,193,167,149,137,138,144,157,175,199
HD06,15/05/14,218,231,232,220,199,174,152,135,129,135,151,173,197,215,220,213,197,178,158,144,137,142,158,182
HD06,15/05/15,208,228,239,234,218,190,160,132,116,110,121,143,174,205,228,237,230,212,189,166,148,145,152,173
HD06,15/05/16,197,226,249,260,252,228,192,155,122,105,103,122,151,188,222,247,254,243,221,195,171,156,152,163
HD06,15/05/17,185,214,243,261,262,243,209,168,127,97,82,89,115,153,194,233,255,261,244,218,188,164,152,153
HD06,15/05/18,168,191,221,246,260,252,228,189,146,104,76,67,84,119,163,205,238,255,254,239,214,187,166,157
HD06,15/05/19,163,184,215,244,264,268,258,228,188,144,103,80,77,102,143,191,228,257,266,263,243,217,189,170
HD06,15/05/20,165,175,200,230,255,266,263,241,208,167,126,92,78,86,117,158,202,239,263,268,257,233,210,189
HD06,15/05/21,179,180,195,215,234,250,257,255,233,197,149,110,83,83,100,133,170,206,236,251,251,237,217,193
HD06,15/05/22,176,168,177,196,218,237,246,244,230,204,172,138,111,95,97,117,149,186,217,239,246,241,227,209
HD06,15/05/23,190,178,174,182,199,218,232,238,230,211,185,158,133,115,105,110,129,158,190,216,233,237,229,216
HD06,15/05/24,200,186,177,178,189,205,219,230,229,220,202,180,159,141,126,121,128,148,174,200,219,230,230,224
HD06,15/05/25,210,196,185,177,178,184,197,207,214,213,205,193,178,161,145,133,128,138,157,180,202,215,223,223
HD06,15/05/26,218,206,195,184,178,176,181,188,199,204,206,204,197,189,177,164,154,153,160,174,195,212,226,232
HD06,15/05/27,231,224,214,202,189,179,173,174,181,189,197,202,204,205,198,189,174,164,159,164,177,193,208,220
HD06,15/05/28,224,222,217,206,192,175,159,152,153,162,173,185,197,205,208,204,193,179,165,158,160,174,192,212
HD06,15/05/29,225,229,228,219,207,186,166,145,137,138,152,170,190,206,217,218,212,201,183,167,160,165,180,201
HD06,15/05/30,219,232,237,236,224,204,179,154,136,127,135,154,181,207,228,238,240,227,213,191,178,170,179,195
HD06,15/05/31,218,236,249,250,241,219,193,163,136,117,112,126,154,188,217,238,243,238,220,199,176,162,158,168
HD06,15/06/01,188,213,233,244,239,220,190,157,124,97,83,89,114,150,188,219,237,241,231,213,187,165,152,153
HD06,15/06/02,171,198,227,246,250,236,211,177,142,108,84,78,93,129,172,214,243,256,250,236,215,193,174,164
HD06,15/06/03,169,189,220,248,266,261,242,208,171,134,102,88,89,113,149,194,233,260,267,260,244,219,197,178
HD06,15/06/04,171,180,206,235,259,265,253,225,190,150,112,83,73,85,115,157,201,236,256,257,242,217,192,171
HD06,15/06/05,157,159,174,204,232,253,254,237,205,166,125,90,69,70,91,124,163,205,234,252,250,233,209,185
HD06,15/06/06,171,165,175,194,218,236,252,252,234,200,158,121,90,79,82,103,134,172,206,231,240,235,216,195
HD06,15/06/07,172,157,154,165,185,208,228,233,226,204,175,140,112,90,84,92,117,147,182,208,229,234,229,212
HD06,15/06/08,193,174,161,159,170,188,208,222,225,216,196,171,145,121,105,101,111,134,163,193,215,230,234,229
HD06,15/06/09,214,197,179,170,167,177,194,214,232,232,221,202,187,171,154,139,132,140,160,187,211,230,241,241
HD06,15/06/10,232,218,199,179,164,158,163,177,193,204,209,205,200,189,175,156,142,134,144,161,185,204,220,227
HD06,15/06/11,230,223,210,190,168,147,138,142,157,175,190,200,203,202,198,185,170,156,149,152,167,188,209,226
HD06,15/06/12,235,235,225,208,186,161,140,129,130,144,165,188,206,219,220,212,199,184,170,163,165,175,192,213
HD06,15/06/13,230,241,238,225,202,174,144,120,107,109,125,150,180,204,222,226,220,205,189,173,165,163,176,194
HD06,15/06/14,218,233,244,240,224,196,162,129,102,90,96,117,149,185,214,232,238,229,214,192,177,165,167,180
HD06,15/06/15,200,224,242,252,243,220,185,147,111,87,78,88,115,154,195,228,247,249,235,217,195,177,167,169
HD06,15/06/16,183,210,235,255,257,244,214,178,138,103,79,75,91,127,170,211,243,256,252,234,213,191,176,169
HD06,15/06/17,176,194,222,248,263,260,239,206,165,124,90,73,74,101,138,184,222,248,256,247,226,200,179,167
HD06,15/06/18,166,177,199,226,249,257,248,223,186,146,106,77,66,81,114,153,194,226,245,247,235,210,187,168
HD06,15/06/19,159,163,181,208,233,250,251,238,210,176,134,102,80,83,103,137,172,207,230,245,241,227,202,180
HD06,15/06/20,162,160,170,194,217,239,248,245,227,200,163,130,101,89,96,124,160,197,227,244,247,237,217,194
HD06,15/06/21,174,163,164,179,202,223,238,240,230,209,181,150,121,102,98,113,142,175,205,228,240,237,223,200
HD06,15/06/22,178,162,157,163,178,197,214,225,224,212,191,167,142,121,111,112,130,159,190,215,231,235,227,211
HD06,15/06/23,191,174,163,161,165,177,193,208,216,214,201,183,162,145,132,128,133,152,174,199,219,231,231,220
HD06,15/06/24,202,184,172,163,159,161,173,186,199,205,202,192,178,165,153,143,142,149,164,185,207,223,231,228
HD06,15/06/25,216,198,183,169,160,154,157,165,178,189,197,197,192,185,175,167,159,157,160,174,192,212,227,232
HD06,15/06/26,226,214,199,186,170,158,149,150,158,172,187,198,204,204,200,192,184,175,171,175,187,203,221,234
HD06,15/06/27,239,233,221,205,187,170,155,147,146,156,172,191,205,219,223,222,212,200,187,182,188,200,216,230
HD06,15/06/28,239,242,238,227,207,183,158,139,129,132,143,164,185,207,221,228,222,210,191,178,170,172,184,202
HD06,15/06/29,219,231,235,230,213,188,160,133,113,105,113,131,160,189,216,236,243,238,223,204,188,179,183,196
HD06,15/06/30,216,233,250,251,243,219,192,157,129,108,103,112,140,173,210,239,255,257,243,224,201,183,178,185
HD06,15/07/01,203,226,248,260,259,242,215,179,142,111,91,92,115,159,213,254,281,275,262,241,224,205,190,181
HD06,15/07/02,185,204,231,256,266,259,234,198,157,116,83,70,79,111,151,193,229,254,263,255,233,204,177,161
HD06,15/07/03,161,179,209,240,263,267,251,220,180,138,105,78,65,80,115,165,211,247,266,266,249,220,193,169
HD06,15/07/04,162,163,186,214,247,263,267,245,213,170,127,91,70,74,98,138,179,218,245,263,257,236,205,175
HD06,15/07/05,156,151,164,190,222,248,262,258,234,197,154,117,90,80,90,116,150,191,226,252,257,245,220,193
HD06,15/07/06,167,152,152,166,193,219,243,253,246,221,185,148,115,97,93,108,133,168,202,233,251,251,235,209
HD06,15/07/07,182,158,147,149,166,190,217,235,241,230,208,178,150,126,112,112,128,154,185,215,237,247,241,224
HD06,15/07/08,199,172,151,141,146,160,184,205,222,223,215,195,175,154,138,127,130,145,170,196,219,234,239,229
HD06,15/07/09,210,189,166,149,139,139,149,168,187,204,209,204,191,178,163,153,147,151,162,183,203,221,232,232
HD06,15/07/10,225,209,190,166,147,132,132,144,162,179,192,200,203,203,196,186,174,171,173,185,200,215,226,234
HD06,15/07/11,236,229,215,194,168,145,129,128,135,154,173,192,204,214,217,216,209,199,190,186,192,204,220,232
HD06,15/07/12,241,241,235,219,199,171,146,126,120,126,145,170,194,216,229,234,231,223,211,201,196,199,210,225
HD06,15/07/13,240,249,252,245,228,202,173,145,123,116,125,148,176,208,233,251,257,253,238,221,207,199,203,214
HD06,15/07/14,231,245,258,262,254,233,200,165,132,111,107,124,152,187,220,248,263,265,256,238,218,202,195,200
HD06,15/07/15,212,230,252,266,267,250,223,186,149,118,99,98,120,155,195,230,255,263,256,241,221,204,189,186
HD06,15/07/16,192,211,234,258,273,270,252,218,181,141,114,101,112,138,175,213,249,270,278,269,249,222,200,186
HD06,15/07/17,187,202,220,245,264,275,269,244,209,167,133,110,113,131,165,200,236,261,277,277,261,234,205,185
HD06,15/07/18,175,179,198,226,252,270,272,255,225,187,150,119,104,110,135,171,211,245,266,271,259,235,207,185
HD06,15/07/19,169,168,182,208,234,257,267,262,238,204,165,132,107,103,120,152,189,224,249,262,258,241,214,188
HD06,15/07/20,167,158,163,183,209,234,252,256,244,215,182,148,124,112,117,137,170,204,235,254,258,246,224,199
HD06,15/07/21,175,161,159,171,190,213,232,243,242,228,203,173,147,130,131,144,170,197,227,251,262,258,242,216
HD06,15/07/22,192,173,166,169,180,195,213,229,238,236,218,194,168,151,143,149,163,186,208,231,247,254,249,228
HD06,15/07/23,201,175,162,161,169,180,192,204,214,221,220,206,190,170,157,153,161,177,198,218,236,244,245,232
HD06,15/07/24,211,186,167,156,156,160,170,182,195,206,211,208,196,185,174,170,169,174,186,200,218,232,241,237
HD06,15/07/25,224,203,185,169,161,155,157,163,175,189,201,208,210,209,205,197,190,187,191,200,214,228,239,239
HD06,15/07/26,234,220,205,188,173,159,151,149,155,167,182,196,207,214,215,211,204,198,192,192,197,210,223,233
HD06,15/07/27,233,228,217,203,186,167,148,136,134,143,161,181,202,219,229,232,227,219,208,200,198,204,217,230
HD06,15/07/28,241,242,239,228,211,187,160,134,121,120,133,154,181,206,228,242,245,238,223,206,190,186,192,209
HD06,15/07/29,226,240,246,242,228,204,175,143,118,101,103,119,149,183,214,238,250,249,235,216,193,178,174,184
HD06,15/07/30,203,226,244,253,248,227,197,159,123,95,83,91,117,153,193,227,251,260,252,232,207,182,170,170
HD06,15/07/31,186,209,234,255,263,254,230,193,151,111,85,79,96,128,167,208,244,266,270,256,230,201,178,168
HD06,15/08/01,170,188,214,246,268,276,262,229,184,140,101,81,81,105,140,184,226,261,275,270,245,215,185,166
HD06,15/08/02,158,166,189,221,253,274,276,255,220,176,132,99,84,92,119,157,201,241,266,274,259,231,198,169
HD06,15/08/03,152,150,164,189,224,256,275,273,248,210,166,129,104,99,114,146,186,228,260,276,273,254,229,201
HD06,15/08/04,175,154,148,161,192,231,263,275,264,235,198,165,138,125,125,143,172,210,246,269,277,264,243,215
HD06,15/08/05,188,163,148,148,167,200,234,256,263,252,229,201,174,153,146,152,175,203,235,258,270,272,259,238
HD06,15/08/06,209,181,160,154,160,179,203,227,246,252,242,224,204,187,177,173,179,193,214,238,256,265,260,242
HD06,15/08/07,216,190,168,153,146,150,164,186,209,226,233,229,217,205,195,193,193,200,209,222,239,252,255,246
HD06,15/08/08,228,208,188,168,153,144,146,157,176,194,208,218,220,219,213,207,201,200,204,213,223,235,245,248
HD06,15/08/09,242,226,209,190,174,158,150,150,158,171,187,205,218,228,229,228,221,217,212,212,214,221,232,240
HD06,15/08/10,245,240,233,216,197,174,153,141,141,153,169,189,208,228,241,249,247,239,225,214,209,210,219,228
HD06,15/08/11,238,245,246,241,226,201,172,147,132,130,139,159,183,210,231,245,249,244,232,215,201,196,202,215
HD06,15/08/12,230,243,254,257,253,235,213,185,160,136,127,136,163,199,229,256,265,265,251,234,213,197,190,195
HD06,15/08/13,211,233,254,268,268,255,230,200,170,145,128,127,144,176,215,252,277,286,279,259,234,211,197,193
HD06,15/08/14,202,223,248,274,288,286,265,233,197,163,138,123,130,154,195,239,272,284,276,255,233,210,192,178
HD06,15/08/15,180,196,226,256,278,282,270,245,214,178,147,126,122,140,176,220,258,282,287,277,255,229,204,186
HD06,15/08/16,177,185,208,241,274,290,289,268,238,202,168,141,127,132,156,195,235,268,283,281,261,234,203,180
HD06,15/08/17,165,167,186,215,248,273,282,273,248,217,182,151,133,131,151,187,233,263,282,284,275,257,233,206
HD06,15/08/18,182,168,178,206,241,271,287,285,269,242,212,183,160,147,151,174,209,247,275,285,274,249,220,193
HD06,15/08/19,173,161,161,176,203,231,255,263,258,237,208,178,156,145,146,163,190,222,250,266,265,249,223,195
HD06,15/08/20,169,155,153,162,181,206,230,249,254,242,221,194,173,160,159,169,187,209,235,255,264,257,236,207
HD06,15/08/21,180,162,154,159,169,188,208,227,240,242,230,213,194,181,174,180,190,208,228,247,259,260,249,227
HD06,15/08/22,202,181,170,167,170,181,195,213,230,240,240,231,217,205,198,197,201,210,225,240,252,258,252,237
HD06,15/08/23,216,196,179,168,162,166,173,185,200,211,218,220,218,213,207,200,196,196,203,214,226,236,239,234
HD06,15/08/24,222,205,189,174,164,158,155,159,169,182,200,213,224,228,227,223,217,211,208,211,217,229,241,246
HD06,15/08/25,244,235,221,206,190,174,160,152,155,166,183,204,223,238,246,247,241,232,223,214,212,214,225,236
HD06,15/08/26,244,247,241,231,213,192,170,152,142,141,155,179,208,235,255,265,264,253,238,220,206,202,208,223
HD06,15/08/27,238,253,257,254,239,218,188,160,136,124,127,147,177,211,242,263,269,262,246,224,201,186,180,191
HD06,15/08/28,212,237,254,261,253,235,206,173,140,115,104,113,139,176,215,249,269,273,260,236,207,180,166,166
HD06,15/08/29,185,214,247,269,277,265,239,202,162,126,101,95,111,145,189,231,264,280,275,254,221,188,161,148
HD06,15/08/30,156,182,220,255,277,279,262,231,190,148,113,95,98,122,163,210,251,277,282,266,234,198,165,140
HD06,15/08/31,134,147,183,225,262,281,277,253,218,177,137,108,97,107,139,182,225,259,274,268,242,210,172,141
HD06,15/09/01,120,121,146,184,227,260,276,269,245,211,172,137,113,111,130,167,209,247,271,277,260,233,198,163
HD06,15/09/02,133,123,132,163,202,241,270,280,271,247,217,181,159,147,152,173,204,239,267,282,276,255,222,188
HD06,15/09/03,154,132,124,137,166,203,235,256,259,246,223,196,173,159,157,171,194,223,248,265,269,260,239,210
HD06,15/09/04,177,152,140,137,153,177,210,236,253,253,242,222,205,190,183,185,198,217,238,256,264,262,247,223
HD06,15/09/05,196,169,148,137,139,152,171,194,214,228,228,220,208,198,191,192,197,208,222,236,246,249,243,230
HD06,15/09/06,211,190,171,156,147,147,156,173,193,211,221,226,224,221,217,216,213,215,220,229,238,247,252,246
HD06,15/09/07,232,219,207,191,179,165,159,162,177,191,207,216,226,230,233,230,226,221,217,216,217,220,225,231
HD06,15/09/08,233,229,218,202,184,166,152,145,147,154,171,188,209,222,232,234,235,228,218,208,202,204,214,225
HD06,15/09/09,235,242,241,234,221,203,181,162,153,154,166,185,212,236,260,273,278,264,245,222,210,204,209,216
HD06,15/09/10,227,240,252,257,252,234,204,174,150,138,142,161,187,216,242,259,266,258,243,222,204,190,187,195
HD06,15/09/11,213,234,255,267,266,253,229,200,170,147,134,142,169,204,236,259,268,265,252,231,207,186,175,176
HD06,15/09/12,190,213,240,261,271,263,241,207,174,145,128,126,144,174,211,246,268,272,259,235,206,183,168,163
HD06,15/09/13,170,191,220,254,277,281,262,231,196,166,143,134,135,159,193,235,265,279,267,243,212,182,161,148
HD06,15/09/14,148,162,191,226,255,268,259,234,199,164,132,116,116,134,163,201,235,257,260,242,210,173,145,127
HD06,15/09/15,126,138,165,197,228,251,256,245,220,186,152,130,121,130,153,189,225,253,264,253,225,190,158,136
HD06,15/09/16,127,133,150,177,209,240,258,257,239,209,176,149,133,130,147,176,212,240,258,255,237,208,177,148
HD06,15/09/17,128,122,131,157,192,223,244,250,243,223,196,169,149,142,151,175,207,235,256,259,250,227,198,168
HD06,15/09/18,143,128,131,148,178,208,234,246,252,239,221,194,172,163,163,178,200,227,249,262,256,239,210,181
HD06,15/09/19,156,140,137,144,164,188,216,237,249,244,227,206,189,180,180,187,202,219,239,252,257,244,223,194
HD06,15/09/20,168,148,138,139,150,166,188,209,226,235,230,216,201,191,186,190,196,209,221,235,240,242,228,207
HD06,15/09/21,180,159,145,143,146,155,166,183,201,217,225,225,218,210,202,196,198,205,213,221,226,227,226,219
HD06,15/09/22,203,185,165,151,143,144,149,159,171,188,202,214,219,221,214,208,201,200,199,200,203,210,216,216
HD06,15/09/23,210,199,185,170,157,147,142,143,148,161,178,198,216,227,229,226,220,210,201,194,193,197,207,217
HD06,15/09/24,224,223,215,202,184,165,146,134,131,138,153,177,202,226,239,244,238,227,210,193,183,180,192,205
HD06,15/09/25,223,234,242,233,219,193,170,145,130,123,130,151,184,219,246,260,261,250,229,203,178,165,165,181
HD06,15/09/26,204,231,249,257,250,229,199,167,136,120,118,131,162,200,237,264,276,268,246,215,185,157,147,155
HD06,15/09/27,179,209,244,268,275,261,233,195,162,9999,9999,9999,9999,171,215,249,272,276,256,227,183,9999,9999,9999
HD06,15/09/28,9999,170,216,250,273,274,255,226,185,9999,9999,9999,9999,9999,186,234,265,280,271,242,203,160,9999,9999
HD06,15/09/29,9999,9999,172,221,258,277,272,247,214,171,9999,9999,9999,9999,163,205,246,270,271,249,212,167,122,97
HD06,15/09/30,87,100,136,170,218,250,268,258,234,200,163,9999,9999,9999,9999,189,226,254,267,260,234,198,160,123
HD06,15/10/01,93,90,104,135,183,230,256,266,259,237,207,174,155,144,164,190,223,255,273,280,272,246,207,168
HD06,15/10/02,129,109,119,164,200,245,271,280,263,244,223,213,194,179,168,177,203,235,258,263,250,224,189,159
HD06,15/10/03,127,101,96,105,131,164,192,216,230,230,218,197,177,165,169,179,197,212,226,234,237,228,209,178
HD06,15/10/04,9999,9999,9999,9999,9999,9999,158,182,202,214,211,199,184,176,172,177,184,196,206,215,218,216,205,189
HD06,15/10/05,169,9999,9999,9999,9999,9999,9999,155,171,189,199,205,201,196,190,190,191,198,201,204,207,211,213,207
HD06,15/10/06,198,183,168,153,140,134,136,146,162,180,196,209,218,222,221,213,207,201,197,195,196,201,206,208
HD06,15/10/07,209,206,198,186,170,154,144,144,154,165,183,199,216,228,232,230,222,211,201,193,188,193,202,215
HD06,15/10/08,223,227,228,227,218,202,181,162,158,168,190,213,233,247,257,262,258,245,225,204,188,187,197,213
HD06,15/10/09,228,241,249,250,243,225,200,174,156,153,163,187,213,237,255,264,262,251,229,203,181,167,170,186
HD06,15/10/10,207,230,244,254,252,239,213,184,157,142,142,157,184,212,239,254,262,252,233,202,175,156,151,159
HD06,15/10/11,181,209,236,258,267,259,238,208,177,154,142,151,173,207,241,269,280,277,255,223,188,160,142,143
HD06,15/10/12,158,185,216,245,262,262,243,214,182,155,139,137,150,178,213,245,267,266,245,212,176,146,127,122
HD06,15/10/13,129,153,186,221,250,261,250,224,193,163,142,134,142,163,196,230,256,264,251,221,184,147,118,104
HD06,15/10/14,109,131,164,202,234,254,256,242,214,182,153,135,132,150,180,215,244,259,255,236,202,166,129,106
HD06,15/10/15,97,111,137,178,215,246,259,254,231,199,169,145,135,140,162,194,227,251,258,243,215,175,139,109
HD06,15/10/16,97,99,121,153,192,225,248,252,241,216,188,163,145,140,151,178,210,239,251,245,222,189,153,123
HD06,15/10/17,102,95,106,132,167,203,230,245,246,234,211,186,164,154,160,179,205,229,244,244,230,203,171,138
HD06,15/10/18,113,100,103,120,147,180,210,232,241,237,221,201,182,170,169,180,199,217,232,238,235,219,196,167
HD06,15/10/19,138,117,108,117,136,162,188,210,225,230,226,215,200,185,177,180,190,205,218,227,228,222,207,185
HD06,15/10/20,160,138,124,121,131,147,166,186,205,219,227,224,215,204,195,191,193,200,207,213,217,217,210,198
HD06,15/10/21,180,162,144,133,129,133,140,154,171,190,206,216,216,212,204,197,190,187,186,190,195,201,205,204
HD06,15/10/22,197,186,172,159,148,138,133,138,152,172,193,211,222,228,226,220,207,193,178,170,172,182,195,205
HD06,15/10/23,208,204,198,186,170,150,133,125,131,146,169,191,209,225,237,238,227,207,180,160,152,159,176,196
HD06,15/10/24,212,223,226,223,209,185,158,137,127,134,151,178,205,234,255,267,259,237,203,171,149,144,154,177
HD06,15/10/25,202,225,234,235,226,210,180,149,121,108,119,144,175,206,232,249,249,236,205,167,128,107,106,128
HD06,15/10/26,161,197,226,245,250,241,215,181,143,118,111,126,154,189,224,251,264,258,232,189,142,105,88,96
HD06,15/10/27,126,165,207,243,267,269,252,221,185,155,138,137,153,183,220,258,285,288,264,226,172,130,95,91
HD06,15/10/28,104,141,183,231,266,289,286,263,227,190,162,149,154,176,208,242,269,280,267,236,193,146,103,77
HD06,15/10/29,74,98,139,188,232,260,272,264,241,211,179,157,148,160,188,225,255,274,271,250,217,177,135,98
HD06,15/10/30,79,84,115,159,207,246,270,274,259,235,208,184,168,165,179,205,237,263,270,260,232,197,157,120
HD06,15/10/31,90,77,86,119,161,202,232,247,245,232,213,192,174,164,168,186,210,235,248,247,230,203,170,137
HD06,15/11/01,107,87,85,101,132,167,200,225,235,234,219,203,186,177,175,184,198,218,233,239,232,214,190,164
HD06,15/11/02,138,116,103,105,122,148,178,203,222,228,229,218,206,195,192,192,197,208,222,230,230,223,207,189
HD06,15/11/03,170,151,134,125,126,138,159,182,203,215,219,213,206,197,191,185,184,187,193,199,203,202,196,186
HD06,15/11/04,174,160,146,133,126,127,138,153,170,186,198,206,204,199,192,186,181,178,176,177,179,183,188,191
HD06,15/11/05,190,182,169,155,142,135,135,142,155,170,186,198,208,209,208,201,192,181,171,162,162,167,178,188
HD06,15/11/06,195,194,190,181,170,154,143,139,145,158,176,192,205,213,216,212,203,188,169,152,144,147,160,174
HD06,15/11/07,188,195,201,198,188,170,152,139,137,141,156,175,195,211,219,216,204,188,166,144,127,122,130,150
HD06,15/11/08,173,192,205,211,208,195,175,154,139,138,147,168,189,211,227,234,229,213,185,158,133,124,127,146
HD06,15/11/09,171,200,227,243,248,239,219,195,173,161,159,174,195,223,242,256,253,240,210,176,144,124,119,129
HD06,15/11/10,151,180,209,234,245,241,225,196,170,149,144,150,171,196,223,242,248,237,210,174,136,107,95,101
HD06,15/11/11,122,152,185,217,239,248,241,219,191,163,146,143,160,187,218,242,254,250,230,197,157,119,92,83
HD06,15/11/12,97,125,162,200,231,251,251,235,207,176,151,139,143,162,192,219,242,247,235,205,164,122,90,75
HD06,15/11/13,80,101,133,173,210,240,252,247,224,194,165,148,144,159,184,212,237,248,244,220,186,145,112,84
HD06,15/11/14,78,86,117,156,198,230,251,252,240,217,190,168,156,161,179,208,236,256,257,239,207,171,136,109
HD06,15/11/15,96,98,115,146,181,218,246,262,256,241,218,196,179,173,183,203,227,248,254,246,223,192,157,124
HD06,15/11/16,100,90,96,120,151,186,214,233,240,233,218,196,179,165,167,179,202,221,235,237,225,202,170,140
HD06,15/11/17,114,100,100,111,132,158,189,217,237,240,232,213,197,183,179,181,192,205,219,228,229,217,194,167
HD06,15/11/18,139,116,107,112,128,149,170,192,212,226,229,224,208,191,179,176,182,192,201,210,216,217,212,198
HD06,15/11/19,177,154,130,120,118,131,147,171,190,211,220,225,219,209,196,185,177,175,179,185,195,203,208,205
HD06,15/11/20,196,181,165,150,142,141,148,159,176,194,213,226,231,228,220,206,192,179,170,166,170,181,195,207
HD06,15/11/21,211,206,193,179,164,152,144,143,152,167,190,212,228,231,227,214,198,176,157,142,138,144,162,183
HD06,15/11/22,202,210,208,198,184,168,154,143,142,149,167,188,211,228,235,233,217,191,158,131,115,117,133,157
HD06,15/11/23,182,205,221,227,220,203,179,157,147,144,156,174,202,224,242,246,238,213,178,141,111,99,106,130
HD06,15/11/24,160,196,227,249,253,244,221,198,176,164,166,178,200,228,254,269,265,243,206,164,122,92,83,95
HD06,15/11/25,128,169,210,242,259,260,241,217,190,170,159,162,178,203,232,254,265,258,232,189,144,102,81,78
HD06,15/11/26,101,135,176,222,259,281,275,253,222,197,184,178,190,204,236,261,287,290,275,236,190,143,109,92
HD06,15/11/27,103,134,180,224,263,289,300,290,269,237,208,185,186,199,222,243,263,271,266,241,203,155,110,77
HD06,15/11/28,68,84,116,158,199,235,256,260,247,225,199,178,167,170,189,216,245,261,261,241,213,175,137,99
HD06,15/11/29,77,73,93,127,170,207,236,248,245,229,207,184,168,163,174,194,218,236,245,238,219,188,156,121
HD06,15/11/30,96,81,86,109,143,182,214,238,243,237,218,199,181,171,175,186,207,225,239,241,232,211,185,154
HD06,15/12/01,129,109,103,110,133,162,195,221,238,239,225,206,188,176,174,177,187,200,212,221,220,210,191,167
HD06,15/12/02,142,121,109,109,121,143,168,193,212,222,221,211,196,180,173,170,176,186,196,203,209,209,204,192
HD06,15/12/03,178,163,148,137,137,154,175,200,219,235,241,241,231,218,206,200,197,198,200,205,216,222,224,217
HD06,15/12/04,208,200,191,180,175,173,182,195,213,228,237,241,236,228,215,204,195,186,180,178,179,185,192,196
HD06,15/12/05,195,193,184,174,162,156,156,163,176,193,206,217,224,221,215,201,188,174,163,156,155,158,170,181
HD06,15/12/06,194,198,196,189,176,164,153,151,157,169,183,197,210,215,214,204,187,168,148,135,129,131,142,157
HD06,15/12/07,178,191,201,202,199,185,172,156,152,157,173,193,211,222,223,218,205,187,162,137,116,111,119,140
HD06,15/12/08,165,188,207,217,218,208,191,173,159,156,162,178,198,214,228,231,223,201,171,139,111,97,98,113
HD06,15/12/09,141,168,198,220,231,225,210,186,169,157,158,166,187,208,230,240,237,219,188,153,120,95,86,93
HD06,15/12/10,120,152,191,219,240,242,232,209,185,164,159,164,182,202,228,246,253,242,216,180,142,111,94,95
HD06,15/12/11,116,148,187,225,258,275,279,265,250,226,224,219,231,241,267,287,304,294,266,216,171,133,110,97
HD06,15/12/12,98,113,145,186,227,253,257,244,219,194,174,162,162,175,201,228,252,261,250,219,178,135,102,83
HD06,15/12/13,83,100,131,170,210,246,268,270,253,227,200,182,175,182,199,224,251,271,271,251,213,172,133,105
HD06,15/12/14,92,94,115,148,186,225,254,267,261,240,213,188,173,170,182,203,229,251,262,254,229,193,156,124
HD06,15/12/15,101,93,103,128,164,203,240,260,265,255,236,213,194,181,181,197,222,250,266,269,250,225,194,166
HD06,15/12/16,138,119,114,127,155,191,227,255,269,268,256,236,215,198,193,200,213,233,248,257,254,240,219,191
HD06,15/12/17,163,139,127,128,144,168,196,224,247,256,253,238,218,198,184,180,183,196,210,225,232,227,218,195
HD06,15/12/18,172,147,134,128,134,145,165,185,212,232,241,236,222,204,189,177,171,171,178,191,203,215,216,208
HD06,15/12/19,193,172,155,144,141,147,160,176,196,214,230,233,227,216,200,182,164,152,148,153,165,180,192,200
HD06,15/12/20,201,195,183,170,155,147,149,161,178,198,213,226,232,231,221,204,181,160,143,140,144,159,175,196
HD06,15/12/21,211,218,216,206,191,179,172,173,179,191,206,225,239,245,240,229,210,184,156,134,124,131,149,174
HD06,15/12/22,198,213,224,228,222,208,190,176,171,178,190,208,225,239,245,238,221,193,159,126,103,98,109,134
HD06,15/12/23,162,192,217,234,235,228,208,193,177,175,180,195,214,232,249,254,250,225,190,149,114,94,94,112
HD06,15/12/24,142,178,214,246,260,263,248,227,204,191,185,196,213,236,259,274,275,258,229,187,143,106,90,95
HD06,15/12/25,123,158,201,238,269,281,276,255,233,209,197,195,205,224,248,268,281,277,255,218,168,123,89,81
HD06,15/12/26,93,124,163,206,242,267,273,265,240,214,191,182,186,202,226,251,273,281,271,241,199,152,113,88
HD06,15/12/27,84,102,136,178,220,252,270,263,244,216,193,178,172,176,192,217,245,263,261,239,202,160,121,90
HD06,15/12/28,74,78,100,139,182,221,246,253,245,227,203,181,166,165,179,206,233,255,261,252,227,192,156,122
HD06,15/12/29,97,88,100,129,167,203,230,247,248,235,215,190,171,160,166,183,210,232,246,243,230,203,174,141
HD06,15/12/30,114,96,93,112,143,181,213,237,245,238,222,201,182,166,162,171,190,212,231,238,233,217,196,171
HD06,15/12/31,146,122,110,117,141,176,207,234,246,250,240,224,203,184,171,173,185,204,220,228,228,220,209,193
