HD29,98/01/01,109,113,134,169,209,247,277,292,290,272,245,219,202,201,215,240,268,289,296,287,264,232,195,158
HD29,98/01/02,129,116,124,150,188,226,259,279,286,276,255,229,205,192,194,210,235,260,275,277,265,241,210,176
HD29,98/01/03,144,124,121,138,167,202,235,261,277,279,268,245,219,198,189,194,212,235,255,266,267,256,235,208
HD29,98/01/04,180,157,146,150,168,194,222,249,269,280,279,266,243,220,204,200,208,222,237,249,257,258,249,229
HD29,98/01/05,204,180,165,161,167,181,200,222,244,261,268,262,246,226,206,194,190,194,204,215,227,239,246,244
HD29,98/01/06,233,215,197,186,183,189,203,221,240,256,267,271,266,251,231,211,195,185,182,186,195,207,220,228
HD29,98/01/07,230,224,213,200,190,188,193,204,218,232,244,252,254,248,235,217,196,178,164,160,165,177,194,211
HD29,98/01/08,224,231,233,230,222,214,208,207,215,227,241,252,257,257,252,241,225,202,177,157,149,156,173,192
HD29,98/01/09,210,226,241,251,252,242,226,212,208,216,231,246,254,257,259,257,247,224,192,158,135,129,142,166
HD29,98/01/10,193,218,239,254,261,257,245,229,215,210,215,229,246,260,268,270,263,244,215,178,144,122,119,134
HD29,98/01/11,161,193,223,248,264,269,262,244,224,209,204,211,227,247,264,275,276,264,238,201,161,127,111,116
HD29,98/01/12,138,172,207,239,263,276,276,262,241,219,206,205,217,239,261,278,284,277,258,228,189,148,117,104
HD29,98/01/13,114,144,184,224,255,274,279,271,252,229,208,197,199,215,241,267,284,287,273,244,207,167,133,111
HD29,98/01/14,107,123,155,195,233,263,277,276,260,237,213,197,193,202,222,248,271,283,280,261,228,190,152,123
HD29,98/01/15,109,115,139,176,215,248,270,277,271,253,228,204,190,191,207,233,260,281,287,279,259,230,197,166
HD29,98/01/16,142,135,148,179,219,257,283,294,290,277,258,234,212,200,204,224,252,277,289,285,269,244,214,183
HD29,98/01/17,156,140,141,162,195,232,262,280,283,272,253,230,208,195,193,204,223,246,264,272,266,249,225,198
HD29,98/01/18,174,158,154,166,189,220,253,278,291,289,275,254,234,219,213,218,231,248,263,271,272,266,253,232
HD29,98/01/19,208,186,174,177,193,217,244,265,279,282,273,256,235,216,202,199,204,215,228,237,242,241,235,224
HD29,98/01/20,208,190,176,171,177,194,216,237,253,261,258,249,234,217,201,191,189,196,207,218,226,230,230,228
HD29,98/01/21,221,211,200,191,190,198,213,231,248,258,261,257,246,232,216,202,192,188,189,192,197,203,210,216
HD29,98/01/22,219,216,207,198,191,192,200,213,226,236,242,244,242,234,221,205,190,179,172,171,175,184,196,209
HD29,98/01/23,219,225,226,223,218,213,211,214,222,233,244,251,255,252,244,230,214,197,182,171,167,173,186,204
HD29,98/01/24,222,237,247,252,250,243,235,229,230,236,246,257,267,272,267,254,237,218,196,172,153,144,151,170
HD29,98/01/25,196,221,239,248,249,243,234,223,212,207,210,221,238,253,261,258,246,226,199,170,144,130,131,147
HD29,98/01/26,172,201,230,253,267,267,257,239,221,208,206,216,233,253,268,274,268,251,223,188,152,123,110,115
HD29,98/01/27,138,172,208,239,260,267,261,245,224,204,190,188,201,225,251,270,276,264,239,203,163,128,104,098
HD29,98/01/28,111,140,179,219,252,273,277,266,244,218,197,186,192,213,242,270,288,289,271,238,197,154,118,099
HD29,98/01/29,100,121,158,201,241,270,282,277,257,229,200,180,174,185,212,246,276,291,285,259,220,177,138,108
HD29,98/01/30,093,099,126,168,213,251,274,278,265,240,211,185,169,167,185,217,255,284,294,281,251,211,172,137
HD29,98/01/31,113,108,122,155,196,237,268,283,279,259,230,200,178,168,174,196,226,257,275,277,260,232,197,162
HD29,98/02/01,133,116,117,136,168,205,239,263,271,260,235,205,178,160,154,163,186,217,246,263,261,244,216,186
HD29,98/02/02,159,140,132,138,159,190,224,252,267,265,249,225,199,175,160,156,168,192,220,242,252,249,236,217
HD29,98/02/03,196,176,163,160,170,191,219,246,265,272,265,248,225,201,181,169,169,180,199,220,237,247,248,240
HD29,98/02/04,226,211,199,193,196,204,218,235,253,265,267,258,241,220,200,184,175,172,177,187,200,214,226,231
HD29,98/02/05,230,223,214,208,205,207,216,228,241,252,258,258,252,241,224,205,188,175,170,171,179,192,207,222
HD29,98/02/06,231,236,235,232,227,224,224,228,235,244,251,256,257,254,245,230,212,192,175,163,159,165,180,201
HD29,98/02/07,220,235,243,244,242,238,232,228,225,226,232,242,253,259,257,247,231,211,189,166,149,144,155,176
HD29,98/02/08,202,226,246,259,264,262,255,245,236,232,235,247,264,277,286,290,287,270,236,195,164,151,157,174
HD29,98/02/09,196,221,248,272,284,281,268,251,235,223,217,220,233,252,270,280,278,262,235,199,163,135,124,132
HD29,98/02/10,156,187,220,249,269,277,273,259,241,222,209,206,217,237,261,279,287,279,257,224,185,149,124,117
HD29,98/02/11,131,161,199,235,261,273,272,261,241,217,196,186,191,211,239,267,286,288,273,243,205,169,139,122
HD29,98/02/12,123,143,179,220,255,277,280,269,248,224,202,189,187,201,230,266,296,306,294,265,231,198,170,147
HD29,98/02/13,134,139,165,206,248,277,285,276,257,233,209,188,176,179,198,230,264,287,292,277,248,213,179,151
HD29,98/02/14,136,138,159,194,233,266,286,289,277,254,228,205,192,191,203,226,254,281,294,289,267,237,205,177
HD29,98/02/15,156,147,156,181,217,251,275,283,277,260,234,206,182,171,177,198,228,258,277,281,270,248,221,193
HD29,98/02/16,170,157,158,175,205,238,266,280,279,263,238,211,187,174,173,185,206,231,253,264,262,250,230,207
HD29,98/02/17,185,170,165,174,195,223,250,267,273,265,243,215,192,176,167,169,179,196,214,230,239,237,226,209
HD29,98/02/18,189,172,163,166,180,202,226,244,253,251,237,217,194,174,160,157,163,177,195,211,221,224,220,211
HD29,98/02/19,199,186,178,176,182,195,213,230,244,249,243,228,209,191,177,169,168,174,183,198,208,218,223,223
HD29,98/02/20,219,212,206,201,202,207,217,231,243,251,251,243,230,216,202,191,182,178,180,188,200,213,224,232
HD29,98/02/21,236,236,235,234,232,230,229,231,237,245,251,252,246,234,219,203,190,178,170,165,166,174,188,205
HD29,98/02/22,219,229,233,234,233,229,224,220,220,225,232,240,244,243,236,225,210,193,175,160,153,155,166,185
HD29,98/02/23,210,229,244,252,251,243,229,219,215,213,218,227,239,249,252,247,233,213,188,164,144,135,139,157
HD29,98/02/24,183,211,237,255,263,259,247,229,211,200,198,208,226,246,260,264,255,236,209,178,149,127,120,130
HD29,98/02/25,155,188,223,252,269,272,262,243,220,198,186,188,204,230,257,276,281,269,243,207,170,138,119,117
HD29,98/02/26,136,169,210,250,279,292,288,268,240,211,191,184,193,218,251,282,301,299,279,246,206,165,133,118
HD29,98/02/27,124,150,189,233,270,291,294,279,253,221,191,171,169,186,220,259,290,304,296,270,232,190,152,126
HD29,98/02/28,119,133,164,206,247,278,293,288,265,232,197,168,154,161,187,226,266,295,304,292,263,226,188,157
HD29,98/03/01,138,138,159,195,236,271,292,295,281,253,217,183,156,145,155,187,230,272,297,299,279,248,214,183
HD29,98/03/02,159,148,156,180,217,255,283,296,289,266,233,199,171,156,157,174,205,241,272,289,288,271,245,216
HD29,98/03/03,190,174,171,185,211,242,269,283,283,271,248,219,189,165,153,158,178,207,237,258,267,262,249,231
HD29,98/03/04,212,196,188,190,204,227,251,268,274,268,253,230,205,180,162,154,161,179,203,225,240,246,244,235
HD29,98/03/05,224,213,205,202,207,221,240,257,266,265,256,240,221,201,182,166,159,164,178,197,215,227,233,234
HD29,98/03/06,231,228,225,223,224,229,239,253,264,270,268,259,247,234,219,204,191,182,182,190,204,218,229,238
HD29,98/03/07,245,250,252,251,247,243,242,246,253,259,260,257,251,244,234,222,206,187,171,163,165,173,184,198
HD29,98/03/08,212,225,235,239,237,231,224,220,221,226,232,237,241,244,245,240,227,207,187,171,164,168,180,196
HD29,98/03/09,215,234,251,261,263,256,244,232,224,222,226,235,246,256,263,263,256,240,216,190,169,159,161,174
HD29,98/03/10,193,215,239,259,269,264,249,229,213,204,203,211,225,242,258,267,266,253,230,200,170,148,142,153
HD29,98/03/11,176,205,232,254,266,268,258,240,217,196,185,188,204,228,252,268,273,267,250,223,190,161,143,145
HD29,98/03/12,165,197,231,260,279,286,280,262,238,212,193,187,198,221,251,277,293,294,282,257,224,190,163,153
HD29,98/03/13,163,190,226,259,282,291,286,271,247,217,191,176,180,201,232,263,285,295,289,270,240,205,172,152
HD29,98/03/14,150,169,202,239,270,288,290,277,252,221,191,171,167,180,209,244,275,294,296,283,257,224,190,165
HD29,98/03/15,156,167,193,229,267,295,305,297,275,244,207,172,151,156,183,221,253,271,275,268,251,226,195,166
HD29,98/03/16,148,147,165,197,233,262,277,275,258,230,198,170,153,151,165,192,226,258,279,283,270,245,216,189
HD29,98/03/17,170,163,170,192,223,254,274,280,268,243,211,180,158,149,155,174,203,232,254,263,258,239,213,188
HD29,98/03/18,170,162,166,179,202,229,254,267,263,242,212,182,160,148,147,156,176,203,230,250,256,248,231,211
HD29,98/03/19,193,182,180,188,204,226,248,263,265,253,232,208,186,169,161,163,176,198,221,241,252,255,249,238
HD29,98/03/20,225,215,212,214,223,238,257,273,280,276,261,242,221,204,191,186,188,195,206,218,232,243,247,243
HD29,98/03/21,233,224,217,216,218,223,230,239,247,249,244,231,213,194,178,167,162,164,172,185,198,212,223,230
HD29,98/03/22,232,230,226,221,218,217,221,227,233,237,237,232,222,210,197,183,171,162,158,161,168,181,196,211
HD29,98/03/23,223,230,233,231,227,220,213,210,212,217,223,227,228,225,218,205,188,170,157,150,150,159,174,193
HD29,98/03/24,213,230,241,244,239,228,215,204,199,200,207,217,228,236,238,232,218,198,176,157,145,144,155,176
HD29,98/03/25,202,229,251,263,263,251,232,212,197,188,190,202,221,241,256,260,251,231,203,172,146,132,133,149
HD29,98/03/26,175,205,236,260,271,266,245,216,187,166,159,169,192,221,248,264,266,253,227,192,156,128,116,124
HD29,98/03/27,148,184,222,256,277,280,266,239,206,177,159,157,172,202,239,272,291,290,271,240,204,169,141,130
HD29,98/03/28,140,170,210,251,280,290,280,255,220,182,150,133,139,165,205,246,278,291,283,258,222,182,148,128
HD29,98/03/29,128,149,184,224,259,281,284,267,233,191,150,122,115,133,169,212,252,280,290,281,255,219,181,151
HD29,98/03/30,138,146,173,210,248,276,288,280,253,215,173,137,117,119,142,181,225,264,288,293,279,251,217,185
HD29,98/03/31,165,162,177,204,236,266,285,287,270,238,197,158,128,117,127,154,190,227,258,275,276,261,235,207
HD29,98/04/01,183,172,175,193,219,246,266,274,269,250,219,182,147,123,119,133,160,193,224,248,260,258,243,223
HD29,98/04/02,204,193,192,202,220,242,263,277,279,266,241,211,180,156,141,139,152,174,202,227,245,253,250,237
HD29,98/04/03,221,207,201,203,212,225,238,249,255,252,239,218,194,170,153,143,145,156,173,193,212,227,235,235
HD29,98/04/04,228,219,211,207,209,216,224,230,235,235,231,222,208,191,173,157,148,148,157,169,183,197,209,219
HD29,98/04/05,224,224,220,214,209,207,209,214,218,221,220,218,213,207,197,184,169,157,151,154,163,176,191,205
HD29,98/04/06,217,225,229,227,221,213,205,201,202,205,209,213,215,217,215,209,195,178,162,152,152,161,177,195
HD29,98/04/07,213,228,239,244,240,228,213,200,193,194,199,207,217,227,234,236,228,210,188,167,155,156,167,184
HD29,98/04/08,204,225,243,254,255,243,224,202,186,179,181,192,208,225,240,249,247,234,210,183,159,147,149,163
HD29,98/04/09,185,211,235,251,255,248,230,206,183,165,159,167,187,212,235,252,259,254,238,212,183,160,151,160
HD29,98/04/10,182,211,239,260,271,269,253,227,197,171,156,157,174,202,231,255,269,269,256,231,200,172,154,153
HD29,98/04/11,169,197,228,255,270,272,259,235,205,174,152,145,156,182,215,245,266,275,269,250,222,190,164,151
HD29,98/04/12,158,182,215,248,271,276,266,242,212,181,154,138,138,157,189,224,255,272,275,262,239,210,183,164
HD29,98/04/13,161,176,206,241,270,283,280,262,235,202,171,148,141,153,182,218,253,277,287,283,267,242,214,190
HD29,98/04/14,178,183,205,237,267,286,288,276,253,223,191,162,145,146,164,195,232,263,283,289,279,257,228,201
HD29,98/04/15,185,185,202,228,257,279,289,284,267,243,216,187,159,140,141,167,208,248,274,282,274,258,238,216
HD29,98/04/16,198,187,191,209,235,259,274,274,260,235,204,173,148,134,136,154,181,212,239,257,264,259,245,226
HD29,98/04/17,207,196,195,206,224,245,261,268,264,247,221,192,165,146,139,147,166,192,219,243,258,262,256,242
HD29,98/04/18,227,215,210,212,223,238,253,262,263,253,233,209,185,165,153,151,160,178,201,223,240,250,253,249
HD29,98/04/19,240,229,221,217,220,229,240,250,255,251,240,224,205,186,170,160,158,165,179,197,215,230,240,244
HD29,98/04/20,242,237,230,223,218,216,218,225,233,237,236,227,214,199,185,172,162,158,160,170,185,202,219,231
HD29,98/04/21,239,242,240,234,225,216,210,209,214,221,228,230,228,222,212,199,184,171,162,160,167,182,202,222
HD29,98/04/22,239,251,255,252,241,226,210,198,193,197,207,220,232,238,237,227,211,191,172,158,153,159,176,198
HD29,98/04/23,222,243,257,262,254,237,214,192,177,173,181,199,221,240,252,252,241,221,195,171,154,149,158,179
HD29,98/04/24,207,237,262,276,276,260,235,205,180,165,165,182,210,241,266,280,279,264,239,210,183,166,162,174
HD29,98/04/25,200,235,269,292,299,288,262,227,192,164,150,156,180,216,253,284,298,293,273,242,209,181,165,165
HD29,98/04/26,182,213,249,280,296,292,271,237,196,156,127,118,132,165,207,248,277,289,282,259,226,192,166,155
HD29,98/04/27,163,186,218,252,277,287,278,249,208,164,126,105,105,127,165,210,252,281,290,278,252,220,192,174
HD29,98/04/28,171,183,208,239,270,288,287,267,231,187,144,112,099,108,135,175,218,256,279,283,268,243,215,192
HD29,98/04/29,181,185,202,230,259,281,288,279,255,220,180,144,119,113,126,157,196,235,264,278,275,261,240,217
HD29,98/04/30,203,191,199,219,236,264,276,275,260,232,196,159,128,112,113,132,162,195,226,249,261,260,246,226
HD29,98/05/01,206,195,196,209,227,244,257,262,258,242,218,189,160,135,123,128,148,175,204,229,246,253,250,239
HD29,98/05/02,224,213,208,212,222,234,247,256,258,251,235,213,190,169,153,148,155,172,195,219,240,254,260,258
HD29,98/05/03,251,242,235,232,234,241,251,259,263,261,253,241,225,206,189,176,169,171,182,199,218,232,240,241
HD29,98/05/04,238,234,228,220,212,208,209,212,217,221,222,220,213,203,190,177,166,158,159,167,182,200,216,228
HD29,98/05/05,234,235,232,226,218,209,202,199,201,207,214,219,221,220,215,205,192,178,169,168,175,189,205,220
HD29,98/05/06,231,239,241,237,227,213,199,189,185,189,197,208,218,225,228,225,215,200,184,172,169,177,193,212
HD29,98/05/07,230,244,251,250,240,224,205,187,175,172,178,192,211,228,241,244,237,223,205,188,177,175,184,202
HD29,98/05/08,224,245,260,265,259,243,223,202,183,171,170,181,202,228,251,264,264,253,235,214,196,183,181,191
HD29,98/05/09,211,234,254,266,265,252,229,199,170,149,142,150,171,200,228,250,261,258,243,221,198,180,173,180
HD29,98/05/10,199,225,250,268,273,264,243,213,182,155,140,140,157,186,219,248,267,272,263,243,217,193,177,174
HD29,98/05/11,185,208,235,258,270,267,248,218,183,150,128,121,131,155,188,223,250,265,265,250,226,201,181,172
HD29,98/05/12,178,197,225,251,269,272,261,236,202,167,137,121,123,143,175,213,247,271,279,272,253,228,206,191
HD29,98/05/13,189,202,226,254,277,288,282,261,229,192,157,133,125,134,160,195,231,261,278,280,267,243,216,192
HD29,98/05/14,180,183,201,227,253,269,270,257,231,195,157,126,108,110,130,161,196,229,254,267,264,249,227,205
HD29,98/05/15,189,185,194,206,203,200,197,194,191,188,177,143,120,112,121,144,175,208,237,256,263,255,237,216
HD29,98/05/16,198,189,192,206,225,244,257,260,250,228,197,162,134,119,118,131,153,182,213,238,253,256,248,231
HD29,98/05/17,212,199,195,203,217,233,246,254,254,242,218,188,159,139,130,135,150,174,200,224,243,254,255,246
HD29,98/05/18,232,216,206,203,208,220,233,245,250,246,232,211,187,167,153,147,149,159,177,199,222,241,251,252
HD29,98/05/19,246,237,228,218,210,208,214,227,238,242,238,226,210,194,179,166,157,156,164,179,199,220,237,247
HD29,98/05/20,250,245,234,221,208,198,195,199,207,217,225,228,226,218,205,188,171,161,159,166,180,197,215,233
HD29,98/05/21,247,253,249,235,216,196,182,176,180,190,204,219,230,234,231,218,201,182,167,161,165,178,198,221
HD29,98/05/22,242,257,260,252,233,208,183,164,155,159,173,194,217,235,244,242,229,208,187,169,161,165,179,201
HD29,98/05/23,226,247,260,262,249,224,193,161,139,131,140,162,192,223,247,259,257,242,220,196,177,168,173,190
HD29,98/05/24,214,240,261,272,269,250,219,181,146,122,117,131,162,201,238,265,278,274,257,233,209,191,185,193
HD29,98/05/25,214,244,274,296,302,290,265,229,189,151,126,123,145,183,226,263,287,295,288,269,244,218,198,191
HD29,98/05/26,199,222,251,276,290,288,270,237,195,151,115,098,104,132,173,217,254,276,282,273,253,227,204,190
HD29,98/05/27,190,206,232,259,279,285,276,253,218,176,136,108,101,118,152,192,232,263,285,293,286,267,240,217
HD29,98/05/28,205,209,229,255,278,292,294,283,258,223,181,144,122,121,142,175,214,251,279,295,295,281,258,235
HD29,98/05/29,217,212,220,239,263,282,292,289,272,245,210,174,146,132,137,161,196,231,261,281,290,289,277,259
HD29,98/05/30,240,228,227,238,257,278,292,294,283,262,235,204,176,155,146,154,176,207,239,265,281,285,278,263
HD29,98/05/31,246,233,228,231,241,252,264,272,274,266,247,223,198,178,167,165,175,195,221,246,266,276,277,270
HD29,98/06/01,258,245,234,229,230,239,250,261,266,264,256,244,228,211,195,184,184,194,212,233,252,267,275,275
HD29,98/06/02,267,254,241,232,228,228,231,237,243,248,249,244,235,222,208,195,188,188,196,213,232,249,261,266
HD29,98/06/03,264,257,247,236,226,219,215,217,222,230,237,240,239,234,225,214,203,196,196,203,217,234,251,263
HD29,98/06/04,268,266,259,248,234,220,210,205,208,215,225,234,240,244,243,238,227,214,204,200,207,220,237,252
HD29,98/06/05,262,264,260,250,235,218,202,189,183,185,196,211,226,238,245,245,238,225,211,201,198,205,220,238
HD29,98/06/06,253,263,265,260,247,228,205,184,171,167,174,188,208,228,246,255,253,242,224,208,197,196,205,221
HD29,98/06/07,241,258,268,268,258,239,213,186,164,152,153,167,191,217,240,256,263,259,247,229,211,200,201,214
HD29,98/06/08,233,252,267,275,272,257,232,202,173,153,144,150,169,197,227,253,270,274,265,247,225,208,200,203
HD29,98/06/09,216,236,258,273,276,265,242,211,178,150,131,128,142,170,206,241,266,278,275,261,240,219,204,200
HD29,98/06/10,209,228,252,273,282,279,261,233,199,165,139,129,136,159,191,226,257,280,289,282,263,238,216,205
HD29,98/06/11,208,223,245,268,284,289,280,256,222,183,149,128,126,142,171,207,242,270,287,289,277,255,231,212
HD29,98/06/12,205,213,233,257,277,288,286,269,241,205,167,138,124,129,151,184,220,254,279,292,290,275,252,228
HD29,98/06/13,212,210,221,242,267,286,293,286,266,235,199,167,144,136,147,172,205,241,273,293,300,292,272,248
HD29,98/06/14,228,216,218,231,253,275,290,292,280,255,224,192,165,149,149,165,195,228,259,282,295,296,287,269
HD29,98/06/15,249,233,227,231,245,264,281,290,289,275,250,220,191,171,163,168,184,209,237,263,282,292,291,279
HD29,98/06/16,260,241,228,223,228,240,254,267,274,271,259,238,214,192,175,168,173,188,211,237,261,279,286,282
HD29,98/06/17,269,252,235,223,219,223,232,246,258,265,264,255,239,221,203,190,184,188,202,221,243,261,275,280
HD29,98/06/18,277,266,249,231,214,204,205,216,232,245,252,254,251,243,231,214,199,192,194,206,224,242,259,272
HD29,98/06/19,278,276,263,243,221,202,192,191,200,213,229,243,254,258,254,242,227,215,210,214,223,236,253,272
HD29,98/06/20,290,299,295,278,253,225,202,186,182,190,207,228,249,264,272,271,261,244,227,213,209,215,230,248
HD29,98/06/21,264,275,277,270,252,225,195,167,149,146,157,180,209,237,258,270,271,260,242,222,208,206,215,233
HD29,98/06/22,253,271,282,283,271,246,212,176,146,129,130,146,175,209,242,267,278,276,262,243,223,210,207,216
HD29,98/06/23,234,256,276,286,283,266,237,200,162,132,116,121,145,180,217,250,274,285,283,267,243,221,208,210
HD29,98/06/24,223,244,265,281,288,283,264,231,190,149,119,110,124,155,192,229,261,284,293,287,267,241,217,205
HD29,98/06/25,207,223,246,268,284,289,279,254,217,174,135,111,108,128,164,206,244,272,287,288,276,255,231,211
HD29,98/06/26,202,207,226,252,275,289,287,271,241,203,163,129,112,117,143,182,223,258,281,290,286,270,248,226
HD29,98/06/27,211,208,219,240,264,282,289,282,262,231,195,161,136,128,139,166,202,239,269,287,290,279,258,234
HD29,98/06/28,216,208,212,226,244,262,276,280,272,251,219,185,156,141,143,162,191,223,253,275,286,285,272,252
HD29,98/06/29,231,215,209,217,234,254,269,275,272,260,240,214,188,167,157,162,181,209,238,262,278,282,275,260
HD29,98/06/30,241,223,212,211,219,232,247,258,264,261,249,230,208,188,174,171,181,200,224,226,226,226,226,227
HD29,98/07/01,227,227,212,202,201,208,220,233,242,246,243,233,221,207,194,185,185,194,211,231,251,265,271,268
HD29,98/07/02,256,241,225,212,205,205,210,219,230,238,241,240,236,228,217,207,200,201,210,223,239,253,262,265
HD29,98/07/03,261,252,238,222,207,196,194,198,207,217,226,233,238,240,237,230,221,215,216,222,233,246,258,267
HD29,98/07/04,270,266,255,238,219,201,189,185,188,197,208,221,232,240,244,242,235,224,216,214,220,232,245,257
HD29,98/07/05,264,265,260,249,233,213,191,175,169,173,186,204,222,238,250,254,251,242,229,218,214,219,231,245
HD29,98/07/06,257,263,264,258,245,224,198,174,158,155,165,184,207,230,249,262,266,261,248,233,222,219,225,238
HD29,98/07/07,253,266,274,273,263,244,217,187,162,147,146,160,186,217,246,267,277,276,265,248,230,218,216,225
HD29,98/07/08,242,261,276,283,278,262,237,206,174,148,136,143,167,201,236,265,284,291,287,273,254,236,224,224
HD29,98/07/09,236,255,276,291,295,286,265,233,197,163,140,135,150,180,217,252,278,293,295,285,266,243,222,212
HD29,98/07/10,216,236,262,285,296,293,279,253,218,179,145,126,129,152,188,227,261,285,297,297,284,262,238,219
HD29,98/07/11,213,222,245,272,295,304,298,277,245,208,173,147,136,144,169,204,243,276,298,304,294,274,250,227
HD29,98/07/12,212,211,225,250,277,296,301,290,264,229,190,156,135,133,150,180,215,249,278,295,298,286,262,235
HD29,98/07/13,213,204,212,232,257,280,294,295,283,257,222,185,156,143,148,170,201,233,262,283,293,290,274,249
HD29,98/07/14,224,207,203,213,233,256,276,286,284,269,244,213,183,161,155,164,187,216,245,269,286,291,283,265
HD29,98/07/15,241,218,204,202,213,232,253,270,278,275,260,238,212,189,175,173,184,203,227,253,274,287,288,276
HD29,98/07/16,252,232,213,198,196,207,225,241,256,265,264,253,235,214,196,186,187,199,217,237,256,272,280,279
HD29,98/07/17,267,246,223,202,189,188,197,212,229,244,253,256,252,242,228,215,207,207,215,230,247,264,276,282
HD29,98/07/18,280,269,249,226,205,190,186,193,206,222,238,250,259,263,262,255,244,233,227,229,238,253,269,280
HD29,98/07/19,284,280,269,251,229,206,187,176,177,189,208,229,248,262,269,270,263,252,241,234,234,242,255,268
HD29,98/07/20,278,283,281,271,252,225,196,174,163,165,179,200,225,249,269,281,282,272,257,243,234,235,242,254
HD29,98/07/21,268,279,285,283,270,245,212,179,153,142,148,168,195,225,252,273,283,281,269,253,238,228,227,235
HD29,98/07/22,249,267,283,291,287,271,243,209,175,149,138,145,169,201,236,267,288,297,291,276,257,239,229,229
HD29,98/07/23,242,262,283,298,303,296,276,244,206,169,142,132,143,171,209,247,277,294,295,283,262,241,224,214
HD29,98/07/24,214,227,250,275,291,292,276,247,211,172,139,119,120,140,175,215,252,277,287,281,263,240,217,203
HD29,98/07/25,199,208,228,254,277,291,288,269,236,196,158,130,121,132,159,196,234,265,284,287,274,253,229,209
HD29,98/07/26,199,201,216,240,266,286,294,285,262,228,191,159,140,138,155,185,221,255,281,291,286,268,242,218
HD29,98/07/27,200,196,205,225,249,271,285,287,274,249,215,182,156,147,155,178,210,243,270,286,289,278,256,230
HD29,98/07/28,208,195,197,210,231,253,272,281,278,262,236,206,180,163,161,174,198,227,255,275,284,279,262,240
HD29,98/07/29,217,200,193,197,212,232,252,266,271,265,249,227,203,185,176,181,196,219,244,266,280,283,273,255
HD29,98/07/30,232,211,198,194,201,214,232,248,259,261,253,238,220,203,193,192,200,214,233,251,266,274,273,260
HD29,98/07/31,241,219,202,194,194,201,212,225,237,245,247,242,232,220,211,205,206,213,226,243,258,268,271,264
HD29,98/08/01,251,234,217,203,194,191,195,205,218,230,238,241,240,236,230,223,218,217,223,234,247,260,267,267
HD29,98/08/02,259,246,232,217,203,193,189,192,201,213,224,234,241,246,246,242,235,228,225,227,236,247,257,261
HD29,98/08/03,260,253,242,228,211,194,180,173,174,183,198,215,230,241,248,249,245,237,227,221,221,229,240,251
HD29,98/08/04,257,258,254,244,229,210,189,171,163,165,178,196,216,236,253,264,266,258,244,230,222,223,233,247
HD29,98/08/05,259,266,268,264,253,233,208,181,161,153,159,177,201,227,252,271,281,278,264,245,228,219,221,233
HD29,98/08/06,249,264,275,277,270,252,225,194,164,143,138,150,175,205,236,263,281,288,281,261,237,217,211,218
HD29,98/08/07,235,256,273,285,287,277,253,220,184,153,136,136,153,182,218,254,283,299,297,279,251,224,207,204
HD29,98/08/08,214,234,258,280,293,292,273,241,202,164,135,124,132,156,190,228,265,291,300,290,265,235,209,195
HD29,98/08/09,197,214,240,267,289,298,291,268,233,193,156,132,126,140,170,208,248,280,298,298,283,258,231,208
HD29,98/08/10,197,201,220,250,281,303,309,297,270,234,196,162,141,139,157,190,231,269,295,303,294,271,243,216
HD29,98/08/11,197,189,197,220,252,283,302,302,283,251,213,178,153,145,153,177,209,245,276,295,297,281,253,221
HD29,98/08/12,196,182,185,201,226,255,280,295,293,275,245,212,184,167,165,179,203,235,266,289,298,291,272,243
HD29,98/08/13,214,191,181,187,206,231,257,276,285,281,265,241,215,196,187,191,208,231,256,277,291,294,285,264
HD29,98/08/14,237,210,191,183,189,205,227,249,265,272,266,252,234,217,206,203,209,222,242,261,276,282,278,266
HD29,98/08/15,246,223,200,183,175,178,192,211,230,245,251,249,243,235,227,220,217,220,229,243,259,271,275,270
HD29,98/08/16,257,240,222,204,189,180,179,189,207,226,240,249,253,254,253,250,245,242,242,247,255,265,272,275
HD29,98/08/17,271,262,248,230,211,191,177,173,180,194,212,228,242,254,261,262,257,247,237,232,235,243,253,260
HD29,98/08/18,263,262,257,246,227,204,180,162,156,161,176,196,218,239,255,264,265,257,244,230,222,222,231,245
HD29,98/08/19,257,265,268,264,252,230,203,174,154,147,155,173,197,224,250,270,279,276,262,243,228,222,224,234
HD29,98/08/20,246,260,273,281,278,261,232,197,166,146,143,154,177,205,236,263,282,287,277,257,234,218,211,215
HD29,98/08/21,227,244,263,279,286,278,256,222,185,154,136,136,152,181,216,251,277,288,283,264,239,215,199,195
HD29,98/08/22,205,224,249,272,287,287,273,244,208,171,142,130,137,160,194,231,262,282,285,273,249,222,199,187
HD29,98/08/23,189,205,231,258,280,289,284,265,234,196,162,139,136,152,182,219,254,279,290,285,266,239,212,192
HD29,98/08/24,187,196,219,247,274,291,295,285,261,228,193,165,150,154,176,212,250,280,296,294,278,254,228,206
HD29,98/08/25,192,190,203,228,260,286,299,295,277,249,218,190,171,165,177,203,238,272,295,300,289,266,240,214
HD29,98/08/26,195,187,192,211,238,266,286,292,283,261,232,202,180,171,177,196,223,252,277,289,287,270,243,214
HD29,98/08/27,191,179,180,194,216,241,262,274,275,263,242,216,193,179,179,192,216,243,266,280,283,274,254,228
HD29,98/08/28,203,185,180,188,204,225,244,260,268,265,251,231,212,199,195,202,216,234,253,269,278,276,262,239
HD29,98/08/29,213,194,183,183,190,204,220,237,250,254,250,239,226,215,208,208,215,228,243,258,267,269,263,249
HD29,98/08/30,229,209,194,186,186,191,202,215,229,241,246,245,239,230,223,221,224,229,234,240,248,257,261,255
HD29,98/08/31,238,218,200,189,184,183,185,191,202,215,227,236,240,240,236,232,230,230,233,237,243,251,256,257
HD29,98/09/01,252,242,230,216,203,193,187,187,192,203,217,233,248,259,265,265,261,255,249,245,245,249,256,263
HD29,98/09/02,266,265,258,246,230,213,197,185,181,185,198,217,238,258,271,278,276,268,255,243,235,234,242,253
HD29,98/09/03,264,270,269,261,247,228,204,181,164,159,167,187,214,240,263,277,283,278,265,246,228,218,219,231
HD29,98/09/04,247,263,273,276,267,248,221,190,163,146,145,159,186,219,252,277,292,293,280,257,232,212,204,210
HD29,98/09/05,229,253,275,287,287,273,248,216,182,153,137,139,159,192,231,266,291,300,291,270,242,216,198,195
HD29,98/09/06,207,232,261,286,300,297,278,247,208,170,141,129,138,166,206,248,282,300,301,285,258,226,196,179
HD29,98/09/07,181,202,236,272,298,307,298,273,238,198,162,138,133,150,184,227,267,294,304,295,270,238,204,179
HD29,98/09/08,169,178,206,244,280,303,307,293,264,227,189,157,141,146,170,208,249,283,301,301,284,254,219,185
HD29,98/09/09,162,157,174,207,248,283,303,305,288,258,223,188,163,154,165,194,232,268,293,299,288,264,232,198
HD29,98/09/10,168,151,152,172,207,245,274,288,285,268,242,214,188,172,170,186,215,248,276,289,285,267,241,211
HD29,98/09/11,181,158,148,155,178,211,245,268,278,272,257,236,216,200,192,196,213,239,265,283,287,279,261,237
HD29,98/09/12,210,185,167,160,167,187,215,242,264,274,273,263,247,230,218,214,222,237,256,271,279,278,268,252
HD29,98/09/13,232,210,189,173,166,171,189,212,234,248,254,252,246,241,236,233,232,235,243,253,262,266,264,255
HD29,98/09/14,240,222,204,187,175,169,171,182,198,216,231,241,245,246,245,243,241,240,241,244,249,255,259,260
HD29,98/09/15,256,246,232,216,200,186,178,178,185,197,212,229,245,259,267,268,265,258,251,247,247,251,258,265
HD29,98/09/16,271,277,280,278,271,259,245,234,232,241,250,253,258,276,305,323,317,289,258,238,233,237,241,243
HD29,98/09/17,248,255,264,266,256,234,205,179,164,163,174,192,213,237,258,272,275,265,246,225,208,200,202,212
HD29,98/09/18,227,242,255,262,259,245,222,196,170,152,147,157,181,212,241,262,270,265,250,228,207,190,183,189
HD29,98/09/19,207,231,255,272,278,271,250,219,187,160,147,150,170,200,233,262,278,281,269,249,224,201,186,183
HD29,98/09/20,194,215,244,270,285,283,266,237,203,172,151,145,158,185,219,253,277,287,281,260,232,204,182,172
HD29,98/09/21,176,195,224,256,281,290,282,260,229,197,170,157,160,181,213,249,280,298,298,282,255,226,199,181
HD29,98/09/22,177,191,219,254,283,298,296,279,254,224,196,174,164,172,197,234,272,299,307,297,272,238,203,175
HD29,98/09/23,163,170,195,228,259,282,290,284,264,233,201,174,160,164,184,214,246,270,280,274,252,221,187,159
HD29,98/09/24,144,145,162,191,223,251,269,273,261,239,211,185,169,166,178,202,231,258,274,274,259,232,201,173
HD29,98/09/25,153,147,157,180,211,241,263,273,271,258,239,217,199,190,193,209,234,261,281,288,280,260,232,204
HD29,98/09/26,181,167,166,177,199,226,250,265,269,261,245,225,207,197,197,207,224,245,262,270,266,252,230,206
HD29,98/09/27,183,164,155,158,173,194,214,231,242,246,242,232,220,210,206,209,219,234,250,261,265,258,243,222
HD29,98/09/28,201,182,171,167,172,185,202,220,236,245,248,245,239,231,224,221,222,229,240,251,257,255,245,231
HD29,98/09/29,216,202,189,179,175,177,186,200,215,229,238,242,242,240,236,232,230,230,232,237,243,247,248,243
HD29,98/09/30,234,222,209,197,187,181,181,187,198,211,224,237,247,252,254,253,250,245,240,238,239,244,251,254
HD29,98/10/01,253,248,239,228,215,201,189,183,185,196,213,232,249,262,270,273,271,263,251,239,232,234,243,253
HD29,98/10/02,261,264,262,255,242,224,205,187,178,179,192,214,240,264,280,287,282,268,249,228,211,204,209,223
HD29,98/10/03,241,256,263,262,251,231,204,177,156,147,154,173,200,229,256,274,281,274,255,229,204,188,185,197
HD29,98/10/04,219,245,268,281,280,265,238,206,175,152,144,153,178,212,248,276,291,290,273,245,212,183,167,170
HD29,98/10/05,191,223,255,279,290,287,267,236,197,161,138,134,152,186,226,261,284,291,282,257,223,186,156,145
HD29,98/10/06,157,189,229,265,289,296,287,264,232,195,164,146,151,176,213,252,283,297,293,271,237,199,163,141
HD29,98/10/07,138,157,194,238,276,298,301,287,260,227,193,169,160,171,200,238,274,297,302,287,259,223,184,153
HD29,98/10/08,136,141,168,211,256,292,311,311,295,269,238,210,192,190,207,238,272,298,307,298,275,244,208,171
HD29,98/10/09,141,129,141,173,216,255,282,292,285,268,245,223,205,198,204,223,251,277,293,294,280,256,224,190
HD29,98/10/10,159,138,135,152,183,219,251,272,280,276,263,244,224,211,209,220,241,264,280,284,277,260,237,209
HD29,98/10/11,178,154,137,139,157,189,211,237,251,255,250,240,228,217,212,215,225,240,255,264,263,254,238,217
HD29,98/10/12,194,172,157,150,153,165,184,205,225,239,244,242,235,228,223,223,228,235,242,249,252,251,246,235
HD29,98/10/13,220,202,184,170,161,160,168,184,203,220,231,238,240,240,239,236,232,230,229,232,236,240,240,236
HD29,98/10/14,229,221,210,198,184,173,168,172,184,200,217,232,242,248,250,249,245,239,231,225,224,227,234,241
HD29,98/10/15,244,242,236,227,214,199,185,177,178,188,205,224,241,254,262,264,261,251,237,223,214,214,220,231
HD29,98/10/16,242,249,252,249,238,222,202,183,170,169,181,203,226,246,258,263,260,250,233,214,198,191,195,209
HD29,98/10/17,228,245,257,261,256,240,217,192,172,165,171,188,211,235,255,267,269,259,241,217,195,181,180,194
HD29,98/10/18,217,243,267,283,293,296,289,269,239,210,195,200,222,253,283,303,308,299,277,247,215,188,173,174
HD29,98/10/19,191,218,247,270,282,279,262,236,207,183,170,172,189,215,245,270,284,282,264,233,198,168,150,148
HD29,98/10/20,162,188,219,248,267,274,266,245,215,184,162,156,168,194,226,255,273,277,265,238,204,171,147,138
HD29,98/10/21,147,169,200,234,262,281,285,272,246,214,186,171,172,189,216,245,269,281,277,257,226,192,163,146
HD29,98/10/22,144,158,185,218,250,273,284,280,263,236,208,188,181,191,214,243,269,286,288,275,247,212,177,151
HD29,98/10/23,141,148,170,202,236,264,283,288,278,255,226,201,189,193,211,236,262,280,288,283,264,233,197,164
HD29,98/10/24,143,142,158,186,217,245,268,283,286,275,252,226,207,202,211,232,256,276,288,288,275,251,220,188
HD29,98/10/25,163,152,158,179,208,238,264,282,290,287,272,251,230,217,217,229,248,267,279,282,274,258,234,206
HD29,98/10/26,179,159,154,164,186,212,237,256,268,273,271,261,246,231,223,225,237,254,268,273,267,253,234,213
HD29,98/10/27,192,174,162,160,168,185,209,232,250,260,262,257,246,235,226,223,228,240,253,262,265,260,250,238
HD29,98/10/28,224,207,190,178,177,187,206,228,245,257,266,271,272,267,259,249,243,242,247,254,260,262,259,252
HD29,98/10/29,244,233,220,206,194,189,192,204,220,236,249,259,266,269,268,262,252,242,235,234,237,242,247,248
HD29,98/10/30,246,240,231,217,202,187,179,179,189,205,224,242,256,266,272,271,263,249,234,223,220,227,240,253
HD29,98/10/31,262,265,261,252,237,218,200,186,182,190,208,231,254,272,282,285,279,263,240,215,198,195,206,227
HD29,98/11/01,248,263,269,267,259,244,222,199,181,177,189,214,243,270,292,304,301,284,255,222,192,176,179,199
HD29,98/11/02,226,254,274,285,285,272,248,218,189,171,170,188,219,253,282,300,306,298,275,241,202,171,158,169
HD29,98/11/03,201,241,280,306,316,310,289,257,222,190,173,176,200,235,270,297,310,308,287,249,204,163,138,136
HD29,98/11/04,158,195,237,274,300,313,307,285,250,213,187,180,195,225,262,296,319,326,312,279,233,185,147,129
HD29,98/11/05,136,164,204,244,277,297,305,297,274,241,207,185,182,201,235,271,297,306,298,276,243,201,158,123
HD29,98/11/06,108,120,154,201,246,279,296,297,285,262,234,207,191,194,216,248,277,293,294,282,258,225,184,143
HD29,98/11/07,115,110,131,170,216,257,286,300,300,286,264,239,220,214,223,246,274,295,303,298,280,254,222,187
HD29,98/11/08,156,137,139,161,197,236,269,293,303,299,283,262,244,234,236,247,263,280,291,294,287,271,246,215
HD29,98/11/09,182,157,147,155,178,209,240,266,284,291,288,277,264,253,247,249,257,268,279,285,284,273,256,235
HD29,98/11/10,212,191,176,168,171,186,209,234,255,265,265,258,247,238,231,229,231,238,246,253,255,252,244,231
HD29,98/11/11,214,197,182,173,173,180,194,212,231,248,260,265,264,258,252,248,245,243,244,248,254,259,261,257
HD29,98/11/12,247,235,220,207,197,190,190,198,214,233,249,259,263,262,258,252,244,234,225,219,221,228,237,242
HD29,98/11/13,243,238,230,221,212,202,195,193,200,215,234,252,265,270,269,263,254,242,229,217,211,214,224,237
HD29,98/11/14,250,256,256,250,239,225,211,202,200,208,224,243,260,273,278,275,265,247,227,207,195,194,203,219
HD29,98/11/15,236,249,258,260,254,240,222,204,194,195,206,225,246,265,278,281,274,256,233,209,190,181,184,197
HD29,98/11/16,218,241,261,274,274,263,244,223,207,199,203,217,238,263,283,293,290,275,251,223,198,181,177,187
HD29,98/11/17,209,238,267,290,301,297,280,258,237,223,222,232,250,273,295,312,317,305,277,242,208,184,172,175
HD29,98/11/18,191,216,247,275,294,298,287,264,236,213,201,203,217,241,266,287,297,292,270,235,197,164,146,146
HD29,98/11/19,162,188,219,251,278,293,293,277,251,224,205,199,209,231,258,283,298,300,286,257,221,184,156,142
HD29,98/11/20,145,165,199,238,274,297,303,293,272,247,224,210,209,221,244,270,291,300,292,267,233,197,165,145
HD29,98/11/21,140,152,180,217,255,284,300,298,283,260,235,216,207,211,229,255,279,293,291,272,241,205,171,145
HD29,98/11/22,132,134,151,181,217,252,276,284,277,260,239,221,211,211,221,240,263,281,287,277,253,220,185,157
HD29,98/11/23,140,136,145,167,198,234,266,286,291,281,262,241,225,219,223,238,257,275,283,277,260,234,205,176
HD29,98/11/24,153,138,138,152,177,208,239,263,277,277,265,247,230,219,218,225,239,255,268,272,266,251,230,204
HD29,98/11/25,178,156,145,149,167,192,218,241,259,267,265,255,240,226,218,217,223,233,243,249,248,240,226,208
HD29,98/11/26,188,169,155,150,155,169,189,212,235,253,263,262,251,237,225,218,217,221,228,235,240,241,237,227
HD29,98/11/27,216,205,194,182,171,167,178,196,218,239,256,265,266,258,246,234,226,222,222,225,232,240,247,250
HD29,98/11/28,245,232,217,205,197,194,193,198,211,230,251,267,274,271,262,248,231,216,204,197,197,204,218,232
HD29,98/11/29,240,238,229,214,199,188,181,181,188,202,220,241,259,271,272,264,246,223,200,182,175,182,199,220
HD29,98/11/30,240,253,257,252,239,221,203,190,186,192,208,231,254,273,283,281,266,240,209,180,163,159,170,191
HD29,98/12/01,217,244,266,276,272,255,231,209,195,193,202,220,243,267,286,294,287,263,228,189,156,140,143,162
HD29,98/12/02,192,225,255,275,282,275,257,232,208,192,189,199,221,248,273,288,288,270,236,194,154,125,113,121
HD29,98/12/03,146,182,223,259,284,292,282,259,232,209,195,195,209,233,260,283,295,289,264,223,176,136,110,104
HD29,98/12/04,118,148,188,231,268,293,298,284,256,226,204,194,200,217,243,270,290,295,280,247,203,158,121,101
HD29,98/12/05,100,119,152,195,238,274,293,292,273,246,221,206,205,215,234,257,279,293,291,271,235,191,150,119
HD29,98/12/06,105,111,134,170,211,250,277,287,278,257,233,213,203,204,215,234,256,274,281,272,247,210,170,133
HD29,98/12/07,109,101,113,139,174,211,244,267,277,270,250,226,207,201,208,226,247,266,277,278,265,242,211,179
HD29,98/12/08,152,136,135,150,176,209,241,268,285,287,275,254,233,220,216,223,236,250,261,265,261,246,224,196
HD29,98/12/09,169,148,137,140,154,177,204,230,250,260,258,247,231,218,211,212,218,227,236,243,246,242,231,212
HD29,98/12/10,189,166,150,145,151,166,186,207,227,241,249,248,239,225,212,205,205,209,215,220,223,225,225,221
HD29,98/12/11,211,196,180,168,165,172,186,204,222,239,251,257,255,247,235,223,214,209,208,209,210,210,211,214
HD29,98/12/12,215,211,201,185,172,167,171,183,198,212,225,236,242,240,232,221,209,199,192,188,189,194,204,215
HD29,98/12/13,223,226,222,212,201,191,187,190,200,214,229,243,252,255,252,242,229,214,198,184,177,180,192,208
HD29,98/12/14,224,234,240,240,233,222,210,201,200,209,224,240,254,262,263,258,246,227,205,184,171,169,179,196
HD29,98/12/15,215,232,246,253,252,243,228,214,204,202,208,222,239,253,261,259,248,228,203,177,157,147,150,167
HD29,98/12/16,191,217,240,254,259,254,243,228,213,203,204,215,235,256,270,275,268,250,224,192,162,142,136,147
HD29,98/12/17,171,200,229,252,265,265,256,240,222,207,201,207,224,245,265,278,278,264,236,201,166,140,128,130
HD29,98/12/18,145,170,202,234,258,270,266,250,228,208,196,197,208,226,247,266,276,273,252,218,180,146,125,120
HD29,98/12/19,131,157,190,226,258,280,287,279,260,237,220,211,215,230,254,279,296,298,282,250,211,174,146,132
HD29,98/12/20,135,153,183,221,258,286,299,295,277,252,229,213,211,220,240,264,283,289,279,254,219,181,148,125
HD29,98/12/21,117,127,152,187,224,256,278,287,280,262,237,216,206,211,227,250,272,285,286,273,246,212,175,144
HD29,98/12/22,126,126,143,173,209,244,272,289,290,277,256,233,216,213,224,245,269,287,293,286,266,237,204,171
HD29,98/12/23,147,136,142,162,191,224,254,277,288,284,267,244,224,212,215,230,251,269,279,279,271,254,228,197
HD29,98/12/24,167,146,140,150,172,202,234,262,279,280,269,251,233,220,213,215,223,236,250,261,264,256,237,211
HD29,98/12/25,185,164,154,155,167,187,212,239,264,280,283,272,252,231,218,214,219,228,238,247,255,259,257,244
HD29,98/12/26,223,199,180,173,178,192,211,232,252,270,280,281,270,251,232,218,211,209,212,219,228,238,244,243
HD29,98/12/27,233,218,201,187,181,182,191,206,224,243,258,267,266,256,239,222,206,195,190,191,198,210,223,233
HD29,98/12/28,236,231,221,208,197,189,188,194,206,223,241,255,262,260,250,234,214,194,176,165,166,178,197,217
HD29,98/12/29,232,241,242,237,227,213,202,197,201,214,231,248,261,268,268,259,241,214,185,162,151,155,171,194
HD29,98/12/30,219,242,259,266,262,249,232,217,210,214,226,243,260,274,280,277,263,235,199,161,133,124,135,158
HD29,98/12/31,188,218,246,266,274,268,252,232,216,210,214,227,245,263,278,285,279,259,225,183,143,118,113,129
