HD29,09/01/01,165,153,155,171,198,231,262,285,296,293,278,258,238,225,224,234,252,273,288,293,284,265,239,211
HD29,09/01/02,186,168,162,171,193,222,252,275,288,290,281,264,243,225,215,216,229,246,262,270,270,262,246,226
HD29,09/01/03,202,181,168,170,184,208,233,256,272,279,276,263,242,220,205,200,205,216,230,242,250,253,249,238
HD29,09/01/04,219,199,185,181,189,205,224,243,260,272,276,269,253,235,217,203,197,198,208,219,231,241,246,245
HD29,09/01/05,236,223,209,202,201,209,223,239,256,269,276,275,264,247,227,210,198,191,191,195,206,221,235,245
HD29,09/01/06,248,243,234,227,223,225,231,239,250,262,272,277,274,262,242,222,203,187,175,169,171,183,202,221
HD29,09/01/07,236,242,243,241,239,236,234,234,239,247,258,266,269,265,254,237,215,191,168,150,143,149,166,189
HD29,09/01/08,213,234,248,257,259,256,248,240,236,239,247,258,265,268,265,255,238,213,182,151,128,121,132,156
HD29,09/01/09,186,216,242,263,275,277,270,258,246,240,243,253,266,277,283,283,275,255,223,183,146,123,121,138
HD29,09/01/10,169,206,243,274,297,309,308,297,280,264,253,254,266,283,298,307,304,289,258,216,171,132,109,107
HD29,09/01/11,123,154,194,235,270,292,297,288,269,250,236,230,235,249,269,291,305,303,282,246,200,155,119,100
HD29,09/01/12,101,122,159,204,248,283,300,299,283,261,242,231,230,240,261,286,306,314,305,279,241,197,155,124
HD29,09/01/13,109,114,140,181,227,267,291,297,289,270,248,228,214,212,225,250,280,303,307,291,259,220,182,148
HD29,09/01/14,122,112,123,154,196,239,271,287,284,269,245,220,200,191,197,217,248,278,297,297,279,250,217,183
HD29,09/01/15,152,132,132,153,188,226,258,278,282,272,252,226,201,184,179,189,212,239,261,272,268,251,226,197
HD29,09/01/16,169,149,141,149,173,206,241,267,278,273,255,230,205,184,174,176,190,212,235,251,256,250,236,217
HD29,09/01/17,194,175,162,162,176,201,229,254,269,271,260,239,214,190,173,166,170,183,199,214,224,229,227,218
HD29,09/01/18,204,188,176,172,179,196,219,239,254,260,256,243,224,203,185,172,165,169,180,193,205,215,222,225
HD29,09/01/19,223,219,213,209,211,221,236,253,267,275,276,268,254,235,216,199,188,182,180,181,185,193,204,213
HD29,09/01/20,219,220,218,215,214,216,223,232,242,249,252,250,243,232,219,204,189,175,165,160,162,169,180,193
HD29,09/01/21,206,217,224,227,229,228,228,229,233,238,243,247,246,241,232,221,208,192,174,156,146,148,161,179
HD29,09/01/22,197,214,229,240,246,246,241,235,230,230,234,240,245,248,247,241,229,210,185,161,144,139,146,161
HD29,09/01/23,182,205,229,250,265,270,264,252,241,236,238,245,253,261,268,271,265,249,222,190,163,147,146,158
HD29,09/01/24,179,204,231,258,278,287,281,266,246,231,226,230,240,251,263,272,273,262,237,202,165,137,123,126
HD29,09/01/25,143,169,200,231,257,272,274,263,244,224,211,210,219,236,256,274,282,276,254,221,184,150,127,120
HD29,09/01/26,129,153,186,220,251,271,276,268,249,227,207,196,199,215,240,265,281,282,266,236,199,161,131,114
HD29,09/01/27,115,132,162,199,234,260,271,267,250,226,202,185,180,189,213,243,269,280,272,247,211,172,137,112
HD29,09/01/28,103,112,139,176,214,245,263,266,253,230,203,181,171,175,194,222,252,272,277,262,233,195,158,128
HD29,09/01/29,112,114,134,167,205,240,264,274,267,246,217,190,172,168,181,207,239,267,280,275,252,220,185,153
HD29,09/01/30,131,123,134,162,198,233,260,274,272,256,231,203,178,164,167,188,219,250,271,277,267,245,216,187
HD29,09/01/31,163,151,153,172,203,240,271,290,293,280,256,227,199,179,170,180,206,237,261,273,271,260,241,217
HD29,09/02/01,192,172,163,171,194,224,253,272,279,273,256,233,206,182,166,165,178,201,227,246,256,255,246,231
HD29,09/02/02,213,198,188,190,203,225,249,269,280,280,270,250,224,196,174,163,166,181,201,219,232,239,241,237
HD29,09/02/03,228,216,205,202,207,221,239,256,267,271,266,253,233,210,187,170,162,164,173,185,197,209,219,226
HD29,09/02/04,229,226,220,215,215,221,232,244,254,259,258,251,241,225,206,186,169,157,154,158,166,178,193,208
HD29,09/02/05,222,232,237,238,236,236,238,243,249,254,257,257,254,247,236,219,199,178,160,149,148,155,170,190
HD29,09/02/06,212,233,250,261,264,260,253,248,244,245,247,252,256,258,256,246,227,201,171,144,126,121,130,151
HD29,09/02/07,179,209,237,258,269,269,261,249,237,230,230,236,247,259,268,270,260,239,208,171,139,119,115,128
HD29,09/02/08,154,189,226,259,280,286,278,261,241,225,218,221,233,252,270,282,283,269,240,199,156,120,100,100
HD29,09/02/09,120,153,194,233,263,279,279,265,244,222,205,198,206,227,255,281,296,294,276,242,199,156,122,106
HD29,09/02/10,112,139,182,228,268,293,299,288,266,239,214,198,196,212,241,274,301,314,306,278,238,193,152,123
HD29,09/02/11,113,127,161,206,250,282,296,291,272,243,213,189,177,184,209,244,280,305,310,296,266,228,188,153
HD29,09/02/12,133,132,155,194,238,274,294,294,278,250,217,188,167,161,174,203,240,273,290,287,268,239,206,174
HD29,09/02/13,149,137,145,173,215,256,284,291,280,256,226,196,171,158,162,184,217,252,279,289,283,265,241,216
HD29,09/02/14,194,181,184,205,238,273,299,309,304,285,255,223,194,174,168,177,199,226,251,265,267,257,240,220
HD29,09/02/15,201,187,181,188,209,238,266,282,283,269,246,219,191,169,157,159,173,195,217,236,246,248,242,231
HD29,09/02/16,219,209,205,210,224,243,264,280,287,282,266,242,216,192,176,170,173,183,196,211,222,227,227,222
HD29,09/02/17,217,213,209,208,211,220,233,249,261,264,256,238,217,198,184,174,169,170,176,187,198,207,214,218
HD29,09/02/18,221,224,225,225,227,230,238,248,256,259,256,246,232,218,204,192,183,176,173,175,180,189,200,211
HD29,09/02/19,219,225,229,232,234,235,236,238,241,243,244,241,236,229,220,210,197,183,170,163,161,167,179,193
HD29,09/02/20,209,225,240,250,255,254,251,249,250,254,258,262,265,267,265,259,246,228,208,191,180,178,182,192
HD29,09/02/21,207,226,246,261,266,260,249,238,230,226,224,226,231,239,246,247,238,220,196,170,149,136,136,146
HD29,09/02/22,166,192,220,245,260,262,252,236,222,213,210,213,224,239,255,266,266,251,225,193,163,142,135,142
HD29,09/02/23,163,192,223,251,270,277,272,258,238,219,206,203,212,232,255,272,278,268,245,212,178,148,129,125
HD29,09/02/24,139,168,204,239,265,276,273,257,233,209,190,182,190,213,244,271,287,286,268,238,203,169,144,133
HD29,09/02/25,139,163,199,239,272,291,293,280,256,229,203,188,188,207,239,274,299,308,297,271,235,198,166,145
HD29,09/02/26,141,156,187,226,261,285,290,279,254,222,191,169,162,173,200,235,268,289,291,274,242,205,170,143
HD29,09/02/27,132,140,165,202,240,269,284,280,260,228,193,162,145,149,172,208,245,274,287,281,261,230,197,168
HD29,09/02/28,150,150,168,199,235,266,284,285,270,240,203,168,144,139,152,182,218,251,272,277,266,242,213,183
HD29,09/03/01,162,155,165,188,219,249,271,278,271,248,215,179,148,133,135,155,187,221,249,265,267,254,233,210
HD29,09/03/02,189,178,179,194,219,245,266,275,271,254,227,194,161,137,127,134,156,185,213,233,243,242,231,215
HD29,09/03/03,197,184,181,190,209,232,252,264,266,257,237,209,179,153,137,133,144,163,185,206,222,231,233,228
HD29,09/03/04,220,211,208,212,223,237,252,265,270,267,254,234,211,188,169,155,150,154,167,185,203,216,224,226
HD29,09/03/05,227,226,225,225,227,232,241,251,257,257,250,239,224,207,189,170,156,149,150,158,169,183,197,211
HD29,09/03/06,224,235,242,245,245,244,245,248,252,254,255,252,248,242,233,217,196,176,163,159,162,170,184,202
HD29,09/03/07,224,245,260,266,264,256,247,241,238,237,239,241,245,247,246,237,219,194,166,141,127,126,137,157
HD29,09/03/08,183,210,234,250,257,252,240,226,213,205,205,213,226,240,251,253,245,224,194,160,131,113,112,127
HD29,09/03/09,155,190,225,252,266,264,250,229,208,192,184,189,204,228,251,268,271,259,231,194,156,127,114,119
HD29,09/03/10,141,175,212,246,268,275,267,247,221,195,177,174,189,217,248,275,290,289,269,234,192,151,123,116
HD29,09/03/11,131,162,200,236,263,275,270,250,219,185,158,145,151,175,210,246,275,287,280,254,216,173,138,118
HD29,09/03/12,120,142,177,217,251,271,271,253,223,187,153,130,124,139,171,212,249,273,278,264,235,198,163,137
HD29,09/03/13,129,141,171,208,244,270,278,267,240,204,166,137,124,132,158,194,233,265,283,284,268,242,215,191
HD29,09/03/14,178,178,195,227,265,299,319,322,304,268,218,172,147,149,169,196,224,251,272,283,277,256,226,197
HD29,09/03/15,179,176,188,210,237,263,279,281,266,237,201,165,139,129,134,154,183,215,243,260,263,252,233,212
HD29,09/03/16,197,190,192,205,227,251,270,278,270,248,217,185,159,143,141,151,170,194,219,240,250,249,237,222
HD29,09/03/17,210,205,206,215,228,246,264,276,276,262,237,207,178,157,146,147,160,176,194,209,222,229,229,223
HD29,09/03/18,214,206,205,210,220,232,244,252,253,246,231,210,189,172,161,158,160,168,180,193,206,215,221,223
HD29,09/03/19,223,222,222,224,228,233,240,246,250,248,239,225,210,196,185,178,173,171,174,180,190,201,211,219
HD29,09/03/20,225,230,234,239,241,242,242,243,246,249,245,234,221,212,206,200,189,175,164,159,162,173,187,201
HD29,09/03/21,211,219,225,231,233,232,228,221,217,217,219,222,223,222,217,210,200,189,177,166,160,162,173,190
HD29,09/03/22,210,230,245,255,256,250,241,231,224,221,225,235,247,256,259,256,248,234,215,196,181,176,183,199
HD29,09/03/23,222,246,263,273,275,269,256,238,218,203,200,208,226,244,256,258,250,234,212,187,164,147,143,154
HD29,09/03/24,177,208,238,259,267,261,245,225,204,187,179,184,203,229,254,269,270,258,236,208,180,156,145,150
HD29,09/03/25,172,204,237,265,281,281,267,243,215,190,176,177,194,222,253,278,291,289,271,241,207,176,157,156
HD29,09/03/26,171,199,232,262,282,286,274,249,217,186,163,156,168,196,233,267,290,296,285,260,228,194,168,157
HD29,09/03/27,163,187,222,257,285,296,289,265,230,191,160,144,147,170,205,245,279,300,300,282,252,218,188,169
HD29,09/03/28,165,180,210,245,276,292,291,272,240,201,164,137,128,141,172,213,254,283,295,289,268,239,210,188
HD29,09/03/29,178,184,205,236,266,287,293,280,253,216,176,143,124,125,145,181,222,259,283,288,277,254,228,205
HD29,09/03/30,190,187,199,224,254,278,289,283,262,230,194,159,132,120,127,153,190,229,260,275,275,264,247,229
HD29,09/03/31,213,205,209,225,249,271,286,286,273,249,218,184,154,133,127,139,166,200,233,258,269,269,261,249
HD29,09/04/01,236,228,227,236,252,270,286,292,287,270,246,218,189,165,150,149,161,185,211,235,252,261,264,259
HD29,09/04/02,251,242,239,244,253,262,269,273,273,267,252,232,209,187,168,155,151,157,172,191,210,225,236,242
HD29,09/04/03,244,244,242,242,243,246,252,257,261,261,256,245,231,214,197,180,167,161,162,169,182,198,214,229
HD29,09/04/04,240,246,248,245,241,236,233,233,234,237,238,239,237,231,222,209,193,175,161,155,159,173,192,214
HD29,09/04/05,234,250,259,260,254,243,231,221,216,217,223,233,241,246,246,238,223,201,178,158,148,151,166,189
HD29,09/04/06,215,239,257,264,260,246,228,210,197,193,197,210,229,248,261,264,256,236,209,180,158,149,154,174
HD29,09/04/07,202,232,257,270,270,256,234,208,184,169,166,176,197,225,252,269,271,257,230,198,168,148,144,156
HD29,09/04/08,181,212,243,265,272,262,238,207,177,154,144,148,168,199,233,263,279,277,256,225,193,166,151,152
HD29,09/04/09,169,198,231,260,274,270,248,217,183,152,131,125,138,166,205,243,270,280,270,246,215,185,162,153
HD29,09/04/10,161,186,219,253,275,278,263,232,195,158,130,117,122,145,181,221,257,278,281,266,240,211,186,171
HD29,09/04/11,170,184,211,244,270,281,273,247,211,173,138,116,111,125,155,193,231,259,273,268,250,224,199,181
HD29,09/04/12,174,181,201,229,257,274,275,258,227,190,154,127,114,118,139,172,210,245,268,275,266,248,226,207
HD29,09/04/13,196,197,211,234,259,279,286,277,253,221,186,155,135,130,139,163,196,229,256,271,272,262,244,227
HD29,09/04/14,214,211,216,231,251,271,282,281,265,237,203,172,149,136,137,151,176,207,237,257,266,264,257,250
HD29,09/04/15,245,241,240,242,251,266,282,289,281,259,230,201,177,162,155,160,174,195,217,236,248,253,251,244
HD29,09/04/16,235,229,228,232,240,251,261,268,267,255,236,212,191,174,163,160,165,178,194,212,228,239,244,243
HD29,09/04/17,239,234,231,230,233,238,246,252,253,249,238,222,205,189,176,168,164,168,178,191,205,217,228,235
HD29,09/04/18,240,240,238,234,231,229,231,235,238,238,234,227,219,209,198,188,179,175,176,182,192,204,218,230
HD29,09/04/19,239,244,245,241,234,226,220,217,218,221,225,226,226,223,216,206,193,180,171,168,173,184,198,213
HD29,09/04/20,227,239,246,246,238,226,212,204,201,204,211,220,228,234,234,227,214,196,180,170,168,174,186,203
HD29,09/04/21,223,242,257,261,253,237,218,202,192,190,197,212,230,246,256,256,246,230,211,194,183,182,192,211
HD29,09/04/22,235,259,277,285,279,263,241,216,195,183,184,198,221,248,269,279,276,262,240,215,194,181,180,193
HD29,09/04/23,216,243,267,281,282,267,241,211,180,157,9999,9999,9999,9999,9999,9999,9999,9999,254,228,201,180,171,177
HD29,09/04/24,196,225,254,275,281,270,245,211,175,145,128,130,152,188,227,260,279,282,271,248,221,195,177,174
HD29,09/04/25,187,214,246,274,288,285,265,233,195,158,130,121,134,167,211,256,290,308,308,292,267,240,221,214
HD29,09/04/26,220,238,264,291,311,317,306,281,244,204,169,147,146,166,203,248,290,320,331,325,305,280,256,238
HD29,09/04/27,229,234,251,276,299,311,307,286,253,211,169,136,121,128,155,192,232,266,288,297,291,275,253,231
HD29,09/04/28,219,220,234,258,281,297,300,289,265,230,190,152,126,118,131,160,198,235,265,283,288,281,265,247
HD29,09/04/29,232,226,231,246,266,283,292,290,276,249,214,177,145,126,125,140,167,199,231,256,272,275,268,255
HD29,09/04/30,242,233,232,238,250,264,274,279,274,258,234,203,173,147,133,133,147,170,197,223,245,259,263,259
HD29,09/05/01,250,241,235,235,240,247,256,263,267,263,251,232,208,185,165,154,153,163,182,205,227,245,257,262
HD29,09/05/02,260,254,246,240,237,238,242,248,253,256,254,248,237,223,206,189,177,174,180,195,213,232,249,262
HD29,09/05/03,270,271,266,255,243,234,230,231,236,242,248,253,255,253,243,228,210,194,187,190,202,220,239,256
HD29,09/05/04,269,275,275,268,254,238,223,214,213,220,230,242,254,263,266,259,243,223,204,193,194,205,224,244
HD29,09/05/05,262,275,281,278,266,246,224,205,194,193,203,220,241,260,273,277,268,250,229,209,197,196,208,228
HD29,09/05/06,251,270,281,283,274,255,229,202,182,172,176,192,215,240,263,277,280,269,250,226,207,197,201,216
HD29,09/05/07,238,260,277,284,279,262,235,204,175,157,153,165,188,218,249,273,287,289,274,253,229,212,208,216
HD29,09/05/08,235,258,276,290,290,280,257,225,190,160,144,147,168,200,234,263,283,293,290,274,251,226,209,207
HD29,09/05/09,220,242,265,282,288,280,259,228,192,157,131,122,134,162,198,234,263,281,282,277,257,236,216,205
HD29,09/05/10,207,224,249,273,287,285,268,241,207,173,144,124,122,141,174,213,248,272,283,281,268,248,228,214
HD29,09/05/11,210,218,237,260,278,285,277,256,224,188,152,126,116,125,151,187,223,253,271,277,271,257,239,223
HD29,09/05/12,213,215,229,250,271,284,284,270,245,212,178,149,133,133,150,178,212,245,270,285,287,280,266,250
HD29,09/05/13,236,232,238,253,269,285,291,285,265,237,205,175,153,143,148,166,192,222,248,266,273,270,259,244
HD29,09/05/14,230,221,221,231,248,265,277,278,268,246,219,193,172,159,156,164,183,206,229,247,259,264,260,250
HD29,09/05/15,236,225,219,221,230,245,259,266,262,247,224,199,177,160,150,149,159,178,201,224,242,251,252,246
HD29,09/05/16,238,230,224,221,222,228,238,248,254,249,235,215,195,180,169,163,164,172,189,209,229,244,252,253
HD29,09/05/17,249,241,234,228,225,226,232,241,249,254,252,245,233,220,208,197,193,196,206,221,236,252,267,277
HD29,09/05/18,281,279,271,259,246,236,232,234,240,247,250,248,244,235,224,211,200,193,194,200,212,227,243,256
HD29,09/05/19,264,266,261,249,234,218,206,202,206,216,227,238,244,245,241,233,222,210,202,201,207,220,237,252
HD29,09/05/20,263,270,269,260,242,220,199,185,181,187,200,218,235,248,254,251,240,225,209,197,195,202,217,235
HD29,09/05/21,252,264,268,263,247,222,195,172,157,155,167,189,215,238,255,261,257,244,227,211,199,198,207,225
HD29,09/05/22,246,265,276,276,263,240,209,178,153,140,144,164,196,230,258,276,281,275,259,239,221,211,212,224
HD29,09/05/23,245,267,285,292,285,265,233,196,160,134,126,138,166,204,243,274,292,294,283,264,242,225,216,219
HD29,09/05/24,233,255,278,292,294,279,251,214,173,136,112,109,128,164,208,249,280,296,295,284,265,244,228,221
HD29,09/05/25,227,245,268,289,298,293,272,238,196,151,115,97,102,128,167,211,252,281,294,292,278,258,237,224
HD29,09/05/26,222,233,254,277,294,299,288,263,226,182,139,108,97,108,137,177,218,255,282,293,289,273,252,234
HD29,09/05/27,224,227,241,262,282,294,294,280,253,216,175,137,113,104,120,149,187,226,259,280,288,282,267,248
HD29,09/05/28,233,226,232,247,266,283,292,289,274,248,213,175,142,124,121,142,166,202,230,262,281,286,279,263
HD29,09/05/29,245,233,230,236,251,265,279,287,286,271,247,216,183,157,142,142,155,180,210,240,264,279,280,270
HD29,09/05/30,254,240,232,231,237,247,259,269,275,274,263,244,221,197,176,168,169,183,205,231,256,275,285,284
HD29,09/05/31,273,258,244,235,232,235,242,252,262,268,268,261,247,231,214,199,190,190,200,219,242,263,278,283
HD29,09/06/01,278,265,250,235,223,216,216,222,232,241,249,253,253,248,236,220,204,195,196,207,224,242,257,268
HD29,09/06/02,272,268,255,238,218,202,192,190,196,207,221,234,245,252,251,244,230,217,208,208,217,233,250,264
HD29,09/06/03,272,273,266,252,232,210,190,178,176,183,197,215,234,250,261,262,254,240,227,220,217,227,241,258
HD29,09/06/04,271,279,277,267,250,227,202,179,164,161,172,193,218,243,261,271,271,263,249,235,226,225,233,248
HD29,09/06/05,265,278,284,279,264,241,213,184,161,150,152,167,192,222,250,272,283,281,269,252,237,230,232,243
HD29,09/06/06,260,279,286,295,287,268,239,207,176,155,147,156,177,208,241,270,290,298,295,282,264,249,242,245
HD29,09/06/07,258,276,293,303,303,291,268,238,206,176,156,153,167,195,230,263,289,305,310,302,285,265,249,243
HD29,09/06/08,249,265,285,301,307,301,283,256,222,187,158,143,146,165,197,233,266,289,301,297,286,268,250,238
HD29,09/06/09,236,245,263,283,297,299,287,264,232,197,165,143,137,148,174,209,243,272,292,295,289,272,252,237
HD29,09/06/10,231,236,251,270,287,297,295,279,252,217,182,156,142,146,165,194,227,258,282,295,294,283,266,248
HD29,09/06/11,237,236,245,262,281,297,302,294,273,244,213,183,163,158,166,189,218,249,275,292,297,290,275,256
HD29,09/06/12,240,232,235,247,264,281,290,289,275,252,222,192,168,155,156,171,196,226,254,275,286,286,277,261
HD29,09/06/13,245,233,228,233,246,263,277,283,278,261,236,209,185,168,163,169,186,211,238,262,278,283,276,262
HD29,09/06/14,244,229,220,220,228,241,255,266,269,262,246,224,202,184,173,171,179,197,220,243,263,273,273,263
HD29,09/06/15,249,234,222,213,212,218,230,244,253,255,248,234,217,201,189,181,181,190,206,227,248,263,270,268
HD29,09/06/16,257,240,222,208,201,200,206,217,229,239,243,239,230,218,206,196,191,192,201,216,234,251,263,267
HD29,09/06/17,261,248,234,217,201,188,182,188,201,217,229,236,237,233,225,216,208,203,204,211,224,240,255,265
HD29,09/06/18,266,259,244,225,204,185,173,169,176,191,209,226,239,245,246,240,232,223,218,219,225,237,251,263
HD29,09/06/19,270,269,261,245,222,196,173,158,154,163,182,205,228,246,258,261,257,248,237,228,225,230,241,256
HD29,09/06/20,269,276,274,262,241,213,183,157,140,137,149,173,203,234,259,274,279,274,261,248,238,235,240,252
HD29,09/06/21,267,280,287,284,271,247,215,181,151,132,131,148,178,213,247,273,289,294,288,274,257,243,237,243
HD29,09/06/22,258,275,288,295,290,272,241,203,164,131,113,115,137,174,216,254,283,298,301,291,274,256,244,242
HD29,09/06/23,252,271,293,310,314,303,277,243,203,162,129,114,120,145,183,225,264,292,305,302,287,268,249,236
HD29,09/06/24,234,243,262,285,302,306,294,268,230,185,143,111,99,111,142,185,229,265,289,296,289,272,250,231
HD29,09/06/25,220,220,235,258,283,299,300,284,254,214,171,134,109,103,119,151,192,234,268,286,288,276,255,234
HD29,09/06/26,217,210,215,231,253,276,290,290,274,244,206,168,135,117,117,136,169,208,244,270,281,278,263,242
HD29,09/06/27,221,206,201,208,225,247,267,279,277,260,233,201,170,146,135,141,163,194,229,258,276,280,271,253
HD29,09/06/28,231,212,201,199,208,225,245,261,269,266,252,230,206,184,168,162,170,190,218,246,268,280,279,266
HD29,09/06/29,246,226,208,196,194,204,220,238,251,256,254,246,233,217,202,192,191,201,220,242,263,277,281,274
HD29,09/06/30,257,238,218,203,193,192,199,211,226,239,246,246,242,236,227,219,214,216,224,238,256,271,279,279
HD29,09/07/01,269,254,235,216,199,188,183,188,200,214,228,238,245,247,246,241,235,232,235,243,256,269,279,283
HD29,09/07/02,280,271,257,240,220,200,186,178,180,190,206,223,239,251,257,257,254,248,242,240,244,252,263,272
HD29,09/07/03,275,272,262,248,229,208,187,171,163,165,177,196,218,237,253,262,265,261,253,245,239,241,249,261
HD29,09/07/04,271,275,273,263,247,225,200,177,159,153,158,175,199,225,249,265,273,271,263,252,241,235,236,244
HD29,09/07/05,255,266,272,269,257,236,209,181,156,139,135,145,166,194,223,248,265,271,267,256,242,230,224,226
HD29,09/07/06,237,252,266,272,267,252,227,197,167,141,126,125,141,170,204,237,261,272,272,261,246,232,221,218
HD29,09/07/07,225,240,259,272,278,269,249,220,187,156,133,125,131,155,188,223,253,274,281,276,261,242,226,217
HD29,09/07/08,219,234,254,274,287,287,274,249,216,180,149,131,130,148,177,211,244,270,285,286,275,256,236,220
HD29,09/07/09,215,223,242,265,284,293,287,268,238,203,168,142,131,141,164,199,234,264,283,290,283,265,244,224
HD29,09/07/10,213,215,230,252,276,292,297,288,266,233,196,165,148,149,160,193,224,255,279,290,287,272,251,229
HD29,09/07/11,212,204,209,226,249,269,281,279,262,234,201,169,146,136,142,163,192,225,253,271,276,267,248,225
HD29,09/07/12,204,192,192,203,223,245,262,270,264,246,218,188,162,147,147,161,186,216,244,264,274,271,258,237
HD29,09/07/13,215,197,189,194,209,230,252,265,267,257,237,214,192,176,169,173,190,215,243,266,279,280,270,251
HD29,09/07/14,229,207,192,186,191,206,225,243,253,253,242,225,205,188,178,177,186,204,226,249,266,274,271,257
HD29,09/07/15,237,215,196,185,184,191,207,225,240,250,251,245,233,220,209,204,207,218,234,251,267,279,283,276
HD29,09/07/16,260,238,215,196,184,182,189,201,217,231,241,245,243,237,229,222,219,222,231,243,256,268,276,276
HD29,09/07/17,267,249,227,205,187,174,170,174,186,203,222,238,248,251,250,246,243,243,244,247,254,263,273,280
HD29,09/07/18,278,266,250,230,208,187,172,164,166,177,196,218,240,257,268,272,269,264,258,254,256,262,270,279
HD29,09/07/19,284,284,277,262,240,213,187,166,154,154,167,190,220,250,275,290,294,290,281,271,262,258,260,268
HD29,09/07/20,279,289,293,287,269,241,207,173,146,132,133,149,177,213,248,276,293,295,286,271,255,245,243,249
HD29,09/07/21,262,278,292,299,294,275,244,204,165,136,121,128,150,184,224,263,293,308,308,295,276,258,249,249
HD29,09/07/22,259,274,292,308,317,311,288,250,206,164,133,120,127,151,189,233,273,300,308,298,278,254,233,221
HD29,09/07/23,221,234,257,283,303,310,298,269,228,182,139,110,103,118,151,194,238,273,292,294,279,254,227,206
HD29,09/07/24,196,203,224,254,283,301,305,291,261,222,178,140,117,116,137,175,219,259,285,295,287,267,239,212
HD29,09/07/25,192,187,199,225,257,284,299,297,280,250,213,175,145,131,139,166,204,243,274,292,293,278,252,221
HD29,09/07/26,194,179,180,197,224,251,273,285,282,266,238,204,174,155,153,169,198,232,263,284,291,284,263,234
HD29,09/07/27,205,182,173,179,197,222,246,263,271,267,252,228,203,183,174,179,197,225,253,274,285,284,271,247
HD29,09/07/28,221,197,180,175,183,201,221,241,255,260,256,244,229,212,201,199,209,228,250,269,281,284,277,260
HD29,09/07/29,237,212,192,180,178,185,199,216,232,242,247,247,242,235,227,222,224,234,250,267,280,285,283,272
HD29,09/07/30,254,234,214,198,187,184,189,198,211,223,234,241,245,245,243,241,240,242,248,257,265,271,273,270
HD29,09/07/31,261,246,228,209,193,182,176,177,182,192,205,219,231,241,249,252,252,251,249,250,255,262,268,272
HD29,09/08/01,269,262,250,236,219,202,187,177,175,180,192,208,226,243,257,266,269,268,262,256,254,255,262,269
HD29,09/08/02,273,273,267,257,242,223,202,183,170,166,172,186,206,229,251,268,275,275,269,259,251,247,248,253
HD29,09/08/03,262,270,275,273,262,242,217,191,169,156,154,163,183,210,239,262,277,280,273,260,246,236,232,236
HD29,09/08/04,248,263,276,282,277,262,238,210,181,159,149,152,170,198,229,258,279,290,287,274,256,238,229,229
HD29,09/08/05,240,258,276,290,294,286,267,239,206,175,152,145,155,181,214,248,275,290,292,281,263,243,227,220
HD29,09/08/06,224,240,263,285,298,298,282,254,220,186,159,145,146,164,196,233,267,289,295,287,267,244,223,210
HD29,09/08/07,210,222,245,271,293,303,296,275,242,205,173,153,148,161,188,223,260,288,302,299,280,253,227,209
HD29,09/08/08,204,212,232,258,283,302,304,292,265,229,194,169,155,161,181,213,249,281,301,304,291,266,239,215
HD29,09/08/09,201,200,214,240,270,295,307,303,283,253,219,190,170,167,180,207,241,274,297,305,296,276,249,222
HD29,09/08/10,202,193,199,219,249,279,301,305,302,276,245,213,191,183,190,209,236,266,293,310,311,295,269,239
HD29,09/08/11,212,196,194,208,232,261,286,300,301,288,265,238,215,204,205,216,237,263,289,307,311,302,280,251
HD29,09/08/12,223,201,193,194,212,234,259,280,291,290,277,257,236,222,218,225,241,261,281,297,305,303,289,266
HD29,09/08/13,238,213,195,189,195,211,233,254,272,279,277,269,255,244,238,239,247,260,277,292,302,304,295,276
HD29,09/08/14,252,228,207,193,185,187,198,216,236,252,259,258,251,245,242,242,245,251,259,269,279,284,283,273
HD29,09/08/15,256,234,213,194,180,172,173,181,195,212,228,241,249,253,253,253,252,253,255,259,264,269,271,270
HD29,09/08/16,262,251,234,214,193,175,162,158,163,176,193,213,234,250,261,266,266,262,257,253,253,256,261,266
HD29,09/08/17,268,265,257,243,223,199,174,153,143,145,158,181,208,235,257,272,278,276,267,256,246,242,244,253
HD29,09/08/18,264,274,278,273,258,233,202,171,144,129,131,148,177,212,245,272,287,289,281,264,247,233,228,233
HD29,09/08/19,247,266,283,292,289,271,240,202,164,134,121,123,147,183,225,263,288,297,292,276,255,233,217,213
HD29,09/08/20,223,245,272,295,306,299,275,239,198,160,131,119,129,159,203,248,284,303,302,287,263,237,215,201
HD29,09/08/21,203,220,250,284,308,315,303,276,240,201,165,140,134,151,187,233,276,304,312,299,274,244,217,199
HD29,09/08/22,191,199,222,257,293,317,319,301,268,228,191,163,151,156,179,216,258,294,312,307,284,250,215,187
HD29,09/08/23,173,174,190,221,256,287,305,304,284,251,213,180,159,157,175,207,244,278,300,303,289,261,227,193
HD29,09/08/24,169,160,169,193,226,258,282,290,284,266,239,209,186,177,185,209,241,271,292,299,291,269,238,204
HD29,09/08/25,176,159,158,171,196,223,249,267,273,265,246,223,204,194,197,211,234,259,281,294,293,278,252,222
HD29,09/08/26,193,173,164,168,183,202,225,244,257,260,253,242,230,221,218,221,233,251,270,285,289,280,260,235
HD29,09/08/27,211,191,179,174,177,187,203,222,238,246,247,242,236,233,233,235,241,250,261,273,281,280,269,251
HD29,09/08/28,230,212,199,190,186,185,190,201,215,228,237,242,244,246,248,251,253,256,261,267,274,277,273,263
HD29,09/08/29,248,234,222,211,202,193,186,187,194,206,219,231,239,246,251,255,257,256,256,255,257,259,261,259
HD29,09/08/30,253,245,234,223,210,198,186,179,177,182,193,207,222,236,247,254,256,252,247,242,240,242,247,252
HD29,09/08/31,255,256,252,244,232,216,200,185,175,173,179,193,213,236,257,270,277,275,269,261,254,250,252,261
HD29,09/09/01,272,283,288,286,274,256,233,209,189,176,174,185,207,234,261,282,293,292,281,264,247,235,232,237
HD29,09/09/02,249,263,275,280,275,260,237,211,185,164,155,162,184,215,247,274,290,293,282,261,237,219,210,213
HD29,09/09/03,226,246,267,283,288,281,260,231,199,171,155,156,173,202,236,269,292,301,295,275,248,222,205,201
HD29,09/09/04,211,232,259,283,297,297,281,254,220,188,164,155,164,189,224,260,288,303,303,288,261,230,204,190
HD29,09/09/05,195,216,246,276,296,303,295,273,243,210,180,162,161,178,211,250,283,302,304,290,264,234,205,184
HD29,09/09/06,179,193,222,257,287,304,304,288,262,228,196,173,165,176,203,238,273,297,307,299,277,245,212,184
HD29,09/09/07,171,176,200,235,270,296,308,303,285,258,226,198,181,183,203,236,271,299,314,313,297,268,232,198
HD29,09/09/08,175,170,186,217,253,285,306,315,308,287,257,227,205,199,211,238,270,297,313,314,303,281,250,216
HD29,09/09/09,186,169,171,191,226,261,288,302,302,291,269,245,226,214,216,233,259,286,306,312,307,288,260,228
HD29,09/09/10,198,176,165,175,199,229,259,280,290,289,277,260,244,232,229,236,253,275,293,302,299,284,262,236
HD29,09/09/11,209,185,169,166,175,196,222,246,263,270,266,259,250,242,239,241,249,263,277,287,290,283,268,247
HD29,09/09/12,224,202,184,174,172,179,194,214,236,252,261,262,259,256,256,258,262,267,273,282,288,288,281,267
HD29,09/09/13,251,235,218,201,188,177,180,190,206,224,241,253,261,265,267,266,264,261,259,259,262,265,265,260
HD29,09/09/14,251,238,224,208,191,175,163,160,167,182,202,223,241,256,266,272,272,267,258,250,246,249,255,262
HD29,09/09/15,266,265,259,247,229,206,182,161,152,157,174,201,229,254,274,286,289,283,270,253,239,233,236,248
HD29,09/09/16,264,277,283,280,266,240,209,180,159,146,152,171,202,237,268,289,296,291,276,253,230,213,209,219
HD29,09/09/17,238,261,280,290,288,272,244,208,172,147,134,146,173,211,251,280,296,294,280,256,227,202,187,188
HD29,09/09/18,206,235,267,293,306,300,278,244,204,168,145,142,159,193,235,272,296,302,291,267,236,205,181,172
HD29,09/09/19,181,209,247,284,309,315,306,282,247,208,175,157,161,187,228,270,302,314,307,285,255,222,191,169
HD29,09/09/20,164,182,219,264,303,323,324,309,283,250,214,187,178,192,226,268,305,326,328,311,280,240,199,167
HD29,09/09/21,153,162,192,234,275,306,321,321,304,274,239,207,190,194,218,252,286,310,317,310,286,251,210,173
HD29,09/09/22,149,145,163,197,236,270,291,299,294,276,253,225,203,195,207,235,266,291,302,296,278,251,219,186
HD29,09/09/23,158,144,148,170,204,238,264,278,279,271,256,239,222,212,213,228,252,277,293,294,279,255,225,196
HD29,09/09/24,172,157,151,159,180,207,235,255,265,264,256,246,236,229,227,234,250,269,285,292,286,269,246,221
HD29,09/09/25,198,180,169,168,178,196,217,237,250,257,258,256,251,246,243,245,252,265,278,286,286,277,262,242
HD29,09/09/26,222,204,190,183,183,191,204,220,236,248,254,256,257,258,259,259,260,262,267,273,275,272,263,250
HD29,09/09/27,235,220,207,197,190,187,190,198,210,223,234,243,250,255,258,259,257,253,252,253,255,257,257,252
HD29,09/09/28,244,235,225,214,203,194,187,186,191,201,214,227,241,254,262,266,264,257,249,243,241,244,248,252
HD29,09/09/29,252,250,245,237,226,213,199,188,184,189,201,217,235,253,267,275,274,265,251,237,227,225,229,237
HD29,09/09/30,246,253,256,253,242,223,202,184,173,172,180,197,218,240,260,272,274,266,249,230,214,207,209,221
HD29,09/10/01,237,253,263,265,258,243,222,199,178,167,168,183,208,235,260,277,284,279,261,236,212,195,191,202
HD29,09/10/02,222,247,268,281,281,269,248,222,197,179,173,182,204,234,265,290,302,299,282,255,226,203,193,198
HD29,09/10/03,215,242,271,294,306,301,282,253,222,198,184,183,197,222,253,282,298,297,278,246,210,180,162,161
HD29,09/10/04,176,204,238,269,289,292,279,254,223,195,176,170,181,205,237,270,292,298,284,255,219,184,159,149
HD29,09/10/05,157,180,214,250,280,296,294,276,248,218,193,180,182,199,227,259,285,296,289,264,229,191,158,139
HD29,09/10/06,136,152,183,223,261,288,298,289,268,240,9999,9999,9999,9999,219,249,277,294,295,277,245,205,168,140
HD29,09/10/07,129,135,159,194,234,267,289,293,282,260,234,213,202,203,216,240,267,288,296,288,265,232,196,165
HD29,09/10/08,146,142,158,189,230,270,304,326,338,338,324,299,271,255,258,277,303,322,326,314,291,262,229,194
HD29,09/10/09,164,144,141,158,188,223,253,274,284,283,274,260,247,239,241,251,268,285,295,297,287,267,240,211
HD29,09/10/10,183,162,151,151,164,187,217,245,266,275,274,265,255,247,245,249,258,269,279,285,283,275,260,240
HD29,09/10/11,217,194,175,166,168,179,197,217,238,254,264,266,263,259,255,255,256,259,263,266,269,268,261,249
HD29,09/10/12,231,210,190,174,164,162,168,181,199,219,238,251,260,264,263,260,256,252,250,250,251,254,257,257
HD29,09/10/13,252,242,228,210,193,180,172,173,183,200,220,242,260,272,277,275,266,254,242,232,229,232,240,249
HD29,09/10/14,255,257,251,238,218,196,176,165,163,173,192,216,241,262,275,278,270,254,236,219,210,209,217,230
HD29,09/10/15,246,259,268,267,254,231,204,179,163,161,173,196,225,253,274,284,282,267,244,218,196,184,186,201
HD29,09/10/16,226,252,274,285,282,265,238,208,183,169,171,188,216,249,277,294,296,282,255,222,192,170,163,173
HD29,09/10/17,197,229,261,286,297,291,272,244,213,189,178,184,207,241,276,300,307,296,270,235,200,172,156,158
HD29,09/10/18,176,208,246,280,304,310,300,276,247,219,200,194,208,235,269,299,315,311,289,254,216,181,156,144
HD29,09/10/19,149,173,212,255,289,307,304,285,259,232,211,201,205,224,254,285,307,310,295,263,225,186,155,138
HD29,09/10/20,137,154,184,222,260,289,302,297,278,253,230,215,212,222,243,271,296,309,302,277,238,195,157,132
HD29,09/10/21,123,132,154,186,222,253,274,280,271,251,229,212,204,208,225,249,274,291,294,278,249,213,177,149
HD29,09/10/22,132,129,142,167,199,230,256,271,272,262,244,226,215,214,223,240,261,278,286,281,262,234,201,171
HD29,09/10/23,147,136,138,155,180,208,234,254,264,263,252,238,227,223,227,238,252,267,276,276,266,247,222,195
HD29,09/10/24,170,153,147,155,172,196,219,240,254,261,259,251,240,232,230,236,247,258,266,267,262,251,234,212
HD29,09/10/25,189,171,161,162,170,183,198,215,231,244,250,248,241,234,231,233,237,242,247,251,253,250,242,228
HD29,09/10/26,212,196,183,177,178,184,195,210,227,243,255,261,263,261,258,256,255,254,254,255,258,260,258,251
HD29,09/10/27,239,227,219,216,215,213,214,218,229,244,260,272,278,280,278,273,264,255,246,240,239,242,247,250
HD29,09/10/28,250,245,238,228,219,210,203,201,204,214,229,246,259,266,267,263,255,242,228,215,208,210,220,233
HD29,09/10/29,243,247,246,239,229,216,202,190,186,191,205,225,245,261,270,270,261,245,225,205,193,191,201,219
HD29,09/10/30,238,254,262,262,253,238,221,205,194,192,201,219,242,265,280,285,277,259,234,207,186,176,181,199
HD29,09/10/31,225,250,269,280,279,268,248,226,207,198,201,215,238,264,285,297,295,279,250,214,183,164,162,177
HD29,09/11/01,203,236,267,289,296,289,270,246,223,208,204,213,233,261,289,309,315,302,274,237,201,173,159,164
HD29,09/11/02,183,214,249,283,305,310,296,271,243,220,207,209,223,248,277,301,314,308,283,246,205,170,136,127
HD29,09/11/03,142,180,228,271,299,309,304,287,263,237,213,200,204,224,254,284,302,303,285,253,212,170,136,118
HD29,09/11/04,122,147,186,231,270,296,306,298,279,253,227,208,204,216,240,268,289,298,291,267,230,186,146,119
HD29,09/11/05,109,121,150,189,231,266,288,294,285,265,242,223,213,217,234,259,283,296,293,275,245,208,171,140
HD29,09/11/06,121,118,133,163,201,240,270,284,281,267,249,233,223,221,228,244,265,283,293,284,261,229,195,163
HD29,09/11/07,139,126,126,142,171,206,240,266,278,276,263,248,235,228,229,239,255,272,283,285,276,256,229,199
HD29,09/11/08,171,150,141,145,161,185,212,238,258,270,271,262,250,239,234,237,245,257,267,273,272,264,248,227
HD29,09/11/09,203,180,163,154,156,168,188,212,236,255,264,264,257,249,243,241,241,243,247,252,258,260,257,246
HD29,09/11/10,230,211,193,180,172,173,182,198,218,239,256,265,266,262,255,247,241,235,232,233,237,245,252,255
HD29,09/11/11,252,243,231,217,204,195,193,201,217,239,260,277,285,283,275,263,250,236,224,215,212,218,232,247
HD29,09/11/12,256,258,251,239,223,207,195,189,193,206,224,243,258,266,266,258,243,224,206,191,184,187,199,219
HD29,09/11/13,239,256,267,268,258,240,219,203,196,201,217,239,262,282,294,294,281,257,228,200,181,176,185,206
HD29,09/11/14,233,263,289,304,305,292,270,248,232,232,243,265,287,304,305,309,300,284,255,217,182,162,158,175
HD29,09/11/15,203,233,262,284,295,293,280,259,238,224,222,233,253,276,295,304,299,280,251,216,181,154,141,147
HD29,09/11/16,167,199,235,266,285,292,281,262,239,221,211,212,225,246,269,287,290,276,247,210,172,143,127,129
HD29,09/11/17,142,167,201,237,269,288,292,278,256,233,218,213,217,234,256,280,294,293,274,240,200,163,140,126
HD29,09/11/18,138,159,192,229,264,288,297,291,275,253,232,220,219,229,248,270,287,291,279,252,215,177,145,125
HD29,09/11/19,120,131,155,189,225,258,280,286,277,259,238,223,217,222,236,257,277,290,288,269,239,204,171,145
HD29,09/11/20,131,131,146,174,208,242,267,278,276,264,248,233,223,220,227,243,263,280,285,276,255,226,195,167
HD29,09/11/21,148,142,150,171,199,230,257,276,283,280,268,253,240,232,234,245,261,275,283,278,263,240,213,185
HD29,09/11/22,162,148,146,158,179,205,231,252,263,265,258,246,233,224,221,225,236,250,263,268,263,248,226,203
HD29,09/11/23,182,168,163,166,179,197,219,242,259,267,266,257,247,238,233,234,238,245,253,259,260,256,244,227
HD29,09/11/24,208,190,179,175,180,192,207,225,242,254,261,259,254,246,239,234,233,233,239,244,249,252,250,243
HD29,09/11/25,231,216,203,194,193,199,210,226,243,258,269,274,273,266,257,248,241,237,236,238,241,246,250,251
HD29,09/11/26,248,240,229,218,209,206,209,217,229,243,256,266,271,270,262,252,240,229,220,217,219,226,236,244
HD29,09/11/27,249,248,244,237,228,219,213,214,223,237,253,266,275,279,277,270,256,237,219,206,204,212,226,242
HD29,09/11/28,255,263,267,266,258,246,234,225,224,230,243,259,273,282,284,277,262,240,214,191,177,177,190,212
HD29,09/11/29,236,256,270,275,272,262,247,233,225,226,235,251,269,285,293,291,278,255,225,195,173,166,173,193
HD29,09/11/30,219,247,273,290,297,291,276,258,242,234,237,249,267,286,300,306,299,278,245,207,173,151,147,161
HD29,09/12/01,189,224,258,287,304,307,296,278,258,242,236,242,257,278,298,311,312,297,268,228,187,154,138,142
HD29,09/12/02,164,197,236,273,302,317,317,303,282,259,244,240,249,268,293,314,322,315,292,256,212,169,138,126
HD29,09/12/03,135,164,205,250,290,317,329,324,307,285,265,252,255,268,291,315,332,337,324,294,252,207,168,144
HD29,09/12/04,139,153,184,226,270,308,333,338,326,301,277,260,255,262,278,300,321,334,332,314,280,236,192,156
HD29,09/12/05,136,136,155,190,234,278,313,332,331,316,294,273,261,259,268,287,310,329,337,330,310,279,242,204
HD29,09/12/06,172,154,156,178,215,256,292,316,326,322,308,289,272,260,258,268,285,303,315,316,303,280,250,216
HD29,09/12/07,184,160,150,157,180,212,246,276,296,303,297,282,263,248,240,241,250,263,274,281,281,272,257,234
HD29,09/12/08,208,183,165,159,168,189,218,247,270,283,286,278,264,248,233,224,224,232,243,254,262,265,263,253
HD29,09/12/09,237,216,197,184,182,191,209,234,258,276,289,287,277,261,246,233,225,222,225,232,241,251,259,261
HD29,09/12/10,256,246,231,217,207,201,210,224,243,262,275,281,277,266,251,235,221,209,201,199,205,217,233,246
HD29,09/12/11,253,253,247,237,227,218,214,219,231,248,265,279,284,280,268,252,234,216,201,190,189,197,214,234
HD29,09/12/12,251,264,269,268,262,252,242,235,237,249,266,284,294,296,290,279,262,239,214,191,180,181,195,215
HD29,09/12/13,237,258,276,286,287,278,263,249,241,243,252,267,283,293,296,290,275,250,220,191,168,159,164,182
HD29,09/12/14,207,235,261,282,292,291,280,264,250,243,246,257,273,287,295,297,291,273,244,208,175,152,147,159
HD29,09/12/15,181,209,239,267,290,301,297,280,260,245,240,245,258,274,288,297,297,285,257,222,187,159,142,146
HD29,09/12/16,163,189,222,255,284,302,306,295,276,256,242,239,247,263,282,298,306,300,279,247,208,173,147,138
HD29,09/12/17,147,170,204,241,273,297,308,305,290,270,250,239,239,252,273,295,310,311,297,268,230,193,162,144
HD29,09/12/18,143,156,183,218,254,283,300,302,292,276,257,242,233,237,252,276,297,306,296,272,239,205,173,148
HD29,09/12/19,136,141,162,194,229,260,282,292,289,274,253,234,223,224,237,259,281,296,297,284,257,222,186,157
HD29,09/12/20,140,138,152,179,212,245,272,287,290,280,262,242,227,221,229,247,270,289,296,289,270,243,212,182
HD29,09/12/21,158,146,150,169,197,228,253,269,275,272,260,244,226,212,208,217,237,258,271,272,259,239,214,190
HD29,09/12/22,167,150,145,155,178,208,237,259,271,272,264,249,231,216,208,211,225,243,258,265,262,250,233,212
HD29,09/12/23,191,172,162,164,179,203,229,250,265,272,269,259,243,226,214,210,216,228,241,251,256,254,246,232
HD29,09/12/24,214,197,184,180,186,201,220,240,257,269,272,265,250,233,217,208,206,211,220,229,237,243,245,241
HD29,09/12/25,230,216,202,195,196,206,220,235,250,263,271,271,262,247,229,214,204,200,202,208,216,227,236,242
HD29,09/12/26,241,235,227,219,215,217,226,238,252,264,273,277,276,268,253,236,218,204,195,194,199,209,222,234
HD29,09/12/27,243,246,246,242,237,233,231,234,241,251,261,269,272,270,261,247,227,206,187,175,173,181,197,217
HD29,09/12/28,237,254,264,268,265,259,252,249,251,257,267,278,286,289,286,274,254,226,195,168,152,152,167,189
HD29,09/12/29,213,236,257,270,275,269,258,246,238,237,243,254,267,277,281,277,262,238,205,171,143,129,133,154
HD29,09/12/30,184,216,245,268,281,284,278,265,251,240,238,247,264,281,294,298,291,271,240,202,165,137,125,135
HD29,09/12/31,162,199,238,273,300,314,310,294,274,257,250,254,266,279,290,299,305,294,265,222,174,133,108,104
