HD29,76/01/01,086,114,149,183,213,230,228,213,192,170,157,156,167,187,212,231,240,235,210,173,133,095,072,065
HD29,76/01/02,076,102,135,173,205,230,240,233,215,189,167,154,158,175,200,224,240,240,226,193,154,112,079,059
HD29,76/01/03,056,073,105,142,180,207,221,222,210,189,163,141,134,141,165,191,207,214,210,193,167,133,099,070
HD29,76/01/04,057,065,090,128,167,196,216,224,219,204,183,161,143,140,154,180,196,206,208,200,185,160,133,100
HD29,76/01/05,081,077,094,125,162,195,222,238,239,227,209,186,166,154,162,182,208,231,239,237,225,202,171,136
HD29,76/01/06,113,100,104,123,155,182,201,212,215,212,200,182,160,144,140,152,176,200,216,218,211,196,173,145
HD29,76/01/07,119,098,094,107,132,165,195,215,222,219,207,189,168,145,132,134,150,172,192,200,199,190,174,156
HD29,76/01/08,136,118,109,114,132,157,183,206,219,222,218,208,189,167,148,141,146,160,178,192,199,199,192,179
HD29,76/01/09,166,149,139,136,143,158,178,200,214,222,218,206,190,171,155,141,137,141,149,157,164,171,176,175
HD29,76/01/10,166,154,141,136,140,149,162,178,192,204,210,206,192,172,155,144,136,134,131,130,136,149,164,174
HD29,76/01/11,172,163,154,152,156,160,166,174,183,194,208,214,208,194,179,164,154,143,133,126,128,138,159,176
HD29,76/01/12,186,186,180,175,171,170,173,174,178,184,194,202,205,199,186,170,152,135,119,105,098,102,119,140
HD29,76/01/13,162,174,180,184,184,180,175,171,170,173,180,192,202,205,201,193,177,158,131,109,090,087,100,121
HD29,76/01/14,148,168,184,194,198,196,187,177,168,166,171,183,197,208,217,216,207,184,153,118,088,074,076,096
HD29,76/01/15,122,150,174,194,206,208,198,183,166,156,154,164,178,194,209,217,212,195,165,126,088,061,051,062
HD29,76/01/16,090,120,158,184,206,215,211,194,172,153,142,146,163,182,204,220,226,217,193,156,114,073,052,050
HD29,76/01/17,069,100,140,177,209,228,230,216,192,168,152,147,154,173,199,229,248,252,234,200,157,115,081,066
HD29,76/01/18,072,096,132,173,211,239,250,243,222,195,171,154,152,162,188,218,245,258,251,223,179,140,097,070
HD29,76/01/19,060,072,099,141,186,223,244,247,232,208,176,154,140,142,160,190,224,248,254,240,208,171,130,094
HD29,76/01/20,070,064,082,115,161,202,233,241,234,212,184,156,132,124,133,155,187,217,234,235,220,192,156,123
HD29,76/01/21,092,078,082,103,142,181,216,236,240,224,198,164,135,113,114,129,157,183,207,218,218,203,180,152
HD29,76/01/22,120,096,088,096,123,160,197,222,234,230,210,188,159,138,126,126,140,160,186,202,212,206,193,172
HD29,76/01/23,151,128,110,103,119,146,179,205,221,224,214,197,172,148,128,117,120,129,144,159,177,189,192,185
HD29,76/01/24,169,150,135,126,129,143,164,187,207,216,214,200,180,156,133,118,109,109,116,128,141,156,168,173
HD29,76/01/25,172,166,157,151,150,153,162,175,190,202,207,205,195,177,158,142,128,117,110,112,120,134,151,164
HD29,76/01/26,175,179,182,181,176,171,169,173,182,194,202,204,201,194,184,168,150,130,111,097,096,103,120,138
HD29,76/01/27,160,176,189,196,196,190,182,176,175,180,189,199,206,207,201,190,171,149,122,100,082,081,090,110
HD29,76/01/28,133,158,177,194,200,199,188,174,160,157,160,175,190,201,206,201,191,173,146,115,085,069,070,087
HD29,76/01/29,113,143,171,194,210,214,207,191,171,157,153,162,178,199,216,224,224,210,186,154,116,088,073,079
HD29,76/01/30,101,132,168,200,222,232,229,212,193,170,155,151,163,184,211,229,236,225,201,168,133,097,071,064
HD29,76/01/31,078,106,143,180,212,229,231,219,197,171,151,141,146,166,194,220,239,241,226,196,157,119,087,072
HD29,76/02/01,074,093,128,164,200,224,234,227,207,179,153,137,136,148,174,204,236,249,243,218,182,146,110,087
HD29,76/02/02,078,089,117,154,192,222,240,239,220,199,166,144,133,137,158,190,223,246,250,235,205,170,136,107
HD29,76/02/03,090,089,110,139,179,214,234,239,226,203,171,146,125,123,137,166,199,228,239,235,213,185,152,121
HD29,76/02/04,100,092,103,131,162,200,224,235,229,208,180,149,129,116,120,140,170,200,223,228,218,192,166,138
HD29,76/02/05,116,104,109,128,157,190,217,234,236,223,200,170,146,127,124,134,155,184,213,230,228,212,189,162
HD29,76/02/06,141,129,127,135,155,182,211,232,240,232,210,182,158,137,127,128,142,163,184,200,205,200,189,172
HD29,76/02/07,154,140,134,136,150,174,198,216,225,220,210,189,165,142,126,120,126,139,157,172,182,186,181,173
HD29,76/02/08,160,148,142,143,151,165,183,201,214,218,210,194,176,156,142,131,128,132,142,156,170,178,184,182
HD29,76/02/09,176,169,163,160,162,170,181,193,201,208,207,200,190,176,160,142,129,123,124,131,142,152,162,170
HD29,76/02/10,174,177,176,172,171,172,175,185,195,201,204,202,196,188,179,166,152,137,128,122,125,134,150,166
HD29,76/02/11,178,187,192,193,191,186,182,181,183,188,192,196,198,199,193,181,162,142,119,102,092,096,109,131
HD29,76/02/12,154,174,188,195,194,190,180,169,162,160,165,176,188,197,199,194,180,160,133,104,082,069,076,096
HD29,76/02/13,125,156,181,196,202,198,187,175,163,154,151,158,174,193,212,217,209,187,160,125,095,071,066,079
HD29,76/02/14,105,140,175,204,220,220,208,189,168,151,141,145,160,181,207,224,229,218,190,153,114,078,056,058
HD29,76/02/15,079,117,156,197,220,232,225,207,183,159,138,131,140,165,198,230,247,246,224,191,150,113,081,066
HD29,76/02/16,072,100,140,185,222,243,244,226,200,170,140,120,120,136,168,206,236,252,246,221,185,139,096,069
HD29,76/02/17,061,078,115,156,197,228,242,233,210,174,137,109,096,105,129,168,203,230,239,229,200,162,119,083
HD29,76/02/18,061,064,090,130,175,213,236,238,221,193,156,123,099,096,110,144,185,224,247,250,236,209,172,133
HD29,76/02/19,101,088,099,131,171,211,236,244,234,209,174,135,102,085,088,108,138,175,204,219,217,203,173,141
HD29,76/02/20,111,092,091,108,141,173,205,220,221,205,178,146,112,088,078,083,102,134,164,186,196,191,179,157
HD29,76/02/21,138,119,112,116,133,159,187,209,217,211,190,163,137,110,093,087,095,111,135,156,174,182,180,170
HD29,76/02/22,160,147,140,138,143,158,180,200,214,213,202,182,159,138,119,104,101,108,121,138,154,168,175,180
HD29,76/02/23,181,178,173,169,170,176,187,202,213,218,215,203,191,173,157,139,127,119,118,125,133,143,153,164
HD29,76/02/24,176,184,184,183,177,173,175,183,190,196,199,198,194,187,177,159,142,123,113,106,108,116,130,145
HD29,76/02/25,160,176,186,192,190,184,177,172,171,174,180,186,191,193,190,180,163,143,123,103,096,098,107,123
HD29,76/02/26,143,164,183,196,197,190,178,162,153,152,155,164,174,183,188,188,178,158,133,106,084,073,077,092
HD29,76/02/27,115,140,167,186,195,192,179,160,143,131,129,138,154,174,190,198,194,179,155,125,097,075,067,076
HD29,76/02/28,096,129,161,188,204,206,196,177,155,136,124,128,144,172,198,216,221,214,191,162,134,107,092,088
HD29,76/02/29,102,133,166,204,224,232,224,208,182,154,135,128,136,160,193,226,238,231,208,180,150,118,094,081
HD29,76/03/01,084,107,142,182,211,224,218,201,172,143,116,103,104,126,157,190,218,228,222,198,165,128,099,079
HD29,76/03/02,079,097,126,165,196,218,223,211,188,154,122,100,096,107,136,172,205,228,232,216,188,151,119,096
HD29,76/03/03,088,098,123,157,191,220,231,227,203,170,137,108,098,102,123,153,189,218,232,228,206,173,140,111
HD29,76/03/04,096,097,113,141,174,202,222,224,206,176,141,109,088,083,098,126,157,189,211,215,204,176,148,119
HD29,76/03/05,103,097,108,130,159,186,205,213,208,182,148,114,090,077,082,102,132,162,188,201,198,183,159,132
HD29,76/03/06,112,101,108,124,152,176,198,209,208,190,163,132,105,087,086,098,120,147,175,192,198,191,178,156
HD29,76/03/07,136,125,126,137,156,178,198,212,216,205,187,159,132,111,101,107,118,139,163,182,193,194,189,175
HD29,76/03/08,159,147,142,145,156,172,188,202,207,202,189,166,144,123,108,104,104,116,133,152,166,176,178,174
HD29,76/03/09,165,156,151,153,160,172,183,194,200,203,198,186,170,152,136,122,117,120,130,142,157,168,176,180
HD29,76/03/10,180,178,176,173,172,172,178,186,194,197,196,190,180,168,154,139,124,115,111,114,124,139,155,167
HD29,76/03/11,176,182,187,188,185,179,174,175,180,187,192,195,194,190,181,168,152,134,119,112,112,124,140,160
HD29,76/03/12,177,192,201,206,205,199,190,180,176,178,186,197,208,214,214,204,188,166,144,122,108,106,117,137
HD29,76/03/13,160,184,200,209,210,203,190,171,154,144,147,159,177,198,210,212,202,182,151,119,092,075,076,094
HD29,76/03/14,123,160,191,211,218,210,192,168,146,129,123,130,149,177,205,220,222,209,183,148,111,083,070,076
HD29,76/03/15,102,139,176,207,224,223,210,184,154,124,106,104,124,156,193,221,236,234,216,184,143,105,076,065
HD29,76/03/16,078,113,156,198,223,230,217,190,156,120,092,077,084,111,150,190,220,235,228,206,169,126,090,066
HD29,76/03/17,066,089,131,173,210,230,230,210,179,137,099,070,064,080,115,160,200,229,238,227,200,163,124,096
HD29,76/03/18,080,092,123,164,204,231,240,230,207,167,126,090,068,073,099,140,181,217,240,242,230,203,168,135
HD29,76/03/19,114,111,127,158,195,229,247,245,224,191,150,111,082,071,082,110,145,184,216,232,231,216,191,164
HD29,76/03/20,140,127,131,148,176,203,226,236,229,204,170,133,102,082,079,092,116,149,180,204,216,212,199,179
HD29,76/03/21,160,147,143,148,165,187,208,222,223,210,188,155,125,099,085,084,098,120,148,172,187,193,190,181
HD29,76/03/22,168,154,146,146,154,169,188,201,205,199,184,163,140,118,099,089,090,104,122,140,155,168,174,178
HD29,76/03/23,176,170,160,155,156,164,174,186,194,194,190,180,166,150,134,119,110,108,114,123,132,142,156,171
HD29,76/03/24,181,185,179,170,161,160,162,168,174,176,176,174,170,162,153,138,122,108,103,104,112,124,136,148
HD29,76/03/25,162,172,179,180,176,166,156,152,154,158,164,169,174,175,172,164,149,132,116,103,100,105,118,134
HD29,76/03/26,152,170,183,189,186,174,159,146,139,139,144,152,166,178,186,188,178,160,140,120,108,106,115,132
HD29,76/03/27,156,181,200,213,215,207,191,172,156,146,146,158,177,197,212,218,214,200,178,151,126,107,103,116
HD29,76/03/28,140,167,188,205,210,204,188,166,138,118,110,119,140,169,193,208,212,204,186,162,135,110,100,105
HD29,76/03/29,124,153,186,210,222,218,200,175,144,120,103,103,120,147,176,204,220,218,202,177,150,123,107,103
HD29,76/03/30,118,146,181,213,233,240,229,203,173,141,118,111,124,150,186,220,242,251,239,212,180,149,128,118
HD29,76/03/31,123,143,171,200,224,234,226,203,172,134,105,086,088,108,140,181,210,227,226,209,182,151,123,107
HD29,76/04/01,104,120,145,176,201,217,216,201,172,136,100,076,070,085,114,152,187,214,225,216,197,167,139,116
HD29,76/04/02,108,117,140,170,200,220,225,216,191,157,120,091,076,080,103,140,179,211,230,231,218,192,164,139
HD29,76/04/03,124,124,139,164,193,214,224,218,202,169,133,098,078,073,087,113,146,178,202,212,209,194,172,146
HD29,76/04/04,129,126,136,158,182,204,216,216,207,183,151,119,093,080,083,101,130,163,190,208,213,205,189,167
HD29,76/04/05,149,139,142,153,172,192,206,212,207,191,165,136,110,090,084,093,112,140,167,190,200,199,191,176
HD29,76/04/06,162,153,150,154,165,181,198,210,212,203,183,159,138,120,110,108,115,132,156,182,202,214,216,211
HD29,76/04/07,202,190,178,168,166,180,202,222,222,210,192,175,160,146,130,114,104,106,122,143,160,171,178,181
HD29,76/04/08,180,175,166,159,156,157,165,176,183,184,180,173,163,149,134,119,109,104,109,120,135,153,168,179
HD29,76/04/09,184,185,182,176,169,161,158,158,163,170,175,177,176,171,161,148,129,116,106,105,114,128,148,168
HD29,76/04/10,182,192,194,190,180,168,154,145,143,147,156,168,178,184,183,176,159,138,116,099,093,103,121,145
HD29,76/04/11,168,188,198,198,190,173,155,137,126,122,130,147,168,190,202,203,192,172,147,120,101,096,105,129
HD29,76/04/12,158,190,211,219,214,197,173,147,123,107,107,123,151,183,210,225,222,207,183,153,125,103,097,110
HD29,76/04/13,140,177,209,228,230,214,188,156,126,100,087,093,116,152,190,221,234,232,213,186,152,122,102,102
HD29,76/04/14,124,160,200,230,243,237,216,186,151,118,094,086,098,132,173,218,247,260,251,230,198,163,132,116
HD29,76/04/15,119,146,182,223,245,252,238,206,166,120,084,065,064,088,125,171,211,238,249,238,214,182,150,127
HD29,76/04/16,120,134,166,202,233,248,244,222,191,150,109,077,061,070,100,141,187,224,246,252,239,215,185,158
HD29,76/04/17,142,142,161,192,220,243,251,240,215,177,136,096,072,065,083,117,156,194,222,238,237,222,198,170
HD29,76/04/18,151,144,154,173,200,222,236,234,217,190,152,117,086,069,068,088,118,154,182,205,217,215,205,188
HD29,76/04/19,168,154,153,163,182,202,220,226,219,201,176,144,116,092,080,085,104,132,158,184,199,206,205,197
HD29,76/04/20,183,168,160,161,170,184,200,208,211,203,187,163,140,116,100,095,103,118,140,162,180,194,200,200
HD29,76/04/21,196,188,180,174,174,181,191,200,207,208,202,188,170,154,138,128,122,127,136,150,168,181,191,198
HD29,76/04/22,200,197,192,184,175,168,166,171,181,190,189,182,172,163,153,143,131,121,120,127,140,156,170,182
HD29,76/04/23,190,194,194,189,181,170,159,156,160,170,180,185,188,186,183,176,165,152,141,139,146,158,170,186
HD29,76/04/24,200,212,219,219,208,190,172,159,156,158,166,178,190,199,202,198,185,167,148,136,133,138,150,167
HD29,76/04/25,184,198,208,210,203,187,163,142,128,125,133,151,170,188,199,203,198,188,172,155,140,135,142,160
HD29,76/04/26,182,203,218,223,220,206,185,158,137,122,124,138,161,188,209,220,221,213,198,177,156,142,139,148
HD29,76/04/27,168,192,212,226,225,212,188,160,132,110,100,108,131,162,191,213,223,220,208,189,166,145,134,138
HD29,76/04/28,154,180,208,228,233,225,200,169,138,111,092,090,106,138,174,205,224,227,219,200,176,154,139,136
HD29,76/04/29,147,170,200,225,240,235,219,192,160,126,100,090,100,127,163,199,226,238,237,222,200,174,153,141
HD29,76/04/30,143,163,188,213,230,232,222,200,165,130,096,078,075,096,130,171,205,227,233,225,209,186,162,146
HD29,76/05/01,144,154,177,205,229,244,239,220,191,157,124,102,095,108,134,167,200,231,252,255,241,214,185,164
HD29,76/05/02,155,160,176,198,217,232,238,228,204,167,128,096,078,079,100,133,164,196,219,231,228,213,192,169
HD29,76/05/03,154,151,161,180,203,220,229,226,211,184,150,115,092,083,092,114,145,181,205,223,228,224,206,186
HD29,76/05/04,170,163,168,181,200,217,230,235,227,207,177,141,116,100,099,113,137,166,194,216,229,230,221,205
HD29,76/05/05,190,179,175,182,195,212,225,232,229,215,195,169,144,124,113,114,127,150,177,201,217,226,224,216
HD29,76/05/06,202,189,179,178,185,197,208,217,220,214,203,184,164,141,125,117,119,132,151,173,193,207,213,209
HD29,76/05/07,198,186,176,170,167,169,174,185,193,196,192,183,167,152,137,123,113,114,123,140,161,181,195,201
HD29,76/05/08,199,191,179,167,159,153,152,155,163,172,179,182,179,171,159,144,129,118,115,121,135,156,171,185
HD29,76/05/09,194,199,195,181,165,147,137,133,138,147,159,171,182,187,184,174,156,137,120,112,117,132,153,177
HD29,76/05/10,197,205,203,191,175,156,135,117,108,110,125,147,171,190,197,195,182,164,143,126,117,120,135,160
HD29,76/05/11,185,205,215,209,196,170,142,114,094,085,093,115,146,178,201,213,211,197,175,152,131,122,126,147
HD29,76/05/12,174,203,223,229,219,195,165,131,103,082,077,089,116,157,192,221,233,229,211,187,162,141,135,144
HD29,76/05/13,167,198,224,241,242,226,196,159,121,087,069,069,092,127,171,211,240,252,239,216,185,159,143,140
HD29,76/05/14,149,170,198,225,239,235,211,174,130,088,058,044,052,079,118,163,202,229,238,227,206,178,152,138
HD29,76/05/15,136,151,175,206,229,239,223,196,154,111,074,049,043,057,088,127,169,206,228,231,220,199,174,153
HD29,76/05/16,142,145,162,190,217,236,237,219,187,146,104,071,053,054,074,107,145,184,214,230,227,215,197,178
HD29,76/05/17,160,155,161,182,208,230,241,235,215,183,148,111,086,074,081,103,135,169,198,218,226,222,208,191
HD29,76/05/18,172,158,156,165,183,204,220,226,216,192,163,130,105,089,083,095,116,145,176,202,220,226,220,205
HD29,76/05/19,188,173,164,164,173,187,203,212,215,206,186,157,132,110,099,098,110,131,156,182,202,212,214,207
HD29,76/05/20,194,178,165,159,158,165,178,191,198,196,185,169,150,131,118,107,109,120,136,159,178,192,200,201
HD29,76/05/21,194,184,172,160,156,156,162,173,184,190,190,185,175,162,149,138,132,133,143,157,174,190,204,213
HD29,76/05/22,213,207,195,180,168,161,157,160,167,175,181,183,183,178,169,157,146,140,139,148,159,175,188,199
HD29,76/05/23,204,206,198,186,172,155,141,136,138,148,160,172,180,185,185,179,169,158,151,149,152,162,176,192
HD29,76/05/24,203,208,206,197,180,161,141,126,119,120,136,156,173,187,193,192,184,174,163,156,153,157,168,184
HD29,76/05/25,203,215,219,214,200,182,158,137,122,116,124,144,170,192,209,216,214,205,190,178,168,164,169,184
HD29,76/05/26,202,220,230,231,222,201,173,148,122,110,109,125,151,182,206,223,228,222,208,192,176,165,163,172
HD29,76/05/27,190,210,225,233,229,212,187,158,127,102,090,098,122,155,189,215,230,230,221,203,184,168,160,163
HD29,76/05/28,177,197,218,232,236,226,204,172,139,107,087,086,106,137,174,208,231,241,238,224,206,186,170,165
HD29,76/05/29,174,193,215,234,243,240,220,193,155,121,092,082,091,117,155,193,224,242,246,239,222,200,182,169
HD29,76/05/30,170,182,206,226,243,246,234,210,177,140,102,079,076,095,129,166,201,227,240,238,224,206,184,168
HD29,76/05/31,163,170,187,211,232,245,243,226,196,160,120,091,076,084,111,148,185,216,237,244,240,222,200,178
HD29,76/06/01,165,165,180,201,224,239,244,234,214,184,146,110,086,084,096,126,163,198,224,240,239,230,210,190
HD29,76/06/02,170,161,166,180,200,219,230,230,217,190,160,125,099,083,087,103,134,169,200,223,233,230,218,199
HD29,76/06/03,178,160,158,166,183,201,216,222,220,208,185,155,127,102,092,096,116,143,176,202,219,225,219,204
HD29,76/06/04,186,170,156,153,160,175,193,206,211,204,191,171,149,127,112,105,113,132,161,189,211,224,226,218
HD29,76/06/05,204,188,170,158,154,159,170,184,194,198,194,185,170,154,136,122,116,124,142,168,192,212,223,227
HD29,76/06/06,222,210,195,178,165,158,160,170,182,196,204,208,205,196,182,166,153,144,149,162,180,198,212,220
HD29,76/06/07,222,212,198,180,157,140,130,130,138,151,165,179,188,193,189,179,163,150,140,142,154,174,194,212
HD29,76/06/08,220,218,210,193,171,149,128,114,113,124,142,165,186,202,210,210,200,184,167,159,160,169,185,202
HD29,76/06/09,218,226,229,221,202,175,148,122,111,109,121,141,168,197,220,233,234,224,204,186,172,170,179,195
HD29,76/06/10,215,231,240,239,224,198,165,132,105,090,092,108,137,170,203,225,236,236,226,205,184,166,164,174
HD29,76/06/11,195,219,236,245,240,220,190,157,121,088,073,076,098,136,180,216,238,247,242,225,204,180,166,163
HD29,76/06/12,176,198,222,241,245,234,210,174,134,093,066,052,064,093,133,174,211,231,239,231,214,192,169,155
HD29,76/06/13,156,173,199,225,242,244,229,202,165,124,088,065,061,080,114,154,194,227,246,250,238,216,192,171
HD29,76/06/14,163,170,190,216,237,248,246,231,202,163,124,088,072,077,101,136,175,207,230,244,241,228,208,183
HD29,76/06/15,166,160,174,196,223,240,248,240,217,185,150,116,091,083,095,120,154,188,217,237,243,237,220,190
HD29,76/06/16,161,148,157,178,200,217,226,230,223,205,175,140,108,091,091,109,139,170,198,219,231,231,220,200
HD29,76/06/17,177,159,152,158,173,193,210,220,218,208,186,160,133,111,103,108,128,154,182,206,220,226,220,207
HD29,76/06/18,190,168,153,147,154,170,188,202,210,206,192,174,154,136,124,120,128,147,172,196,212,222,222,214
HD29,76/06/19,200,182,167,152,148,154,168,184,195,200,196,184,170,156,144,137,138,148,162,181,198,212,220,218
HD29,76/06/20,208,195,178,160,149,145,152,160,172,183,190,191,186,177,166,157,152,155,164,175,190,204,214,219
HD29,76/06/21,215,205,189,173,157,146,142,146,156,168,178,187,192,193,189,183,175,170,170,176,187,200,213,221
HD29,76/06/22,224,220,210,196,179,162,150,144,148,158,173,189,201,211,215,213,208,200,196,192,194,200,210,222
HD29,76/06/23,232,236,230,215,194,173,152,137,131,131,142,159,181,198,210,214,209,200,189,182,178,180,190,203
HD29,76/06/24,216,225,228,222,207,186,160,137,120,116,123,140,167,192,213,226,231,227,215,202,189,183,186,198
HD29,76/06/25,215,229,237,237,226,206,178,149,122,105,100,113,140,173,200,220,230,230,223,210,194,180,176,180
HD29,76/06/26,194,214,231,238,233,217,190,160,128,100,086,088,110,141,180,207,226,233,228,214,196,176,165,165
HD29,76/06/27,176,195,215,230,236,226,205,174,136,103,078,071,084,114,152,190,218,236,236,224,204,184,165,156
HD29,76/06/28,163,179,202,223,235,234,221,195,161,120,084,067,069,093,128,168,203,228,239,234,218,195,172,157
HD29,76/06/29,154,165,186,210,230,237,232,213,184,146,107,078,068,078,108,148,188,220,240,245,234,214,190,165
HD29,76/06/30,152,155,171,191,214,229,235,227,206,168,129,093,072,071,089,119,156,194,223,239,235,220,193,169
HD29,76/07/01,148,142,150,169,192,214,227,229,217,192,158,122,096,080,085,108,144,178,212,234,241,233,213,187
HD29,76/07/02,162,147,146,158,178,199,216,227,225,212,188,157,126,104,098,108,135,166,197,224,239,242,230,209
HD29,76/07/03,183,160,147,147,160,180,200,216,223,218,204,182,157,134,117,114,126,148,178,207,228,240,236,220
HD29,76/07/04,193,170,152,144,145,157,173,192,205,214,210,199,182,164,147,138,138,149,167,192,214,228,234,228
HD29,76/07/05,209,188,165,148,138,140,149,164,179,193,205,209,205,194,180,166,156,156,165,182,200,218,228,231
HD29,76/07/06,222,206,184,161,142,129,128,135,149,166,181,196,204,208,203,191,179,171,170,178,192,208,222,232
HD29,76/07/07,230,220,205,182,160,137,122,116,120,132,150,170,190,206,216,218,209,198,185,178,182,193,210,223
HD29,76/07/08,232,231,224,208,186,163,133,114,102,106,122,144,170,195,214,225,227,221,207,193,180,180,191,206
HD29,76/07/09,220,229,231,224,208,183,153,120,095,083,087,106,134,167,198,220,232,232,221,203,184,174,174,185
HD29,76/07/10,201,217,224,225,215,196,170,140,107,082,072,080,105,138,172,205,228,239,235,221,200,177,166,170
HD29,76/07/11,185,208,228,241,244,234,213,179,143,109,087,082,094,119,153,188,220,240,245,238,222,200,175,165
HD29,76/07/12,170,188,212,234,244,244,232,208,170,130,097,078,076,094,125,163,200,228,240,238,222,200,174,155
HD29,76/07/13,151,160,180,202,216,223,218,202,178,144,109,081,073,082,106,143,180,214,234,240,230,209,182,157
HD29,76/07/14,143,142,157,184,210,227,234,229,209,176,137,104,084,084,102,131,166,200,227,240,236,221,198,172
HD29,76/07/15,151,143,151,170,195,214,227,230,220,197,164,130,106,098,106,128,158,189,217,235,240,231,211,185
HD29,76/07/16,159,142,140,152,176,201,221,230,226,209,184,153,128,111,110,121,145,175,203,222,232,228,212,191
HD29,76/07/17,168,147,138,141,156,178,202,217,222,214,198,174,152,136,128,133,150,176,199,217,230,230,222,203
HD29,76/07/18,180,155,140,134,138,154,177,194,206,207,199,184,166,149,139,137,146,164,186,205,218,224,220,208
HD29,76/07/19,190,170,150,136,131,138,153,171,185,192,191,184,172,162,156,154,155,162,174,191,209,220,220,210
HD29,76/07/20,196,178,160,146,137,132,135,144,158,170,177,179,177,172,166,162,160,162,169,179,191,202,210,211
HD29,76/07/21,202,190,173,157,142,130,126,126,134,147,164,172,179,182,182,181,178,176,174,178,184,192,201,208
HD29,76/07/22,207,200,189,173,155,134,120,112,112,121,137,156,172,184,191,194,192,187,180,176,176,180,188,196
HD29,76/07/23,204,207,201,190,172,150,126,108,096,098,111,131,155,175,190,198,201,196,187,176,166,166,173,186
HD29,76/07/24,199,209,214,208,193,171,145,120,100,090,097,116,142,172,198,214,220,218,208,196,183,173,168,174
HD29,76/07/25,188,204,219,224,216,195,166,135,105,085,079,088,112,146,180,208,224,226,217,202,186,172,162,161
HD29,76/07/26,171,190,212,230,233,220,194,158,122,093,078,079,095,124,157,191,218,231,228,212,190,168,152,146
HD29,76/07/27,155,173,197,220,232,230,210,179,141,103,074,059,069,097,136,176,208,229,233,224,202,177,155,142
HD29,76/07/28,142,156,180,209,230,241,231,208,172,131,093,068,062,081,113,154,195,223,236,232,215,189,163,142
HD29,76/07/29,132,140,160,188,216,236,242,232,203,165,124,094,079,085,107,140,178,214,239,245,236,210,180,152
HD29,76/07/30,136,132,145,167,194,222,236,236,222,193,155,118,092,084,094,121,159,195,224,241,238,219,190,159
HD29,76/07/31,132,118,123,140,166,196,216,230,226,210,180,147,118,100,100,118,147,181,212,230,235,227,207,177
HD29,76/08/01,147,125,117,123,141,166,192,210,218,212,196,174,146,125,116,123,143,171,200,222,234,233,221,194
HD29,76/08/02,165,139,120,116,125,142,164,185,201,208,205,191,174,157,146,143,149,166,190,214,230,234,226,208
HD29,76/08/03,187,162,138,121,116,123,139,160,180,191,194,9999,9999,9999,9999,9999,9999,9999,9999,9999,9999,9999,9999,9999
HD29,76/08/04,9999,9999,9999,9999,9999,9999,9999,9999,9999,9999,9999,9999,9999,9999,9999,9999,9999,9999,9999,9999,9999,9999,9999,9999
HD29,76/08/05,9999,9999,9999,9999,9999,9999,9999,9999,9999,9999,9999,9999,9999,9999,9999,9999,9999,9999,9999,9999,9999,9999,9999,9999
HD29,76/08/06,9999,9999,9999,9999,9999,9999,9999,9999,9999,9999,9999,9999,9999,9999,9999,9999,9999,9999,9999,9999,9999,9999,9999,9999
HD29,76/08/07,9999,9999,9999,9999,9999,9999,9999,9999,9999,9999,9999,9999,9999,9999,9999,9999,9999,9999,9999,9999,9999,9999,9999,9999
HD29,76/08/08,9999,9999,9999,9999,9999,9999,9999,9999,9999,9999,9999,9999,9999,9999,9999,9999,9999,9999,9999,9999,9999,9999,9999,9999
HD29,76/08/09,9999,9999,9999,9999,9999,9999,9999,9999,9999,9999,9999,9999,9999,9999,9999,9999,9999,9999,9999,9999,9999,9999,9999,9999
HD29,76/08/10,9999,9999,9999,9999,9999,9999,9999,9999,9999,9999,9999,9999,9999,9999,9999,9999,9999,9999,9999,9999,9999,9999,9999,9999
HD29,76/08/11,9999,9999,9999,9999,9999,9999,9999,9999,9999,9999,9999,9999,9999,9999,9999,9999,9999,9999,9999,9999,9999,9999,9999,9999
HD29,76/08/12,9999,9999,9999,9999,9999,9999,9999,9999,9999,9999,9999,9999,9999,9999,9999,9999,9999,9999,9999,9999,9999,9999,9999,9999
HD29,76/08/13,9999,9999,9999,9999,9999,9999,9999,9999,9999,9999,9999,9999,9999,9999,9999,9999,9999,9999,9999,9999,9999,9999,9999,9999
HD29,76/08/14,9999,9999,9999,9999,9999,9999,9999,9999,9999,9999,9999,9999,9999,9999,9999,9999,9999,9999,9999,9999,9999,9999,9999,9999
HD29,76/08/15,9999,9999,9999,9999,9999,9999,9999,9999,9999,9999,9999,9999,9999,9999,9999,9999,9999,9999,9999,9999,9999,9999,9999,9999
HD29,76/08/16,9999,9999,9999,9999,9999,9999,9999,9999,9999,9999,9999,9999,9999,9999,9999,9999,9999,9999,9999,9999,9999,9999,9999,9999
HD29,76/08/17,9999,9999,9999,9999,9999,9999,9999,9999,9999,9999,9999,9999,9999,9999,9999,9999,9999,9999,9999,9999,9999,9999,9999,9999
HD29,76/08/18,9999,9999,9999,9999,9999,9999,9999,9999,9999,9999,9999,9999,9999,9999,9999,9999,9999,9999,9999,9999,9999,9999,9999,9999
HD29,76/08/19,9999,9999,9999,9999,9999,9999,9999,9999,9999,9999,9999,9999,9999,9999,9999,9999,9999,9999,9999,9999,9999,9999,9999,9999
HD29,76/08/20,9999,9999,9999,9999,9999,9999,9999,9999,9999,9999,9999,9999,9999,9999,9999,9999,9999,9999,9999,9999,9999,9999,9999,9999
HD29,76/08/21,9999,9999,9999,9999,9999,9999,9999,9999,9999,9999,9999,9999,9999,9999,9999,9999,9999,9999,9999,9999,9999,9999,9999,9999
HD29,76/08/22,9999,9999,9999,9999,9999,9999,9999,9999,9999,9999,9999,9999,9999,9999,9999,9999,9999,9999,9999,9999,9999,9999,9999,9999
HD29,76/08/23,9999,9999,9999,9999,9999,9999,9999,9999,9999,9999,9999,9999,9999,9999,9999,9999,9999,9999,9999,9999,9999,9999,9999,9999
HD29,76/08/24,9999,9999,9999,9999,9999,9999,9999,9999,9999,9999,9999,9999,9999,9999,9999,9999,9999,9999,9999,9999,9999,9999,9999,9999
HD29,76/08/25,9999,9999,9999,9999,9999,9999,9999,9999,9999,9999,9999,9999,9999,9999,9999,9999,9999,9999,9999,9999,9999,9999,9999,9999
HD29,76/08/26,9999,9999,9999,9999,9999,9999,9999,9999,9999,9999,9999,9999,9999,9999,9999,9999,9999,9999,9999,9999,9999,9999,9999,9999
HD29,76/08/27,9999,9999,9999,9999,9999,9999,9999,9999,9999,9999,9999,9999,9999,9999,9999,9999,9999,9999,9999,9999,9999,9999,9999,9999
HD29,76/08/28,9999,9999,9999,9999,9999,9999,9999,9999,9999,9999,9999,9999,9999,9999,9999,9999,9999,9999,9999,9999,9999,9999,9999,9999
HD29,76/08/29,9999,9999,9999,9999,9999,9999,9999,9999,9999,9999,9999,9999,9999,9999,9999,9999,9999,9999,9999,9999,9999,9999,9999,9999
HD29,76/08/30,9999,9999,9999,9999,9999,9999,9999,9999,9999,9999,9999,9999,9999,9999,9999,9999,9999,9999,9999,9999,9999,9999,9999,9999
HD29,76/08/31,9999,9999,9999,9999,9999,9999,9999,9999,9999,9999,9999,9999,9999,9999,9999,9999,9999,9999,9999,9999,9999,9999,9999,9999
HD29,76/09/01,9999,9999,9999,9999,9999,9999,9999,9999,9999,9999,9999,9999,9999,9999,9999,9999,9999,9999,9999,9999,9999,9999,9999,9999
HD29,76/09/02,9999,9999,9999,9999,9999,9999,9999,9999,9999,9999,9999,9999,9999,9999,9999,9999,9999,9999,9999,9999,9999,9999,9999,9999
HD29,76/09/03,9999,9999,9999,9999,9999,9999,9999,9999,9999,9999,9999,9999,9999,9999,9999,9999,9999,9999,9999,9999,9999,9999,9999,9999
HD29,76/09/04,9999,9999,9999,9999,9999,9999,9999,9999,9999,9999,9999,9999,9999,9999,9999,9999,9999,9999,9999,9999,9999,9999,9999,9999
HD29,76/09/05,9999,9999,9999,9999,9999,9999,9999,9999,9999,9999,9999,9999,9999,9999,9999,9999,9999,9999,9999,9999,9999,9999,9999,9999
HD29,76/09/06,9999,9999,9999,9999,9999,9999,9999,9999,9999,9999,9999,9999,9999,9999,9999,9999,9999,9999,9999,9999,9999,9999,9999,9999
HD29,76/09/07,9999,9999,9999,9999,9999,9999,9999,9999,9999,9999,9999,9999,9999,9999,9999,9999,9999,9999,9999,9999,9999,9999,9999,9999
HD29,76/09/08,9999,9999,9999,9999,9999,9999,9999,9999,9999,9999,9999,9999,9999,9999,9999,9999,9999,9999,9999,9999,9999,9999,9999,9999
HD29,76/09/09,9999,9999,9999,9999,9999,9999,9999,9999,9999,9999,9999,9999,9999,9999,9999,9999,9999,9999,9999,9999,9999,9999,9999,9999
HD29,76/09/10,9999,9999,9999,9999,9999,9999,9999,9999,9999,9999,9999,9999,9999,9999,9999,9999,9999,9999,9999,9999,9999,9999,9999,9999
HD29,76/09/11,9999,9999,9999,9999,9999,9999,9999,9999,9999,9999,9999,9999,9999,9999,9999,9999,9999,9999,9999,9999,9999,9999,9999,9999
HD29,76/09/12,9999,9999,9999,9999,9999,9999,9999,9999,9999,9999,9999,9999,9999,9999,9999,9999,9999,9999,9999,9999,9999,9999,9999,9999
HD29,76/09/13,9999,9999,9999,9999,9999,9999,9999,9999,9999,9999,9999,9999,9999,9999,9999,9999,9999,9999,9999,9999,9999,9999,9999,9999
HD29,76/09/14,9999,9999,9999,9999,9999,9999,9999,9999,9999,9999,9999,9999,9999,9999,9999,9999,9999,9999,9999,9999,9999,9999,9999,9999
HD29,76/09/15,9999,9999,9999,9999,9999,9999,9999,9999,9999,9999,9999,9999,9999,9999,9999,9999,9999,9999,9999,9999,9999,9999,9999,9999
HD29,76/09/16,9999,9999,9999,9999,9999,9999,9999,9999,9999,9999,9999,9999,9999,9999,9999,9999,9999,9999,9999,9999,9999,9999,9999,9999
HD29,76/09/17,9999,9999,9999,9999,9999,9999,9999,9999,9999,9999,9999,9999,9999,9999,9999,9999,9999,9999,9999,9999,9999,9999,9999,9999
HD29,76/09/18,9999,9999,9999,9999,9999,9999,9999,9999,9999,9999,9999,9999,9999,9999,9999,9999,9999,9999,9999,9999,9999,9999,9999,9999
HD29,76/09/19,9999,9999,9999,9999,9999,9999,9999,9999,9999,9999,9999,9999,9999,9999,9999,9999,9999,9999,9999,9999,9999,9999,9999,9999
HD29,76/09/20,9999,9999,9999,9999,9999,9999,9999,9999,9999,9999,9999,9999,9999,9999,9999,9999,9999,9999,9999,9999,9999,9999,9999,9999
HD29,76/09/21,9999,9999,9999,9999,9999,9999,9999,9999,9999,9999,9999,9999,9999,9999,9999,9999,9999,9999,9999,9999,9999,9999,9999,9999
HD29,76/09/22,9999,9999,9999,9999,9999,9999,9999,9999,9999,9999,9999,9999,9999,9999,9999,9999,9999,9999,9999,9999,9999,9999,9999,9999
HD29,76/09/23,9999,9999,9999,9999,9999,9999,9999,9999,9999,9999,9999,9999,9999,9999,9999,9999,9999,9999,9999,9999,9999,9999,9999,9999
HD29,76/09/24,9999,9999,9999,9999,9999,9999,9999,9999,9999,9999,9999,9999,9999,9999,9999,9999,9999,9999,9999,9999,9999,9999,9999,9999
HD29,76/09/25,9999,9999,9999,9999,9999,9999,9999,9999,9999,9999,9999,9999,9999,9999,9999,9999,9999,9999,9999,9999,9999,9999,9999,9999
HD29,76/09/26,9999,9999,9999,9999,9999,9999,9999,9999,9999,9999,9999,9999,9999,9999,9999,9999,9999,9999,9999,9999,9999,9999,9999,9999
HD29,76/09/27,9999,9999,9999,9999,9999,9999,9999,9999,9999,9999,9999,9999,9999,9999,9999,9999,9999,9999,9999,9999,9999,9999,9999,9999
HD29,76/09/28,9999,9999,9999,9999,9999,9999,9999,9999,9999,9999,9999,9999,9999,9999,9999,9999,9999,9999,9999,9999,9999,9999,9999,9999
HD29,76/09/29,9999,9999,9999,9999,9999,9999,9999,9999,9999,9999,9999,9999,9999,9999,9999,9999,9999,9999,9999,9999,9999,9999,9999,9999
HD29,76/09/30,9999,9999,9999,9999,9999,9999,9999,9999,9999,9999,9999,9999,9999,9999,9999,9999,9999,9999,9999,9999,9999,9999,9999,9999
HD29,76/10/01,9999,9999,9999,9999,9999,9999,9999,9999,9999,9999,9999,9999,9999,9999,9999,9999,9999,9999,9999,9999,9999,9999,9999,9999
HD29,76/10/02,9999,9999,9999,9999,9999,9999,9999,9999,9999,9999,9999,9999,9999,9999,9999,9999,9999,9999,9999,9999,9999,9999,9999,9999
HD29,76/10/03,9999,9999,9999,9999,9999,9999,9999,9999,9999,9999,9999,9999,9999,9999,9999,9999,9999,9999,9999,9999,9999,9999,9999,9999
HD29,76/10/04,9999,9999,9999,9999,9999,9999,9999,9999,9999,9999,9999,9999,9999,9999,9999,9999,9999,9999,9999,9999,9999,9999,9999,9999
HD29,76/10/05,9999,9999,9999,9999,9999,9999,9999,9999,9999,9999,9999,9999,9999,9999,9999,9999,9999,9999,9999,9999,9999,9999,9999,9999
HD29,76/10/06,9999,9999,9999,9999,9999,9999,9999,9999,9999,9999,9999,9999,9999,9999,9999,9999,9999,9999,9999,9999,9999,9999,9999,9999
HD29,76/10/07,9999,9999,9999,9999,9999,9999,9999,9999,9999,9999,9999,9999,9999,9999,9999,9999,9999,9999,9999,9999,9999,9999,9999,9999
HD29,76/10/08,9999,9999,9999,9999,9999,9999,9999,9999,9999,9999,9999,9999,9999,9999,9999,9999,9999,9999,9999,9999,9999,9999,9999,9999
HD29,76/10/09,9999,9999,9999,9999,9999,9999,9999,9999,9999,9999,9999,9999,9999,9999,9999,9999,9999,9999,9999,9999,9999,9999,9999,9999
HD29,76/10/10,9999,9999,9999,9999,9999,9999,9999,9999,9999,9999,9999,9999,9999,9999,9999,9999,9999,9999,9999,9999,9999,9999,9999,9999
HD29,76/10/11,9999,9999,9999,9999,9999,9999,9999,9999,9999,9999,9999,9999,9999,9999,9999,9999,9999,9999,9999,9999,9999,9999,9999,9999
HD29,76/10/12,9999,9999,9999,9999,9999,9999,9999,9999,9999,9999,9999,9999,9999,9999,9999,9999,9999,9999,9999,9999,9999,9999,9999,9999
HD29,76/10/13,9999,9999,9999,9999,9999,9999,9999,9999,9999,9999,9999,9999,9999,9999,9999,9999,9999,9999,9999,9999,9999,9999,9999,9999
HD29,76/10/14,9999,9999,9999,9999,9999,9999,9999,9999,9999,9999,9999,9999,9999,9999,9999,9999,9999,9999,9999,9999,9999,9999,9999,9999
HD29,76/10/15,9999,9999,9999,9999,9999,9999,9999,9999,9999,9999,9999,9999,9999,9999,9999,9999,9999,9999,9999,9999,9999,9999,9999,9999
HD29,76/10/16,9999,9999,9999,9999,9999,9999,9999,9999,9999,9999,9999,9999,9999,9999,9999,9999,9999,9999,9999,9999,9999,9999,9999,9999
HD29,76/10/17,9999,9999,9999,9999,9999,9999,9999,9999,9999,9999,9999,9999,9999,9999,9999,9999,9999,9999,9999,9999,9999,9999,9999,9999
HD29,76/10/18,9999,9999,9999,9999,9999,9999,9999,9999,9999,9999,9999,9999,9999,9999,9999,9999,9999,9999,9999,9999,9999,9999,9999,9999
HD29,76/10/19,9999,9999,9999,9999,9999,9999,9999,9999,9999,9999,9999,9999,9999,9999,9999,9999,9999,9999,9999,9999,9999,9999,9999,9999
HD29,76/10/20,9999,9999,9999,9999,9999,9999,9999,9999,9999,9999,9999,9999,9999,9999,9999,9999,9999,9999,9999,9999,9999,9999,9999,9999
HD29,76/10/21,9999,9999,9999,9999,9999,9999,9999,9999,9999,9999,9999,9999,9999,9999,9999,9999,9999,9999,9999,9999,9999,9999,9999,9999
HD29,76/10/22,9999,9999,9999,9999,9999,9999,9999,9999,9999,9999,9999,9999,9999,9999,9999,9999,9999,9999,9999,9999,9999,9999,9999,9999
HD29,76/10/23,9999,9999,9999,9999,9999,9999,9999,9999,9999,9999,9999,9999,9999,9999,9999,9999,9999,9999,9999,9999,9999,9999,9999,9999
HD29,76/10/24,9999,9999,9999,9999,9999,9999,9999,9999,9999,9999,9999,9999,9999,9999,9999,9999,9999,9999,9999,9999,9999,9999,9999,9999
HD29,76/10/25,9999,9999,9999,9999,9999,9999,9999,9999,9999,9999,9999,9999,9999,9999,9999,9999,9999,9999,9999,9999,9999,9999,9999,9999
HD29,76/10/26,9999,9999,9999,9999,9999,9999,9999,9999,9999,9999,9999,9999,9999,9999,9999,9999,9999,9999,9999,9999,9999,9999,9999,9999
HD29,76/10/27,9999,9999,9999,9999,9999,9999,9999,9999,9999,9999,9999,9999,9999,9999,9999,9999,9999,9999,9999,9999,9999,9999,9999,9999
HD29,76/10/28,9999,9999,9999,9999,9999,9999,9999,9999,9999,9999,9999,9999,9999,9999,9999,9999,9999,9999,9999,9999,9999,9999,9999,9999
HD29,76/10/29,9999,9999,9999,9999,9999,9999,9999,9999,9999,9999,9999,9999,9999,9999,9999,9999,9999,9999,9999,9999,9999,9999,9999,9999
HD29,76/10/30,9999,9999,9999,9999,9999,9999,9999,9999,9999,9999,9999,9999,9999,9999,9999,9999,9999,9999,9999,9999,9999,9999,9999,9999
HD29,76/10/31,9999,9999,9999,9999,9999,9999,9999,9999,9999,9999,9999,9999,9999,9999,9999,9999,9999,9999,9999,9999,9999,9999,9999,9999
HD29,76/11/01,9999,9999,9999,9999,9999,9999,9999,9999,9999,9999,9999,9999,9999,9999,9999,9999,9999,9999,9999,9999,9999,9999,9999,9999
HD29,76/11/02,9999,9999,9999,9999,9999,9999,9999,9999,9999,9999,9999,9999,9999,9999,9999,9999,9999,9999,9999,9999,9999,9999,9999,9999
HD29,76/11/03,9999,9999,9999,9999,9999,9999,9999,9999,9999,9999,9999,9999,9999,9999,9999,9999,9999,9999,9999,9999,9999,9999,9999,9999
HD29,76/11/04,9999,9999,9999,9999,9999,9999,9999,9999,9999,9999,9999,9999,9999,9999,9999,9999,9999,9999,9999,9999,9999,9999,9999,9999
HD29,76/11/05,9999,9999,9999,9999,9999,9999,9999,9999,9999,9999,9999,9999,9999,9999,9999,9999,9999,9999,9999,9999,9999,9999,9999,9999
HD29,76/11/06,9999,9999,9999,9999,9999,9999,9999,9999,9999,9999,9999,9999,9999,9999,9999,9999,9999,9999,9999,9999,9999,9999,9999,9999
HD29,76/11/07,9999,9999,9999,9999,9999,9999,9999,9999,9999,9999,9999,9999,9999,9999,9999,9999,9999,9999,9999,9999,9999,9999,9999,9999
HD29,76/11/08,9999,9999,9999,9999,9999,9999,9999,9999,9999,9999,9999,9999,9999,9999,9999,9999,9999,9999,9999,9999,9999,9999,9999,9999
HD29,76/11/09,9999,9999,9999,9999,9999,9999,9999,9999,9999,9999,9999,9999,9999,9999,9999,9999,9999,9999,9999,9999,9999,9999,9999,9999
HD29,76/11/10,9999,9999,9999,9999,9999,9999,9999,9999,9999,9999,9999,9999,9999,9999,9999,9999,9999,9999,9999,9999,9999,9999,9999,9999
HD29,76/11/11,9999,9999,9999,9999,9999,9999,9999,9999,9999,9999,9999,9999,9999,9999,9999,9999,9999,9999,9999,9999,9999,9999,9999,9999
HD29,76/11/12,9999,9999,9999,9999,9999,9999,9999,9999,9999,9999,9999,9999,9999,9999,9999,9999,9999,9999,9999,9999,9999,9999,9999,9999
HD29,76/11/13,9999,9999,9999,9999,9999,9999,9999,9999,9999,9999,9999,9999,9999,9999,9999,9999,9999,9999,9999,9999,9999,9999,9999,9999
HD29,76/11/14,9999,9999,9999,9999,9999,9999,9999,9999,9999,9999,9999,9999,9999,9999,9999,9999,9999,9999,9999,9999,9999,9999,9999,9999
HD29,76/11/15,9999,9999,9999,9999,9999,9999,9999,9999,9999,9999,9999,9999,9999,9999,9999,9999,9999,9999,9999,9999,9999,9999,9999,9999
HD29,76/11/16,9999,9999,9999,9999,9999,9999,9999,9999,9999,9999,9999,9999,9999,9999,9999,9999,9999,9999,9999,9999,9999,9999,9999,9999
HD29,76/11/17,9999,9999,9999,9999,9999,9999,9999,9999,9999,9999,9999,9999,9999,9999,9999,9999,9999,9999,9999,9999,9999,9999,9999,9999
HD29,76/11/18,9999,9999,9999,9999,9999,9999,9999,9999,9999,9999,9999,9999,9999,9999,9999,9999,9999,9999,9999,9999,9999,9999,9999,9999
HD29,76/11/19,9999,9999,9999,9999,9999,9999,9999,9999,9999,9999,9999,9999,9999,9999,9999,9999,9999,9999,9999,9999,9999,9999,9999,9999
HD29,76/11/20,9999,9999,9999,9999,9999,9999,9999,9999,9999,9999,9999,9999,9999,9999,9999,9999,9999,9999,9999,9999,9999,9999,9999,9999
HD29,76/11/21,9999,9999,9999,9999,9999,9999,9999,9999,9999,9999,9999,9999,9999,9999,9999,9999,9999,9999,9999,9999,9999,9999,9999,9999
HD29,76/11/22,9999,9999,9999,9999,9999,9999,9999,9999,9999,9999,9999,9999,9999,9999,9999,9999,9999,9999,9999,9999,9999,9999,9999,9999
HD29,76/11/23,9999,9999,9999,9999,9999,9999,9999,9999,9999,9999,9999,9999,9999,9999,9999,9999,9999,9999,9999,9999,9999,9999,9999,9999
HD29,76/11/24,9999,9999,9999,9999,9999,9999,9999,9999,9999,9999,9999,9999,9999,9999,9999,9999,9999,9999,9999,9999,9999,9999,9999,9999
HD29,76/11/25,9999,9999,9999,9999,9999,9999,9999,9999,9999,9999,9999,9999,9999,9999,9999,9999,9999,9999,9999,9999,9999,9999,9999,9999
HD29,76/11/26,9999,9999,9999,9999,9999,9999,9999,9999,9999,9999,9999,9999,9999,9999,9999,9999,9999,9999,9999,9999,9999,9999,9999,9999
HD29,76/11/27,9999,9999,9999,9999,9999,9999,9999,9999,9999,9999,9999,9999,9999,9999,9999,9999,9999,9999,9999,9999,9999,9999,9999,9999
HD29,76/11/28,9999,9999,9999,9999,9999,9999,9999,9999,9999,9999,9999,9999,9999,9999,9999,9999,9999,9999,9999,9999,9999,9999,9999,9999
HD29,76/11/29,9999,9999,9999,9999,9999,9999,9999,9999,9999,9999,9999,9999,9999,9999,9999,9999,9999,9999,9999,9999,9999,9999,9999,9999
HD29,76/11/30,9999,9999,9999,9999,9999,9999,9999,9999,9999,9999,9999,9999,9999,9999,9999,9999,9999,9999,9999,9999,9999,9999,9999,9999
HD29,76/12/01,9999,9999,9999,9999,9999,9999,9999,9999,9999,9999,9999,9999,9999,9999,9999,9999,9999,9999,9999,9999,9999,9999,9999,9999
HD29,76/12/02,9999,9999,9999,9999,9999,9999,9999,9999,9999,9999,9999,9999,9999,9999,9999,9999,9999,9999,9999,9999,9999,9999,9999,9999
HD29,76/12/03,9999,9999,9999,9999,9999,9999,9999,9999,9999,9999,9999,9999,9999,9999,9999,9999,9999,9999,9999,9999,9999,9999,9999,9999
HD29,76/12/04,9999,9999,9999,9999,9999,9999,9999,9999,9999,9999,9999,9999,9999,9999,9999,9999,9999,9999,9999,9999,9999,9999,9999,9999
HD29,76/12/05,9999,9999,9999,9999,9999,9999,9999,9999,9999,9999,9999,9999,9999,9999,9999,9999,9999,9999,9999,9999,9999,9999,9999,9999
HD29,76/12/06,9999,9999,9999,9999,9999,9999,9999,9999,9999,9999,9999,9999,9999,9999,9999,9999,9999,9999,9999,9999,9999,9999,9999,9999
HD29,76/12/07,9999,9999,9999,9999,9999,9999,9999,9999,9999,9999,9999,9999,9999,9999,9999,9999,9999,9999,9999,9999,9999,9999,9999,9999
HD29,76/12/08,9999,9999,9999,9999,9999,9999,9999,9999,9999,9999,9999,9999,9999,9999,9999,9999,9999,9999,9999,9999,9999,9999,9999,9999
HD29,76/12/09,9999,9999,9999,9999,9999,9999,9999,9999,9999,9999,9999,9999,9999,9999,9999,9999,9999,9999,9999,9999,9999,9999,9999,9999
HD29,76/12/10,9999,9999,9999,9999,9999,9999,9999,9999,9999,9999,9999,9999,9999,9999,9999,9999,9999,9999,9999,9999,9999,9999,9999,9999
HD29,76/12/11,9999,9999,9999,9999,9999,9999,9999,9999,9999,9999,9999,9999,9999,9999,9999,9999,9999,9999,9999,9999,9999,9999,9999,9999
HD29,76/12/12,9999,9999,9999,9999,9999,9999,9999,9999,9999,9999,9999,9999,9999,9999,9999,9999,9999,9999,9999,9999,9999,9999,9999,9999
HD29,76/12/13,9999,9999,9999,9999,9999,9999,9999,9999,9999,9999,9999,9999,9999,9999,9999,9999,9999,9999,9999,9999,9999,9999,9999,9999
HD29,76/12/14,9999,9999,9999,9999,9999,9999,9999,9999,9999,9999,9999,9999,9999,9999,9999,9999,9999,9999,9999,9999,9999,9999,9999,9999
HD29,76/12/15,9999,9999,9999,9999,9999,9999,9999,9999,9999,9999,9999,9999,9999,9999,9999,9999,9999,9999,9999,9999,9999,9999,9999,9999
HD29,76/12/16,9999,9999,9999,9999,9999,9999,9999,9999,9999,9999,9999,9999,9999,9999,9999,9999,9999,9999,9999,9999,9999,9999,9999,9999
HD29,76/12/17,9999,9999,9999,9999,9999,9999,9999,9999,9999,9999,9999,9999,9999,9999,9999,9999,9999,9999,9999,9999,9999,9999,9999,9999
HD29,76/12/18,9999,9999,9999,9999,9999,9999,9999,9999,9999,9999,9999,9999,9999,9999,9999,9999,9999,9999,9999,9999,9999,9999,9999,9999
HD29,76/12/19,9999,9999,9999,9999,9999,9999,9999,9999,9999,9999,9999,9999,9999,9999,9999,9999,9999,9999,9999,9999,9999,9999,9999,9999
HD29,76/12/20,9999,9999,9999,9999,9999,9999,9999,9999,9999,9999,9999,9999,9999,9999,9999,9999,9999,9999,9999,9999,9999,9999,9999,9999
HD29,76/12/21,9999,9999,9999,9999,9999,9999,9999,9999,9999,9999,9999,9999,9999,9999,9999,9999,9999,9999,9999,9999,9999,9999,9999,9999
HD29,76/12/22,9999,9999,9999,9999,9999,9999,9999,9999,9999,9999,9999,9999,9999,9999,9999,9999,9999,9999,9999,9999,9999,9999,9999,9999
HD29,76/12/23,9999,9999,9999,9999,9999,9999,9999,9999,9999,9999,9999,9999,9999,9999,9999,9999,9999,9999,9999,9999,9999,9999,9999,9999
HD29,76/12/24,9999,9999,9999,9999,9999,9999,9999,9999,9999,9999,9999,9999,9999,9999,9999,9999,9999,9999,9999,9999,9999,9999,9999,9999
HD29,76/12/25,9999,9999,9999,9999,9999,9999,9999,9999,9999,9999,9999,9999,9999,9999,9999,9999,9999,9999,9999,9999,9999,9999,9999,9999
HD29,76/12/26,9999,9999,9999,9999,9999,9999,9999,9999,9999,9999,9999,9999,9999,9999,9999,9999,9999,9999,9999,9999,9999,9999,9999,9999
HD29,76/12/27,9999,9999,9999,9999,9999,9999,9999,9999,9999,9999,9999,9999,9999,9999,9999,9999,9999,9999,9999,9999,9999,9999,9999,9999
HD29,76/12/28,9999,9999,9999,9999,9999,9999,9999,9999,9999,9999,9999,9999,9999,9999,9999,9999,9999,9999,9999,9999,9999,9999,9999,9999
HD29,76/12/29,9999,9999,9999,9999,9999,9999,9999,9999,9999,9999,9999,9999,9999,9999,9999,9999,9999,9999,9999,9999,9999,9999,9999,9999
HD29,76/12/30,9999,9999,9999,9999,9999,9999,9999,9999,9999,9999,9999,9999,9999,9999,9999,9999,9999,9999,9999,9999,9999,9999,9999,9999
HD29,76/12/31,9999,9999,9999,9999,9999,9999,9999,9999,9999,9999,9999,9999,9999,9999,9999,9999,9999,9999,9999,9999,9999,9999,9999,9999
