HD29,02/01/01,096,110,141,183,227,265,288,294,284,264,242,224,217,224,244,272,297,310,308,288,255,213,171,137
HD29,02/01/02,116,114,133,165,205,244,276,295,296,282,260,239,225,223,233,258,287,302,306,293,272,244,207,166
HD29,02/01/03,129,112,118,145,181,219,250,273,284,281,267,244,222,209,208,223,247,271,285,286,274,254,227,195
HD29,02/01/04,162,136,126,135,159,193,228,258,277,283,275,258,237,220,212,215,229,250,269,278,277,268,251,228
HD29,02/01/05,200,173,155,151,163,189,220,249,271,283,285,270,246,222,206,203,211,222,232,240,245,246,241,229
HD29,02/01/06,212,192,174,162,159,168,188,214,239,258,264,260,246,229,212,198,191,191,195,202,211,221,229,231
HD29,02/01/07,225,211,194,181,174,176,185,200,220,239,253,258,254,241,224,207,194,186,182,184,192,204,219,233
HD29,02/01/08,244,248,241,230,220,214,214,219,231,249,270,284,284,272,257,241,225,207,188,172,167,175,193,214
HD29,02/01/09,232,243,247,245,238,229,221,217,219,228,241,255,264,266,259,245,227,206,180,160,145,145,158,179
HD29,02/01/10,204,227,243,252,252,246,236,226,221,222,230,243,257,268,272,266,251,227,200,172,150,139,143,160
HD29,02/01/11,186,215,242,264,276,275,264,248,234,229,231,241,255,269,279,281,271,248,217,183,152,130,123,130
HD29,02/01/12,151,180,214,244,266,273,267,252,235,221,214,216,229,247,266,278,278,263,236,201,164,134,116,115
HD29,02/01/13,130,157,190,225,254,271,274,262,242,222,208,203,210,225,247,266,277,272,251,217,177,140,112,101
HD29,02/01/14,106,128,160,198,233,258,268,263,246,226,207,197,196,207,227,252,272,278,267,238,200,160,128,109
HD29,02/01/15,105,117,144,180,218,251,270,275,263,244,224,208,202,207,226,252,279,291,289,266,234,197,163,136
HD29,02/01/16,123,126,146,178,216,250,273,282,277,262,242,222,209,208,220,243,270,290,294,282,255,221,186,155
HD29,02/01/17,134,129,140,166,200,234,262,279,282,271,251,227,208,201,207,226,252,275,287,284,267,242,213,184
HD29,02/01/18,158,144,145,163,193,226,255,274,280,275,260,241,222,210,206,214,234,257,275,279,268,247,221,196
HD29,02/01/19,172,153,145,151,172,202,233,256,268,265,255,238,221,205,197,197,208,227,246,258,259,248,228,206
HD29,02/01/20,184,167,158,158,168,189,215,241,258,262,254,238,220,205,194,189,193,204,219,234,243,241,231,216
HD29,02/01/21,199,184,175,173,179,193,214,237,258,269,271,263,251,239,231,225,223,222,223,229,241,255,263,257
HD29,02/01/22,239,219,208,207,213,220,227,237,253,269,279,276,259,238,220,209,205,202,199,198,202,212,225,233
HD29,02/01/23,231,222,211,205,205,209,214,221,230,241,253,259,256,245,228,212,197,185,176,173,175,184,197,212
HD29,02/01/24,224,229,229,223,217,213,212,215,221,229,238,247,251,248,238,223,204,185,167,153,148,154,169,190
HD29,02/01/25,210,224,233,236,234,229,222,217,214,217,224,235,245,249,247,237,219,196,169,142,125,121,131,153
HD29,02/01/26,179,205,226,239,244,239,230,218,209,205,208,218,231,243,250,250,239,217,186,152,123,109,110,127
HD29,02/01/27,156,192,227,256,274,279,271,259,242,237,242,251,262,275,288,297,296,280,248,205,164,133,121,126
HD29,02/01/28,147,179,216,249,279,291,287,272,250,231,218,217,226,244,267,287,297,290,266,227,182,142,115,105
HD29,02/01/29,119,148,189,233,270,294,300,291,272,249,227,213,212,227,254,283,304,309,294,261,217,171,130,104
HD29,02/01/30,099,116,152,198,244,279,298,298,283,258,233,214,207,214,234,262,291,310,310,288,251,206,163,127
HD29,02/01/31,105,103,124,163,210,252,282,292,283,261,233,207,192,190,201,225,256,282,296,289,263,226,185,146
HD29,02/02/01,117,104,111,137,176,220,257,277,281,266,239,211,190,179,182,198,224,253,277,285,276,251,217,181
HD29,02/02/02,149,128,124,137,165,202,238,266,278,272,250,220,193,175,167,175,192,217,242,259,263,253,232,204
HD29,02/02/03,176,151,141,142,160,187,219,247,265,266,251,228,200,176,161,157,165,182,203,223,237,241,235,220
HD29,02/02/04,200,180,165,161,168,186,210,236,256,266,262,246,223,200,181,170,167,174,188,204,219,230,234,233
HD29,02/02/05,226,215,204,196,196,203,217,236,253,265,267,259,243,223,203,186,175,171,173,181,192,206,218,226
HD29,02/02/06,230,228,223,218,215,216,221,230,242,253,260,261,253,239,221,203,188,175,166,163,166,176,190,206
HD29,02/02/07,220,229,234,234,232,229,226,227,232,240,249,255,257,254,246,234,216,195,175,158,150,151,162,179
HD29,02/02/08,199,219,234,243,246,242,235,227,221,222,228,238,247,252,249,241,228,211,189,165,147,141,150,168
HD29,02/02/09,190,212,234,253,265,268,261,247,234,225,225,233,244,255,261,260,250,231,204,173,145,128,124,134
HD29,02/02/10,154,180,210,238,258,264,258,242,225,213,208,213,225,241,257,268,270,259,236,206,173,145,130,127
HD29,02/02/11,146,174,207,239,265,279,277,264,245,226,212,209,217,235,257,275,285,281,263,232,195,159,134,126
HD29,02/02/12,135,158,190,225,254,272,279,268,251,227,205,193,194,211,237,263,280,285,270,243,208,170,138,118
HD29,02/02/13,117,134,165,203,237,263,276,273,256,231,204,186,181,192,215,243,268,283,281,260,226,187,151,125
HD29,02/02/14,115,124,149,184,221,251,269,272,261,238,211,188,174,180,197,226,256,278,284,272,243,207,171,141
HD29,02/02/15,124,125,143,173,209,243,266,274,264,243,216,191,175,171,182,205,234,262,277,274,253,221,186,156
HD29,02/02/16,135,129,138,161,194,228,256,270,267,250,224,196,175,165,169,186,213,243,266,274,263,239,208,179
HD29,02/02/17,158,147,150,166,193,224,252,270,274,262,239,212,187,172,169,180,201,228,252,267,268,257,236,211
HD29,02/02/18,188,173,171,182,203,230,256,276,286,278,260,235,210,190,178,176,185,206,231,252,261,255,238,218
HD29,02/02/19,200,188,182,185,196,215,237,258,270,270,259,239,216,195,179,173,177,189,207,223,235,240,237,228
HD29,02/02/20,214,201,193,192,198,210,226,243,255,259,254,239,220,199,182,171,168,172,182,196,210,221,227,227
HD29,02/02/21,221,213,208,208,211,217,225,235,246,253,252,244,229,211,195,180,169,164,164,171,183,196,209,219
HD29,02/02/22,225,227,227,226,225,226,230,235,241,247,251,250,245,235,221,204,188,174,164,160,163,172,187,204
HD29,02/02/23,220,231,238,240,239,235,230,226,226,229,235,240,243,241,235,224,207,186,164,146,137,140,153,173
HD29,02/02/24,196,219,237,248,252,248,240,229,220,214,216,224,236,246,251,246,232,210,181,151,126,113,116,136
HD29,02/02/25,166,199,228,250,261,260,249,234,218,206,201,206,220,239,256,264,258,239,209,172,135,109,099,110
HD29,02/02/26,137,174,213,248,271,277,270,251,229,210,198,198,208,229,255,277,285,276,250,211,166,126,100,094
HD29,02/02/27,109,141,183,226,263,282,284,267,238,9999,9999,9999,9999,9999,9999,9999,9999,9999,9999,249,203,157,114,092
HD29,02/02/28,093,117,157,203,245,276,287,276,253,219,190,168,162,175,200,235,271,293,296,278,241,195,149,114
HD29,02/03/01,099,107,136,178,223,260,282,283,263,230,194,163,145,149,169,203,241,273,291,287,262,225,182,143
HD29,02/03/02,118,113,129,163,205,245,274,285,275,247,210,174,150,142,153,179,214,250,276,287,278,254,219,183
HD29,02/03/03,153,137,142,164,197,233,263,280,278,257,225,190,159,141,136,150,177,210,242,263,268,257,236,209
HD29,02/03/04,184,168,162,173,195,223,250,269,274,263,240,209,177,153,142,145,161,186,212,234,248,250,242,226
HD29,02/03/05,208,193,185,188,201,220,241,260,271,268,252,225,196,172,157,152,156,168,186,207,225,237,242,239
HD29,02/03/06,231,222,216,216,224,238,254,269,279,281,274,260,239,218,200,188,184,188,197,208,217,224,231,237
HD29,02/03/07,240,240,236,232,232,236,244,253,259,261,258,250,239,225,211,196,181,169,163,165,172,183,193,204
HD29,02/03/08,215,225,233,234,229,223,220,222,227,231,232,230,226,221,214,202,187,170,156,148,147,151,161,174
HD29,02/03/09,192,212,228,237,237,230,222,216,214,215,216,219,223,228,231,226,213,194,172,154,144,142,150,164
HD29,02/03/10,183,207,230,248,255,251,240,227,217,210,208,213,223,237,248,253,246,229,205,178,155,142,143,155
HD29,02/03/11,175,199,225,247,260,260,249,231,212,198,192,195,207,225,242,253,254,243,220,190,160,138,128,134
HD29,02/03/12,152,179,211,240,261,267,259,242,219,198,185,184,195,217,243,263,271,265,245,213,177,144,124,121
HD29,02/03/13,135,162,196,228,251,262,259,242,217,190,169,161,169,191,220,249,267,270,257,230,196,161,135,123
HD29,02/03/14,130,153,185,220,251,270,274,260,234,204,178,164,168,188,219,252,278,289,283,262,231,196,166,146
HD29,02/03/15,143,157,188,226,263,290,298,289,265,235,206,185,181,194,222,256,285,302,305,292,265,229,191,163
HD29,02/03/16,152,160,184,217,249,274,286,280,259,227,192,163,149,154,176,209,243,271,284,279,258,228,195,167
HD29,02/03/17,152,154,172,203,236,264,280,281,268,242,210,179,159,156,171,199,233,264,284,289,276,251,220,191
HD29,02/03/18,170,164,174,198,228,255,273,279,269,247,215,182,156,144,150,173,205,238,264,276,273,256,230,202
HD29,02/03/19,181,173,177,193,215,239,260,272,269,251,223,191,164,148,146,157,178,207,236,257,267,262,246,225
HD29,02/03/20,207,198,197,201,211,228,250,268,272,258,231,201,175,156,146,146,156,176,202,227,244,247,239,225
HD29,02/03/21,213,205,204,208,216,228,244,260,270,268,252,227,203,185,176,173,173,180,195,219,242,255,255,246
HD29,02/03/22,236,231,233,237,240,243,249,258,268,272,265,249,229,211,197,186,176,172,177,190,208,226,239,244
HD29,02/03/23,244,243,242,243,242,242,243,248,253,256,254,247,238,227,215,201,184,168,158,160,171,187,204,218
HD29,02/03/24,230,240,247,250,247,240,234,230,230,232,234,236,238,236,231,220,202,181,162,148,144,149,162,182
HD29,02/03/25,206,231,248,256,252,242,229,218,210,206,208,215,225,236,241,236,221,198,171,145,127,121,128,149
HD29,02/03/26,178,211,239,258,263,255,239,219,202,190,188,197,214,236,253,261,255,236,207,173,142,122,119,133
HD29,02/03/27,163,201,240,272,288,287,270,245,220,200,191,195,213,240,268,289,296,287,263,227,185,147,122,117
HD29,02/03/28,134,170,214,255,281,286,272,246,214,184,162,154,165,192,228,264,289,295,280,248,207,165,133,119
HD29,02/03/29,127,156,199,243,279,296,293,271,238,200,168,148,150,173,212,255,297,316,317,298,266,228,191,165
HD29,02/03/30,158,175,211,253,292,312,313,300,271,232,191,157,146,155,186,226,266,295,310,306,286,253,216,183
HD29,02/03/31,165,168,190,225,262,290,303,298,275,239,197,160,137,136,156,189,228,264,290,301,293,269,237,206
HD29,02/04/01,186,180,191,213,242,273,292,292,274,246,209,173,144,128,132,154,188,226,258,278,281,273,254,231
HD29,02/04/02,210,199,202,217,241,266,285,294,286,264,232,197,166,144,137,146,168,198,228,251,263,265,258,245
HD29,02/04/03,230,218,214,220,235,254,272,283,281,268,246,220,194,173,159,156,167,189,215,239,255,263,263,258
HD29,02/04/04,250,243,236,235,240,246,259,267,271,263,248,228,210,190,174,164,161,167,181,198,216,228,234,235
HD29,02/04/05,234,234,235,237,240,241,247,252,257,258,253,242,229,214,201,190,183,181,184,192,203,215,227,238
HD29,02/04/06,248,255,259,260,257,255,253,253,255,256,254,249,243,236,227,215,203,191,184,182,187,197,210,225
HD29,02/04/07,239,252,261,266,266,260,251,243,239,239,241,245,248,250,248,241,230,215,200,188,183,186,196,211
HD29,02/04/08,230,248,264,274,275,267,252,238,228,224,227,235,246,257,264,264,256,240,221,201,185,178,181,196
HD29,02/04/09,218,242,264,277,281,274,259,239,221,209,207,216,233,252,268,274,270,256,236,211,186,167,162,173
HD29,02/04/10,196,225,252,271,277,271,255,234,210,190,179,184,202,228,253,268,272,263,246,221,194,171,158,162
HD29,02/04/11,182,212,244,268,279,277,262,239,212,188,172,169,183,211,243,269,281,278,263,239,211,185,167,163
HD29,02/04/12,177,204,237,267,285,288,276,253,223,194,170,161,170,196,231,264,285,291,282,261,234,205,181,169
HD29,02/04/13,173,194,226,259,282,289,281,259,229,197,169,153,155,176,211,250,280,295,293,278,255,227,200,180
HD29,02/04/14,175,190,220,253,278,289,284,266,238,204,170,146,138,152,182,219,254,278,286,279,259,233,206,185
HD29,02/04/15,177,185,206,235,262,281,285,274,249,214,177,147,133,137,160,193,230,261,280,283,270,248,222,200
HD29,02/04/16,186,187,202,227,253,273,282,277,259,229,193,159,136,130,143,171,206,242,269,283,282,266,243,222
HD29,02/04/17,209,206,213,229,251,272,287,290,278,253,220,186,159,146,151,172,204,237,266,286,293,287,272,252
HD29,02/04/18,235,227,228,237,250,264,277,283,279,262,234,202,172,151,143,149,168,193,220,244,259,264,258,245
HD29,02/04/19,233,223,220,224,232,245,257,265,264,253,234,210,186,166,151,147,153,168,189,211,231,244,249,246
HD29,02/04/20,238,231,227,228,231,236,243,250,253,250,239,223,205,186,170,159,154,158,169,185,204,223,238,246
HD29,02/04/21,247,246,243,241,239,238,238,241,245,248,247,240,231,218,205,190,176,165,161,167,182,202,220,236
HD29,02/04/22,247,255,259,256,249,239,230,225,224,227,232,236,237,234,228,216,199,179,161,151,153,166,187,211
HD29,02/04/23,233,251,262,263,256,242,225,212,205,205,212,222,234,243,247,243,228,206,180,158,146,149,164,189
HD29,02/04/24,218,244,263,272,269,255,232,209,191,183,188,203,225,247,265,273,267,249,220,188,163,152,158,179
HD29,02/04/25,210,243,272,290,293,281,256,225,196,174,167,176,199,230,259,279,289,278,254,219,183,156,145,154
HD29,02/04/26,179,214,250,277,288,280,255,221,185,154,136,136,156,189,228,262,283,288,276,249,215,181,158,153
HD29,02/04/27,168,199,236,267,284,287,269,238,199,161,132,121,131,158,197,238,272,291,292,275,246,212,184,168
HD29,02/04/28,170,191,223,257,282,291,282,256,219,177,140,115,111,128,163,206,246,275,287,286,267,241,211,187
HD29,02/04/29,178,187,213,246,273,287,285,267,237,198,158,124,107,113,139,178,218,251,273,282,277,260,236,211
HD29,02/04/30,195,194,211,239,268,287,290,279,258,226,188,152,127,120,134,165,201,235,261,278,285,282,269,249
HD29,02/05/01,230,221,227,246,269,287,295,291,276,251,219,183,152,133,133,150,178,207,231,250,261,265,260,247
HD29,02/05/02,229,216,213,222,239,255,266,267,258,241,218,190,163,141,131,135,152,175,200,221,236,246,248,244
HD29,02/05/03,234,224,219,221,229,240,249,254,253,243,227,207,185,166,152,145,148,161,180,200,217,229,236,238
HD29,02/05/04,236,233,228,225,224,227,234,240,246,240,233,220,207,193,181,170,165,167,176,190,205,220,231,239
HD29,02/05/05,244,246,245,242,237,233,231,232,235,237,237,232,226,218,209,199,189,182,180,185,194,207,221,233
HD29,02/05/06,241,247,248,246,239,229,218,211,211,215,220,223,224,224,221,215,203,189,178,174,179,191,207,223
HD29,02/05/07,237,249,258,259,252,238,221,209,203,204,211,221,232,241,245,242,232,216,199,187,184,190,203,220
HD29,02/05/08,239,257,270,274,269,254,235,215,202,197,203,217,235,253,265,267,261,246,228,210,196,189,192,206
HD29,02/05/09,226,248,266,275,273,259,236,209,186,172,173,186,209,234,254,265,267,259,242,219,198,185,186,200
HD29,02/05/10,222,245,266,279,283,274,252,222,192,170,164,172,194,222,250,271,280,278,265,243,219,202,191,200
HD29,02/05/11,216,240,265,286,296,291,270,238,203,173,157,159,177,206,238,267,288,296,288,268,240,215,200,199
HD29,02/05/12,210,231,256,279,293,293,276,246,209,172,147,139,150,177,213,249,278,293,294,279,255,228,206,196
HD29,02/05/13,200,218,243,268,284,290,278,253,218,179,146,127,129,149,183,221,256,280,290,283,264,239,216,202
HD29,02/05/14,200,211,231,255,277,288,284,264,231,192,155,129,122,133,161,197,235,268,288,292,280,259,235,216
HD29,02/05/15,207,210,225,247,269,283,286,273,247,211,172,140,121,122,140,172,208,243,269,282,282,269,250,230
HD29,02/05/16,215,212,221,238,259,275,282,277,258,228,192,158,133,119,128,147,179,214,245,266,275,273,263,247
HD29,02/05/17,233,224,226,238,255,271,280,280,269,249,222,191,162,141,134,142,163,190,219,245,265,274,272,261
HD29,02/05/18,248,238,236,241,250,261,271,278,276,265,244,218,191,169,155,152,160,178,202,227,250,267,274,271
HD29,02/05/19,262,251,242,239,243,250,258,264,266,263,252,237,217,197,178,164,160,166,183,205,228,247,260,267
HD29,02/05/20,267,262,253,244,237,235,237,242,249,252,251,245,235,222,206,188,173,164,166,179,199,221,241,257
HD29,02/05/21,265,266,261,251,239,227,220,218,223,231,240,247,249,247,238,223,204,185,173,171,182,201,224,245
HD29,02/05/22,261,269,269,261,246,227,209,196,192,198,210,226,242,252,255,248,232,210,188,173,169,179,200,225
HD29,02/05/23,250,268,276,272,257,235,210,188,173,170,180,200,226,252,269,274,266,248,224,201,185,182,193,216
HD29,02/05/24,244,268,284,287,277,256,227,196,169,153,154,173,203,237,266,283,288,279,258,231,205,188,188,203
HD29,02/05/25,229,258,281,291,287,268,238,202,166,139,128,138,165,201,239,270,289,292,279,256,229,206,192,193
HD29,02/05/26,210,238,267,289,294,281,253,216,177,141,117,111,127,161,203,243,273,289,287,271,249,225,206,199
HD29,02/05/27,206,226,253,278,292,288,268,234,194,153,121,103,107,131,168,211,249,276,288,283,267,244,222,208
HD29,02/05/28,206,218,241,266,284,290,279,254,218,178,139,112,102,114,142,180,219,252,274,281,274,258,238,220
HD29,02/05/29,211,213,227,249,272,286,284,267,237,201,164,132,111,108,124,155,192,227,254,270,272,264,249,231
HD29,02/05/30,217,212,219,235,256,273,281,275,254,224,190,158,133,120,124,143,172,206,236,260,270,269,261,246
HD29,02/05/31,233,223,221,230,247,265,277,278,267,246,218,189,164,145,138,145,164,191,220,245,261,267,264,255
HD29,02/06/01,244,234,228,227,235,248,262,270,268,255,235,210,187,168,156,153,161,179,202,226,246,259,265,263
HD29,02/06/02,255,244,233,227,228,235,245,254,259,255,244,227,208,191,177,168,166,173,188,208,228,244,254,256
HD29,02/06/03,252,244,234,225,218,216,219,225,233,237,236,230,220,208,195,183,175,174,181,194,211,228,241,250
HD29,02/06/04,253,250,242,231,220,211,207,210,216,223,229,232,231,226,218,206,195,187,185,191,204,220,236,248
HD29,02/06/05,255,256,252,241,227,211,198,193,194,202,213,223,231,235,233,226,215,202,191,188,192,204,220,236
HD29,02/06/06,250,258,257,247,232,213,195,180,171,175,186,203,222,236,243,241,231,217,204,195,192,197,209,226
HD29,02/06/07,244,258,263,259,245,224,200,177,162,157,165,184,209,233,249,255,249,237,221,207,198,196,203,218
HD29,02/06/08,238,256,268,269,256,234,207,179,156,143,145,162,188,219,245,260,267,260,247,230,215,206,207,219
HD29,02/06/09,238,259,276,284,278,259,231,197,164,137,129,140,168,204,238,263,276,277,267,250,230,213,205,209
HD29,02/06/10,225,247,268,281,284,268,244,211,175,144,126,127,146,178,216,251,275,287,285,271,252,234,221,217
HD29,02/06/11,224,242,265,285,295,290,268,235,197,160,133,122,131,157,193,232,264,284,296,289,275,252,235,226
HD29,02/06/12,229,240,258,278,291,294,283,258,221,180,142,116,113,126,159,197,235,264,281,283,273,256,236,220
HD29,02/06/13,214,221,240,264,284,293,288,270,240,203,164,131,114,116,138,173,212,248,274,288,287,275,255,235
HD29,02/06/14,222,222,233,253,272,286,289,280,258,226,188,152,125,115,122,145,179,216,250,273,281,275,259,241
HD29,02/06/15,226,220,222,233,250,268,280,280,266,240,209,175,145,125,119,129,153,185,219,248,266,271,264,249
HD29,02/06/16,233,220,216,219,230,246,261,270,269,256,233,205,176,152,137,134,145,168,198,229,255,269,270,260
HD29,02/06/17,245,231,220,216,219,227,239,251,259,260,249,231,207,184,165,153,152,162,182,209,236,258,269,269
HD29,02/06/18,260,248,235,224,216,214,220,233,248,259,259,251,238,222,206,191,180,176,183,200,224,250,270,278
HD29,02/06/19,275,263,248,232,219,209,205,207,217,230,242,250,251,246,235,221,206,193,188,193,208,230,251,266
HD29,02/06/20,272,270,261,246,227,208,193,186,189,201,216,232,246,256,259,254,240,222,208,202,211,228,249,267
HD29,02/06/21,280,285,281,268,248,225,199,181,175,180,196,217,240,261,275,279,272,257,238,223,218,223,236,253
HD29,02/06/22,270,282,286,280,262,235,203,174,153,146,154,175,205,236,262,278,284,274,258,239,223,216,221,238
HD29,02/06/23,259,278,289,288,275,251,221,188,158,138,133,146,173,208,243,270,286,289,280,264,246,231,226,232
HD29,02/06/24,248,268,287,295,291,273,244,210,174,143,125,127,147,179,215,248,274,290,290,280,259,238,224,223
HD29,02/06/25,235,254,275,290,294,285,264,234,196,158,128,112,122,147,183,222,254,276,285,282,269,249,230,218
HD29,02/06/26,219,232,254,276,291,293,279,252,216,176,141,118,112,125,153,189,225,255,276,283,276,259,237,220
HD29,02/06/27,214,220,238,260,279,289,285,268,239,204,168,138,121,121,138,167,202,235,261,276,277,266,248,229
HD29,02/06/28,218,216,226,243,262,277,283,276,256,224,189,156,133,125,134,155,184,215,244,265,273,269,255,236
HD29,02/06/29,219,210,212,225,242,259,271,273,262,239,208,175,148,133,132,147,171,199,227,250,267,267,261,244
HD29,02/06/30,226,213,208,214,227,244,259,268,266,252,228,200,174,157,147,152,167,189,214,238,255,264,262,251
HD29,02/07/01,234,218,208,207,214,227,242,252,256,251,239,222,202,183,169,164,170,187,209,231,248,259,263,259
HD29,02/07/02,248,233,218,207,204,208,218,231,241,244,238,227,213,198,186,178,179,187,202,220,236,249,257,257
HD29,02/07/03,251,239,223,208,198,195,201,212,223,231,233,230,224,216,206,196,189,189,197,211,228,243,254,257
HD29,02/07/04,255,247,235,219,203,190,186,190,201,212,222,228,230,229,224,216,208,201,200,206,218,233,246,255
HD29,02/07/05,257,252,242,227,209,191,176,170,173,185,200,215,226,234,236,234,227,217,210,208,214,226,240,253
HD29,02/07/06,261,263,257,244,226,204,183,168,162,167,181,201,222,240,251,255,251,242,232,225,223,226,236,250
HD29,02/07/07,264,273,274,266,249,225,199,175,157,152,160,179,205,232,254,266,269,263,252,239,229,224,228,239
HD29,02/07/08,255,269,278,276,264,242,213,182,155,139,137,151,177,210,242,266,279,279,269,256,242,232,227,232
HD29,02/07/09,244,262,278,285,280,262,234,201,168,141,127,132,154,189,227,260,282,292,290,279,260,241,228,227
HD29,02/07/10,238,258,279,293,296,287,266,235,197,161,135,127,139,169,207,247,281,303,311,306,291,274,261,257
HD29,02/07/11,262,274,292,309,318,315,301,277,242,201,162,138,136,156,190,230,268,298,316,319,310,292,270,251
HD29,02/07/12,241,245,261,285,306,317,313,292,259,219,179,147,129,133,156,194,236,273,299,311,309,295,273,251
HD29,02/07/13,237,234,244,265,287,305,313,306,284,250,209,171,144,135,146,174,209,246,279,301,310,301,279,252
HD29,02/07/14,230,221,228,246,268,287,300,306,299,277,242,203,169,149,147,162,189,223,257,288,307,310,296,273
HD29,02/07/15,251,235,232,235,248,264,283,298,303,295,273,242,211,186,172,173,187,212,243,275,299,311,306,289
HD29,02/07/16,267,248,235,230,233,245,265,286,302,306,304,287,258,227,206,198,204,219,241,266,290,308,314,306
HD29,02/07/17,286,263,241,226,221,222,231,246,262,274,279,274,262,246,228,214,207,212,227,249,270,287,297,296
HD29,02/07/18,284,266,245,227,212,204,205,213,227,242,254,263,266,263,254,242,231,225,226,236,252,269,284,291
HD29,02/07/19,288,276,259,240,221,205,195,192,198,211,230,248,263,271,272,267,258,248,242,241,248,261,276,287
HD29,02/07/20,292,288,277,259,237,213,193,180,177,183,198,220,244,266,280,286,283,275,266,258,254,256,264,276
HD29,02/07/21,287,293,290,278,258,232,204,180,166,164,173,192,216,243,269,288,295,292,280,266,257,254,257,266
HD29,02/07/22,277,289,296,293,280,258,230,200,174,158,157,166,190,220,254,282,300,304,296,282,266,255,249,251
HD29,02/07/23,260,275,291,301,298,282,253,220,187,162,149,149,164,190,224,257,284,298,298,287,268,250,237,235
HD29,02/07/24,243,259,278,294,300,294,275,245,209,175,150,141,148,171,203,238,270,292,301,296,279,259,241,232
HD29,02/07/25,234,246,265,285,300,305,296,272,237,198,164,144,143,160,190,225,258,284,300,302,292,273,249,229
HD29,02/07/26,223,226,246,271,292,302,298,280,252,217,182,154,140,145,166,198,234,267,288,299,290,274,252,232
HD29,02/07/27,219,218,229,250,276,296,303,293,269,237,202,172,154,150,161,185,217,250,276,293,291,277,256,233
HD29,02/07/28,216,212,216,234,256,278,292,294,282,256,223,192,170,162,167,184,209,239,267,286,292,285,267,245
HD29,02/07/29,224,212,210,221,240,261,279,288,285,269,244,217,193,179,176,184,202,227,254,277,288,286,273,253
HD29,02/07/30,234,219,213,214,224,239,257,271,278,272,256,234,211,195,187,189,200,220,243,265,280,285,278,262
HD29,02/07/31,243,225,212,206,209,220,236,253,263,264,254,239,222,209,202,201,206,218,236,257,274,282,277,264
HD29,02/08/01,246,229,216,206,202,204,214,229,245,255,255,247,235,223,215,213,216,224,236,252,268,280,283,273
HD29,02/08/02,255,236,220,209,203,200,202,211,225,239,248,250,245,238,233,231,230,229,231,238,253,269,278,276
HD29,02/08/03,265,249,234,220,207,195,188,190,200,214,228,239,245,247,246,243,240,238,239,243,250,258,266,270
HD29,02/08/04,269,262,250,233,214,197,184,179,182,192,207,223,239,252,259,261,259,254,248,244,244,249,258,267
HD29,02/08/05,271,269,261,249,232,211,188,170,160,163,176,196,219,241,258,268,271,266,256,245,239,238,244,253
HD29,02/08/06,263,269,270,264,250,228,199,170,148,139,144,163,189,219,247,269,280,279,269,254,241,233,233,241
HD29,02/08/07,253,267,278,281,273,253,223,189,157,134,126,136,160,194,230,261,283,291,285,270,251,234,225,226
HD29,02/08/08,235,252,272,286,290,279,254,218,178,143,120,117,132,164,204,245,278,298,300,288,267,244,226,218
HD29,02/08/09,222,238,262,285,300,300,284,254,213,170,134,115,118,140,176,218,258,288,302,298,279,254,229,212
HD29,02/08/10,209,219,242,270,295,307,305,283,249,206,163,130,114,123,150,191,236,274,296,300,288,265,238,214
HD29,02/08/11,199,198,214,242,273,297,308,299,276,238,196,157,132,126,141,173,214,254,284,298,295,277,250,222
HD29,02/08/12,199,189,194,213,242,272,294,301,291,267,233,196,165,148,149,168,201,239,274,296,303,293,271,241
HD29,02/08/13,212,192,186,195,218,247,274,292,296,285,263,234,206,185,176,182,204,234,267,292,305,302,285,258
HD29,02/08/14,227,202,187,186,198,218,243,266,280,285,274,254,230,208,195,194,206,228,253,277,292,296,287,267
HD29,02/08/15,240,213,192,182,185,198,218,239,256,267,271,268,258,244,231,224,226,237,253,271,285,293,292,280
HD29,02/08/16,261,236,213,195,186,188,198,213,229,243,250,258,259,257,249,241,237,239,247,259,271,280,283,278
HD29,02/08/17,266,249,231,213,197,185,181,185,196,210,225,240,252,260,263,261,257,254,254,258,264,271,277,280
HD29,02/08/18,278,271,257,239,220,203,191,184,185,192,205,223,243,263,277,284,284,279,272,267,265,268,274,280
HD29,02/08/19,283,282,278,270,255,235,211,192,183,184,195,211,231,254,277,294,302,300,289,275,261,255,258,267
HD29,02/08/20,277,286,291,290,281,261,234,206,183,171,171,183,203,230,258,283,299,302,292,275,257,246,242,246
HD29,02/08/21,257,272,287,296,294,279,255,225,195,171,159,160,176,203,237,271,296,307,302,285,264,247,236,235
HD29,02/08/22,243,259,280,298,308,302,282,251,217,186,164,156,165,188,220,255,285,304,307,294,270,244,224,215
HD29,02/08/23,220,239,266,291,306,306,291,265,231,196,165,147,146,164,196,234,269,294,304,297,279,254,230,213
HD29,02/08/24,210,223,248,277,301,313,309,291,261,225,191,168,160,169,194,229,266,298,315,315,301,277,249,225
HD29,02/08/25,212,214,233,263,294,315,320,308,281,247,212,183,166,166,183,213,248,280,300,304,293,271,243,216
HD29,02/08/26,198,195,208,234,265,290,304,301,283,252,217,184,163,159,171,196,227,258,282,292,286,266,238,210
HD29,02/08/27,190,181,187,206,232,260,282,292,286,265,235,205,183,175,181,199,223,251,275,290,290,277,252,223
HD29,02/08/28,196,180,177,190,213,241,266,280,281,268,246,222,202,190,189,199,219,244,268,285,289,279,260,236
HD29,02/08/29,213,194,184,185,199,221,246,266,276,273,261,244,228,216,210,212,223,241,262,279,287,282,267,245
HD29,02/08/30,222,204,192,188,192,203,221,243,260,266,261,248,235,227,224,226,232,242,255,270,280,282,274,256
HD29,02/08/31,236,218,206,199,197,199,206,221,239,255,262,261,254,247,244,244,247,251,257,265,273,278,277,268
HD29,02/09/01,253,236,221,211,203,196,194,200,212,229,244,253,255,254,253,254,257,260,261,261,264,268,271,270
HD29,02/09/02,262,250,235,221,208,197,188,184,187,199,216,233,247,256,262,265,266,265,261,258,255,255,259,264
HD29,02/09/03,266,263,254,241,223,204,185,171,166,170,184,205,228,248,264,273,275,271,263,254,247,244,247,253
HD29,02/09/04,260,266,268,262,247,224,197,172,155,149,156,175,202,232,259,279,287,285,273,257,241,232,231,238
HD29,02/09/05,250,264,276,280,272,252,223,190,162,143,139,149,173,208,244,275,293,296,286,267,246,230,221,223
HD29,02/09/06,235,255,276,294,299,286,259,224,189,159,141,136,149,179,221,263,295,310,306,287,263,239,221,212
HD29,02/09/07,217,236,264,294,313,313,297,265,225,184,151,132,134,156,196,241,281,305,309,295,269,239,213,197
HD29,02/09/08,195,208,235,270,301,319,316,293,256,214,175,150,139,155,183,224,267,301,317,311,286,253,220,195
HD29,02/09/09,184,191,213,248,285,313,325,317,291,254,214,180,160,160,180,216,258,296,318,320,303,272,235,201
HD29,02/09/10,178,171,181,209,246,282,308,317,307,281,247,211,184,172,181,207,243,279,306,318,310,285,249,211
HD29,02/09/11,180,164,166,184,214,248,278,299,305,295,271,242,216,200,199,215,241,273,299,315,315,299,272,238
HD29,02/09/12,204,179,169,176,198,227,257,282,296,299,290,274,255,238,228,229,244,267,291,308,313,303,281,253
HD29,02/09/13,223,196,179,173,181,199,222,244,260,270,273,268,260,251,242,243,247,261,278,292,298,295,281,259
HD29,02/09/14,234,211,194,185,183,188,197,210,226,241,252,257,257,254,252,251,252,256,260,266,272,276,274,264
HD29,02/09/15,248,230,214,201,191,185,184,189,200,215,229,241,250,257,261,262,261,258,255,253,255,260,263,262
HD29,02/09/16,255,244,232,220,207,195,185,179,181,189,204,221,239,255,266,271,271,266,258,250,245,246,250,257
HD29,02/09/17,261,261,256,249,236,219,200,186,179,181,191,208,229,251,272,287,290,282,267,252,243,240,242,247
HD29,02/09/18,255,264,271,271,261,241,217,192,174,166,169,183,206,232,257,277,287,286,273,254,235,223,219,225
HD29,02/09/19,239,256,270,276,274,260,239,213,187,166,156,161,181,211,244,272,290,294,285,266,241,218,204,207
HD29,02/09/20,222,246,269,286,292,286,268,241,210,182,164,159,174,202,236,268,292,302,296,276,249,222,202,196
HD29,02/09/21,205,228,257,284,299,298,283,256,225,195,172,162,169,192,225,261,290,305,303,286,258,228,203,190
HD29,02/09/22,192,210,240,272,298,308,302,281,251,218,189,172,171,188,219,254,285,304,307,295,271,241,212,191
HD29,02/09/23,185,193,224,259,291,317,318,308,280,247,216,195,186,199,223,254,286,311,321,314,291,258,223,193
HD29,02/09/24,177,180,203,239,275,302,313,307,289,261,231,203,186,185,203,235,269,296,307,302,285,259,229,197
HD29,02/09/25,172,161,174,205,244,277,298,303,296,278,251,221,197,190,198,223,254,280,296,295,283,261,233,201
HD29,02/09/26,172,154,156,176,208,241,264,274,271,257,238,218,201,191,193,209,234,259,276,280,271,251,226,200
HD29,02/09/27,177,162,159,169,191,219,246,265,272,267,254,237,222,211,207,214,232,254,272,278,273,257,236,213
HD29,02/09/28,192,175,165,166,179,201,227,250,262,265,259,250,241,234,232,235,243,256,269,280,280,273,256,234
HD29,02/09/29,212,194,184,180,183,192,207,226,244,256,258,254,246,241,239,241,246,251,258,263,266,264,255,240
HD29,02/09/30,221,203,189,180,175,175,182,194,210,225,235,240,241,241,240,240,242,245,249,251,252,251,249,244
HD29,02/10/01,234,222,208,193,180,172,171,177,189,205,222,237,250,259,267,271,271,275,286,301,309,310,305,292
HD29,02/10/02,274,262,262,263,252,225,195,176,174,187,205,222,238,253,268,279,281,272,256,240,232,232,238,245
HD29,02/10/03,251,254,254,246,230,205,177,154,141,143,158,182,211,240,264,278,281,271,253,233,217,211,214,225
HD29,02/10/04,242,260,274,279,271,249,218,185,159,147,150,170,200,235,269,295,306,299,278,250,222,201,194,203
HD29,02/10/05,224,252,279,297,300,287,260,225,188,160,147,154,178,215,255,289,308,309,290,259,224,194,177,176
HD29,02/10/06,193,223,259,291,309,308,289,255,214,175,149,140,154,185,227,269,299,311,300,273,237,201,174,161
HD29,02/10/07,170,198,241,286,322,341,339,317,280,238,199,174,169,186,221,265,306,328,325,300,262,221,185,161
HD29,02/10/08,154,167,198,240,281,311,321,311,285,248,211,181,169,177,203,240,277,304,311,296,263,222,182,151
HD29,02/10/09,136,139,161,196,236,273,298,306,294,268,236,206,187,184,200,230,265,294,307,298,273,238,199,163
HD29,02/10/10,137,128,139,165,199,234,264,283,288,278,258,233,213,206,214,234,259,282,294,294,280,255,223,188
HD29,02/10/11,157,139,137,152,177,207,236,259,274,277,269,254,239,230,230,241,257,275,289,294,288,270,243,212
HD29,02/10/12,183,161,151,154,167,187,210,234,253,264,266,261,254,249,247,250,257,266,276,282,282,273,257,235
HD29,02/10/13,212,191,177,171,173,183,197,214,231,246,257,262,264,263,261,261,264,268,272,275,275,272,266,255
HD29,02/10/14,240,225,211,201,195,194,196,203,214,228,242,254,262,267,270,270,268,264,262,260,261,262,262,259
HD29,02/10/15,253,244,233,220,208,198,192,192,196,206,220,236,251,264,273,276,274,267,258,250,247,250,255,261
HD29,02/10/16,266,267,261,249,234,221,211,204,200,200,208,222,242,262,276,281,276,264,248,232,219,216,221,233
HD29,02/10/17,246,256,261,258,248,230,211,193,182,179,184,198,218,241,263,276,278,266,246,224,205,197,200,213
HD29,02/10/18,231,249,263,270,266,253,231,207,186,175,176,188,210,236,261,279,286,280,263,237,212,194,189,197
HD29,02/10/19,217,242,265,281,286,277,257,230,204,186,179,186,205,232,261,286,298,295,276,248,217,194,183,187
HD29,02/10/20,203,228,257,282,297,297,280,253,225,203,191,190,201,223,252,280,302,303,287,259,227,200,182,177
HD29,02/10/21,186,210,244,278,302,311,302,281,253,227,209,202,210,231,258,286,307,316,307,282,247,212,186,176
HD29,02/10/22,183,203,235,270,301,318,318,303,280,253,230,215,213,227,252,283,308,320,316,296,264,228,195,172
HD29,02/10/23,166,180,209,246,281,306,316,311,294,267,240,219,211,220,241,269,294,309,309,293,265,230,195,169
HD29,02/10/24,157,163,185,217,253,282,300,302,290,269,244,223,212,214,228,251,276,294,300,290,266,233,199,172
HD29,02/10/25,155,154,167,193,227,260,285,296,292,277,257,238,224,220,227,244,267,285,294,288,268,240,208,179
HD29,02/10/26,157,149,156,176,204,235,264,284,292,287,272,255,242,236,240,253,271,290,304,306,295,273,246,217
HD29,02/10/27,194,180,178,189,208,233,261,285,302,305,297,283,269,260,259,266,277,289,298,300,293,278,256,231
HD29,02/10/28,207,187,177,176,186,204,226,248,267,278,280,276,268,262,259,261,266,272,278,281,280,274,262,246
HD29,02/10/29,226,206,190,181,181,190,203,219,235,250,261,266,265,260,255,252,251,252,253,254,254,253,250,242
HD29,02/10/30,230,216,201,187,177,172,176,187,203,221,237,251,261,267,268,264,257,248,239,233,231,234,238,242
HD29,02/10/31,241,234,222,207,190,175,166,165,172,186,206,228,248,261,267,266,258,246,231,219,213,215,225,238
HD29,02/11/01,249,256,257,251,237,217,195,180,176,185,204,230,256,281,298,304,298,281,260,238,222,216,222,237
HD29,02/11/02,258,277,290,292,280,256,224,196,179,177,187,208,235,264,289,302,299,282,254,225,201,187,188,201
HD29,02/11/03,226,255,283,300,303,286,257,225,197,180,177,190,216,251,286,309,313,299,270,234,199,170,164,166
HD29,02/11/04,187,219,258,292,312,309,287,255,224,199,186,188,206,236,272,301,315,301,270,227,184,150,132,132
HD29,02/11/05,149,180,217,256,287,303,298,275,241,208,184,177,189,216,250,280,298,298,279,244,200,155,122,107
HD29,02/11/06,114,140,178,220,259,286,295,286,263,233,207,190,188,203,230,260,283,293,281,254,216,174,136,109
HD29,02/11/07,099,111,140,181,223,258,279,284,275,255,231,210,201,206,225,252,278,293,294,278,248,210,170,137
HD29,02/11/08,119,119,138,169,207,243,272,290,295,286,269,250,238,238,248,265,284,300,308,302,282,250,213,178
HD29,02/11/09,154,143,148,168,197,228,254,272,281,282,274,258,242,233,236,248,263,274,278,275,265,248,223,193
HD29,02/11/10,162,140,133,143,164,189,214,234,250,260,261,253,240,230,226,232,243,255,263,265,260,248,231,209
HD29,02/11/11,183,161,147,145,154,170,189,208,224,238,247,249,246,240,236,235,239,246,251,254,254,250,241,228
HD29,02/11/12,212,197,183,173,170,174,185,200,219,236,250,258,260,259,258,256,253,248,244,242,243,245,245,241
HD29,02/11/13,231,219,205,193,184,179,181,188,201,215,231,245,254,260,261,257,249,238,227,220,220,224,231,236
HD29,02/11/14,238,235,227,216,204,193,184,182,188,200,217,235,251,264,269,266,255,238,220,207,203,207,216,228
HD29,02/11/15,238,245,247,243,232,217,202,191,189,196,211,230,249,264,274,276,267,250,226,203,188,186,195,211
HD29,02/11/16,227,241,250,252,245,232,214,196,185,183,192,210,231,251,266,271,265,248,222,194,172,162,166,183
HD29,02/11/17,205,227,244,255,255,245,226,204,186,178,182,197,218,240,259,270,270,256,230,198,169,151,150,164
HD29,02/11/18,189,217,243,263,272,269,256,234,213,198,195,204,224,248,272,289,292,276,249,214,179,151,136,138
HD29,02/11/19,157,187,220,248,264,265,252,231,208,189,177,178,193,218,246,268,276,268,246,213,176,143,124,118
HD29,02/11/20,135,163,198,231,257,270,269,254,232,209,192,186,195,216,243,266,278,275,258,229,193,157,129,115
HD29,02/11/21,122,147,184,223,256,277,283,276,259,237,216,204,204,218,241,265,282,285,272,245,209,171,138,117
HD29,02/11/22,113,127,156,193,230,260,276,276,263,242,220,204,198,205,224,248,269,279,273,252,222,187,152,125
HD29,02/11/23,111,114,136,170,208,241,264,274,271,257,238,219,208,210,225,246,267,279,279,267,244,215,181,150
HD29,02/11/24,127,120,131,156,190,225,253,271,277,270,256,239,227,224,230,243,259,272,279,276,263,240,209,177
HD29,02/11/25,149,135,136,152,178,207,236,259,278,280,277,261,248,239,237,246,260,274,283,283,275,260,239,214
HD29,02/11/26,188,166,155,158,173,197,223,248,269,282,284,276,262,250,244,247,254,260,263,265,264,260,251,234
HD29,02/11/27,211,188,170,163,167,180,198,220,242,262,276,279,274,266,259,255,254,252,252,254,257,259,255,245
HD29,02/11/28,231,215,198,183,173,170,176,192,214,237,255,264,266,262,254,245,237,229,222,220,222,227,234,239
HD29,02/11/29,239,231,218,200,183,171,167,173,187,206,228,246,259,262,259,249,235,220,206,196,194,201,215,230
HD29,02/11/30,242,249,247,238,221,201,185,178,183,199,221,244,264,277,280,272,254,232,208,189,178,179,191,212
HD29,02/12/01,234,253,263,262,250,229,206,187,179,185,203,227,251,269,278,276,262,237,207,178,156,150,160,184
HD29,02/12/02,216,246,269,281,281,270,250,225,204,194,202,224,252,276,291,293,284,262,229,191,155,133,132,149
HD29,02/12/03,178,212,244,271,289,291,276,250,221,200,195,206,227,252,275,289,290,275,244,202,159,126,112,119
HD29,02/12/04,143,178,217,255,285,301,298,280,255,231,218,218,232,255,282,304,313,304,277,239,199,162,132,125
HD29,02/12/05,129,157,196,239,276,301,309,301,283,259,237,225,227,243,266,290,306,307,290,260,219,176,139,116
HD29,02/12/06,112,128,159,198,236,268,288,294,285,266,243,224,217,224,243,267,287,296,289,267,233,193,155,124
HD29,02/12/07,109,111,132,165,203,239,266,282,284,274,256,237,223,222,233,253,274,288,289,277,254,223,189,156
HD29,02/12/08,132,124,133,156,187,218,247,270,283,283,271,253,237,231,234,246,261,275,284,283,272,249,220,189
HD29,02/12/09,162,144,140,152,175,204,232,257,274,282,279,267,252,241,237,242,253,266,276,281,277,265,246,222
HD29,02/12/10,198,177,167,169,184,206,231,255,273,285,288,283,272,259,249,246,251,260,268,272,272,268,258,243
HD29,02/12/11,223,201,183,175,179,193,213,232,248,260,267,269,264,255,244,235,232,234,238,243,245,244,241,235
HD29,02/12/12,225,212,198,186,181,185,196,212,228,243,255,261,262,257,247,237,228,221,218,220,225,231,235,235
HD29,02/12/13,232,224,215,205,195,189,189,195,208,225,242,254,258,255,247,238,226,213,201,192,191,199,210,221
HD29,02/12/14,227,227,223,216,208,200,195,194,200,212,227,241,250,253,251,243,230,212,193,179,173,179,193,209
HD29,02/12/15,223,233,238,239,234,224,212,204,203,212,226,241,253,261,265,262,251,230,203,179,166,166,178,197
HD29,02/12/16,216,232,245,254,255,247,232,217,209,211,221,235,250,263,273,278,272,252,221,188,166,160,171,191
HD29,02/12/17,214,239,263,284,293,286,265,243,228,225,231,238,245,254,265,273,272,255,224,187,153,134,132,145
HD29,02/12/18,169,198,226,250,265,268,260,243,224,212,208,215,229,249,268,282,284,271,243,205,165,135,123,130
HD29,02/12/19,151,181,213,242,265,277,276,263,244,225,213,211,221,239,260,276,281,273,251,218,180,144,119,112
HD29,02/12/20,124,152,187,223,252,270,276,269,253,232,213,204,207,222,244,265,278,277,260,229,190,150,117,098
HD29,02/12/21,099,118,151,190,227,255,269,269,257,239,219,205,201,209,228,251,271,278,269,245,211,173,138,112
HD29,02/12/22,097,106,130,166,207,243,266,273,267,252,234,217,207,208,221,244,267,281,280,263,235,202,168,136
HD29,02/12/23,113,105,117,147,187,225,254,269,271,263,248,231,216,209,215,234,258,277,284,275,253,225,194,163
HD29,02/12/24,136,118,117,135,166,202,234,257,270,271,261,244,225,213,212,224,243,261,273,275,267,250,226,198
HD29,02/12/25,170,146,135,140,159,188,220,248,268,277,274,261,244,229,224,226,240,256,267,270,270,268,259,235
HD29,02/12/26,201,166,144,143,155,176,198,219,239,256,265,264,250,230,213,206,208,216,225,234,239,243,243,237
HD29,02/12/27,224,204,183,169,164,170,186,209,234,256,269,269,258,242,226,213,205,199,197,201,210,223,233,236
HD29,02/12/28,230,218,203,191,181,176,179,191,210,234,255,265,262,250,235,222,210,199,188,183,187,202,222,238
HD29,02/12/29,245,244,237,230,222,212,203,201,209,228,249,264,267,260,249,236,221,201,176,157,151,163,185,208
HD29,02/12/30,225,235,239,241,238,229,215,201,198,207,227,249,262,264,258,247,233,211,183,154,134,133,149,176
HD29,02/12/31,204,227,245,255,262,257,244,225,212,210,221,239,258,270,274,269,257,234,202,166,135,120,125,145
