HD29,75/01/01,065,058,073,104,144,187,224,239,242,232,204,172,150,139,146,168,194,219,232,232,220,194,162,124
HD29,75/01/02,089,068,066,087,121,164,199,226,236,233,214,182,157,136,132,145,170,195,215,220,216,203,184,158
HD29,75/01/03,127,099,087,093,119,154,190,217,232,234,224,202,174,152,138,139,151,172,192,206,210,204,193,176
HD29,75/01/04,155,131,112,105,112,134,166,195,216,221,214,196,173,152,133,124,124,135,150,166,179,184,184,177
HD29,75/01/05,166,154,142,130,127,137,158,181,204,216,217,210,193,172,152,138,131,129,132,139,149,162,172,180
HD29,75/01/06,182,176,164,154,148,147,156,172,191,204,212,210,202,186,171,153,138,125,117,117,124,136,150,163
HD29,75/01/07,172,178,180,178,170,162,160,165,180,194,203,204,199,194,186,172,155,136,116,102,102,112,128,145
HD29,75/01/08,161,177,190,197,195,187,178,175,178,187,200,205,211,211,207,200,189,169,142,117,102,103,118,140
HD29,75/01/09,164,189,207,220,227,224,214,202,194,192,199,211,220,225,228,225,215,195,166,132,104,090,092,108
HD29,75/01/10,133,161,190,214,229,232,224,209,195,185,186,194,206,220,234,244,242,228,194,154,117,096,090,100
HD29,75/01/11,119,145,175,206,232,244,239,221,202,185,178,180,190,208,228,243,250,240,212,176,135,104,084,082
HD29,75/01/12,096,122,154,190,220,236,238,230,210,190,172,167,170,188,212,236,252,250,228,195,155,120,092,080
HD29,75/01/13,082,101,134,173,210,233,242,235,219,195,175,160,158,168,190,219,241,249,236,209,173,137,103,082
HD29,75/01/14,074,083,112,150,190,218,234,232,217,197,173,156,144,148,166,197,226,244,241,220,189,152,118,094
HD29,75/01/15,078,078,099,131,170,203,224,230,222,202,178,155,138,135,149,175,206,230,236,227,203,170,140,112
HD29,75/01/16,089,082,092,118,159,196,220,232,230,217,195,171,149,138,144,163,193,221,235,232,217,198,171,147
HD29,75/01/17,124,109,107,124,155,190,217,232,235,226,206,184,161,144,137,147,172,201,222,227,220,204,184,162
HD29,75/01/18,141,123,117,126,152,184,212,230,238,232,220,197,174,153,141,145,164,184,202,210,210,203,192,174
HD29,75/01/19,154,136,126,128,146,171,197,215,227,227,218,200,177,155,139,133,139,154,172,187,195,195,188,178
HD29,75/01/20,162,149,140,137,144,160,182,203,218,222,217,203,182,162,142,130,126,130,142,157,168,176,178,174
HD29,75/01/21,166,155,146,142,145,154,167,184,199,206,207,200,187,170,153,138,127,120,122,133,147,160,170,176
HD29,75/01/22,177,173,168,165,166,170,176,185,196,206,212,212,207,197,184,169,156,145,136,135,141,152,170,184
HD29,75/01/23,192,198,197,194,190,188,184,184,186,192,200,207,208,202,189,172,152,132,113,098,090,094,110,132
HD29,75/01/24,156,176,187,192,192,189,182,176,173,176,182,195,205,210,206,196,180,160,132,108,087,080,089,112
HD29,75/01/25,146,176,198,214,222,220,212,198,186,178,182,192,202,209,214,214,206,188,158,118,080,056,054,072
HD29,75/01/26,104,140,174,200,216,220,213,198,180,160,150,154,173,197,216,228,226,212,184,149,106,070,048,048
HD29,75/01/27,072,108,152,192,218,232,229,213,190,168,149,144,154,176,204,230,246,243,220,182,136,092,060,046
HD29,75/01/28,054,082,126,171,214,238,243,234,211,183,158,144,146,162,188,221,250,263,256,226,180,128,080,048
HD29,75/01/29,036,047,081,128,175,215,234,230,210,179,148,122,111,117,138,174,210,237,244,230,200,158,112,074
HD29,75/01/30,051,052,076,113,159,200,231,238,227,202,165,129,108,103,119,145,182,212,230,231,212,183,144,108
HD29,75/01/31,075,060,068,096,135,177,209,228,226,210,179,145,115,099,098,115,146,179,204,220,217,198,172,140
HD29,75/02/01,112,092,088,102,130,164,198,222,232,221,196,164,133,112,106,113,134,158,185,201,208,201,185,166
HD29,75/02/02,147,128,119,121,138,164,194,218,228,224,206,181,154,130,111,105,111,126,148,168,182,190,185,172
HD29,75/02/03,158,142,134,134,142,157,177,196,210,213,205,187,163,140,119,108,103,108,119,134,148,160,167,168
HD29,75/02/04,164,158,152,149,152,158,169,185,200,209,208,198,183,165,147,132,124,119,120,126,136,150,166,178
HD29,75/02/05,185,189,190,190,189,191,195,201,211,217,219,215,204,189,174,159,144,130,115,105,105,112,124,141
HD29,75/02/06,155,167,176,180,180,176,170,169,171,178,186,190,190,189,182,172,158,139,120,103,094,096,109,128
HD29,75/02/07,150,168,185,197,202,201,196,187,181,180,186,199,209,217,220,215,205,188,165,140,116,107,112,126
HD29,75/02/08,146,168,188,205,215,215,206,190,174,164,161,168,184,197,208,210,204,189,164,135,106,085,078,088
HD29,75/02/09,110,138,170,195,212,218,211,196,178,161,152,155,170,190,210,224,226,214,191,160,125,098,081,084
HD29,75/02/10,099,124,157,190,213,223,218,204,182,161,144,141,151,172,196,220,230,227,207,176,140,107,080,071
HD29,75/02/11,080,104,136,175,205,222,224,211,187,161,139,129,132,150,178,206,229,235,222,197,159,125,094,077
HD29,75/02/12,076,096,127,163,196,219,228,218,198,170,142,125,122,135,162,199,228,243,237,215,181,147,112,089
HD29,75/02/13,082,092,114,143,180,210,224,222,201,173,140,116,104,111,133,162,195,218,227,219,190,156,120,094
HD29,75/02/14,078,083,104,134,172,201,224,229,216,190,157,128,110,109,126,152,186,215,235,236,220,194,161,130
HD29,75/02/15,110,106,120,146,180,209,232,242,237,218,188,158,130,117,120,140,171,204,225,231,221,201,173,147
HD29,75/02/16,125,112,118,136,164,194,220,230,230,220,193,164,134,116,112,126,149,179,202,216,216,206,184,161
HD29,75/02/17,140,126,124,136,158,181,206,223,229,220,199,171,143,122,110,113,129,150,175,194,203,202,192,174
HD29,75/02/18,156,144,140,145,158,174,195,212,221,220,209,188,160,135,117,112,118,132,150,169,181,188,186,178
HD29,75/02/19,167,156,150,152,161,174,189,204,214,216,209,195,175,155,136,124,119,123,132,144,160,172,181,184
HD29,75/02/20,182,178,172,170,173,178,188,198,208,213,215,209,197,181,163,146,131,124,122,126,137,151,168,182
HD29,75/02/21,192,195,196,196,196,197,199,204,206,212,218,221,220,212,198,181,164,148,134,125,122,129,144,166
HD29,75/02/22,190,204,212,214,211,206,200,194,192,194,198,204,212,216,214,204,183,159,130,108,095,096,109,130
HD29,75/02/23,159,186,207,220,224,219,207,192,181,175,179,190,204,217,226,226,217,195,162,128,096,081,082,098
HD29,75/02/24,127,162,194,220,232,230,215,195,174,156,150,157,176,199,220,231,230,214,186,150,109,078,062,068
HD29,75/02/25,092,131,171,207,229,236,226,206,182,156,138,133,147,177,212,241,254,249,228,196,157,115,083,070
HD29,75/02/26,080,111,153,196,232,245,240,218,185,154,126,110,114,136,170,206,236,248,240,212,173,129,088,062
HD29,75/02/27,058,078,118,166,210,238,244,231,203,165,131,106,100,112,142,181,222,248,256,246,220,180,135,102
HD29,75/02/28,082,086,113,152,196,230,248,243,219,183,142,112,092,092,111,144,184,222,243,242,223,193,156,128
HD29,75/03/01,104,096,108,137,175,213,237,242,228,197,158,121,093,081,087,110,144,180,208,221,218,202,174,145
HD29,75/03/02,120,107,111,129,158,198,225,236,228,205,173,137,107,087,083,094,120,149,182,204,212,208,192,172
HD29,75/03/03,150,138,134,141,160,187,214,232,234,222,195,162,132,108,096,096,108,128,154,176,192,196,190,178
HD29,75/03/04,165,152,147,149,160,176,194,212,221,218,200,175,149,126,110,104,105,116,131,150,164,174,178,178
HD29,75/03/05,173,166,160,159,162,170,184,197,206,207,198,182,163,144,128,115,106,106,112,123,137,150,161,170
HD29,75/03/06,174,176,176,176,174,180,185,192,200,206,207,204,194,182,168,156,144,134,128,127,132,142,156,168
HD29,75/03/07,179,186,191,194,192,189,184,181,182,186,192,196,194,190,184,173,159,142,125,113,110,114,124,138
HD29,75/03/08,154,172,186,193,192,186,174,160,154,155,161,168,174,180,182,178,167,148,128,110,096,092,099,117
HD29,75/03/09,137,160,180,194,200,194,182,166,152,144,148,160,174,188,195,197,192,176,155,130,104,088,090,104
HD29,75/03/10,128,153,178,197,207,204,194,174,156,140,135,144,165,192,214,220,214,200,181,156,128,102,088,093
HD29,75/03/11,113,144,175,198,210,210,198,177,152,128,114,114,128,156,183,204,213,209,191,162,130,099,079,076
HD29,75/03/12,092,124,158,189,210,214,207,189,161,130,110,101,114,142,176,206,226,230,215,188,154,118,092,081
HD29,75/03/13,090,116,148,185,210,222,218,200,171,138,110,093,096,118,151,189,216,230,224,200,167,130,100,082
HD29,75/03/14,083,102,132,169,198,218,219,205,180,141,108,083,079,093,122,164,197,221,226,212,185,152,121,097
HD29,75/03/15,089,100,125,161,194,218,226,216,192,156,120,090,076,082,104,138,176,208,224,220,202,170,136,112
HD29,75/03/16,098,100,117,146,180,208,222,220,200,168,133,099,080,076,092,120,155,190,214,221,211,185,158,130
HD29,75/03/17,114,112,123,144,170,200,220,224,211,182,148,111,086,076,083,104,132,165,193,209,209,194,170,146
HD29,75/03/18,128,122,126,143,165,189,208,218,212,193,162,127,098,081,078,088,108,134,163,185,196,192,176,154
HD29,75/03/19,138,127,128,140,154,172,190,203,204,194,170,140,111,089,078,078,090,110,135,157,173,180,176,168
HD29,75/03/20,155,142,140,142,153,169,184,195,201,198,184,162,137,114,097,091,094,104,121,140,160,176,188,190
HD29,75/03/21,188,184,186,192,200,201,197,195,201,214,220,210,188,162,139,126,121,120,122,127,138,156,174,186
HD29,75/03/22,191,190,187,184,180,178,178,182,187,191,194,192,186,177,163,145,125,108,100,100,107,121,139,158
HD29,75/03/23,173,186,193,192,186,177,168,160,160,165,173,181,187,188,185,175,157,135,114,096,091,099,116,140
HD29,75/03/24,165,186,202,208,204,192,176,159,146,142,149,163,180,197,207,207,196,173,143,113,091,082,089,109
HD29,75/03/25,138,174,204,222,224,207,184,160,141,129,128,138,158,186,211,228,228,210,180,142,109,085,078,091
HD29,75/03/26,117,151,186,213,226,221,200,169,134,108,096,104,124,155,190,218,232,230,209,172,130,093,074,073
HD29,75/03/27,094,130,170,206,228,230,212,182,144,108,082,074,089,122,163,201,233,243,236,211,173,132,100,086
HD29,75/03/28,095,122,157,197,227,240,233,204,166,123,086,066,067,091,128,172,208,235,240,228,200,162,126,102
HD29,75/03/29,098,113,143,184,215,238,238,219,188,147,105,075,060,072,101,144,190,224,247,249,236,207,172,142
HD29,75/03/30,126,128,150,184,224,247,254,246,221,184,144,106,082,076,091,120,156,192,219,231,229,211,186,158
HD29,75/03/31,139,134,144,166,193,220,234,235,221,191,155,117,086,071,074,096,126,163,190,208,210,206,190,172
HD29,75/04/01,155,142,142,156,177,202,222,229,223,202,173,140,113,090,083,092,110,138,165,184,196,199,194,185
HD29,75/04/02,173,162,154,160,170,190,208,217,216,205,184,158,132,110,096,092,100,115,138,159,176,185,187,182
HD29,75/04/03,172,164,157,155,161,170,182,192,196,194,183,168,148,128,110,100,098,104,118,136,150,161,168,172
HD29,75/04/04,173,170,165,162,160,161,167,174,180,182,176,168,156,142,130,117,109,104,107,114,125,137,149,160
HD29,75/04/05,170,174,174,169,164,160,158,158,161,166,169,171,171,169,162,150,136,125,118,118,125,135,148,164
HD29,75/04/06,179,193,203,208,201,189,176,170,174,186,194,192,185,184,190,192,184,163,136,116,110,120,135,151
HD29,75/04/07,165,178,188,193,192,180,160,140,127,125,133,146,160,172,180,180,173,158,138,117,102,098,106,123
HD29,75/04/08,145,168,186,197,196,186,166,144,124,115,118,130,152,175,193,202,202,193,175,155,133,118,116,126
HD29,75/04/09,150,179,204,220,221,209,186,161,135,115,107,115,137,166,191,208,213,204,185,159,130,110,101,106
HD29,75/04/10,126,153,184,205,215,209,190,162,131,105,090,092,110,141,178,208,226,225,211,187,159,134,116,114
HD29,75/04/11,128,156,189,217,232,230,212,184,149,115,089,079,089,119,159,192,216,222,216,195,166,137,114,104
HD29,75/04/12,110,130,162,190,212,217,205,180,143,108,076,059,061,083,121,161,194,214,216,202,174,146,120,105
HD29,75/04/13,104,120,147,178,201,214,211,193,160,122,084,060,054,070,099,139,180,208,222,216,196,169,144,124
HD29,75/04/14,117,124,145,174,203,223,226,212,182,145,105,074,059,061,084,119,158,193,215,221,210,189,162,139
HD29,75/04/15,125,125,139,164,190,210,220,214,193,160,120,084,061,052,064,090,125,161,191,206,207,192,171,148
HD29,75/04/16,130,125,134,150,172,190,205,208,196,171,136,100,071,056,058,073,100,132,162,186,198,196,184,164
HD29,75/04/17,148,140,140,150,165,184,199,208,208,192,165,136,103,083,070,074,090,114,143,169,189,198,194,182
HD29,75/04/18,166,157,151,154,160,172,185,196,202,198,181,159,131,108,092,084,086,099,118,142,164,180,190,187
HD29,75/04/19,177,164,159,153,157,163,170,179,186,190,187,175,160,141,122,108,098,097,106,122,142,161,177,187
HD29,75/04/20,190,186,178,171,164,158,156,160,168,176,182,183,176,167,154,140,122,110,102,104,119,140,162,180
HD29,75/04/21,192,197,196,189,173,162,153,146,146,155,168,178,188,190,185,170,153,132,116,108,110,120,138,160
HD29,75/04/22,182,199,208,206,192,170,149,132,122,122,132,148,169,189,201,200,186,164,138,116,104,105,120,145
HD29,75/04/23,173,197,215,220,211,188,161,138,117,110,116,133,157,186,204,219,216,200,175,144,121,106,109,126
HD29,75/04/24,156,184,211,223,220,198,168,140,112,089,080,090,117,153,188,212,223,216,195,171,141,119,106,114
HD29,75/04/25,137,170,200,221,224,214,187,155,117,085,064,062,083,118,161,196,221,230,222,204,175,146,123,116
HD29,75/04/26,128,155,190,218,233,230,209,177,135,099,069,057,064,092,131,175,211,233,240,227,202,175,146,130
HD29,75/04/27,132,148,180,211,234,241,230,204,166,125,086,060,055,070,104,144,186,215,231,230,216,195,169,147
HD29,75/04/28,138,143,164,194,220,234,233,216,182,145,105,074,057,057,078,113,154,191,217,228,223,206,184,164
HD29,75/04/29,150,147,160,182,207,227,236,228,207,174,136,102,077,067,077,102,136,172,202,221,228,222,208,189
HD29,75/04/30,172,161,161,176,199,216,225,225,212,189,157,128,100,084,080,091,115,144,172,190,196,193,182,166
HD29,75/05/01,154,150,150,156,169,181,190,194,191,180,162,138,112,093,083,083,097,119,145,168,186,194,194,187
HD29,75/05/02,176,166,160,158,163,171,183,193,197,192,178,158,136,117,103,098,102,115,134,153,168,180,188,188
HD29,75/05/03,185,176,166,158,156,160,169,178,185,186,180,170,156,142,130,119,114,116,128,145,162,176,186,194
HD29,75/05/04,196,196,190,184,176,171,171,175,183,189,190,189,184,176,168,158,149,144,142,148,160,175,187,197
HD29,75/05/05,203,204,202,193,183,173,164,160,161,167,174,180,186,187,184,176,163,152,144,141,144,154,165,178
HD29,75/05/06,190,198,199,193,180,163,148,137,131,134,143,157,173,184,188,182,168,154,140,133,131,136,148,162
HD29,75/05/07,178,193,200,196,184,165,144,124,110,106,114,131,154,174,188,191,185,170,155,140,130,130,136,152
HD29,75/05/08,171,189,202,205,196,175,149,124,104,095,097,112,136,163,186,200,201,190,174,154,139,130,132,142
HD29,75/05/09,161,183,201,211,208,192,164,135,106,088,082,092,114,146,179,202,213,211,195,176,156,141,134,138
HD29,75/05/10,154,178,204,220,222,210,185,149,114,087,071,072,092,123,163,196,218,224,214,196,172,150,137,134
HD29,75/05/11,144,163,190,213,228,222,200,169,130,096,071,063,075,104,143,181,211,227,227,216,192,171,151,142
HD29,75/05/12,146,163,187,210,225,227,214,189,151,112,076,055,056,079,113,152,190,217,228,222,207,183,161,145
HD29,75/05/13,140,149,170,196,218,228,221,200,164,125,087,060,048,057,084,122,160,196,216,222,212,192,170,150
HD29,75/05/14,139,142,158,181,207,224,228,215,189,154,115,081,060,057,071,101,141,177,207,222,222,210,190,170
HD29,75/05/15,155,150,156,173,197,216,226,222,205,176,141,108,080,063,065,085,117,154,186,210,220,216,203,185
HD29,75/05/16,167,156,154,164,182,201,216,220,215,199,172,140,110,087,078,085,104,131,163,190,211,220,217,204
HD29,75/05/17,186,172,166,168,178,190,204,214,218,215,201,178,150,125,107,099,106,124,148,173,196,210,216,214
HD29,75/05/18,202,184,170,160,159,166,176,187,197,200,197,186,170,149,129,115,107,111,124,147,172,196,212,216
HD29,75/05/19,211,200,186,174,164,159,160,167,181,191,196,196,190,180,167,150,133,122,127,142,164,184,203,216
HD29,75/05/20,223,220,211,194,177,160,152,154,162,172,186,198,208,210,206,192,173,154,142,142,152,170,191,208
HD29,75/05/21,221,224,219,204,183,161,140,128,126,134,149,168,187,201,209,204,192,170,151,138,135,144,161,183
HD29,75/05/22,202,215,217,206,188,163,135,112,096,094,106,127,156,183,204,214,210,196,175,155,141,138,148,168
HD29,75/05/23,191,210,221,220,205,180,147,115,088,074,076,093,123,156,188,210,219,215,200,179,156,140,136,148
HD29,75/05/24,170,195,215,221,213,193,163,128,092,065,052,058,082,117,158,192,213,220,211,193,170,150,138,140
HD29,75/05/25,154,175,200,219,224,213,187,151,110,077,053,047,060,089,129,169,201,222,224,214,190,168,150,141
HD29,75/05/26,146,164,189,212,228,228,212,184,142,103,071,054,054,076,107,146,186,215,230,228,210,188,169,155
HD29,75/05/27,153,162,181,204,226,236,230,209,175,136,096,070,059,067,093,130,170,200,223,231,225,208,186,167
HD29,75/05/28,156,158,173,195,217,236,234,221,197,162,126,095,073,069,086,117,154,188,215,228,228,220,201,183
HD29,75/05/29,167,160,165,182,203,221,231,228,211,185,151,121,094,081,085,104,136,168,197,215,224,221,209,191
HD29,75/05/30,174,161,158,166,182,202,218,223,214,194,166,140,113,096,090,098,120,149,176,197,210,215,210,198
HD29,75/05/31,180,165,156,156,165,181,197,206,206,197,180,158,133,114,102,101,112,132,159,182,200,210,211,204
HD29,75/06/01,190,174,161,154,156,166,179,192,197,194,186,171,154,138,124,118,120,131,150,170,187,199,205,205
HD29,75/06/02,197,182,168,154,150,150,155,166,178,182,180,175,164,153,142,133,129,131,141,157,174,188,199,202
HD29,75/06/03,200,192,178,162,150,140,139,144,156,168,174,177,176,171,164,156,147,142,144,153,165,180,193,201
HD29,75/06/04,204,202,192,177,160,144,134,132,136,146,157,169,178,183,183,178,170,162,157,156,160,171,184,197
HD29,75/06/05,208,211,206,193,176,154,138,126,123,128,139,156,175,190,198,198,191,180,172,166,167,172,184,197
HD29,75/06/06,210,219,222,214,198,171,147,123,111,111,121,141,166,188,204,212,212,202,186,172,164,164,174,188
HD29,75/06/07,206,220,230,229,215,192,162,131,108,098,100,117,144,175,201,219,224,219,205,186,170,162,164,174
HD29,75/06/08,190,210,225,231,225,204,174,136,106,084,077,087,112,148,182,209,227,230,221,204,185,169,163,168
HD29,75/06/09,182,202,220,232,234,219,195,159,121,087,068,066,086,120,157,195,222,236,235,223,202,179,163,158
HD29,75/06/10,169,187,210,229,238,234,215,182,140,100,070,056,064,090,127,169,204,228,236,231,212,188,168,156
HD29,75/06/11,155,169,191,215,232,238,227,202,169,125,087,058,051,065,096,136,176,211,229,232,224,204,180,160
HD29,75/06/12,152,158,178,202,227,240,241,227,198,160,120,083,062,061,082,112,153,191,219,234,234,221,198,175
HD29,75/06/13,160,154,164,183,206,226,236,234,216,187,150,113,081,067,071,094,125,163,196,222,232,227,208,185
HD29,75/06/14,164,150,152,164,182,202,219,228,224,207,180,144,110,087,080,088,108,140,174,203,223,227,217,199
HD29,75/06/15,175,155,146,148,160,176,195,208,213,208,191,166,140,114,098,092,103,123,152,181,206,219,219,206
HD29,75/06/16,188,166,149,140,139,150,168,184,196,201,197,186,167,149,129,117,114,122,142,168,192,209,217,213
HD29,75/06/17,200,181,161,145,134,130,136,148,166,180,189,190,185,174,159,144,133,132,139,154,175,197,213,218
HD29,75/06/18,212,198,179,159,140,128,122,126,138,154,169,183,190,192,188,177,164,153,150,156,169,184,200,211
HD29,75/06/19,216,208,195,173,149,126,110,102,104,115,132,152,170,183,190,188,180,165,153,148,150,160,180,196
HD29,75/06/20,207,209,201,185,164,140,113,093,082,084,096,119,147,172,192,201,200,189,174,159,152,154,166,184
HD29,75/06/21,202,214,215,207,189,164,137,106,083,071,074,093,124,155,185,205,213,210,198,183,166,158,159,170
HD29,75/06/22,188,209,221,224,213,193,161,129,097,075,067,077,104,135,172,201,223,229,223,209,191,173,164,167
HD29,75/06/23,182,204,225,238,237,223,196,162,126,093,072,066,081,110,150,187,217,232,234,222,203,180,162,158
HD29,75/06/24,166,184,207,227,237,233,213,183,142,106,075,060,063,086,121,161,198,224,234,228,212,192,170,158
HD29,75/06/25,156,167,188,215,235,240,229,206,173,134,096,072,066,079,108,144,180,212,232,236,226,208,184,162
HD29,75/06/26,156,165,189,217,237,244,238,222,200,169,132,097,076,076,098,131,167,200,224,234,233,218,196,172
HD29,75/06/27,153,149,160,181,206,225,234,230,210,181,148,115,091,083,093,116,148,184,213,231,233,224,205,182
HD29,75/06/28,160,152,153,165,184,206,224,234,224,204,174,148,115,100,101,116,141,169,200,220,230,226,214,194
HD29,75/06/29,171,153,148,152,168,188,208,216,218,206,183,159,134,116,110,118,135,161,188,210,225,228,220,205
HD29,75/06/30,185,164,153,149,153,168,187,202,212,210,196,178,156,138,128,128,138,154,175,197,214,224,222,208
HD29,75/07/01,191,172,154,144,144,150,161,177,189,195,192,180,168,152,141,136,138,148,163,184,202,212,218,212
HD29,75/07/02,198,180,164,148,139,138,144,156,170,184,190,190,184,176,166,160,157,161,169,181,196,210,218,221
HD29,75/07/03,215,204,186,168,150,140,136,142,154,168,180,189,194,196,192,186,180,176,177,182,192,204,216,224
HD29,75/07/04,226,220,206,188,170,152,140,134,136,148,168,186,202,209,208,204,200,198,195,192,194,200,210,224
HD29,75/07/05,230,232,222,208,187,164,145,129,120,122,136,158,180,199,210,215,211,202,192,184,181,180,188,200
HD29,75/07/06,214,222,226,214,198,172,144,118,102,098,110,132,156,180,202,218,224,219,208,194,183,176,183,192
HD29,75/07/07,209,222,230,229,220,197,170,137,110,090,088,100,125,158,188,216,231,234,221,206,192,180,176,182
HD29,75/07/08,195,212,228,226,226,218,195,156,120,089,071,074,094,128,164,201,226,242,238,225,203,180,165,160
HD29,75/07/09,171,188,212,231,238,228,211,176,138,092,061,048,058,090,129,170,202,226,234,226,207,183,161,148
HD29,75/07/10,152,166,191,219,238,242,232,204,168,126,087,057,054,070,107,149,188,220,236,237,222,196,172,150
HD29,75/07/11,144,154,172,200,228,245,246,235,205,166,122,086,064,067,089,126,168,206,234,248,240,222,197,168
HD29,75/07/12,149,144,152,180,206,232,244,244,224,193,151,112,080,070,077,107,144,182,209,228,232,222,200,170
HD29,75/07/13,144,125,126,140,168,196,220,231,227,206,176,140,110,086,081,094,122,160,193,221,233,231,214,186
HD29,75/07/14,158,132,126,126,146,170,194,211,218,210,193,170,145,119,106,104,120,149,181,212,229,230,222,202
HD29,75/07/15,174,148,130,122,126,143,164,183,198,203,200,186,170,148,133,127,130,146,170,196,216,228,224,212
HD29,75/07/16,192,168,146,128,120,122,134,154,172,184,193,192,184,176,170,162,157,160,171,190,210,226,231,224
HD29,75/07/17,210,192,170,142,130,120,119,131,146,164,177,188,192,192,188,182,176,170,170,180,196,210,217,220
HD29,75/07/18,214,202,184,166,143,125,110,106,113,128,145,161,174,187,194,196,195,188,179,176,178,192,202,210
HD29,75/07/19,214,208,198,185,164,142,118,100,093,102,114,134,156,176,194,204,206,200,187,176,172,173,183,198
HD29,75/07/20,208,217,214,203,187,164,136,114,094,087,093,112,137,166,190,210,219,217,206,192,180,173,176,187
HD29,75/07/21,200,216,224,222,213,193,166,137,110,090,086,096,118,152,180,210,225,230,223,208,192,177,168,169
HD29,75/07/22,184,201,219,232,232,220,195,164,133,106,090,087,102,128,162,194,218,234,234,222,202,180,163,157
HD29,75/07/23,164,183,205,225,234,230,215,182,150,115,091,080,089,113,144,179,210,229,234,226,209,184,164,150
HD29,75/07/24,150,166,186,212,232,238,227,205,175,137,102,081,081,099,133,168,198,223,236,234,220,198,170,148
HD29,75/07/25,142,152,174,200,222,238,236,220,190,153,118,091,077,084,110,144,180,210,224,228,218,197,171,144
HD29,75/07/26,129,132,149,177,204,226,233,224,201,170,137,106,086,085,104,135,170,198,218,228,224,209,184,156
HD29,75/07/27,132,126,135,156,183,210,222,222,210,186,156,125,105,096,104,127,158,189,213,226,225,216,192,166
HD29,75/07/28,139,123,126,139,164,191,210,219,214,198,170,143,122,108,108,125,148,178,201,218,226,216,198,172
HD29,75/07/29,145,126,118,124,140,165,184,199,205,196,178,154,132,120,119,129,146,168,192,212,224,224,209,188
HD29,75/07/30,158,136,124,121,130,146,165,181,195,198,188,170,153,138,133,135,147,164,183,202,216,220,216,199
HD29,75/07/31,173,150,132,124,122,126,140,158,176,188,188,178,167,154,148,147,150,161,173,190,204,214,214,206
HD29,75/08/01,189,168,144,129,121,120,123,136,150,162,172,176,174,169,164,160,160,164,170,180,193,202,207,205
HD29,75/08/02,196,181,162,143,128,117,112,116,126,140,156,168,178,184,186,184,180,178,178,183,190,198,206,210
HD29,75/08/03,209,202,190,174,155,137,120,110,112,122,138,161,179,195,206,211,211,204,198,190,188,193,203,212
HD29,75/08/04,218,220,217,206,186,164,136,116,104,104,115,134,160,188,210,223,226,220,209,197,188,184,188,196
HD29,75/08/05,208,218,226,223,211,186,156,122,097,082,085,103,132,168,200,225,239,240,228,208,188,175,172,180
HD29,75/08/06,194,213,229,237,234,218,191,153,117,089,077,084,107,142,184,222,246,255,248,230,206,180,165,166
HD29,75/08/07,180,204,230,250,258,250,229,197,158,118,086,073,084,117,162,207,241,259,257,240,218,192,169,156
HD29,75/08/08,156,172,202,234,258,258,240,212,178,137,096,073,072,091,127,173,215,245,258,248,225,195,164,142
HD29,75/08/09,134,145,170,203,235,254,254,238,212,170,127,093,077,085,111,148,188,223,248,253,238,208,168,136
HD29,75/08/10,120,121,141,172,206,234,252,252,237,204,164,125,096,090,105,137,177,215,242,252,243,223,192,157
HD29,75/08/11,128,115,121,142,174,208,234,250,246,227,196,161,130,115,116,137,166,200,230,248,246,230,202,168
HD29,75/08/12,142,122,117,128,149,177,207,229,240,235,217,190,162,142,133,140,162,189,218,238,246,240,217,188
HD29,75/08/13,159,134,118,115,127,147,172,194,210,216,212,199,180,165,154,154,164,185,207,226,238,239,229,210
HD29,75/08/14,184,157,134,123,122,133,148,166,182,196,202,202,195,185,177,174,178,187,200,214,228,235,235,225
HD29,75/08/15,208,187,164,147,133,128,133,142,155,171,185,196,202,202,200,196,194,196,200,207,217,224,229,226
HD29,75/08/16,216,200,183,165,148,136,130,130,137,150,167,184,199,210,216,216,214,210,205,204,206,212,220,225
HD29,75/08/17,226,220,209,194,177,156,139,128,127,132,144,160,182,202,218,226,227,220,210,201,196,196,202,211
HD29,75/08/18,220,226,226,218,204,181,156,133,119,114,122,139,161,186,210,227,234,232,218,202,188,182,186,198
HD29,75/08/19,212,226,233,232,224,205,179,148,122,105,104,116,140,171,200,226,240,240,229,210,192,178,172,179
HD29,75/08/20,194,213,230,240,239,228,205,174,142,117,103,106,125,156,188,221,244,253,246,225,201,180,166,166
HD29,75/08/21,176,196,220,241,250,245,225,196,160,130,110,105,117,141,174,210,239,254,253,236,211,183,161,153
HD29,75/08/22,160,181,207,232,249,254,242,219,187,152,124,110,111,132,164,201,233,253,258,246,223,194,170,154
HD29,75/08/23,153,168,194,227,255,272,280,270,244,205,171,148,139,149,174,209,248,274,282,276,253,218,180,154
HD29,75/08/24,141,146,165,194,225,247,254,243,216,181,146,121,110,114,136,167,201,227,240,235,218,190,163,137
HD29,75/08/25,119,117,133,161,193,221,236,236,223,197,166,137,120,117,130,155,186,216,237,242,231,206,176,146
HD29,75/08/26,124,116,124,146,175,205,227,237,232,214,188,162,141,134,143,162,187,216,238,248,245,230,204,174
HD29,75/08/27,146,130,130,145,169,197,224,241,246,237,216,187,165,156,158,171,190,213,233,248,252,242,221,193
HD29,75/08/28,163,140,133,137,150,170,194,214,227,226,215,195,175,163,162,170,185,202,220,233,241,239,224,200
HD29,75/08/29,170,144,130,128,136,150,170,188,204,212,210,199,187,177,172,175,184,198,212,223,231,232,224,208
HD29,75/08/30,188,168,150,136,132,136,146,162,181,196,207,208,203,197,192,191,194,199,205,211,217,221,222,213
HD29,75/08/31,197,179,158,144,132,128,130,140,153,172,186,197,202,204,203,200,197,194,195,197,204,210,214,214
HD29,75/09/01,209,198,184,168,150,134,125,125,132,145,163,180,196,209,216,216,214,206,197,193,193,199,206,215
HD29,75/09/02,220,222,219,209,191,166,140,120,110,116,132,155,180,203,219,227,226,220,205,192,182,179,186,198
HD29,75/09/03,213,225,230,226,210,186,153,126,104,093,099,118,149,183,213,231,236,228,210,188,170,160,161,172
HD29,75/09/04,192,214,231,241,234,213,183,150,116,093,086,096,123,160,200,230,250,249,237,214,185,160,146,150
HD29,75/09/05,169,197,226,246,256,250,227,189,145,110,087,087,107,141,181,221,248,258,248,223,189,157,135,126
HD29,75/09/06,139,165,204,237,260,267,259,230,187,141,104,086,089,115,156,202,240,263,269,256,221,175,139,118
HD29,75/09/07,116,136,171,210,245,264,265,249,218,177,135,108,097,111,143,185,228,256,265,258,235,200,156,121
HD29,75/09/08,108,113,140,178,222,254,266,266,253,221,183,150,132,132,152,187,228,266,284,281,259,227,190,158
HD29,75/09/09,130,119,128,153,189,227,256,270,264,240,210,177,153,144,153,176,208,241,265,272,259,233,197,164
HD29,75/09/10,131,114,113,129,155,187,216,237,244,237,219,196,176,162,162,175,198,227,251,263,257,240,214,185
HD29,75/09/11,152,128,115,115,129,152,179,202,216,220,214,201,187,176,172,176,190,209,230,244,247,238,218,196
HD29,75/09/12,168,144,125,118,120,134,153,175,194,204,208,206,202,196,190,191,196,206,218,230,236,234,224,209
HD29,75/09/13,188,167,148,135,128,128,136,150,165,180,190,197,200,200,199,197,198,200,204,212,219,224,222,214
HD29,75/09/14,200,184,168,153,142,132,129,133,142,155,169,180,190,199,205,206,204,199,194,193,197,202,208,210
HD29,75/09/15,206,199,190,177,163,147,134,128,130,140,154,171,188,204,216,222,220,211,198,188,184,186,194,202
HD29,75/09/16,208,211,210,202,191,174,154,137,128,128,138,155,174,195,212,223,226,218,202,184,170,166,171,183
HD29,75/09/17,198,210,218,219,211,196,175,153,134,123,124,136,159,185,210,228,234,226,208,184,164,152,152,164
HD29,75/09/18,184,205,222,232,231,221,200,173,147,129,118,122,142,170,203,228,240,236,219,194,167,148,140,146
HD29,75/09/19,165,192,217,234,241,236,216,191,161,139,122,124,138,162,193,225,243,248,236,209,177,149,131,129
HD29,75/09/20,146,171,203,231,247,249,234,209,175,146,125,120,130,155,188,218,242,252,243,219,187,156,132,122
HD29,75/09/21,128,149,181,213,240,252,246,225,193,162,134,122,127,146,175,207,235,251,250,231,199,165,135,118
HD29,75/09/22,118,133,159,192,224,243,246,232,208,178,149,130,124,137,162,192,224,245,250,236,208,173,138,115
HD29,75/09/23,103,108,131,167,207,234,247,242,220,192,163,141,130,137,156,185,215,238,248,241,220,190,153,120
HD29,75/09/24,098,100,123,156,193,222,240,245,238,215,191,163,150,148,160,182,210,233,248,248,231,202,168,136
HD29,75/09/25,113,104,114,134,163,191,218,232,233,219,197,172,156,152,161,178,200,221,237,244,235,212,182,151
HD29,75/09/26,126,114,115,126,146,170,196,217,226,222,208,190,173,166,168,178,193,212,227,236,232,219,195,168
HD29,75/09/27,142,122,112,118,134,155,178,197,215,223,220,210,196,186,182,185,195,208,220,226,227,222,210,192
HD29,75/09/28,170,148,132,125,128,138,155,174,190,204,210,210,205,197,191,188,190,197,205,212,214,215,210,199
HD29,75/09/29,185,168,153,141,132,130,136,149,166,185,198,206,210,209,204,198,193,192,193,196,200,203,205,204
HD29,75/09/30,198,188,174,158,143,131,126,128,139,155,176,195,210,218,219,217,211,201,192,184,180,185,193,203
HD29,75/10/01,210,211,207,196,179,155,136,120,118,128,147,171,196,214,228,233,228,213,193,176,166,164,174,190
HD29,75/10/02,208,222,228,226,212,190,161,135,116,110,121,146,178,210,232,244,241,228,206,179,156,143,144,164
HD29,75/10/03,188,215,235,244,238,220,193,160,131,110,106,126,156,193,224,245,249,238,216,188,158,136,125,134
HD29,75/10/04,160,195,228,253,258,248,224,193,159,129,111,114,138,178,218,248,261,255,233,202,169,136,115,108
HD29,75/10/05,123,158,198,238,262,265,250,222,188,155,130,119,130,160,200,238,265,266,246,212,176,139,112,096
HD29,75/10/06,096,117,157,205,242,264,261,244,216,185,154,132,128,144,178,217,252,272,265,242,206,163,124,095
HD29,75/10/07,083,092,122,170,214,250,268,270,254,226,191,156,138,141,167,206,242,266,270,258,234,205,169,132
HD29,75/10/08,104,096,117,159,209,251,276,283,281,270,248,218,185,163,168,197,237,265,274,261,236,203,174,141
HD29,75/10/09,114,096,097,117,149,186,216,231,230,222,205,190,174,167,168,181,203,225,242,246,235,209,179,149
HD29,75/10/10,124,110,104,110,125,149,178,200,214,215,206,191,178,170,168,174,186,204,218,228,226,213,189,162
HD29,75/10/11,136,115,104,106,116,133,152,172,186,196,200,196,186,177,172,175,184,197,207,214,215,210,201,185
HD29,75/10/12,166,147,132,126,128,138,151,165,180,191,199,203,203,200,195,188,182,183,188,196,204,205,200,190
HD29,75/10/13,179,168,156,141,134,132,136,148,161,171,180,188,194,198,200,196,189,184,179,180,183,189,193,195
HD29,75/10/14,193,187,179,168,157,149,144,145,151,160,172,186,199,209,214,214,208,198,187,177,171,173,180,191
HD29,75/10/15,201,204,202,195,181,164,147,136,132,139,152,169,185,199,208,208,204,192,175,157,143,140,148,164
HD29,75/10/16,182,194,198,195,184,171,156,140,131,127,132,148,170,193,208,215,212,199,180,158,139,129,130,142
HD29,75/10/17,163,186,203,211,208,198,181,162,144,129,126,138,162,190,211,224,223,210,189,163,140,123,117,127
HD29,75/10/18,147,174,200,216,220,214,198,176,156,138,130,132,149,176,205,224,229,218,198,169,138,110,100,107
HD29,75/10/19,128,157,191,218,232,231,215,193,166,144,133,135,150,177,204,229,241,236,220,191,156,126,109,104
HD29,75/10/20,119,146,185,218,243,251,244,225,199,172,152,143,148,170,198,229,248,251,239,210,175,138,109,093
HD29,75/10/21,098,120,156,192,222,241,242,228,205,178,154,141,142,158,183,214,237,249,239,212,179,140,110,092
HD29,75/10/22,087,099,126,161,198,225,235,229,210,185,161,143,139,149,170,198,223,238,237,219,191,154,115,086
HD29,75/10/23,076,084,106,140,175,209,231,240,228,208,180,160,150,152,167,190,215,236,245,237,213,181,148,117
HD29,75/10/24,099,095,108,134,166,201,228,243,243,229,210,188,174,172,178,194,214,234,247,246,227,202,172,143
HD29,75/10/25,121,106,103,116,142,177,205,227,231,223,207,190,176,169,170,180,196,215,225,229,220,202,177,151
HD29,75/10/26,128,110,100,103,118,142,170,196,214,221,216,205,191,181,179,183,194,205,216,225,226,218,201,180
HD29,75/10/27,156,136,123,116,122,136,156,181,202,216,220,217,208,199,192,189,189,194,200,207,213,213,206,193
HD29,75/10/28,176,160,144,132,125,126,135,154,176,195,208,212,211,206,200,195,189,182,181,185,192,199,203,201
HD29,75/10/29,197,189,176,162,146,134,132,140,157,178,197,212,222,227,225,217,204,190,179,173,175,183,194,203
HD29,75/10/30,207,206,199,184,164,143,129,124,130,144,163,180,195,204,208,204,192,172,152,135,128,136,150,171
HD29,75/10/31,189,199,200,195,181,163,143,126,118,118,132,155,183,207,219,220,209,188,165,139,118,109,116,139
HD29,75/11/01,168,195,214,221,217,203,182,154,132,120,125,146,177,206,226,233,228,210,184,148,116,092,088,104
HD29,75/11/02,135,172,204,224,233,228,210,182,153,126,116,127,155,193,222,240,239,226,201,167,127,092,072,075
HD29,75/11/03,102,140,181,216,240,246,238,217,186,152,131,128,143,177,209,235,243,238,216,182,143,101,070,057
HD29,75/11/04,068,100,141,186,219,239,244,232,212,180,150,131,135,157,190,221,240,240,225,196,158,116,078,052
HD29,75/11/05,050,071,110,149,189,220,237,236,222,197,167,143,136,144,168,202,230,242,234,212,178,141,103,072
HD29,75/11/06,054,057,081,119,160,197,222,232,228,212,190,166,149,146,158,185,214,233,237,225,202,169,133,102
HD29,75/11/07,080,071,082,109,148,186,219,240,250,249,238,220,198,180,178,193,222,252,262,255,235,206,174,143
HD29,75/11/08,119,101,094,106,129,162,191,214,225,223,212,195,178,168,166,174,191,208,221,224,218,200,174,146
HD29,75/11/09,122,104,097,102,119,141,165,188,205,214,213,204,191,177,170,169,175,187,199,207,209,202,185,162
HD29,75/11/10,141,123,112,110,112,122,138,157,176,190,193,190,182,174,168,165,164,166,170,177,184,186,182,172
HD29,75/11/11,158,143,129,121,120,126,138,154,171,187,198,205,205,202,195,188,181,176,176,178,186,192,198,198
HD29,75/11/12,195,187,176,164,154,148,149,157,170,183,197,206,212,214,210,201,189,175,164,159,160,168,177,186
HD29,75/11/13,191,190,185,176,168,157,151,148,152,163,178,194,207,212,211,204,192,176,160,144,139,145,159,174
HD29,75/11/14,188,196,198,192,184,174,165,157,154,158,168,184,200,212,218,214,201,182,161,140,128,124,134,151
HD29,75/11/15,172,190,201,205,202,192,177,163,155,155,163,178,196,216,228,230,222,204,179,154,137,126,129,144
HD29,75/11/16,168,196,219,232,234,225,209,192,176,168,169,180,198,219,235,241,238,220,195,161,130,107,102,114
HD29,75/11/17,137,167,192,211,220,218,205,191,161,145,140,148,164,186,208,222,225,212,186,150,115,085,073,078
HD29,75/11/18,101,133,167,198,218,225,219,203,179,158,144,140,154,176,204,226,234,226,202,167,129,098,076,075
HD29,75/11/19,091,120,154,190,218,235,235,220,198,172,155,148,155,174,200,227,242,244,226,192,150,110,080,070
HD29,75/11/20,079,106,140,175,208,231,240,234,216,189,163,147,152,167,190,214,232,238,231,210,173,133,095,070
HD29,75/11/21,065,078,107,146,183,214,231,234,223,202,173,154,144,148,167,193,215,229,228,214,185,149,113,082
HD29,75/11/22,066,066,087,121,157,191,216,229,225,211,189,168,151,149,160,183,206,226,233,227,206,176,142,107
HD29,75/11/23,085,078,088,113,146,179,210,230,238,230,216,197,180,171,176,186,202,222,237,242,235,214,187,151
HD29,75/11/24,123,101,099,111,132,160,190,215,232,238,230,212,191,175,170,174,185,202,215,223,222,210,192,168
HD29,75/11/25,142,118,103,100,110,131,158,186,208,219,219,211,198,184,172,168,169,177,189,200,208,208,200,184
HD29,75/11/26,164,145,126,117,116,124,141,163,188,207,214,212,201,188,176,166,162,162,165,172,183,192,195,192
HD29,75/11/27,183,168,154,138,128,123,130,144,164,180,203,210,210,202,190,177,163,152,148,148,154,167,181,192
HD29,75/11/28,196,192,182,170,156,143,139,142,156,175,197,212,220,218,207,192,174,156,138,129,130,138,154,175
HD29,75/11/29,192,202,204,195,181,167,153,147,152,165,182,201,216,223,224,213,194,168,144,121,112,113,129,153
HD29,75/11/30,179,203,219,225,221,206,186,168,156,157,166,183,204,220,230,226,209,181,147,115,093,084,091,110
HD29,75/12/01,136,168,197,219,226,219,200,179,160,150,156,169,188,210,227,235,226,205,172,134,099,076,070,080
HD29,75/12/02,106,139,175,205,228,232,224,200,180,158,152,154,170,191,217,234,238,224,193,155,115,081,063,062
HD29,75/12/03,076,108,144,185,214,232,232,218,196,175,157,151,158,179,202,229,242,240,217,184,142,102,073,059
HD29,75/12/04,064,086,117,159,198,229,242,236,218,193,170,158,159,170,193,219,243,250,240,212,176,134,099,076
HD29,75/12/05,070,080,104,141,181,219,240,248,242,224,204,183,170,170,186,214,237,251,247,227,197,160,123,091
HD29,75/12/06,075,073,089,114,152,188,217,232,231,218,194,174,160,156,167,187,210,229,238,232,214,183,147,115
HD29,75/12/07,092,084,090,111,143,179,211,232,241,234,217,196,180,172,173,184,202,220,233,234,223,205,176,147
HD29,75/12/08,122,105,100,112,135,164,190,212,226,229,220,204,186,170,163,166,179,194,208,215,214,204,186,165
HD29,75/12/09,144,125,114,116,129,149,176,200,218,226,224,212,195,177,165,162,167,177,187,195,200,200,193,177
HD29,75/12/10,159,143,130,126,134,147,165,184,200,213,220,216,206,192,178,168,163,165,170,180,187,192,192,187
HD29,75/12/11,176,163,152,145,144,148,159,172,190,204,216,218,211,201,188,176,165,157,155,156,162,173,183,189
HD29,75/12/12,188,182,173,165,160,162,166,173,184,197,210,218,218,210,198,184,169,158,146,138,138,145,158,170
HD29,75/12/13,180,183,180,175,168,164,163,165,170,181,195,207,215,216,210,197,179,158,140,126,121,127,138,154
HD29,75/12/14,171,185,192,193,188,179,171,164,164,170,182,196,208,213,212,205,192,169,144,120,106,106,119,140
HD29,75/12/15,161,180,195,202,202,196,185,171,164,164,172,184,198,210,217,215,205,185,155,125,098,087,097,119
HD29,75/12/16,145,173,193,212,218,217,207,193,179,169,170,182,200,217,230,235,230,216,190,152,115,087,078,092
HD29,75/12/17,119,152,181,206,220,222,210,192,173,160,156,160,173,191,210,226,228,216,187,150,109,078,060,065
HD29,75/12/18,084,115,150,184,210,225,223,208,186,164,151,151,161,180,200,219,230,226,204,171,127,089,061,052
HD29,75/12/19,064,093,130,167,202,226,236,228,207,181,160,150,151,166,188,213,231,235,223,196,156,114,080,060
HD29,75/12/20,056,076,107,147,188,221,239,238,225,203,178,160,153,160,179,202,229,246,243,225,189,149,107,078
HD29,75/12/21,062,068,091,127,167,205,233,242,237,220,198,173,160,161,175,196,224,246,256,250,228,191,149,113
HD29,75/12/22,088,080,094,125,161,200,230,250,255,241,218,192,170,161,165,182,205,226,236,236,225,206,176,139
HD29,75/12/23,103,080,076,096,131,167,200,224,235,233,218,196,172,153,148,156,174,194,212,221,220,210,189,161
HD29,75/12/24,130,105,093,096,116,147,181,208,226,231,223,206,184,160,143,140,147,160,176,192,201,203,196,182
HD29,75/12/25,160,135,118,110,118,137,165,191,212,225,227,218,201,179,159,145,142,148,159,171,183,192,196,194
HD29,75/12/26,183,165,146,132,130,138,155,176,195,209,217,214,202,183,162,146,134,127,127,132,141,156,170,180
HD29,75/12/27,182,180,170,158,148,144,150,163,180,199,211,217,214,206,188,170,150,132,118,110,113,126,146,169
HD29,75/12/28,185,192,190,181,171,163,159,160,167,181,196,210,218,216,206,190,170,148,126,109,101,108,125,150
HD29,75/12/29,176,196,208,212,208,200,188,175,172,178,191,207,221,226,225,216,202,179,150,120,097,091,104,128
HD29,75/12/30,155,184,204,218,224,220,209,194,180,173,177,192,210,226,231,229,220,200,172,132,094,072,070,087
HD29,75/12/31,115,144,175,199,216,220,215,198,180,164,156,165,180,200,218,229,227,210,180,139,101,070,058,065
