HD29,16/01/01,214,195,177,175,183,205,230,253,269,275,275,264,250,231,217,210,212,220,230,238,242,245,243,236
HD29,16/01/02,223,206,192,183,187,198,218,239,256,267,271,267,257,244,228,218,211,213,217,223,229,235,240,241
HD29,16/01/03,237,227,215,205,203,206,219,233,250,262,273,273,271,255,244,227,219,210,208,208,212,220,229,237
HD29,16/01/04,240,240,233,228,220,218,218,226,236,252,263,271,270,263,252,240,227,214,201,193,191,198,210,226
HD29,16/01/05,237,244,245,242,237,229,222,220,224,234,246,256,264,264,259,249,233,215,194,178,169,172,184,200
HD29,16/01/06,219,233,245,251,251,243,233,222,219,223,234,246,257,265,265,263,248,231,203,180,158,155,161,183
HD29,16/01/07,206,231,252,265,273,268,258,243,232,225,229,239,255,268,277,278,269,249,219,187,158,141,141,154
HD29,16/01/08,179,207,238,261,278,280,271,253,234,221,218,227,242,262,278,289,287,272,243,207,170,142,129,136
HD29,16/01/09,155,185,217,249,271,284,280,264,239,216,203,203,217,237,261,278,285,277,254,219,179,144,121,116
HD29,16/01/10,129,154,191,227,260,280,286,275,254,231,210,201,204,223,248,276,291,294,274,244,203,164,129,110
HD29,16/01/11,108,130,164,207,245,272,287,284,268,245,219,201,194,205,230,261,287,300,292,269,233,195,157,128
HD29,16/01/12,116,120,148,184,227,262,285,293,285,264,238,213,198,199,216,245,276,297,304,291,263,228,188,155
HD29,16/01/13,132,127,142,173,212,250,280,297,296,283,259,232,209,199,205,228,257,286,301,298,279,252,218,185
HD29,16/01/14,155,138,139,160,193,230,262,282,292,286,269,244,217,198,193,203,227,252,274,282,278,261,237,207
HD29,16/01/15,179,153,143,150,174,205,236,263,278,283,272,252,225,201,186,186,199,220,241,255,260,257,244,226
HD29,16/01/16,199,178,160,161,173,195,221,244,265,276,276,263,242,218,197,187,187,198,213,231,243,250,247,238
HD29,16/01/17,221,205,189,179,178,189,209,231,250,263,265,262,249,231,209,190,180,176,185,193,210,219,233,234
HD29,16/01/18,238,225,216,202,202,205,217,231,246,265,279,289,289,280,259,240,219,207,201,202,210,223,240,258
HD29,16/01/19,269,270,267,261,249,236,230,235,246,262,271,278,277,273,261,247,223,202,179,168,165,177,194,215
HD29,16/01/20,232,245,254,259,259,251,242,235,234,239,248,259,268,271,270,260,240,213,184,158,143,141,154,175
HD29,16/01/21,202,228,249,261,264,255,246,230,224,220,226,238,253,267,275,273,260,236,204,170,141,127,130,150
HD29,16/01/22,176,206,235,257,271,272,262,244,228,215,215,222,239,255,271,279,277,261,230,192,153,124,114,124
HD29,16/01/23,147,179,212,244,267,278,272,256,235,216,206,209,221,242,263,283,289,285,261,230,188,153,128,122
HD29,16/01/24,136,166,204,242,274,290,293,281,261,239,219,208,214,231,256,281,295,297,282,254,215,175,141,123
HD29,16/01/25,122,141,174,214,251,277,286,278,260,235,213,194,189,199,223,252,279,292,287,264,229,189,152,125
HD29,16/01/26,114,123,151,188,229,262,280,281,265,242,216,196,184,188,205,233,262,285,292,279,251,215,178,147
HD29,16/01/27,127,125,142,175,214,250,274,282,274,253,226,201,185,179,190,211,240,264,277,274,256,227,195,161
HD29,16/01/28,139,125,135,155,193,227,259,272,272,255,233,208,188,175,178,193,218,243,262,267,260,240,215,187
HD29,16/01/29,160,145,142,157,183,217,247,267,272,263,243,220,197,179,173,178,197,219,240,252,251,243,225,204
HD29,16/01/30,180,164,156,163,179,207,234,259,270,268,255,235,215,194,185,181,193,207,228,241,249,246,236,221
HD29,16/01/31,204,191,182,181,188,207,231,256,270,274,262,246,226,210,195,188,185,194,206,224,234,242,237,230
HD29,16/02/01,219,208,199,193,194,203,218,236,253,263,261,250,233,215,202,191,185,184,188,197,208,217,223,225
HD29,16/02/02,222,217,211,206,206,209,216,227,239,250,257,257,248,234,218,205,195,189,184,183,186,194,206,218
HD29,16/02/03,225,227,225,221,216,212,213,217,226,235,243,247,246,240,229,216,202,187,174,165,163,169,182,199
HD29,16/02/04,214,226,232,234,231,226,220,217,218,223,232,242,248,249,245,236,223,205,184,165,153,153,165,185
HD29,16/02/05,207,227,242,250,253,248,239,228,218,215,220,233,248,259,262,256,244,225,200,173,150,138,142,159
HD29,16/02/06,185,214,242,262,271,269,257,240,224,214,213,221,237,256,272,279,273,254,225,191,160,137,130,139
HD29,16/02/07,162,193,225,254,276,283,275,256,232,211,200,204,219,244,268,285,289,276,250,213,174,140,121,120
HD29,16/02/08,137,167,205,243,273,287,284,266,241,216,197,191,199,221,251,280,298,299,279,243,199,158,129,117
HD29,16/02/09,123,146,183,226,266,293,301,289,264,234,208,193,195,213,242,274,300,311,301,272,232,188,150,123
HD29,16/02/10,113,124,155,198,241,275,290,286,267,238,207,180,166,170,192,226,263,291,300,285,252,209,166,133
HD29,16/02/11,115,117,137,171,212,251,280,291,280,252,216,183,163,158,171,197,232,266,289,291,272,238,198,161
HD29,16/02/12,134,124,133,160,197,236,267,284,284,267,240,206,176,157,157,176,209,244,272,285,279,260,233,205
HD29,16/02/13,178,159,156,170,197,231,262,283,291,283,264,237,207,182,169,172,190,218,247,269,277,272,258,239
HD29,16/02/14,217,198,189,192,210,238,270,295,306,302,291,273,246,218,198,188,194,212,234,254,268,273,272,264
HD29,16/02/15,250,230,215,209,216,232,252,269,281,286,282,270,251,224,198,180,172,178,191,206,221,234,243,246
HD29,16/02/16,243,234,224,217,216,223,235,249,263,272,274,269,258,243,225,208,194,186,184,189,201,216,232,244
HD29,16/02/17,250,250,247,243,240,239,239,243,250,260,268,270,265,255,242,224,203,182,166,159,161,172,187,204
HD29,16/02/18,220,234,242,244,240,233,227,224,225,230,236,242,247,250,248,239,222,200,177,158,148,150,163,182
HD29,16/02/19,204,225,242,253,256,251,240,226,215,214,223,235,247,254,256,254,244,225,198,165,138,127,134,155
HD29,16/02/20,180,205,227,244,253,254,244,229,212,200,200,210,229,248,261,267,265,254,232,201,171,147,139,150
HD29,16/02/21,175,209,242,268,282,283,273,256,235,216,202,201,214,237,262,278,280,268,244,212,176,144,122,118
HD29,16/02/22,134,165,202,236,260,268,261,244,220,196,178,173,182,205,233,259,275,277,262,234,197,160,130,116
HD29,16/02/23,122,148,184,223,254,271,273,261,238,211,186,171,172,190,219,251,277,290,284,261,227,189,155,133
HD29,16/02/24,129,144,175,213,248,270,276,268,247,219,190,167,158,168,193,226,258,279,283,268,241,207,173,144
HD29,16/02/25,129,133,157,193,231,261,277,276,259,230,198,171,157,158,176,204,236,264,279,276,257,226,193,163
HD29,16/02/26,144,140,155,184,220,252,274,279,268,243,212,183,163,158,169,191,220,249,269,275,264,241,212,183
HD29,16/02/27,160,149,154,175,205,237,261,272,266,246,219,192,170,157,158,173,200,230,256,268,264,249,230,207
HD29,16/02/28,185,170,166,177,200,230,256,271,272,257,232,203,178,163,159,165,182,204,228,246,254,249,234,214
HD29,16/02/29,195,182,178,187,204,226,249,269,279,275,258,234,210,193,185,188,199,212,231,251,261,261,253,241
HD29,16/03/01,228,213,202,199,202,219,240,258,266,262,249,233,214,196,181,173,172,179,193,208,220,227,229,226
HD29,16/03/02,219,212,207,206,208,215,225,238,251,257,253,240,223,206,192,181,175,173,177,186,197,208,218,223
HD29,16/03/03,225,225,223,221,218,218,221,229,239,246,247,244,236,226,213,200,187,177,172,173,178,187,198,209
HD29,16/03/04,220,229,234,234,230,224,218,216,220,226,231,232,232,228,222,211,197,180,164,153,150,156,169,185
HD29,16/03/05,204,222,235,242,239,230,218,208,203,204,211,220,230,237,238,233,220,201,177,155,140,136,144,163
HD29,16/03/06,187,213,237,253,258,252,236,218,203,196,199,210,228,246,258,261,251,232,206,177,151,135,134,148
HD29,16/03/07,175,209,242,268,281,279,263,240,216,198,191,197,215,240,265,281,283,268,240,205,170,142,127,131
HD29,16/03/08,152,186,226,262,284,288,276,253,225,198,180,174,187,216,251,282,297,293,270,236,197,160,133,123
HD29,16/03/09,134,164,204,246,279,296,291,270,239,205,174,157,159,182,218,257,288,301,291,262,223,181,146,126
HD29,16/03/10,125,144,177,219,258,288,299,285,255,217,181,155,147,160,190,231,272,301,307,292,258,217,178,150
HD29,16/03/11,137,143,168,206,247,282,300,296,271,235,195,163,144,143,162,198,240,277,298,298,278,246,210,178
HD29,16/03/12,156,151,165,193,228,261,285,291,278,248,210,172,144,131,138,161,197,236,268,281,276,254,225,197
HD29,16/03/13,175,164,165,181,209,241,269,281,277,256,223,189,159,140,134,142,166,201,236,261,272,262,243,222
HD29,16/03/14,202,190,188,195,213,236,261,278,284,272,248,218,189,165,150,147,158,179,205,229,247,255,251,240
HD29,16/03/15,225,212,205,209,220,236,252,265,273,273,262,244,220,194,172,158,156,166,184,204,222,234,239,238
HD29,16/03/16,232,225,218,214,216,222,232,243,252,254,250,239,224,208,190,174,162,157,163,177,193,208,220,227
HD29,16/03/17,230,231,229,227,224,221,222,227,234,240,241,237,231,222,210,195,179,165,158,159,167,179,193,208
HD29,16/03/18,222,233,239,238,233,226,220,218,219,223,228,234,239,241,238,227,210,191,174,163,159,165,179,198
HD29,16/03/19,220,240,254,259,256,245,233,223,218,217,221,230,242,254,261,259,248,228,204,183,168,162,171,188
HD29,16/03/20,210,235,256,268,269,259,243,225,209,199,199,208,224,244,261,269,265,250,225,197,170,153,152,166
HD29,16/03/21,190,218,245,265,272,270,255,233,211,193,185,190,207,231,256,274,279,271,250,220,188,162,149,152
HD29,16/03/22,172,203,236,263,279,279,265,242,216,192,177,176,190,217,247,274,290,292,277,249,215,182,161,155
HD29,16/03/23,168,195,229,262,284,290,280,257,227,196,173,162,170,193,226,258,283,292,285,262,228,193,163,149
HD29,16/03/24,152,174,208,244,272,286,282,263,234,201,172,155,155,173,203,239,271,291,294,277,249,215,185,163
HD29,16/03/25,159,173,202,238,270,288,289,276,249,216,183,158,150,161,186,220,254,279,290,283,261,231,199,174
HD29,16/03/26,162,167,188,219,251,276,285,276,253,220,187,159,144,146,164,194,229,260,279,282,268,243,214,188
HD29,16/03/27,171,168,181,207,238,264,280,279,261,232,200,170,149,143,152,176,208,241,266,278,274,256,232,208
HD29,16/03/28,190,183,189,207,231,256,275,281,274,251,219,187,163,150,153,168,193,222,248,265,269,261,243,221
HD29,16/03/29,203,192,192,203,221,243,261,270,269,253,227,199,174,157,153,157,175,199,224,244,256,258,251,238
HD29,16/03/30,222,209,205,210,223,241,257,266,266,259,243,223,201,181,168,165,174,192,215,234,248,254,254,248
HD29,16/03/31,238,228,220,218,222,231,244,255,261,258,247,231,214,197,183,174,172,178,191,207,223,236,244,247
HD29,16/04/01,246,243,239,234,232,232,236,243,250,253,250,241,229,216,203,190,180,173,174,181,193,206,219,229
HD29,16/04/02,237,240,241,238,232,226,221,220,223,228,234,236,233,228,219,207,193,179,168,165,170,182,199,216
HD29,16/04/03,232,245,252,253,247,236,223,213,209,212,220,230,239,245,245,237,222,202,183,170,164,169,182,203
HD29,16/04/04,228,252,270,278,275,263,245,227,213,211,217,233,250,266,276,276,266,244,220,192,169,159,164,183
HD29,16/04/05,211,240,265,281,283,271,248,221,195,178,176,189,215,245,270,282,279,263,237,207,178,158,152,163
HD29,16/04/06,190,225,260,286,295,288,266,237,204,177,161,165,188,224,261,289,298,290,267,236,202,171,152,150
HD29,16/04/07,168,202,242,277,297,298,283,254,218,183,156,147,162,196,240,280,308,318,315,299,270,232,192,170
HD29,16/04/08,175,202,241,278,303,312,304,280,245,203,164,139,138,161,202,246,284,306,311,298,271,238,204,179
HD29,16/04/09,172,186,217,254,286,304,304,290,262,224,182,146,128,136,167,212,256,289,305,304,290,266,236,208
HD29,16/04/10,189,189,208,240,274,298,307,299,277,245,206,168,139,131,146,179,221,259,287,299,296,281,257,232
HD29,16/04/11,211,203,211,231,257,282,297,298,284,258,224,189,158,139,135,150,180,216,248,268,273,267,253,235
HD29,16/04/12,217,204,201,211,231,255,274,282,276,259,234,205,177,153,139,142,161,190,221,245,259,265,262,253
HD29,16/04/13,240,226,219,221,232,249,264,274,275,267,251,231,208,185,167,158,162,179,201,223,242,255,261,261
HD29,16/04/14,255,248,242,239,241,247,255,263,270,271,265,252,236,219,203,189,182,182,192,208,225,240,251,258
HD29,16/04/15,259,256,251,244,240,237,237,240,244,247,247,243,237,228,216,200,185,175,173,179,190,204,220,234
HD29,16/04/16,243,247,246,241,232,222,214,212,213,218,223,229,234,236,232,222,207,192,180,176,179,190,205,223
HD29,16/04/17,241,254,261,259,251,239,226,217,211,213,222,237,257,268,277,279,265,239,209,188,184,194,210,226
HD29,16/04/18,242,259,274,280,275,257,235,214,202,198,203,215,232,251,267,275,270,250,224,200,181,174,180,196
HD29,16/04/19,218,242,262,274,273,260,237,212,190,177,175,186,208,235,260,276,279,268,246,221,196,174,168,180
HD29,16/04/20,206,236,261,274,275,265,246,221,194,172,160,164,185,214,245,268,279,277,262,239,211,187,173,176
HD29,16/04/21,195,223,252,274,283,280,264,239,210,181,161,159,175,203,237,267,286,293,287,269,244,217,195,189
HD29,16/04/22,200,226,258,286,301,301,288,264,234,201,172,157,161,184,218,253,280,294,293,279,254,225,199,184
HD29,16/04/23,185,202,231,261,284,293,285,264,234,199,168,148,146,164,196,233,266,290,300,295,277,251,225,205
HD29,16/04/24,198,206,229,258,284,298,298,281,248,211,177,153,144,152,175,207,241,271,290,292,280,257,230,207
HD29,16/04/25,194,195,212,238,264,282,287,277,255,224,189,158,140,140,157,185,218,249,271,283,281,267,244,220
HD29,16/04/26,202,197,207,227,251,271,281,280,264,238,206,176,153,144,150,170,199,231,259,277,281,273,256,236
HD29,16/04/27,219,210,212,224,242,260,274,279,271,252,223,193,167,152,151,163,185,211,237,258,271,273,265,252
HD29,16/04/28,237,225,221,227,240,257,273,282,281,270,251,227,203,184,175,177,190,210,233,255,272,283,284,278
HD29,16/04/29,266,253,245,244,248,256,263,270,272,270,260,243,222,199,182,175,177,185,197,212,229,245,258,263
HD29,16/04/30,259,248,237,231,229,231,235,240,246,250,250,243,230,213,197,185,179,180,188,200,214,230,246,258
HD29,16/05/01,262,260,252,242,231,223,220,223,229,237,242,243,240,233,222,207,192,181,176,179,190,205,222,239
HD29,16/05/02,252,259,258,249,233,216,202,194,196,203,213,223,231,236,234,224,207,188,173,166,169,181,198,219
HD29,16/05/03,240,257,266,264,252,231,208,189,180,182,195,215,235,252,259,258,245,225,204,186,175,175,187,209
HD29,16/05/04,237,263,283,292,287,270,246,220,196,186,187,198,222,255,282,294,289,270,246,221,199,184,181,193
HD29,16/05/05,218,248,276,291,290,273,243,206,171,146,138,151,179,216,251,276,286,279,258,230,199,174,163,168
HD29,16/05/06,189,220,251,275,285,276,251,214,171,134,112,113,135,174,217,256,281,288,280,259,230,202,182,176
HD29,16/05/07,187,213,247,280,300,302,284,251,210,168,133,118,124,154,200,247,285,306,309,295,269,239,212,195
HD29,16/05/08,192,206,233,264,290,300,291,265,226,182,141,112,104,118,150,194,240,276,294,292,274,248,222,201
HD29,16/05/09,191,195,213,241,269,289,292,278,248,208,164,128,107,108,128,162,203,243,274,288,285,268,244,221
HD29,16/05/10,207,204,215,235,259,280,292,289,272,241,202,164,135,121,127,149,183,220,253,276,286,281,266,246
HD29,16/05/11,229,219,221,233,252,274,293,303,297,273,240,209,182,160,152,159,177,205,237,266,285,290,281,263
HD29,16/05/12,244,229,223,225,235,248,262,272,272,261,241,216,190,168,152,147,155,174,200,226,247,258,259,253
HD29,16/05/13,241,229,219,215,218,226,237,247,253,252,244,230,212,193,175,164,163,172,190,210,230,246,256,258
HD29,16/05/14,253,242,231,222,217,217,220,227,234,237,236,231,222,210,197,183,173,172,179,191,207,223,237,246
HD29,16/05/15,250,246,237,226,216,210,207,208,212,218,225,230,233,231,224,212,199,189,185,189,200,215,231,246
HD29,16/05/16,257,260,257,248,235,221,210,204,204,210,219,231,243,251,252,245,233,218,206,201,203,213,229,248
HD29,16/05/17,263,272,274,268,254,236,217,202,194,196,204,218,235,252,261,260,250,233,217,203,195,197,209,227
HD29,16/05/18,246,262,270,268,257,239,215,192,174,167,171,187,210,234,253,264,264,252,235,215,199,192,197,212
HD29,16/05/19,233,254,269,275,267,250,225,198,174,159,155,166,189,217,243,262,270,266,253,232,210,193,189,199
HD29,16/05/20,220,244,264,276,275,263,240,211,181,156,144,149,169,198,229,255,273,278,271,251,226,204,193,196
HD29,16/05/21,211,233,256,274,282,276,257,227,193,163,142,139,153,182,217,250,276,290,288,271,248,224,206,200
HD29,16/05/22,207,226,250,273,286,286,272,245,211,176,148,135,141,163,196,232,264,285,293,286,268,244,220,205
HD29,16/05/23,205,219,244,270,288,294,286,264,232,197,165,143,137,152,181,216,251,278,294,294,281,259,235,215
HD29,16/05/24,207,213,232,257,278,290,289,273,246,210,175,147,134,138,160,192,228,260,282,291,286,271,248,227
HD29,16/05/25,213,210,221,242,266,284,289,281,260,231,198,167,145,137,147,172,205,239,266,282,287,281,264,243
HD29,16/05/26,224,214,218,233,254,273,284,284,271,248,218,188,163,148,149,164,191,222,250,272,284,286,277,261
HD29,16/05/27,243,228,221,226,242,261,277,284,279,262,239,209,178,158,151,159,177,202,228,252,270,280,280,269
HD29,16/05/28,253,236,225,223,231,245,259,269,272,266,253,234,212,192,177,171,177,193,215,238,258,274,282,280
HD29,16/05/29,270,255,240,230,227,231,239,249,258,262,260,251,237,219,202,190,186,191,203,221,242,262,277,284
HD29,16/05/30,281,271,256,242,231,223,222,228,236,245,251,253,250,241,226,210,196,189,192,203,220,240,257,271
HD29,16/05/31,278,277,268,253,234,218,207,205,212,225,239,251,258,261,256,245,229,214,205,205,213,229,249,269
HD29,16/06/01,284,290,286,274,253,229,206,190,186,194,211,233,254,268,274,269,256,238,220,208,204,211,226,245
HD29,16/06/02,265,280,287,282,266,239,208,180,162,160,174,198,227,254,274,283,278,264,243,221,205,201,209,228
HD29,16/06/03,251,272,285,288,277,254,221,186,155,137,138,157,190,226,259,282,291,285,269,247,226,210,206,215
HD29,16/06/04,234,259,282,294,292,274,244,208,170,139,124,130,155,193,234,270,291,297,289,271,248,226,212,210
HD29,16/06/05,223,245,269,289,298,291,268,232,189,148,118,109,123,155,195,236,270,291,295,283,261,236,214,203
HD29,16/06/06,206,223,249,274,291,293,279,250,210,167,129,105,102,122,158,201,242,274,290,289,274,252,229,211
HD29,16/06/07,205,212,232,258,281,293,290,272,242,203,163,131,113,116,140,176,216,252,278,289,286,270,249,228
HD29,16/06/08,215,212,222,242,265,284,292,284,262,229,192,157,131,122,131,157,192,228,259,278,284,275,258,238
HD29,16/06/09,221,212,213,226,247,268,282,282,270,247,219,188,160,140,135,148,176,210,242,266,279,279,269,254
HD29,16/06/10,236,221,214,217,231,249,265,272,268,254,234,209,184,162,149,150,165,191,219,244,260,266,263,253
HD29,16/06/11,239,224,212,207,210,222,237,250,255,250,238,222,203,185,170,161,164,179,202,226,247,259,262,258
HD29,16/06/12,247,234,221,210,206,209,219,232,241,245,242,233,222,209,195,184,179,184,198,218,239,256,266,266
HD29,16/06/13,260,250,239,229,219,213,214,220,230,240,245,245,242,236,227,216,208,203,205,215,231,250,267,275
HD29,16/06/14,274,266,255,242,229,216,207,205,209,219,230,239,245,246,242,234,224,214,209,211,220,233,248,261
HD29,16/06/15,268,268,261,249,233,215,200,190,189,195,206,220,234,245,251,250,243,232,220,213,213,221,235,251
HD29,16/06/16,264,270,269,260,246,228,208,190,179,177,187,203,224,242,256,263,262,253,239,225,217,220,230,246
HD29,16/06/17,263,275,281,278,265,245,220,195,176,167,172,188,211,236,258,273,277,270,255,238,223,215,217,228
HD29,16/06/18,245,262,273,275,266,247,221,192,165,146,141,151,176,206,236,259,270,269,257,240,222,208,202,207
HD29,16/06/19,223,244,264,276,273,257,231,201,169,143,129,130,149,181,217,249,270,278,274,258,239,220,208,206
HD29,16/06/20,217,238,264,283,290,280,256,225,192,161,138,130,140,167,203,240,269,285,287,276,257,234,216,207
HD29,16/06/21,210,226,250,274,289,289,272,243,209,173,143,124,124,142,175,213,249,275,286,283,268,245,223,207
HD29,16/06/22,202,211,232,257,278,287,281,260,228,190,155,128,118,127,152,187,224,257,278,284,276,257,236,217
HD29,16/06/23,206,208,222,246,271,289,293,281,256,223,187,156,138,136,150,177,210,244,273,289,290,276,254,232
HD29,16/06/24,215,208,213,231,254,275,286,283,266,239,207,174,149,135,139,159,190,225,256,278,288,286,273,254
HD29,16/06/25,235,221,219,231,251,274,291,298,292,271,243,213,188,171,164,168,185,210,239,265,282,288,281,266
HD29,16/06/26,246,226,213,212,220,236,251,264,269,264,248,224,198,175,161,158,168,187,212,237,258,271,272,263
HD29,16/06/27,246,227,209,197,194,202,218,236,248,251,244,231,214,195,178,165,164,175,196,220,242,258,266,265
HD29,16/06/28,256,240,222,205,192,188,196,209,226,238,244,243,236,224,210,197,188,187,194,208,228,247,262,269
HD29,16/06/29,267,255,238,217,198,183,177,182,194,210,224,235,240,239,232,221,208,197,193,199,214,233,250,262
HD29,16/06/30,266,264,254,238,214,189,170,162,167,181,201,220,237,249,253,248,237,224,212,207,211,222,239,255
HD29,16/07/01,268,274,270,257,235,206,178,156,146,150,167,191,217,242,259,266,262,249,233,218,211,213,224,242
HD29,16/07/02,260,274,280,275,259,233,201,169,143,131,137,159,192,227,257,277,283,278,265,248,232,222,223,236
HD29,16/07/03,254,272,287,293,287,266,235,198,163,137,128,137,163,200,238,268,287,292,284,267,246,228,218,220
HD29,16/07/04,234,253,274,288,291,280,256,220,179,141,116,111,127,160,200,240,272,290,289,274,250,228,213,208
HD29,16/07/05,213,228,251,275,290,289,272,241,201,159,124,104,105,126,161,202,241,270,282,277,259,236,214,199
HD29,16/07/06,196,206,227,254,277,287,282,261,227,188,150,121,110,119,147,188,230,265,285,289,278,258,235,215
HD29,16/07/07,203,204,218,243,269,287,292,281,256,221,184,149,126,120,135,167,205,240,267,279,277,262,239,216
HD29,16/07/08,198,191,198,216,240,263,276,277,262,236,203,170,142,128,132,152,185,220,252,272,279,271,253,231
HD29,16/07/09,210,196,195,207,228,249,267,275,270,254,230,202,176,157,153,163,187,218,246,268,281,281,270,251
HD29,16/07/10,228,210,200,202,215,234,252,265,267,260,244,223,201,182,170,170,181,205,233,259,276,280,273,258
HD29,16/07/11,239,221,207,201,203,214,229,245,255,256,248,236,221,206,193,186,189,202,222,244,263,273,273,265
HD29,16/07/12,250,233,217,204,199,201,211,225,237,243,243,239,233,224,215,206,202,205,217,235,253,266,272,270
HD29,16/07/13,260,246,231,216,205,199,200,208,218,228,236,241,243,242,237,229,222,219,223,233,248,262,273,278
HD29,16/07/14,275,267,254,239,223,209,200,199,205,215,227,238,248,254,256,253,246,237,232,233,238,247,258,270
HD29,16/07/15,278,278,269,253,234,215,199,189,187,191,203,220,239,254,261,262,258,251,241,232,229,234,246,260
HD29,16/07/16,270,273,270,261,245,224,202,181,169,167,176,194,217,239,258,269,270,263,251,237,228,226,233,246
HD29,16/07/17,261,273,279,276,263,243,217,192,170,159,159,173,197,225,252,272,282,281,269,253,238,228,227,235
HD29,16/07/18,250,267,280,286,279,261,234,204,174,153,145,152,174,204,236,265,285,291,283,267,247,229,220,223
HD29,16/07/19,237,257,278,290,291,278,254,223,189,159,139,136,152,181,217,252,278,293,293,281,259,237,220,213
HD29,16/07/20,219,238,262,283,295,292,275,244,207,169,141,127,133,156,190,227,261,286,296,289,269,244,221,206
HD29,16/07/21,205,219,243,270,291,298,289,265,231,193,157,131,124,136,165,204,243,274,293,295,282,259,233,212
HD29,16/07/22,201,205,224,252,279,296,298,284,256,218,179,146,127,128,149,182,220,255,281,293,289,271,246,219
HD29,16/07/23,199,192,202,225,254,279,291,288,269,238,202,166,140,130,138,163,198,235,265,283,287,276,255,228
HD29,16/07/24,203,188,188,203,227,253,274,284,280,261,232,200,172,154,150,162,186,217,249,276,289,286,269,244
HD29,16/07/25,218,198,188,190,204,225,250,270,278,271,251,224,198,177,166,168,181,204,232,259,278,285,277,259
HD29,16/07/26,235,212,194,184,186,199,221,244,261,266,258,241,221,202,189,184,188,201,220,243,264,277,278,268
HD29,16/07/27,249,225,203,188,181,183,194,211,229,244,250,246,235,222,208,199,196,202,213,230,247,261,269,267
HD29,16/07/28,257,239,218,196,178,169,170,181,197,214,227,237,241,240,233,223,215,212,217,226,236,248,258,265
HD29,16/07/29,265,256,240,218,195,176,166,164,171,182,199,218,236,248,251,247,240,233,227,226,228,235,246,258
HD29,16/07/30,266,267,259,243,220,195,173,156,150,154,169,191,217,241,257,263,260,251,239,229,223,225,233,246
HD29,16/07/31,259,269,272,264,247,221,192,164,145,139,146,166,194,223,251,270,277,272,260,244,231,224,227,238
HD29,16/08/01,252,267,278,283,277,259,230,194,162,140,134,144,169,201,235,264,284,290,281,263,243,228,220,223
HD29,16/08/02,235,255,276,292,296,286,260,225,187,155,135,132,147,176,214,253,284,298,294,278,256,237,222,216
HD29,16/08/03,222,239,263,287,302,301,283,252,214,176,146,131,135,157,193,234,270,293,298,287,265,241,221,209
HD29,16/08/04,208,220,242,269,291,302,296,273,238,199,162,138,132,146,176,214,252,282,296,293,275,250,225,206
HD29,16/08/05,198,203,220,246,273,292,296,284,258,222,184,153,137,140,162,196,234,267,288,292,281,258,232,208
HD29,16/08/06,193,190,202,224,251,275,289,288,271,242,207,174,152,147,159,186,219,253,279,291,286,267,240,213
HD29,16/08/07,192,183,189,207,232,256,274,280,274,255,228,197,172,159,162,181,209,240,266,283,286,276,255,229
HD29,16/08/08,205,190,186,196,216,239,259,273,276,268,250,226,204,188,184,193,214,239,264,284,295,294,280,257
HD29,16/08/09,234,216,208,210,220,236,255,270,279,278,270,255,238,223,213,212,221,238,259,279,293,296,288,271
HD29,16/08/10,249,228,213,205,206,214,226,241,253,261,260,252,240,228,221,218,221,230,243,260,275,282,280,269
HD29,16/08/11,251,232,217,207,202,203,210,221,233,243,249,249,246,241,235,231,230,233,241,252,264,273,277,274
HD29,16/08/12,263,248,234,221,212,206,203,206,214,225,237,245,250,251,251,250,248,245,244,248,255,265,272,275
HD29,16/08/13,272,263,251,238,223,209,198,193,195,203,216,231,245,256,263,264,262,257,251,248,248,253,261,269
HD29,16/08/14,273,273,267,256,240,221,203,191,185,188,197,213,234,255,272,280,279,272,262,252,247,247,251,261
HD29,16/08/15,273,282,285,278,262,240,216,196,182,177,182,197,219,247,273,292,298,292,278,262,249,242,244,253
HD29,16/08/16,267,282,293,297,289,269,240,209,184,169,167,179,203,233,265,291,306,307,295,275,254,239,234,239
HD29,16/08/17,254,276,298,313,316,305,279,243,209,183,169,172,188,217,254,291,317,326,317,296,268,241,222,217
HD29,16/08/18,226,248,275,298,309,305,285,254,217,182,155,145,152,178,214,255,288,306,306,290,266,239,216,203
HD29,16/08/19,205,222,250,280,303,310,298,270,234,194,160,139,137,155,188,228,267,295,305,296,273,243,214,194
HD29,16/08/20,187,197,223,257,289,309,311,295,265,228,191,162,148,154,177,213,252,288,308,309,294,267,237,209
HD29,16/08/21,189,185,200,230,265,294,308,304,282,249,213,181,160,154,165,191,227,264,292,302,293,271,241,211
HD29,16/08/22,186,174,178,199,231,265,290,300,293,273,248,220,198,192,191,208,247,280,295,300,304,302,285,252
HD29,16/08/23,211,178,167,177,202,232,258,276,282,276,257,231,205,187,182,192,212,237,262,281,290,285,267,239
HD29,16/08/24,207,181,166,165,178,198,222,246,263,268,261,244,225,208,199,201,212,229,249,268,280,283,275,255
HD29,16/08/25,230,203,182,170,170,179,196,217,236,249,253,250,241,231,223,220,223,232,245,258,270,277,278,270
HD29,16/08/26,254,233,212,194,183,181,187,199,215,231,245,253,257,255,251,248,247,251,255,260,264,269,275,278
HD29,16/08/27,274,262,243,222,203,191,186,188,196,206,221,239,255,266,270,271,269,265,260,255,253,256,265,275
HD29,16/08/28,280,278,269,254,237,220,203,191,184,186,199,220,245,266,280,287,287,282,272,261,252,250,255,268
HD29,16/08/29,282,291,293,287,274,255,232,210,194,187,193,210,236,265,290,306,314,310,298,280,263,252,252,262
HD29,16/08/30,279,296,310,315,309,292,267,239,214,196,190,198,222,256,291,317,333,337,329,309,282,257,242,243
HD29,16/08/31,259,281,303,317,317,306,285,255,222,191,170,168,184,216,253,285,306,311,305,289,267,244,224,215
HD29,16/09/01,220,242,273,301,316,313,296,269,239,207,179,161,163,188,227,268,297,308,304,288,266,243,221,205
HD29,16/09/02,201,214,243,277,304,313,304,280,250,218,187,165,159,172,205,247,284,305,308,296,275,251,225,203
HD29,16/09/03,190,195,220,256,291,311,311,296,271,243,213,186,169,170,193,230,270,299,309,302,283,257,231,207
HD29,16/09/04,191,189,204,233,267,295,308,304,287,262,233,204,183,176,188,217,254,285,303,304,291,270,244,217
HD29,16/09/05,194,183,189,213,246,276,295,299,290,273,250,225,202,188,191,212,245,277,299,304,294,275,252,228
HD29,16/09/06,207,191,189,202,229,261,286,298,295,283,265,246,228,215,212,222,245,274,298,310,307,293,273,250
HD29,16/09/07,228,209,200,204,221,245,270,288,294,290,278,262,246,232,225,228,242,263,285,300,304,296,277,252
HD29,16/09/08,228,212,204,204,213,227,245,264,278,284,279,267,253,243,240,243,253,266,281,295,302,300,289,272
HD29,16/09/09,251,233,220,214,215,222,234,249,263,273,276,273,266,258,252,249,252,258,267,275,281,283,279,270
HD29,16/09/10,256,239,223,209,202,201,207,217,228,239,248,255,258,257,254,250,247,248,252,257,262,266,267,264
HD29,16/09/11,256,244,230,217,205,196,192,193,202,215,228,240,249,256,259,259,256,251,245,241,241,247,254,258
HD29,16/09/12,257,252,245,235,223,207,191,181,180,188,203,221,238,253,263,268,267,260,249,237,230,231,239,250
HD29,16/09/13,258,262,260,254,242,225,204,185,173,172,184,203,224,246,265,277,280,273,257,238,223,216,220,233
HD29,16/09/14,249,263,271,270,260,241,217,191,169,156,157,172,198,230,259,281,290,286,271,249,227,210,205,213
HD29,16/09/15,233,257,278,291,290,276,251,219,187,161,150,156,180,214,250,280,299,301,288,263,232,204,189,191
HD29,16/09/16,208,237,266,289,298,291,269,237,201,169,148,144,159,190,228,265,290,300,293,270,240,209,185,175
HD29,16/09/17,184,210,245,280,303,308,294,266,230,194,166,150,152,173,209,249,286,306,306,287,256,220,190,170
HD29,16/09/18,166,182,215,255,291,311,310,291,260,224,191,168,161,172,201,240,279,308,318,307,280,243,205,175
HD29,16/09/19,160,165,189,227,267,299,314,310,290,258,223,193,175,175,193,225,262,293,310,308,289,258,221,186
HD29,16/09/20,161,152,164,194,233,270,294,304,299,279,251,220,198,191,200,223,254,284,306,312,302,275,239,206
HD29,16/09/21,180,165,163,175,198,230,263,287,294,285,264,240,221,211,210,218,236,259,282,297,300,290,268,237
HD29,16/09/22,203,175,159,160,176,202,231,257,278,288,284,269,247,230,224,228,240,256,273,285,291,288,275,254
HD29,16/09/23,230,206,187,177,179,192,212,234,253,266,272,270,263,254,245,239,240,249,261,272,275,273,266,256
HD29,16/09/24,243,226,209,192,180,177,184,200,219,237,250,255,255,253,251,248,247,247,249,253,257,261,263,260
HD29,16/09/25,253,241,227,212,197,186,180,183,192,207,224,239,251,257,259,258,255,251,246,241,239,241,247,254
HD29,16/09/26,258,256,248,235,218,199,184,176,177,187,202,220,239,255,265,268,264,256,246,236,228,227,232,243
HD29,16/09/27,255,264,266,261,248,229,208,189,176,174,185,205,231,256,275,285,285,277,261,243,228,219,220,231
HD29,16/09/28,248,266,281,286,278,259,234,208,187,177,179,194,219,248,275,293,297,289,270,246,223,208,203,211
HD29,16/09/29,229,253,277,294,298,286,261,230,201,180,172,179,200,230,262,287,299,293,274,247,220,200,188,188
HD29,16/09/30,201,225,255,281,295,293,274,243,209,179,164,165,183,212,245,275,294,299,287,261,229,198,179,175
HD29,16/10/01,186,210,240,270,292,300,290,265,231,197,173,164,172,195,226,258,283,295,288,265,231,198,172,161
HD29,16/10/02,165,183,212,245,275,294,296,281,253,221,193,175,172,187,215,249,279,296,295,276,246,212,182,162
HD29,16/10/03,156,168,195,229,262,288,299,293,273,244,213,190,180,188,211,242,275,297,302,291,266,234,202,176
HD29,16/10/04,162,165,184,214,248,277,294,295,280,256,228,203,189,189,204,230,260,284,293,286,264,234,201,171
HD29,16/10/05,151,148,160,186,217,246,268,278,274,258,236,213,195,189,197,218,245,270,285,286,274,254,229,204
HD29,16/10/06,187,181,184,190,205,227,254,277,287,279,259,236,217,207,207,217,235,254,268,274,268,249,222,193
HD29,16/10/07,167,151,146,154,172,195,220,239,250,250,242,229,215,205,202,207,219,235,250,259,259,249,231,209
HD29,16/10/08,187,171,162,163,173,190,209,229,245,255,258,255,249,242,237,235,240,251,261,268,272,272,264,249
HD29,16/10/09,228,209,195,190,192,200,213,228,243,256,264,262,257,251,247,245,243,240,239,243,249,253,252,243
HD29,16/10/10,228,212,199,190,184,181,183,191,204,221,238,250,256,258,257,255,252,247,243,241,243,249,255,258
HD29,16/10/11,255,248,238,227,214,203,197,196,202,212,228,247,266,281,289,289,281,269,255,244,239,243,253,264
HD29,16/10/12,272,275,273,264,250,231,212,199,195,202,218,240,264,286,303,309,303,287,264,242,227,224,232,247
HD29,16/10/13,266,280,287,285,274,254,228,202,183,177,187,210,239,270,294,307,306,292,268,239,214,200,202,218
HD29,16/10/14,243,268,288,297,293,277,250,218,189,171,170,187,216,249,281,305,315,307,282,246,209,182,173,183
HD29,16/10/15,209,242,274,298,308,299,275,241,206,179,165,169,190,224,262,294,312,312,291,256,214,176,153,150
HD29,16/10/16,169,203,244,280,304,308,295,266,230,194,167,158,170,199,237,273,299,308,299,271,230,187,153,137
HD29,16/10/17,145,174,215,260,295,315,315,298,268,232,198,177,176,194,227,265,297,313,310,288,252,208,168,140
HD29,16/10/18,131,145,178,221,265,298,313,309,290,261,230,204,192,197,218,250,283,307,312,299,270,231,190,155
HD29,16/10/19,134,133,152,187,228,268,295,306,300,281,256,231,212,207,218,241,271,297,310,308,291,263,228,191
HD29,16/10/20,160,145,149,172,207,245,278,301,309,302,284,262,242,230,229,242,264,286,301,303,292,271,243,212
HD29,16/10/21,182,159,149,155,175,205,237,264,277,278,271,259,247,236,230,233,245,263,279,287,283,271,254,234
HD29,16/10/22,210,186,166,158,164,183,210,237,256,268,272,269,262,253,244,241,245,254,264,270,272,269,260,247
HD29,16/10/23,230,211,193,179,173,177,191,212,234,252,263,267,265,261,256,252,249,247,246,248,252,256,257,253
HD29,16/10/24,245,234,220,206,194,187,188,198,214,232,249,262,270,272,270,265,258,250,242,236,235,240,249,259
HD29,16/10/25,262,258,248,235,220,206,197,194,198,208,224,243,261,273,278,274,265,252,237,224,217,219,229,243
HD29,16/10/26,257,266,269,264,249,229,211,198,193,197,211,230,251,270,282,285,278,263,242,221,206,202,208,221
HD29,16/10/27,237,252,261,264,258,241,218,195,181,179,189,208,229,250,267,275,272,257,232,205,183,174,179,193
HD29,16/10/28,213,235,254,267,270,260,240,216,194,182,183,197,221,248,272,286,289,280,259,230,202,182,177,187
HD29,16/10/29,209,236,263,285,296,293,278,253,225,203,195,201,219,244,268,286,294,287,265,233,198,171,157,160
HD29,16/10/30,178,204,234,261,280,287,279,259,233,209,193,189,200,224,252,278,294,295,280,253,218,184,159,150
HD29,16/10/31,159,182,215,250,279,296,298,284,259,229,204,191,194,213,242,272,295,302,291,266,233,200,173,157
HD29,16/11/01,157,173,203,240,275,298,303,293,274,250,229,214,208,215,236,266,293,307,299,273,237,201,171,153
HD29,16/11/02,149,159,180,211,246,276,293,293,277,253,230,212,204,208,225,250,277,296,299,285,258,224,191,166
HD29,16/11/03,154,158,176,204,238,270,294,305,301,285,264,243,229,226,235,254,279,300,310,303,281,252,220,192
HD29,16/11/04,172,163,170,191,222,254,279,292,295,288,273,256,239,230,233,247,268,287,299,299,288,266,237,206
HD29,16/11/05,181,167,167,182,205,232,259,280,293,295,286,272,256,245,242,249,265,283,296,300,293,277,256,232
HD29,16/11/06,208,189,180,183,197,218,241,263,278,284,281,271,258,247,242,242,248,257,266,272,273,269,257,238
HD29,16/11/07,216,194,181,177,183,195,213,232,251,267,276,277,270,260,251,246,246,250,256,261,266,266,261,252
HD29,16/11/08,240,224,210,199,195,197,207,223,243,262,277,286,288,284,275,266,258,253,252,254,259,264,267,267
HD29,16/11/09,261,251,237,220,208,202,200,204,214,229,248,267,280,285,281,270,257,244,233,225,223,228,239,250
HD29,16/11/10,257,257,251,240,224,207,194,189,193,207,228,249,266,279,284,280,267,246,223,205,197,201,215,233
HD29,16/11/11,250,261,266,262,250,234,214,197,189,194,210,234,261,283,295,296,285,264,236,208,186,180,190,213
HD29,16/11/12,240,265,281,287,281,263,239,213,194,186,192,211,238,266,290,300,293,271,238,200,167,149,151,172
HD29,16/11/13,203,237,266,285,290,281,259,231,203,184,181,195,220,251,278,296,300,288,258,217,174,141,128,138
HD29,16/11/14,165,202,242,275,296,300,287,262,231,204,188,188,206,235,267,294,308,304,282,245,200,157,129,122
HD29,16/11/15,141,177,222,267,303,320,320,303,277,248,225,213,217,237,267,298,322,328,313,280,235,187,144,120
HD29,16/11/16,122,146,184,228,271,302,318,313,293,264,237,218,213,222,244,274,302,318,315,292,254,210,168,136
HD29,16/11/17,119,123,147,188,234,277,305,313,303,281,256,235,223,223,235,257,283,303,308,295,267,230,191,155
HD29,16/11/18,129,120,131,159,196,235,268,290,295,284,263,241,225,219,225,241,260,279,292,292,279,255,223,188
HD29,16/11/19,157,138,137,152,179,211,244,270,286,289,279,261,244,234,235,243,257,271,281,284,280,267,247,221
HD29,16/11/20,194,170,157,158,173,197,224,249,268,278,279,270,257,243,233,232,241,252,262,265,262,256,247,235
HD29,16/11/21,218,196,177,167,169,183,204,227,248,263,271,268,260,249,240,235,233,235,238,242,246,249,248,244
HD29,16/11/22,236,224,210,198,191,193,204,222,242,260,271,276,276,273,266,257,248,240,235,234,236,241,248,253
HD29,16/11/23,254,250,241,229,216,204,200,204,215,232,249,262,268,267,261,253,242,230,217,208,206,212,223,234
HD29,16/11/24,243,246,245,239,230,218,208,203,205,216,231,249,263,271,271,265,254,238,220,203,193,193,204,221
HD29,16/11/25,239,254,262,262,255,241,225,212,207,210,222,239,257,271,279,278,268,249,223,197,178,172,178,194
HD29,16/11/26,214,235,251,261,260,249,230,210,196,194,201,215,233,250,265,271,265,246,219,189,166,154,157,172
HD29,16/11/27,194,219,245,264,274,270,255,235,216,205,205,216,235,256,275,286,283,268,241,210,180,160,154,163
HD29,16/11/28,184,211,242,268,285,290,280,258,233,213,205,209,223,242,262,278,283,274,250,216,180,149,133,135
HD29,16/11/29,154,183,216,246,269,281,278,263,240,217,201,197,207,227,251,272,283,280,261,230,192,156,131,121
HD29,16/11/30,129,152,185,220,250,269,274,264,245,222,202,191,193,208,232,258,277,281,267,241,206,171,141,124
HD29,16/12/01,124,141,172,209,244,271,285,285,273,253,231,214,209,220,241,268,290,301,296,277,248,212,177,150
HD29,16/12/02,138,144,166,197,230,257,277,284,278,261,238,217,205,207,222,245,268,282,283,269,242,209,175,146
HD29,16/12/03,129,128,144,172,205,236,261,276,277,267,248,227,211,206,214,232,254,271,278,272,254,227,196,167
HD29,16/12/04,145,134,139,159,188,220,248,268,278,275,262,243,225,215,217,230,248,266,278,278,268,250,225,199
HD29,16/12/05,174,158,154,162,182,208,236,261,277,281,275,261,245,232,226,229,240,254,266,273,271,261,244,222
HD29,16/12/06,198,178,167,168,180,200,224,247,268,281,283,274,258,242,231,227,229,234,239,244,248,249,242,228
HD29,16/12/07,210,190,175,168,171,182,200,221,241,259,271,275,270,258,245,234,228,227,229,235,243,250,254,252
HD29,16/12/08,244,229,212,198,190,191,199,212,228,245,260,270,271,266,255,243,229,217,208,207,213,225,237,245
HD29,16/12/09,248,245,236,224,211,201,198,204,219,238,256,272,283,286,280,267,248,226,206,194,194,204,220,237
HD29,16/12/10,250,256,254,245,232,215,201,193,195,206,223,242,260,271,273,263,244,217,188,164,153,158,176,201
HD29,16/12/11,225,245,259,263,259,244,224,206,196,198,211,232,254,272,283,282,268,241,204,167,140,132,143,167
HD29,16/12/12,197,228,256,275,280,270,249,225,206,198,202,217,238,261,280,291,286,263,226,183,145,121,117,133
HD29,16/12/13,162,199,237,270,290,293,280,257,233,216,210,216,234,258,282,301,307,296,267,225,180,142,121,121
HD29,16/12/14,143,179,224,266,298,310,306,290,268,245,228,222,231,251,279,304,317,313,290,253,208,163,128,111
HD29,16/12/15,116,142,181,226,267,296,309,304,285,260,236,220,219,232,256,283,306,315,305,277,237,193,153,125
HD29,16/12/16,114,125,155,197,241,279,303,308,298,276,251,230,218,221,236,261,284,298,297,281,253,217,177,140
HD29,16/12/17,115,110,127,160,201,240,272,289,290,277,256,234,218,212,219,236,258,277,286,283,264,234,198,162
HD29,16/12/18,132,115,117,137,170,207,240,264,273,268,253,234,215,204,203,214,232,252,266,269,260,242,216,188
HD29,16/12/19,160,139,130,137,160,191,223,249,265,268,261,247,229,214,204,206,217,234,249,257,258,251,238,220
HD29,16/12/20,197,174,157,153,163,185,211,235,254,265,266,259,245,228,214,207,210,219,230,237,240,239,235,227
HD29,16/12/21,214,198,181,170,169,181,201,222,241,254,261,260,252,238,224,211,205,204,209,215,221,225,228,229
HD29,16/12/22,227,219,208,196,189,190,200,216,234,250,262,269,270,263,252,238,225,218,216,216,221,229,242,257
HD29,16/12/23,266,264,262,252,237,225,223,233,250,265,274,278,280,279,272,258,240,220,204,194,192,198,209,221
HD29,16/12/24,230,236,238,236,229,218,207,202,205,217,231,244,253,256,254,245,228,206,184,166,156,158,169,186
HD29,16/12/25,206,223,236,242,240,230,217,206,201,205,217,232,247,257,261,256,244,225,199,173,152,144,151,170
HD29,16/12/26,194,217,237,249,253,249,238,224,212,206,211,225,244,261,271,273,265,248,223,193,166,149,148,163
HD29,16/12/27,189,218,245,267,281,285,277,262,245,233,232,244,264,283,291,291,287,277,256,221,180,148,135,145
HD29,16/12/28,169,199,226,249,264,271,269,256,233,210,197,196,208,229,251,269,276,268,244,209,171,138,119,117
HD29,16/12/29,132,161,196,231,260,277,279,269,251,230,212,205,212,233,262,289,301,293,270,239,206,173,144,126
HD29,16/12/30,124,143,179,220,253,272,276,270,257,237,215,197,193,204,229,258,279,284,271,244,209,172,140,118
HD29,16/12/31,113,125,153,190,227,258,275,277,265,245,222,203,195,200,219,246,273,288,285,263,231,194,159,131
