HD29,05/01/01,191,174,168,177,198,226,254,277,289,289,279,262,244,231,226,229,238,250,262,270,271,262,244,220
HD29,05/01/02,195,175,164,166,180,202,228,254,274,283,279,266,247,231,221,220,225,235,245,254,259,260,255,242
HD29,05/01/03,223,201,183,175,180,198,222,246,265,275,277,272,261,246,229,217,213,218,228,238,246,250,251,250
HD29,05/01/04,243,230,215,205,203,211,224,241,262,282,294,294,283,266,249,234,223,216,212,212,219,229,240,247
HD29,05/01/05,247,238,226,213,206,206,211,220,231,243,255,264,263,254,238,219,202,188,179,176,180,192,208,226
HD29,05/01/06,241,249,250,245,236,228,224,225,233,247,262,274,279,274,262,245,226,205,186,174,170,178,194,215
HD29,05/01/07,237,256,270,275,273,264,255,248,246,251,261,274,285,290,288,276,256,230,201,174,154,148,158,180
HD29,05/01/08,208,236,259,274,279,276,265,252,241,236,240,251,266,279,285,281,266,241,209,174,144,126,127,144
HD29,05/01/09,174,209,243,272,293,301,297,283,265,251,246,254,269,285,295,298,290,273,244,205,164,129,113,117
HD29,05/01/10,140,174,212,249,280,301,307,299,280,259,243,240,249,266,286,302,310,305,284,248,202,157,123,110
HD29,05/01/11,118,144,182,224,264,296,314,313,298,275,253,240,238,248,266,288,306,311,299,269,226,180,141,114
HD29,05/01/12,106,117,145,184,229,269,299,310,304,286,263,243,230,227,237,260,288,309,311,291,254,211,169,135
HD29,05/01/13,114,110,125,156,196,238,271,290,293,282,262,240,222,213,217,237,266,293,306,300,276,242,207,173
HD29,05/01/14,143,123,121,141,176,218,254,277,285,280,266,247,226,208,201,210,233,262,286,292,282,258,230,201
HD29,05/01/15,171,148,137,144,168,202,236,263,277,278,269,252,232,211,198,196,209,233,259,276,278,267,250,230
HD29,05/01/16,210,189,174,170,184,211,244,271,289,294,290,277,258,236,218,207,208,222,242,262,273,275,267,253
HD29,05/01/17,237,222,210,204,207,220,241,263,280,288,287,278,263,244,225,209,201,202,211,224,237,246,251,251
HD29,05/01/18,245,236,225,217,217,225,239,256,270,280,282,279,269,255,239,222,208,201,202,209,219,229,238,243
HD29,05/01/19,246,247,245,241,237,237,241,251,263,273,278,278,274,264,252,236,219,204,194,191,194,203,216,230
HD29,05/01/20,243,253,259,259,255,252,252,257,264,270,275,278,279,277,270,257,237,215,195,181,177,182,193,208
HD29,05/01/21,224,239,252,261,264,262,256,251,249,252,258,266,272,275,272,262,246,224,200,176,158,152,157,174
HD29,05/01/22,197,221,242,257,265,266,262,255,247,241,241,248,259,269,275,273,264,246,220,190,162,144,141,154
HD29,05/01/23,178,206,232,253,268,274,272,262,249,237,232,236,247,261,274,280,278,265,241,209,176,149,136,140
HD29,05/01/24,159,188,220,250,272,284,285,276,261,245,235,233,242,258,276,291,297,291,273,246,212,178,153,145
HD29,05/01/25,156,184,219,254,282,300,305,298,283,263,246,236,238,252,272,291,303,303,290,264,228,190,158,141
HD29,05/01/26,143,163,195,231,264,289,301,300,287,267,245,229,226,236,257,281,300,308,300,279,248,211,174,147
HD29,05/01/27,136,146,174,211,247,275,292,297,290,271,247,225,214,219,238,264,288,303,304,291,266,232,194,161
HD29,05/01/28,141,141,160,193,231,263,286,295,291,275,250,226,208,205,217,241,269,290,298,291,272,245,212,178
HD29,05/01/29,152,140,148,175,211,249,277,293,294,282,261,235,213,203,207,227,255,281,298,302,292,273,247,218
HD29,05/01/30,192,176,178,197,224,251,273,290,298,295,277,250,222,205,203,215,235,255,271,280,281,272,252,224
HD29,05/01/31,196,175,169,180,202,231,259,283,296,295,282,259,234,214,205,207,222,243,264,277,281,276,266,253
HD29,05/02/01,235,215,201,199,213,237,264,286,300,304,295,279,254,229,211,201,208,221,238,252,263,267,266,259
HD29,05/02/02,246,231,217,209,215,227,246,266,281,289,284,271,252,230,209,193,183,188,199,213,226,237,245,250
HD29,05/02/03,247,241,232,225,222,226,237,253,268,278,278,270,256,238,220,201,186,176,174,180,191,204,219,232
HD29,05/02/04,242,247,248,244,241,239,241,247,256,265,271,272,267,256,239,221,203,187,174,167,165,174,191,213
HD29,05/02/05,236,254,263,269,265,262,258,254,254,258,263,267,270,268,260,246,227,204,180,160,147,145,155,174
HD29,05/02/06,198,224,248,266,276,276,267,254,244,239,242,250,259,266,269,264,250,227,195,161,133,118,120,138
HD29,05/02/07,165,197,229,258,277,284,278,264,246,232,226,231,244,260,273,278,274,258,231,194,154,123,105,110
HD29,05/02/08,133,168,207,244,274,291,293,282,262,240,224,220,229,248,270,289,297,290,268,232,188,146,115,101
HD29,05/02/09,108,136,176,220,259,285,299,292,273,247,222,207,208,226,254,283,305,313,302,275,235,191,152,126
HD29,05/02/10,120,137,172,217,260,293,311,313,300,275,244,218,204,209,233,265,296,314,315,297,263,220,176,139
HD29,05/02/11,117,118,141,179,222,260,285,294,285,264,234,204,182,177,192,223,259,290,305,300,277,243,203,166
HD29,05/02/12,140,126,141,171,210,246,274,287,285,266,236,203,176,163,168,190,222,255,278,286,277,255,225,192
HD29,05/02/13,163,145,148,169,202,238,268,284,286,274,250,221,191,169,160,172,198,230,258,273,274,262,241,216
HD29,05/02/14,191,172,164,172,194,225,254,273,276,266,247,223,199,177,162,159,171,195,223,246,256,253,239,222
HD29,05/02/15,206,195,189,192,203,222,245,266,279,276,260,237,213,191,175,166,168,180,199,219,234,241,238,230
HD29,05/02/16,222,215,210,209,216,229,247,264,275,275,266,251,232,212,193,180,175,178,188,202,216,228,235,239
HD29,05/02/17,239,237,235,235,239,246,256,266,274,277,273,264,250,234,218,204,192,184,183,185,192,201,211,221
HD29,05/02/18,229,235,239,243,245,246,247,249,253,257,259,254,247,237,227,216,203,188,174,166,167,175,188,201
HD29,05/02/19,214,225,237,246,253,253,251,249,248,250,252,254,254,253,250,244,234,219,201,183,173,172,182,199
HD29,05/02/20,219,241,260,276,284,285,278,269,260,255,254,257,261,266,270,269,259,241,216,190,168,156,157,170
HD29,05/02/21,191,215,240,261,274,278,269,255,241,232,229,232,241,253,264,270,267,254,230,199,168,144,135,143
HD29,05/02/22,161,188,218,245,265,273,268,254,235,218,207,207,218,235,254,268,272,263,242,212,177,146,128,126
HD29,05/02/23,142,172,208,243,268,280,279,268,251,231,214,207,217,236,259,277,288,286,270,242,206,169,139,124
HD29,05/02/24,131,155,190,226,256,274,278,268,247,220,196,182,183,201,227,255,275,285,278,255,220,181,147,126
HD29,05/02/25,123,139,170,209,246,274,285,279,257,229,201,182,176,186,210,242,272,292,295,278,246,207,170,143
HD29,05/02/26,133,140,165,203,242,272,288,283,263,233,202,176,163,167,186,217,251,276,287,278,254,221,185,153
HD29,05/02/27,133,132,150,183,223,258,279,284,271,245,213,182,162,158,170,197,231,263,284,288,274,247,215,184
HD29,05/02/28,160,148,155,179,213,248,275,286,279,258,227,195,169,156,160,179,208,241,267,281,279,262,236,207
HD29,05/03/01,182,166,164,179,207,240,267,281,280,263,235,203,175,155,147,155,176,205,233,253,259,254,239,219
HD29,05/03/02,199,184,179,186,204,229,254,273,278,269,247,217,188,165,154,154,166,185,208,229,245,252,249,237
HD29,05/03/03,221,207,200,203,214,229,245,260,269,268,254,231,204,179,160,151,152,162,177,194,210,224,233,235
HD29,05/03/04,233,227,223,221,224,232,242,254,264,267,261,246,226,206,187,173,164,161,164,173,186,202,219,232
HD29,05/03/05,240,243,244,245,245,246,247,250,254,258,257,251,240,226,211,196,180,167,158,155,157,167,183,202
HD29,05/03/06,221,237,250,257,258,255,249,244,241,243,245,248,248,244,236,224,208,189,168,150,139,139,149,170
HD29,05/03/07,196,223,246,262,268,265,255,242,231,225,226,233,243,252,257,254,241,220,192,163,138,126,127,142
HD29,05/03/08,168,199,232,259,276,278,267,248,228,213,206,210,225,244,263,273,271,253,223,187,152,125,114,119
HD29,05/03/09,141,174,213,250,277,288,281,261,234,208,190,186,199,224,253,276,285,279,256,221,179,140,112,103
HD29,05/03/10,115,145,186,228,262,281,282,266,238,206,180,167,172,196,231,266,291,299,288,259,219,177,141,121
HD29,05/03/11,121,142,179,222,262,289,297,286,258,223,189,168,165,181,213,252,288,311,313,295,263,226,190,163
HD29,05/03/12,151,161,191,232,272,300,312,306,284,251,212,179,163,168,194,231,268,295,305,296,273,241,206,176
HD29,05/03/13,158,157,177,210,249,281,298,296,278,247,210,176,153,147,161,191,229,265,290,297,286,261,229,200
HD29,05/03/14,180,174,184,208,239,268,289,294,283,257,221,185,155,140,143,163,193,226,255,271,270,255,232,207
HD29,05/03/15,187,179,182,198,221,246,266,275,270,250,220,186,156,136,131,141,163,193,222,243,252,247,234,218
HD29,05/03/16,203,194,195,206,223,245,263,271,268,252,228,201,174,153,140,138,149,170,194,215,228,232,229,221
HD29,05/03/17,212,205,203,208,219,234,249,260,262,256,240,220,198,179,165,158,162,177,197,217,232,241,246,248
HD29,05/03/18,248,245,242,242,246,255,264,271,271,266,256,241,226,210,196,184,175,172,174,182,192,203,211,217
HD29,05/03/19,220,223,225,226,227,228,229,231,233,233,230,225,218,210,200,188,177,168,163,164,168,176,187,200
HD29,05/03/20,214,227,236,241,241,239,237,235,234,233,231,230,231,231,228,221,209,195,182,174,169,171,179,194
HD29,05/03/21,213,232,246,254,254,246,235,225,217,214,215,219,226,232,235,232,223,207,187,166,151,145,150,168
HD29,05/03/22,192,217,239,254,260,257,247,234,219,209,205,212,225,241,253,257,252,238,217,192,168,151,149,162
HD29,05/03/23,188,219,248,269,279,277,264,245,226,210,201,204,217,237,259,274,278,267,244,214,180,152,138,143
HD29,05/03/24,166,200,234,262,276,277,266,247,223,201,185,184,197,223,253,279,293,292,277,250,217,187,167,162
HD29,05/03/25,177,210,249,280,294,295,286,268,241,210,183,170,175,198,232,264,286,291,280,256,222,185,154,138
HD29,05/03/26,143,168,205,243,273,286,283,263,232,196,164,146,148,169,202,239,269,285,284,266,234,196,162,139
HD29,05/03/27,136,153,185,223,257,277,279,263,233,197,162,138,131,144,174,213,251,277,288,281,259,228,193,164
HD29,05/03/28,150,156,181,218,254,279,286,277,250,214,177,146,131,134,156,192,233,269,291,296,284,260,231,203
HD29,05/03/29,186,185,202,231,264,291,304,301,280,245,204,167,142,137,147,173,207,242,271,286,286,271,246,220
HD29,05/03/30,200,192,200,221,248,274,291,293,280,254,220,186,157,141,140,155,181,213,244,267,277,272,257,238
HD29,05/03/31,221,210,210,221,239,259,275,282,277,259,231,199,169,147,138,141,156,180,207,230,245,250,247,240
HD29,05/04/01,233,226,221,221,228,242,257,268,267,256,236,211,186,164,146,138,140,152,171,192,211,225,233,236
HD29,05/04/02,235,232,230,229,231,236,245,252,256,253,243,227,208,190,172,158,150,149,155,167,183,199,215,228
HD29,05/04/03,239,247,251,253,251,249,248,251,255,258,256,250,242,231,218,204,189,177,169,167,173,186,203,219
HD29,05/04/04,235,252,265,272,271,262,250,239,235,236,239,241,244,246,244,235,218,194,171,156,151,157,171,191
HD29,05/04/05,214,240,263,276,277,266,248,231,220,217,221,230,244,257,265,264,251,229,201,174,155,147,153,170
HD29,05/04/06,196,227,256,277,284,275,255,231,210,196,194,205,226,251,272,283,279,262,234,203,173,153,147,157
HD29,05/04/07,181,215,250,278,292,288,269,240,209,184,173,179,200,228,258,283,295,290,268,235,199,170,155,157
HD29,05/04/08,175,206,244,278,300,303,285,253,216,183,161,156,169,198,234,268,289,294,280,253,219,185,159,148
HD29,05/04/09,156,181,218,255,281,289,278,250,213,176,146,131,136,161,199,241,276,294,292,272,243,210,182,164
HD29,05/04/10,163,182,214,251,279,292,287,265,232,193,157,132,126,144,178,221,261,288,299,291,271,244,218,198
HD29,05/04/11,189,196,219,252,283,299,298,280,250,213,175,143,125,124,144,180,221,258,279,282,269,245,220,200
HD29,05/04/12,189,191,207,232,258,277,284,277,255,222,185,149,125,118,132,162,199,235,262,276,275,264,246,228
HD29,05/04/13,214,210,218,238,263,285,296,292,274,246,213,181,155,140,140,157,186,219,248,266,271,265,252,237
HD29,05/04/14,224,217,219,230,246,264,275,277,268,247,219,190,163,146,139,146,164,188,215,236,249,252,247,237
HD29,05/04/15,228,221,221,228,239,251,262,266,262,249,229,206,184,166,154,152,159,175,196,216,232,241,243,240
HD29,05/04/16,235,231,229,231,236,243,250,255,254,246,233,217,201,186,173,163,159,163,173,187,201,213,222,229
HD29,05/04/17,232,233,233,233,234,235,237,240,242,242,238,230,220,210,200,189,179,174,173,178,187,199,210,220
HD29,05/04/18,229,237,241,241,237,230,225,223,222,222,221,220,218,215,210,201,188,175,165,162,167,178,192,208
HD29,05/04/19,222,235,245,249,246,236,223,213,208,208,213,219,225,229,230,226,215,199,182,168,162,166,180,199
HD29,05/04/20,220,238,252,259,256,245,228,211,200,196,201,212,226,240,250,254,247,230,208,186,172,170,181,202
HD29,05/04/21,228,254,275,286,284,270,249,227,209,198,196,204,222,246,268,280,279,264,240,212,187,170,168,183
HD29,05/04/22,209,240,267,284,288,277,256,229,201,179,168,172,192,224,257,279,285,274,253,226,199,176,163,165
HD29,05/04/23,185,217,252,277,286,277,255,226,194,166,148,147,165,196,233,265,285,288,274,249,218,189,169,164
HD29,05/04/24,175,203,237,267,283,281,262,230,194,159,133,123,133,161,200,240,271,287,284,265,236,205,180,168
HD29,05/04/25,174,196,227,258,280,284,271,243,206,167,135,116,117,139,175,218,257,285,296,289,268,241,214,195
HD29,05/04/26,190,201,227,259,286,300,295,272,237,197,159,131,120,130,159,199,240,271,288,290,281,262,239,216
HD29,05/04/27,202,203,220,247,273,290,291,276,248,211,171,136,113,111,128,160,198,236,265,281,283,273,255,236
HD29,05/04/28,222,218,226,244,267,286,295,290,271,241,205,170,141,126,128,148,179,214,246,270,281,281,273,259
HD29,05/04/29,246,238,239,248,264,279,290,293,284,263,233,200,170,148,140,146,162,186,213,239,258,269,269,262
HD29,05/04/30,252,244,240,242,249,258,266,270,268,257,239,215,188,164,147,140,144,157,176,197,219,237,250,255
HD29,05/05/01,255,251,247,245,244,247,251,257,262,261,253,239,222,204,186,171,162,161,169,183,201,221,241,256
HD29,05/05/02,266,270,268,263,256,250,246,244,248,252,256,255,248,237,222,206,190,179,172,174,182,196,215,236
HD29,05/05/03,254,266,269,263,251,238,228,220,218,223,230,239,247,252,247,234,216,196,181,173,173,182,199,222
HD29,05/05/04,246,266,277,276,265,247,228,211,202,202,212,228,248,263,270,267,254,234,213,194,183,183,195,216
HD29,05/05/05,242,266,282,289,280,261,236,209,188,177,181,200,226,252,271,278,273,257,235,211,191,181,184,199
HD29,05/05/06,225,253,276,287,285,269,242,211,181,162,156,170,196,228,259,280,286,279,261,237,212,195,189,198
HD29,05/05/07,220,247,274,293,298,290,266,233,197,169,154,159,180,214,251,281,299,301,290,268,241,217,203,203
HD29,05/05/08,218,241,267,288,297,291,270,238,200,163,138,131,145,175,214,251,279,295,297,285,263,238,218,208
HD29,05/05/09,217,238,264,288,302,301,287,259,223,184,151,134,136,158,195,236,272,295,304,300,285,263,240,222
HD29,05/05/10,217,229,252,277,295,302,290,268,236,198,161,134,122,133,162,200,238,268,283,286,275,258,238,222
HD29,05/05/11,213,216,231,251,271,284,280,266,239,203,167,136,118,119,136,167,202,237,263,277,274,260,243,228
HD29,05/05/12,220,221,230,246,264,278,285,277,257,227,193,162,141,130,138,159,188,220,247,266,275,271,259,245
HD29,05/05/13,234,229,232,243,258,272,279,276,264,242,214,185,161,144,141,151,172,198,221,244,258,263,258,247
HD29,05/05/14,235,227,226,232,243,255,263,266,261,247,226,201,178,159,149,151,164,184,207,228,244,253,258,254
HD29,05/05/15,246,238,232,235,240,248,256,263,259,251,237,221,203,186,173,167,170,181,196,213,229,241,249,252
HD29,05/05/16,248,241,234,229,226,229,233,237,240,241,237,230,219,205,190,178,172,173,182,195,209,224,236,244
HD29,05/05/17,248,245,238,230,222,217,215,218,222,225,227,225,222,216,207,195,183,175,174,181,194,211,228,243
HD29,05/05/18,254,257,256,248,237,226,217,213,214,220,227,235,241,243,240,231,218,203,193,191,199,212,229,245
HD29,05/05/19,260,272,276,270,256,237,220,208,202,204,211,222,237,250,257,252,238,220,203,190,187,192,205,224
HD29,05/05/20,245,261,268,265,250,229,206,186,172,167,173,190,214,238,256,261,253,236,216,198,186,184,194,213
HD29,05/05/21,237,260,275,276,264,241,213,186,164,150,153,168,195,227,255,272,275,264,245,222,203,191,192,206
HD29,05/05/22,230,256,277,285,278,258,228,194,163,142,135,144,169,204,241,272,289,289,274,251,226,208,201,210
HD29,05/05/23,228,252,276,291,295,280,251,215,176,144,126,126,144,178,220,260,287,301,298,280,257,234,215,206
HD29,05/05/24,215,236,266,289,300,290,265,232,193,155,126,111,117,142,182,226,264,290,299,293,274,249,226,213
HD29,05/05/25,213,227,251,275,291,293,281,253,215,172,133,106,099,114,146,187,229,262,284,290,282,265,245,228
HD29,05/05/26,218,223,237,260,281,291,287,269,237,197,155,120,100,101,121,152,191,229,259,277,282,272,257,239
HD29,05/05/27,226,220,228,244,264,281,287,280,258,225,187,150,123,111,115,135,165,199,232,256,272,275,266,253
HD29,05/05/28,239,229,226,233,247,263,276,278,268,246,216,183,152,130,119,124,142,168,198,226,248,260,261,254
HD29,05/05/29,242,229,221,219,227,237,248,256,257,249,233,209,182,157,139,132,136,151,172,197,222,243,255,259
HD29,05/05/30,251,241,230,223,221,225,233,242,250,254,250,238,221,200,181,167,161,164,176,194,215,237,256,267
HD29,05/05/31,269,263,252,240,230,223,221,226,237,249,258,259,252,239,222,206,193,186,188,195,209,228,248,265
HD29,05/06/01,274,274,264,249,231,215,205,203,208,219,231,242,248,249,243,230,213,199,192,193,202,216,233,250
HD29,05/06/02,264,272,270,258,237,214,194,182,180,189,203,221,238,250,255,250,238,221,206,199,201,211,226,243
HD29,05/06/03,259,270,274,268,251,226,198,175,161,161,173,195,220,243,259,266,262,250,234,218,209,209,219,235
HD29,05/06/04,254,270,278,276,263,240,211,180,156,144,148,167,196,227,254,270,276,271,257,239,222,214,217,231
HD29,05/06/05,250,269,281,283,275,256,227,193,160,137,129,140,166,200,233,259,274,277,269,253,234,219,212,217
HD29,05/06/06,231,250,267,277,276,262,236,202,166,134,115,114,132,165,203,236,261,272,272,261,243,225,212,208
HD29,05/06/07,215,232,253,269,275,267,247,215,179,142,114,103,112,138,174,211,243,265,273,269,254,234,217,208
HD29,05/06/08,211,224,244,262,273,273,260,235,200,162,128,106,103,120,151,188,223,250,266,269,260,245,228,215
HD29,05/06/09,211,218,234,254,271,278,272,253,223,186,151,123,110,115,136,168,204,237,262,274,270,256,238,223
HD29,05/06/10,216,217,228,245,263,276,279,269,246,214,180,149,129,124,135,160,192,225,253,271,277,270,256,240
HD29,05/06/11,228,224,231,245,261,275,283,281,268,243,211,179,153,141,142,158,184,214,244,267,279,279,269,255
HD29,05/06/12,241,232,231,238,250,264,275,278,271,254,229,202,177,159,150,154,170,196,225,251,267,273,269,258
HD29,05/06/13,243,230,223,224,233,244,255,261,261,252,237,216,193,173,161,158,167,184,208,232,251,262,263,257
HD29,05/06/14,245,233,222,217,217,224,234,242,246,245,237,226,210,193,177,167,166,177,195,217,236,250,258,258
HD29,05/06/15,252,240,228,217,210,209,213,220,228,233,234,231,225,214,201,188,179,178,187,203,223,242,256,262
HD29,05/06/16,261,252,239,225,212,203,199,202,209,217,225,232,235,233,225,214,202,194,193,200,214,232,249,260
HD29,05/06/17,264,259,248,233,216,199,187,183,186,196,210,224,237,244,245,239,227,214,204,202,209,224,242,257
HD29,05/06/18,266,267,261,247,227,205,183,168,164,170,186,207,228,246,257,260,254,241,226,215,212,219,234,251
HD29,05/06/19,266,275,274,264,245,219,191,166,151,149,159,181,210,239,262,275,276,267,253,238,227,223,230,244
HD29,05/06/20,262,278,286,283,267,242,211,178,151,134,135,152,182,219,253,278,289,288,276,260,244,232,228,234
HD29,05/06/21,250,268,283,288,280,259,228,192,157,129,115,119,142,179,220,257,282,293,290,277,259,241,228,226
HD29,05/06/22,236,255,276,290,293,280,255,221,182,145,117,108,118,148,188,229,265,289,300,297,282,262,242,231
HD29,05/06/23,233,246,267,287,298,297,280,251,212,171,133,108,103,118,151,192,235,271,294,301,294,278,260,243
HD29,05/06/24,234,237,252,273,294,304,299,280,248,208,166,130,110,110,131,165,205,242,272,290,296,289,273,253
HD29,05/06/25,235,227,233,252,274,292,299,291,270,238,200,163,133,118,121,144,178,216,251,276,289,288,277,259
HD29,05/06/26,240,226,221,228,245,266,284,291,283,261,230,196,164,142,133,140,162,193,227,257,278,285,281,267
HD29,05/06/27,249,232,220,217,223,239,259,275,281,273,254,229,202,178,163,158,167,187,215,245,270,285,287,279
HD29,05/06/28,263,245,228,217,214,221,237,255,268,273,267,252,231,210,192,181,180,189,207,230,253,269,277,275
HD29,05/06/29,266,249,230,212,199,196,203,217,233,246,251,248,239,225,210,197,190,190,200,216,236,254,268,273
HD29,05/06/30,268,255,237,217,200,188,185,191,203,217,231,240,245,243,236,225,215,209,211,221,236,251,264,272
HD29,05/07/01,273,267,254,234,212,191,177,174,180,193,209,225,239,249,252,250,244,237,232,232,238,250,264,276
HD29,05/07/02,282,280,271,256,236,212,189,172,166,172,188,210,231,248,259,264,263,258,250,243,239,241,251,263
HD29,05/07/03,273,278,275,265,247,224,197,173,156,152,161,181,206,232,254,269,276,275,268,258,249,246,250,259
HD29,05/07/04,271,282,287,285,273,253,226,197,172,158,158,172,196,224,251,274,289,293,288,276,264,255,252,257
HD29,05/07/05,266,279,290,295,291,275,249,217,185,159,147,151,170,200,233,262,283,294,293,283,267,252,243,242
HD29,05/07/06,251,266,281,292,294,285,264,233,198,164,141,134,146,172,206,239,267,286,293,287,272,254,239,232
HD29,05/07/07,235,248,266,283,291,289,275,249,216,180,148,130,130,150,182,219,252,275,286,285,274,257,240,227
HD29,05/07/08,224,233,250,269,284,290,283,262,231,195,159,134,123,132,156,191,227,257,276,281,274,259,240,223
HD29,05/07/09,214,217,230,251,271,284,284,272,248,215,180,149,129,127,144,175,211,244,268,280,280,270,255,241
HD29,05/07/10,230,227,233,245,261,277,288,288,273,245,211,179,157,150,156,175,202,233,261,282,288,281,263,242
HD29,05/07/11,224,215,217,229,245,262,275,279,272,252,224,193,167,151,148,160,184,215,245,268,279,277,264,245
HD29,05/07/12,227,214,209,214,228,246,263,274,275,264,243,217,191,171,163,168,184,207,232,254,269,274,269,253
HD29,05/07/13,232,211,198,196,204,218,233,246,254,253,242,224,203,184,171,167,175,192,216,240,259,269,268,256
HD29,05/07/14,237,217,202,193,192,197,208,221,233,241,241,233,220,205,192,184,183,192,209,229,248,260,263,257
HD29,05/07/15,243,224,206,191,181,178,182,192,206,218,227,229,226,218,209,200,194,195,203,217,233,248,257,257
HD29,05/07/16,248,233,214,195,179,168,164,168,179,192,207,219,228,231,230,225,218,212,212,218,230,244,254,259
HD29,05/07/17,257,248,233,214,193,174,160,154,158,169,186,204,222,237,246,247,243,235,228,225,229,238,249,259
HD29,05/07/18,264,262,252,236,214,190,167,150,143,146,160,181,206,233,255,267,270,264,253,244,239,240,246,255
HD29,05/07/19,265,271,271,262,243,216,186,159,139,130,134,152,179,213,245,270,283,284,274,259,245,236,235,243
HD29,05/07/20,257,270,279,280,268,245,212,176,143,119,110,118,141,176,215,251,278,291,288,276,259,243,234,234
HD29,05/07/21,243,260,278,290,291,277,248,211,171,134,110,102,113,142,183,226,263,287,294,288,272,252,235,224
HD29,05/07/22,225,239,262,285,299,297,277,244,204,162,126,101,096,112,146,190,234,269,289,292,281,260,237,218
HD29,05/07/23,210,216,236,263,287,300,297,276,242,200,158,123,105,108,131,167,209,247,276,291,289,273,249,225
HD29,05/07/24,207,204,217,241,270,292,300,293,271,237,198,160,132,121,130,155,190,228,261,284,291,281,260,233
HD29,05/07/25,210,197,199,215,240,267,287,295,288,266,232,195,164,145,143,158,186,219,250,275,290,289,274,249
HD29,05/07/26,221,199,191,199,221,248,273,289,295,288,270,244,217,197,188,193,212,239,268,293,309,313,303,283
HD29,05/07/27,257,232,213,206,213,229,248,267,278,281,273,256,234,213,199,195,203,221,244,265,280,286,282,267
HD29,05/07/28,245,220,198,183,179,186,201,222,240,251,254,248,236,224,214,210,213,223,239,257,272,281,281,272
HD29,05/07/29,255,233,210,192,179,176,183,197,214,228,238,243,243,240,236,232,232,235,243,255,267,276,278,274
HD29,05/07/30,264,248,230,210,192,178,172,176,186,200,215,227,236,243,246,245,243,242,244,248,254,261,267,269
HD29,05/07/31,267,257,243,226,207,188,173,164,164,173,189,206,223,237,248,254,256,254,248,244,244,249,257,262
HD29,05/08/01,264,261,254,244,228,206,183,163,152,154,165,183,204,226,245,259,265,263,256,248,242,240,244,250
HD29,05/08/02,257,261,263,258,247,227,202,175,154,143,145,159,183,209,235,255,268,272,267,256,243,233,230,235
HD29,05/08/03,245,257,267,270,264,248,225,196,167,144,134,140,160,189,221,248,268,276,274,262,246,231,222,222
HD29,05/08/04,230,244,259,271,274,265,244,214,179,148,129,125,139,164,198,231,259,276,278,267,249,229,215,209
HD29,05/08/05,215,230,249,268,279,279,264,236,201,165,137,122,126,148,181,218,250,272,281,275,257,235,215,203
HD29,05/08/06,203,216,238,262,280,287,278,256,224,187,153,130,124,139,169,207,243,270,284,283,268,246,223,205
HD29,05/08/07,197,204,223,250,274,288,288,273,246,211,175,146,132,137,159,194,232,263,283,287,276,255,230,207
HD29,05/08/08,194,193,206,229,256,278,287,282,262,231,195,164,143,139,154,182,218,251,275,283,277,259,234,209
HD29,05/08/09,191,184,191,210,235,260,277,281,270,246,215,184,160,149,154,175,206,239,266,280,280,266,243,218
HD29,05/08/10,195,182,182,196,219,245,266,277,274,259,237,211,187,172,171,184,208,236,263,280,285,277,258,232
HD29,05/08/11,207,188,180,185,201,222,242,256,263,259,247,228,208,192,185,189,204,226,249,269,279,278,264,242
HD29,05/08/12,217,194,180,177,184,198,215,233,247,253,250,240,225,212,204,204,212,226,244,261,275,279,273,256
HD29,05/08/13,232,207,187,176,175,182,193,207,222,234,242,244,239,232,225,221,223,230,240,251,262,269,269,260
HD29,05/08/14,242,219,198,183,175,173,177,186,198,213,228,239,246,247,245,243,242,244,248,255,263,270,273,270
HD29,05/08/15,261,247,230,212,197,184,176,174,179,191,208,227,245,259,267,270,269,265,262,260,261,264,268,270
HD29,05/08/16,269,262,250,235,216,195,175,160,155,159,173,193,217,241,262,276,280,277,268,258,250,249,253,260
HD29,05/08/17,266,270,267,259,242,217,189,163,145,139,145,161,187,218,250,275,289,291,282,267,252,242,240,247
HD29,05/08/18,258,270,280,281,272,251,221,186,154,131,122,129,151,184,223,259,285,297,294,280,259,240,227,226
HD29,05/08/19,236,254,274,290,294,281,254,217,178,144,122,114,124,151,191,236,275,298,302,289,267,243,223,213
HD29,05/08/20,215,231,256,284,303,305,288,255,214,173,140,121,119,136,169,212,255,288,303,297,275,247,220,201
HD29,05/08/21,196,206,231,263,293,309,305,284,249,208,168,138,124,131,156,194,236,273,296,300,285,257,224,196
HD29,05/08/22,181,182,201,232,266,293,306,300,276,241,201,166,145,141,157,187,226,264,292,302,293,268,236,203
HD29,05/08/23,178,169,177,201,235,269,294,301,291,266,233,199,173,162,169,190,221,255,281,295,291,272,242,208
HD29,05/08/24,178,160,157,172,198,228,255,273,276,265,243,217,193,178,177,192,216,244,268,282,285,274,252,223
HD29,05/08/25,192,168,156,160,178,204,230,252,265,266,257,241,224,212,208,216,232,253,274,291,298,296,284,265
HD29,05/08/26,244,225,212,203,202,213,234,256,271,278,276,268,255,241,230,225,231,246,263,278,284,282,271,252
HD29,05/08/27,230,207,188,175,171,177,190,207,224,236,243,245,243,240,239,240,244,251,259,267,274,276,271,260
HD29,05/08/28,246,230,216,203,192,185,185,191,202,215,226,234,239,243,247,251,252,253,255,258,263,266,266,262
HD29,05/08/29,255,246,234,221,205,190,178,173,177,187,201,215,229,242,252,260,263,261,256,251,250,253,257,261
HD29,05/08/30,260,256,249,240,226,208,189,174,167,171,183,200,220,239,256,268,272,269,260,250,244,243,246,252
HD29,05/08/31,257,261,263,259,248,229,204,179,161,154,160,176,198,222,245,263,274,274,265,252,238,229,227,233
HD29,05/09/01,244,256,266,269,264,247,223,192,168,149,146,156,179,206,236,258,274,276,270,252,232,216,209,214
HD29,05/09/02,229,247,264,274,275,266,242,215,182,157,142,144,162,190,223,253,274,284,277,261,237,217,204,205
HD29,05/09/03,215,236,259,279,289,284,267,237,204,171,149,142,153,178,212,248,276,290,288,271,247,222,202,195
HD29,05/09/04,200,218,243,270,287,294,282,261,227,192,161,146,148,169,201,236,268,287,293,281,258,229,203,188
HD29,05/09/05,189,203,227,253,277,293,295,283,253,217,183,159,151,162,188,222,257,284,293,286,264,235,206,186
HD29,05/09/06,176,181,202,233,264,288,297,291,269,240,207,178,163,161,183,214,252,280,295,294,277,251,222,195
HD29,05/09/07,178,174,189,217,250,279,297,300,289,268,241,215,196,188,196,219,252,283,304,305,295,273,245,216
HD29,05/09/08,190,176,177,197,223,257,278,291,285,269,244,219,200,190,195,210,236,262,284,291,283,262,230,198
HD29,05/09/09,169,153,150,163,185,212,237,257,263,258,239,219,197,187,186,199,218,242,261,273,272,258,234,204
HD29,05/09/10,175,154,146,152,167,188,211,232,247,252,247,234,221,211,210,217,229,244,260,272,274,266,247,221
HD29,05/09/11,194,173,160,157,162,172,189,207,225,239,243,241,232,227,224,228,233,237,244,251,262,262,255,235
HD29,05/09/12,211,188,173,163,162,164,170,181,194,210,223,232,237,240,242,244,245,248,249,254,256,258,255,248
HD29,05/09/13,235,219,205,190,180,171,167,166,174,185,203,219,237,250,260,264,264,259,254,250,250,251,255,255
HD29,05/09/14,253,245,237,224,209,189,172,159,156,161,178,198,223,248,269,283,287,284,273,261,250,248,249,257
HD29,05/09/15,262,267,266,258,242,217,189,165,147,142,147,165,190,220,251,272,282,277,263,244,227,217,216,226
HD29,05/09/16,240,257,270,275,267,247,216,184,153,134,128,138,164,198,236,268,288,294,283,263,238,217,207,208
HD29,05/09/17,223,247,271,289,293,282,256,219,181,149,129,129,146,177,216,253,283,296,289,267,235,205,184,178
HD29,05/09/18,188,213,245,275,295,295,278,246,208,170,143,131,139,164,200,241,276,296,298,279,246,209,179,162
HD29,05/09/19,165,185,218,256,288,305,300,277,244,207,174,154,149,165,194,233,269,296,303,286,256,218,183,158
HD29,05/09/20,150,160,189,227,267,293,305,295,270,236,203,178,167,174,196,230,264,291,301,294,268,233,195,162
HD29,05/09/21,141,144,162,196,234,269,291,297,286,262,234,207,190,187,202,228,260,286,301,296,276,248,213,180
HD29,05/09/22,154,143,151,172,205,237,267,281,283,271,251,231,212,205,209,227,251,275,291,294,283,259,230,198
HD29,05/09/23,170,151,148,159,183,211,239,260,272,269,258,241,228,221,223,233,250,268,282,287,282,266,243,216
HD29,05/09/24,189,168,155,156,167,188,212,232,248,251,251,243,236,229,229,235,245,260,271,279,276,269,253,234
HD29,05/09/25,211,193,178,171,174,182,197,213,230,238,244,245,245,245,246,247,253,260,271,277,279,275,267,257
HD29,05/09/26,242,226,210,199,194,194,202,211,224,237,249,257,263,265,267,267,269,271,273,272,270,267,266,260
HD29,05/09/27,252,240,227,213,201,191,187,187,193,204,217,231,244,256,263,267,263,260,253,248,246,245,244,244
HD29,05/09/28,244,242,238,231,217,201,186,176,176,183,196,212,231,248,263,273,273,270,257,245,233,231,231,237
HD29,05/09/29,243,249,251,249,240,224,202,182,170,167,176,194,216,240,259,274,279,273,260,240,224,213,214,222
HD29,05/09/30,235,248,258,262,256,242,219,193,171,158,159,173,197,224,250,270,278,276,260,239,217,201,195,202
HD29,05/10/01,217,238,257,269,270,259,237,208,180,160,153,161,183,214,246,271,284,283,268,244,218,197,186,188
HD29,05/10/02,203,227,255,277,288,282,263,234,202,176,160,159,175,205,240,271,290,293,278,252,222,195,177,172
HD29,05/10/03,180,202,232,263,284,288,273,243,208,175,154,149,160,185,218,251,277,286,277,250,215,182,158,150
HD29,05/10/04,157,178,210,245,275,292,291,272,241,208,181,166,167,186,217,254,285,300,292,266,232,197,171,156
HD29,05/10/05,152,161,185,220,258,286,296,286,261,230,201,182,176,185,207,238,269,291,295,280,249,211,175,149
HD29,05/10/06,138,144,166,199,238,272,294,297,282,254,224,200,189,192,207,232,261,285,296,288,261,223,185,154
HD29,05/10/07,137,136,149,175,209,244,272,286,282,264,239,216,203,202,212,232,256,279,292,290,272,242,207,173
HD29,05/10/08,150,140,146,165,195,228,258,278,285,279,264,247,233,227,229,239,257,277,292,294,281,255,222,188
HD29,05/10/09,160,143,138,146,164,188,213,236,252,257,252,240,227,219,218,226,240,254,265,268,262,248,225,199
HD29,05/10/10,172,150,138,137,146,163,183,204,222,235,241,241,237,232,229,232,239,248,256,259,258,251,239,222
HD29,05/10/11,203,184,167,156,153,157,166,179,195,212,226,238,245,248,249,249,248,248,249,250,251,251,247,240
HD29,05/10/12,230,216,202,187,174,164,160,163,173,188,207,226,243,257,266,270,266,258,249,241,238,239,242,245
HD29,05/10/13,246,242,234,220,203,184,168,159,158,167,184,206,231,255,273,281,278,265,247,229,218,217,224,236
HD29,05/10/14,249,258,260,253,239,217,193,170,156,154,165,188,218,250,275,291,292,279,256,229,207,196,199,215
HD29,05/10/15,237,259,276,282,275,256,228,196,169,153,153,169,199,234,267,289,297,288,265,233,203,182,177,190
HD29,05/10/16,215,245,272,289,293,282,258,225,191,165,155,162,186,218,251,278,291,288,268,234,196,165,150,153
HD29,05/10/17,175,207,244,275,294,297,283,255,220,186,165,162,177,206,240,272,293,298,285,255,216,177,147,134
HD29,05/10/18,144,174,215,257,287,302,299,282,255,223,195,178,180,199,231,265,290,300,290,264,227,185,148,125
HD29,05/10/19,123,142,179,222,261,287,298,294,276,248,218,195,187,199,227,260,287,299,294,274,243,207,170,140
HD29,05/10/20,125,130,156,195,238,273,295,301,291,271,245,222,208,210,228,255,282,299,301,289,263,229,192,158
HD29,05/10/21,135,129,143,174,211,247,272,286,287,277,260,242,227,223,232,253,278,297,304,295,275,249,219,189
HD29,05/10/22,163,147,147,166,197,232,262,280,287,285,277,264,251,243,244,256,275,293,303,300,286,265,240,215
HD29,05/10/23,191,171,163,170,192,218,242,259,270,277,277,271,260,250,245,248,259,272,282,282,274,257,235,213
HD29,05/10/24,191,175,165,164,170,184,202,223,241,251,254,252,249,247,249,252,258,263,268,271,269,262,250,233
HD29,05/10/25,215,199,186,177,174,177,186,201,217,231,242,248,250,251,251,251,251,250,250,250,250,248,242,233
HD29,05/10/26,223,212,202,193,185,179,177,182,193,208,223,234,242,247,249,248,245,240,235,231,229,229,230,231
HD29,05/10/27,230,227,223,215,204,193,183,178,181,191,206,223,238,250,257,259,256,247,235,223,215,215,220,228
HD29,05/10/28,237,243,243,236,224,209,193,182,178,183,195,213,233,251,263,268,265,253,237,220,208,204,210,223
HD29,05/10/29,238,252,260,261,252,236,216,198,188,187,197,214,237,260,278,286,283,268,248,225,205,195,196,208
HD29,05/10/30,226,247,264,273,271,258,236,212,192,181,181,195,217,245,269,283,282,267,241,212,187,172,169,179
HD29,05/10/31,199,226,253,273,281,273,252,226,201,183,178,186,206,232,259,278,284,274,248,215,182,159,150,156
HD29,05/11/01,175,202,234,264,283,286,272,246,218,196,183,180,194,219,249,275,290,286,265,230,192,159,140,136
HD29,05/11/02,148,174,209,245,275,291,287,267,238,210,191,186,193,214,242,270,289,292,275,243,204,168,140,127
HD29,05/11/03,130,149,183,223,261,286,296,286,265,239,217,203,203,217,242,270,291,299,288,260,222,182,149,129
HD29,05/11/04,125,138,165,203,243,276,295,297,282,262,239,223,216,222,240,265,288,299,296,275,242,203,165,138
HD29,05/11/05,123,128,149,180,216,250,276,289,289,274,254,236,226,229,242,260,279,293,297,286,262,227,189,155
HD29,05/11/06,132,127,138,160,188,217,245,268,278,279,264,248,236,232,240,253,270,285,292,292,277,254,224,192
HD29,05/11/07,164,146,146,157,178,203,230,254,272,280,279,270,259,252,249,256,266,277,285,284,275,258,234,207
HD29,05/11/08,181,159,148,147,158,175,195,217,238,254,263,263,258,252,252,256,261,264,266,268,270,267,257,238
HD29,05/11/09,214,192,175,165,161,165,173,188,208,230,247,256,257,255,252,248,244,240,239,242,246,249,250,243
HD29,05/11/10,231,215,198,184,173,166,166,172,186,205,226,243,255,262,261,256,248,238,229,223,224,229,238,246
HD29,05/11/11,249,246,237,223,206,191,181,176,181,195,215,237,256,270,276,274,263,245,225,210,204,209,222,240
HD29,05/11/12,255,265,265,257,244,224,202,185,180,189,206,227,249,268,281,283,268,242,213,189,175,178,191,210
HD29,05/11/13,232,251,265,273,267,250,226,204,187,188,196,216,241,266,286,296,294,273,242,206,178,162,166,184
HD29,05/11/14,213,245,272,290,295,285,265,240,218,204,204,218,241,266,288,301,300,284,253,215,178,152,145,158
HD29,05/11/15,184,219,253,279,295,298,288,266,240,219,211,217,234,259,285,303,312,299,274,236,196,162,143,141
HD29,05/11/16,159,192,233,272,301,313,311,293,268,244,228,223,231,250,275,298,310,306,286,253,212,173,144,130
HD29,05/11/17,137,161,199,242,279,304,311,302,287,265,244,230,228,241,264,289,306,311,298,271,235,197,162,138
HD29,05/11/18,132,144,173,212,252,284,301,303,293,274,254,239,231,237,253,276,297,306,303,281,251,216,181,151
HD29,05/11/19,133,133,150,183,222,257,281,293,289,278,262,246,236,234,243,262,283,298,299,285,260,230,199,172
HD29,05/11/20,150,139,144,165,198,235,264,281,284,279,268,255,244,237,240,251,269,285,293,287,269,245,218,192
HD29,05/11/21,169,152,148,158,181,210,238,259,271,273,268,260,250,243,242,248,260,274,284,286,278,261,238,213
HD29,05/11/22,191,175,168,169,180,201,225,249,267,275,272,266,258,251,247,247,250,256,264,268,266,256,241,223
HD29,05/11/23,205,190,178,172,174,184,202,223,242,255,261,259,255,251,247,245,242,244,248,253,257,257,251,241
HD29,05/11/24,229,216,204,195,189,192,201,215,232,248,260,268,263,261,257,253,247,242,239,239,243,247,251,250
HD29,05/11/25,244,236,225,214,206,201,200,207,219,235,251,263,269,269,265,258,250,240,229,222,221,225,233,240
HD29,05/11/26,244,243,238,231,221,211,202,199,206,220,238,254,265,270,267,261,251,237,222,209,202,205,215,230
HD29,05/11/27,245,255,260,254,244,230,218,210,210,218,232,250,266,276,281,276,263,244,222,200,187,183,192,209
HD29,05/11/28,230,250,263,267,260,247,231,217,208,209,219,235,254,271,280,281,269,248,222,196,177,169,174,192
HD29,05/11/29,219,247,272,288,292,284,270,254,243,236,239,248,264,281,295,302,295,273,240,205,175,159,157,169
HD29,05/11/30,192,223,255,280,297,294,280,260,240,227,226,233,250,271,289,300,297,278,246,207,169,142,130,134
HD29,05/12/01,155,185,222,257,283,295,288,270,248,229,218,218,229,248,271,290,296,286,260,222,182,147,124,120
HD29,05/12/02,131,157,194,233,269,293,299,292,273,250,233,225,228,244,266,286,297,292,273,241,202,162,130,111
HD29,05/12/03,111,127,160,202,243,275,290,293,281,264,247,236,232,241,258,279,298,306,297,270,232,191,154,128
HD29,05/12/04,115,123,140,172,211,248,277,291,293,281,265,250,239,239,251,271,292,307,308,293,266,232,197,165
HD29,05/12/05,142,132,140,165,200,237,269,292,304,303,292,275,259,248,251,263,280,296,303,298,279,252,220,188
HD29,05/12/06,159,142,135,149,174,204,235,261,279,285,281,269,256,245,240,245,255,268,279,283,279,265,243,215
HD29,05/12/07,186,161,148,149,162,183,208,233,256,274,281,279,267,253,242,238,241,248,255,262,265,265,257,240
HD29,05/12/08,214,188,168,158,161,170,185,205,229,251,268,275,269,257,243,232,227,229,233,239,245,251,252,250
HD29,05/12/09,238,221,202,186,178,180,189,203,221,241,259,271,277,270,257,241,227,218,214,214,220,229,239,247
HD29,05/12/10,250,246,235,220,206,196,195,202,217,235,252,266,275,277,270,254,235,216,202,195,197,206,222,238
HD29,05/12/11,251,258,260,253,240,225,213,209,216,229,246,262,273,279,275,264,245,219,193,174,167,176,193,214
HD29,05/12/12,234,251,263,268,265,253,238,227,225,233,248,264,277,286,289,289,275,250,217,185,165,161,174,197
HD29,05/12/13,223,246,262,272,276,272,260,246,235,228,236,250,268,282,290,289,277,254,221,186,157,140,141,157
HD29,05/12/14,184,214,243,267,282,286,275,258,241,230,229,239,254,269,282,288,286,269,239,200,160,130,118,124
HD29,05/12/15,148,180,215,245,266,277,276,264,247,231,223,224,235,254,274,288,289,278,252,216,177,143,123,116
HD29,05/12/16,127,152,186,223,255,277,285,278,262,243,229,225,232,244,263,281,291,289,272,240,200,161,132,115
HD29,05/12/17,117,136,167,204,240,268,284,285,273,257,241,232,232,241,258,277,292,299,288,264,227,188,155,132
HD29,05/12/18,122,130,151,184,221,253,271,277,269,254,238,224,215,215,226,246,269,285,285,268,239,206,173,145
HD29,05/12/19,124,118,133,163,200,236,262,276,278,269,254,238,225,219,223,239,260,277,282,273,251,223,192,162
HD29,05/12/20,137,124,127,147,177,211,241,260,269,263,250,235,223,215,218,229,247,265,276,275,262,240,214,189
HD29,05/12/21,165,148,141,150,171,201,231,256,271,274,267,255,242,232,228,237,252,268,278,279,275,267,253,235
HD29,05/12/22,212,190,178,181,195,219,246,268,281,287,289,281,270,254,239,230,236,247,257,260,264,255,246,232
HD29,05/12/23,213,193,178,173,178,194,215,237,256,269,276,271,258,243,231,223,225,230,236,241,246,249,249,243
HD29,05/12/24,231,216,203,194,196,202,212,227,244,259,268,268,258,244,229,216,207,203,202,205,212,222,230,233
HD29,05/12/25,231,224,215,207,201,198,202,212,228,246,261,267,262,253,241,229,219,208,200,194,202,215,230,242
HD29,05/12/26,248,249,248,244,236,224,216,217,228,246,260,268,268,260,250,238,222,203,183,168,164,174,193,215
HD29,05/12/27,232,242,246,247,243,237,229,221,219,227,243,261,272,274,266,254,237,217,193,169,152,149,163,187
HD29,05/12/28,214,236,252,262,262,256,245,234,226,227,234,247,262,272,276,269,253,228,197,165,140,129,135,155
HD29,05/12/29,183,214,242,264,275,277,266,250,235,226,226,237,253,268,277,282,271,250,218,180,144,120,115,128
HD29,05/12/30,152,184,219,252,277,289,286,273,254,238,231,234,246,263,281,293,294,281,252,212,169,135,115,115
HD29,05/12/31,131,158,193,230,264,287,292,279,258,239,227,224,229,240,258,277,290,288,267,230,184,140,108,092
