MA17,15/01/01,180,191,197,196,191,185,179,175,176,182,191,200,208,213,211,201,182,159,135,115,104,103,110,125
MA17,15/01/02,145,165,180,188,189,185,178,171,167,167,172,181,192,202,208,205,193,171,145,120,101,92,93,105
MA17,15/01/03,126,150,172,188,195,195,188,178,169,163,163,169,180,192,202,205,198,180,154,125,100,82,76,83
MA17,15/01/04,101,126,153,176,191,197,193,184,173,164,159,162,173,188,203,212,211,199,176,146,116,91,76,75
MA17,15/01/05,87,110,139,167,188,199,198,189,175,161,151,147,153,167,183,197,204,199,182,155,124,94,73,64
MA17,15/01/06,70,88,116,148,176,195,203,201,191,178,165,158,160,173,191,210,224,227,217,196,166,134,106,88
MA17,15/01/07,84,95,118,147,177,199,211,210,200,184,168,155,150,157,171,189,204,212,209,194,170,140,110,88
MA17,15/01/08,78,82,100,126,155,181,198,204,198,185,167,151,142,143,154,170,187,199,202,194,177,152,125,100
MA17,15/01/09,86,84,95,116,143,170,190,200,198,187,170,153,141,137,143,156,172,186,194,193,182,162,138,114
MA17,15/01/10,96,89,94,109,131,156,178,191,195,189,175,158,143,134,134,142,155,168,179,183,178,167,148,128
MA17,15/01/11,110,98,96,104,120,142,163,179,188,187,178,163,148,136,131,134,142,153,164,172,174,170,157,140
MA17,15/01/12,123,110,105,107,117,133,152,168,178,181,175,162,147,133,124,120,122,128,136,144,150,151,147,137
MA17,15/01/13,126,115,108,106,111,122,136,151,163,170,169,161,148,134,123,115,111,112,116,122,129,134,136,134
MA17,15/01/14,130,123,118,115,115,120,130,142,154,162,166,164,157,146,134,122,113,108,106,109,116,124,132,137
MA17,15/01/15,141,141,139,137,135,136,140,148,158,168,174,178,176,171,163,152,139,127,117,113,115,122,131,141
MA17,15/01/16,152,159,162,161,158,154,153,153,157,164,172,178,181,179,172,160,143,126,110,99,96,101,111,126
MA17,15/01/17,144,161,172,178,179,175,170,164,162,165,171,179,187,191,190,181,165,144,120,99,85,80,84,97
MA17,15/01/18,116,139,159,172,177,175,167,157,149,146,150,158,169,180,186,185,173,152,125,98,76,63,62,74
MA17,15/01/19,96,125,153,175,188,192,187,176,162,152,149,154,166,181,195,202,199,183,156,123,93,70,58,60
MA17,15/01/20,76,103,135,164,185,195,193,182,166,150,139,138,146,162,181,196,201,193,172,141,105,72,49,41
MA17,15/01/21,50,72,103,136,164,183,190,184,169,150,133,124,126,140,161,183,197,200,188,164,133,99,69,50
MA17,15/01/22,47,61,88,121,156,184,199,200,190,171,152,136,131,138,157,180,202,216,217,204,179,147,114,89
MA17,15/01/23,76,79,96,124,156,187,208,216,209,193,171,149,134,131,142,161,184,203,211,206,189,162,130,100
MA17,15/01/24,80,73,80,99,127,157,182,197,197,186,165,142,122,112,114,127,147,168,184,190,185,170,146,120
MA17,15/01/25,98,85,85,95,114,139,164,183,190,185,171,150,128,111,104,107,119,138,156,169,174,169,155,136
MA17,15/01/26,117,104,98,103,116,135,157,176,187,188,181,166,146,127,115,110,114,125,140,155,166,170,167,158
MA17,15/01/27,147,136,129,130,137,150,166,182,194,199,196,186,172,155,139,127,122,123,130,140,151,160,164,164
MA17,15/01/28,161,155,150,147,147,153,162,172,181,188,190,186,177,164,149,134,122,113,110,113,121,131,141,148
MA17,15/01/29,153,154,153,151,150,150,154,159,166,173,178,180,178,170,159,144,127,113,102,97,98,105,117,131
MA17,15/01/30,144,154,160,163,163,161,160,160,163,169,176,182,186,186,182,173,158,140,122,108,102,103,112,126
MA17,15/01/31,144,162,175,181,182,180,174,169,166,166,169,176,184,189,191,186,173,153,129,107,92,85,89,101
MA17,15/02/01,120,142,162,176,181,179,173,164,155,150,150,156,166,178,187,189,181,165,140,114,91,78,74,82
MA17,15/02/02,99,123,149,169,181,183,178,167,155,145,142,146,157,171,184,193,192,181,159,131,103,81,70,72
MA17,15/02/03,86,109,136,162,180,187,185,174,159,144,135,133,141,157,174,189,196,192,176,150,120,93,75,70
MA17,15/02/04,78,97,124,153,176,190,192,184,169,151,137,131,135,148,167,186,199,201,191,171,142,112,88,76
MA17,15/02/05,77,92,117,146,174,193,199,195,181,162,145,134,132,142,160,181,199,208,204,188,163,133,105,87
MA17,15/02/06,81,90,111,138,166,188,199,198,186,166,144,128,121,125,139,160,180,194,197,188,168,141,112,91
MA17,15/02/07,79,81,96,120,148,173,189,192,184,166,145,126,115,114,124,143,165,184,194,192,179,158,133,110
MA17,15/02/08,95,93,102,122,148,174,194,203,200,188,170,150,134,127,131,145,164,184,198,202,196,181,160,137
MA17,15/02/09,120,112,115,128,147,170,190,201,201,190,173,153,134,122,121,128,142,160,175,185,186,178,162,144
MA17,15/02/10,128,117,115,122,137,158,178,192,196,191,178,160,141,126,118,118,126,139,154,166,172,170,162,150
MA17,15/02/11,137,126,121,123,132,146,163,178,186,185,176,161,144,128,116,111,113,121,132,143,153,159,160,155
MA17,15/02/12,148,141,135,134,139,150,163,176,186,189,186,177,163,148,135,125,119,119,123,131,141,150,157,160
MA17,15/02/13,160,159,156,152,152,156,163,172,180,185,186,183,175,163,149,135,123,115,110,111,117,126,137,147
MA17,15/02/14,156,162,163,161,158,156,157,159,164,169,174,176,174,167,157,143,127,113,101,94,93,100,113,128
MA17,15/02/15,144,158,167,170,168,164,158,154,154,158,164,171,177,179,175,165,148,128,107,89,80,79,88,104
MA17,15/02/16,125,148,166,178,181,176,167,156,148,145,148,157,168,178,184,181,169,149,124,100,81,71,72,85
MA17,15/02/17,108,136,162,182,192,191,181,166,152,141,139,146,161,177,192,200,196,180,154,124,95,75,67,73
MA17,15/02/18,92,120,153,182,201,209,204,188,168,149,139,140,152,171,193,209,215,208,186,154,120,91,71,67
MA17,15/02/19,78,103,136,169,196,211,212,199,177,152,132,124,129,147,172,197,215,219,207,182,148,112,82,67
MA17,15/02/20,67,83,111,146,178,200,209,202,181,154,127,109,105,116,139,168,194,209,210,195,167,132,99,76
MA17,15/02/21,66,72,93,123,156,183,198,198,183,158,129,104,90,91,106,133,162,185,197,195,179,152,122,95
MA17,15/02/22,80,79,92,114,143,171,191,198,191,171,144,116,96,88,94,113,139,166,186,194,190,174,152,128
MA17,15/02/23,110,102,108,124,148,173,194,205,203,189,167,139,115,100,96,105,124,147,168,182,187,180,166,147
MA17,15/02/24,130,119,117,125,141,161,182,195,198,191,175,152,128,108,98,97,106,122,141,158,169,171,167,156
MA17,15/02/25,144,135,130,133,142,156,171,183,189,186,177,160,140,121,105,97,98,105,116,130,143,151,153,151
MA17,15/02/26,146,140,137,137,141,150,161,171,177,179,176,167,154,138,123,112,105,105,110,119,130,142,152,158
MA17,15/02/27,160,161,161,161,161,164,168,172,177,180,180,176,169,158,144,130,117,107,101,100,104,111,121,132
MA17,15/02/28,140,146,149,149,147,146,145,145,146,148,151,153,153,150,142,131,117,102,90,82,81,85,95,110
MA17,15/03/01,125,140,150,156,156,154,150,146,143,145,150,157,165,170,172,169,159,146,132,118,107,105,110,124
MA17,15/03/02,142,161,175,183,184,181,172,161,152,146,147,153,163,172,179,179,171,155,134,112,94,85,84,94
MA17,15/03/03,113,134,154,169,176,175,167,154,140,130,126,131,142,158,172,181,180,169,150,126,103,87,82,89
MA17,15/03/04,107,132,159,182,197,199,192,177,159,144,135,137,146,162,181,195,200,194,176,151,124,100,87,86
MA17,15/03/05,97,117,143,167,184,190,185,169,148,128,114,111,119,136,157,178,191,191,179,157,130,103,83,76
MA17,15/03/06,82,99,124,152,174,185,182,169,148,125,107,99,102,117,140,165,184,192,187,170,144,117,93,80
MA17,15/03/07,80,93,116,144,169,185,188,179,159,135,112,98,96,106,125,150,173,189,192,182,162,135,110,92
MA17,15/03/08,86,94,113,140,166,185,194,189,172,148,123,103,94,97,112,135,160,180,189,187,174,152,127,106
MA17,15/03/09,95,97,111,133,158,181,194,195,182,161,136,114,99,97,107,127,153,178,195,201,196,181,162,142
MA17,15/03/10,129,126,134,151,173,194,209,212,203,184,158,133,113,103,106,119,139,161,179,189,188,178,161,142
MA17,15/03/11,125,117,117,128,145,164,180,189,186,172,152,129,108,93,89,94,108,127,147,161,168,165,155,142
MA17,15/03/12,129,120,117,123,136,153,169,179,181,173,158,139,119,102,92,91,98,111,127,142,154,159,157,152
MA17,15/03/13,143,135,130,130,135,145,157,167,171,169,160,145,128,111,98,90,89,94,103,116,129,139,146,149
MA17,15/03/14,147,143,139,137,138,142,149,157,163,164,161,152,140,125,111,99,91,87,88,94,104,115,126,136
MA17,15/03/15,142,145,145,142,139,136,136,139,142,146,149,148,144,136,124,110,98,87,80,79,84,94,108,124
MA17,15/03/16,139,150,157,158,154,147,141,136,135,138,143,149,154,155,149,138,122,105,90,79,74,78,91,110
MA17,15/03/17,132,152,166,172,171,162,150,138,129,127,132,143,156,166,171,167,155,136,113,92,78,73,79,95
MA17,15/03/18,119,146,170,184,187,181,166,147,129,119,119,129,146,164,178,185,181,165,140,112,88,73,70,80
MA17,15/03/19,102,130,160,184,196,196,183,162,139,121,113,119,136,161,185,203,209,201,180,150,119,94,81,80
MA17,15/03/20,94,119,151,180,199,204,194,173,144,118,100,96,107,129,158,186,204,208,197,173,142,111,89,81
MA17,15/03/21,87,107,136,167,193,205,202,184,157,126,100,86,88,104,132,164,192,207,208,195,171,140,113,96
MA17,15/03/22,93,105,129,158,185,203,208,197,173,142,110,88,80,88,110,141,172,197,210,208,193,169,143,122
MA17,15/03/23,112,116,131,154,180,201,211,206,188,161,129,101,85,83,95,117,146,174,193,199,192,176,155,134
MA17,15/03/24,120,117,125,142,163,183,196,198,188,166,138,110,87,76,78,92,115,141,163,177,180,174,160,143
MA17,15/03/25,130,123,125,135,150,167,181,187,182,167,145,119,95,79,73,77,90,109,130,148,159,161,155,145
MA17,15/03/26,134,126,124,129,138,150,162,170,170,162,148,129,109,91,79,76,82,94,110,126,140,148,151,148
MA17,15/03/27,143,138,135,135,140,148,158,165,168,166,158,147,132,116,103,95,92,95,103,115,129,141,149,153
MA17,15/03/28,154,153,150,148,149,151,156,160,163,164,163,157,149,138,125,114,105,101,102,107,115,126,137,147
MA17,15/03/29,154,158,158,156,153,151,150,151,152,155,158,159,157,152,145,134,123,114,107,107,112,120,131,143
MA17,15/03/30,155,164,168,167,162,155,149,144,141,141,144,150,155,157,155,147,136,123,109,100,96,98,107,120
MA17,15/03/31,136,151,161,165,162,154,143,132,125,122,126,135,146,156,162,162,154,140,123,107,97,94,99,113
MA17,15/04/01,132,151,167,176,176,168,155,140,126,119,119,128,142,158,171,178,176,165,147,127,108,95,94,104
MA17,15/04/02,121,142,161,172,175,168,153,134,115,102,97,103,118,137,155,169,172,166,150,129,108,93,87,92
MA17,15/04/03,108,130,154,172,180,178,166,147,126,108,98,100,112,132,155,175,187,187,176,157,134,113,99,97
MA17,15/04/04,109,130,154,176,188,187,176,156,129,102,84,80,88,105,129,154,172,179,173,156,133,109,92,86
MA17,15/04/05,92,109,133,156,174,180,174,157,131,104,82,73,77,92,117,144,168,183,185,176,156,133,112,100
MA17,15/04/06,101,113,133,157,177,188,186,172,147,118,92,76,72,82,103,130,158,179,187,184,170,149,127,111
MA17,15/04/07,105,112,128,149,170,184,187,176,155,127,100,78,67,69,84,107,134,159,174,178,170,154,134,116
MA17,15/04/08,106,106,117,135,156,173,180,175,159,134,106,82,66,62,71,88,112,137,157,169,169,160,144,127
MA17,15/04/09,114,110,115,128,146,162,172,173,162,142,117,93,74,64,66,77,96,118,140,156,163,161,151,139
MA17,15/04/10,127,121,120,127,140,154,166,172,168,155,136,114,93,77,71,75,87,105,125,143,156,162,161,155
MA17,15/04/11,147,140,135,136,143,153,164,171,171,164,151,133,115,97,85,79,81,91,104,120,136,147,152,152
MA17,15/04/12,149,144,138,134,133,136,142,148,151,151,145,136,122,107,93,82,77,78,85,95,110,124,136,145
MA17,15/04/13,150,151,148,142,136,133,133,136,141,145,147,146,141,132,120,108,97,90,88,91,101,115,131,147
MA17,15/04/14,160,168,170,165,157,147,139,136,137,141,148,155,160,160,154,144,130,115,102,96,99,108,123,142
MA17,15/04/15,162,177,185,184,176,162,147,135,128,130,138,151,164,174,179,175,162,144,124,107,97,97,106,122
MA17,15/04/16,144,165,181,186,181,166,146,124,109,102,106,120,139,158,173,178,173,158,136,114,96,87,90,103
MA17,15/04/17,125,150,171,184,185,173,153,127,104,88,85,95,116,142,166,183,189,182,165,142,118,99,91,96
MA17,15/04/18,112,135,159,177,184,179,161,134,104,80,67,69,85,111,141,167,184,189,181,162,137,115,101,98
MA17,15/04/19,108,128,153,177,191,193,180,155,122,91,69,61,68,88,118,150,176,191,192,181,161,138,119,109
MA17,15/04/20,112,126,148,172,192,200,195,176,146,112,83,66,63,75,101,133,165,189,202,200,187,167,146,132
MA17,15/04/21,128,135,150,171,191,204,204,192,167,134,101,76,64,65,80,105,135,162,180,185,179,164,145,129
MA17,15/04/22,120,121,130,146,165,179,185,181,163,137,107,80,61,55,63,82,107,134,157,172,175,169,157,142
MA17,15/04/23,131,127,130,140,155,169,179,179,169,150,125,99,77,64,62,72,90,113,136,153,163,163,156,145
MA17,15/04/24,134,127,127,132,143,155,166,170,166,155,138,117,97,82,75,77,87,104,123,141,155,163,163,157
MA17,15/04/25,150,143,139,138,143,150,158,164,165,160,150,135,118,102,90,85,86,95,108,123,137,148,153,153
MA17,15/04/26,150,145,139,136,135,137,141,146,149,149,146,139,128,116,104,95,91,93,99,110,123,136,145,151
MA17,15/04/27,153,151,147,141,136,134,134,136,139,141,144,144,141,135,126,115,106,101,100,104,113,124,136,146
MA17,15/04/28,154,157,155,149,142,134,127,124,124,127,133,138,142,143,139,131,122,112,105,102,105,114,125,139
MA17,15/04/29,152,160,162,158,150,138,127,119,115,116,122,131,141,149,152,150,141,129,117,108,105,110,120,134
MA17,15/04/30,150,163,169,169,161,148,133,118,107,103,107,118,133,147,158,162,158,147,133,119,110,108,115,128
MA17,15/05/01,145,162,173,177,172,159,141,121,105,95,96,106,123,143,160,171,173,166,152,134,118,109,109,119
MA17,15/05/02,136,155,171,180,179,167,148,124,102,86,82,88,104,127,149,167,176,175,163,145,126,112,106,111
MA17,15/05/03,126,145,165,179,182,174,157,132,105,84,73,74,88,110,137,161,178,184,178,162,143,125,114,113
MA17,15/05/04,123,141,162,180,189,187,172,149,120,94,77,72,80,100,127,156,180,194,194,184,167,148,132,125
MA17,15/05/05,130,144,163,183,195,196,186,164,135,104,80,67,67,80,104,133,161,180,188,184,171,153,135,123
MA17,15/05/06,121,129,146,165,182,190,187,171,144,113,85,65,58,64,84,110,140,166,182,187,180,166,148,133
MA17,15/05/07,126,129,141,158,176,188,190,179,158,129,99,74,60,58,70,92,120,148,170,182,183,175,161,145
MA17,15/05/08,134,131,136,149,165,179,186,183,168,144,115,89,69,60,63,77,99,125,149,166,175,174,165,152
MA17,15/05/09,139,132,132,140,152,165,176,178,171,155,134,110,88,74,69,75,89,110,134,156,171,177,175,168
MA17,15/05/10,157,148,143,143,149,159,170,176,176,168,153,133,113,95,84,81,86,98,115,134,150,162,166,165
MA17,15/05/11,159,150,140,134,132,136,143,150,155,154,148,136,121,105,91,82,79,84,94,109,127,143,156,163
MA17,15/05/12,165,161,152,143,136,132,133,138,144,150,154,154,148,138,126,114,105,102,105,114,129,148,166,178
MA17,15/05/13,184,184,177,166,152,140,132,129,133,139,148,157,162,161,154,142,127,114,106,105,110,122,138,154
MA17,15/05/14,168,176,175,166,152,134,118,108,105,109,121,137,151,161,164,159,148,133,120,110,107,113,126,144
MA17,15/05/15,162,176,181,177,164,145,123,104,92,90,99,116,136,156,170,175,170,157,140,125,116,115,122,137
MA17,15/05/16,157,177,190,193,186,168,142,116,95,85,88,101,122,148,171,186,190,184,171,154,138,128,128,137
MA17,15/05/17,154,174,191,199,196,181,156,125,96,75,67,73,91,119,149,174,189,191,183,166,147,131,124,126
MA17,15/05/18,137,156,175,190,194,186,166,136,103,75,58,55,68,92,123,155,181,194,194,184,167,149,136,132
MA17,15/05/19,139,154,174,193,205,206,193,168,135,101,75,61,64,81,108,140,171,193,203,200,188,171,154,144
MA17,15/05/20,143,152,167,185,200,207,201,184,157,125,95,75,68,76,96,124,156,183,201,205,199,187,171,157
MA17,15/05/21,151,154,164,180,194,203,203,194,173,144,113,86,71,68,79,100,127,155,176,187,188,180,166,151
MA17,15/05/22,141,139,145,157,172,184,190,186,173,151,124,98,79,70,73,86,108,133,157,174,182,180,171,159
MA17,15/05/23,148,142,142,149,160,172,180,182,176,161,141,118,98,83,79,84,99,119,142,162,174,179,175,167
MA17,15/05/24,156,147,143,145,151,160,170,176,177,170,157,140,122,106,97,97,104,118,136,155,170,179,181,176
MA17,15/05/25,168,158,149,145,146,151,158,164,167,166,161,150,137,122,110,104,105,112,125,140,155,167,174,175
MA17,15/05/26,171,163,155,147,143,142,145,149,154,158,158,156,150,141,131,122,117,117,124,134,148,161,171,177
MA17,15/05/27,177,173,165,155,146,140,137,137,140,145,151,156,157,154,147,139,131,125,125,129,138,150,162,171
MA17,15/05/28,175,175,170,160,148,136,126,121,121,125,134,144,152,157,156,151,143,134,128,126,130,140,152,165
MA17,15/05/29,174,180,179,172,159,144,129,118,113,115,124,137,151,164,172,173,168,158,147,139,137,142,153,166
MA17,15/05/30,179,188,191,187,175,159,139,122,110,107,113,127,146,165,180,187,186,179,167,155,146,144,149,161
MA17,15/05/31,176,190,198,198,189,172,149,126,106,96,97,107,126,149,171,185,190,185,174,159,145,136,137,145
MA17,15/06/01,160,175,188,193,187,172,149,121,96,79,73,79,96,121,147,170,184,186,179,165,149,136,130,134
MA17,15/06/02,147,164,181,192,194,184,163,135,105,81,67,66,80,104,134,162,183,194,193,184,168,152,141,138
MA17,15/06/03,146,162,180,197,205,202,186,161,130,102,82,74,78,96,123,155,182,200,206,202,189,172,156,146
MA17,15/06/04,147,158,175,192,205,207,198,177,147,114,86,68,64,73,95,124,155,181,195,197,189,174,157,143
MA17,15/06/05,137,141,154,171,187,196,194,181,155,124,94,70,58,59,74,98,128,158,181,193,193,184,169,154
MA17,15/06/06,145,144,153,167,183,197,202,194,176,150,120,93,73,63,67,83,107,134,160,178,185,182,171,155
MA17,15/06/07,139,130,129,136,150,165,174,176,168,151,128,103,81,66,61,69,85,109,135,158,173,177,173,162
MA17,15/06/08,148,135,127,128,136,148,160,167,168,161,147,127,105,88,78,77,85,101,122,145,164,177,180,176
MA17,15/06/09,166,154,143,138,139,146,156,166,173,174,170,160,145,128,112,103,103,111,126,145,164,179,187,188
MA17,15/06/10,182,170,155,142,133,130,133,140,149,157,161,161,155,144,130,118,111,110,115,127,143,159,172,180
MA17,15/06/11,180,174,161,145,130,119,115,116,124,134,145,154,159,158,151,141,131,123,121,126,136,150,164,176
MA17,15/06/12,183,183,176,163,145,128,114,108,109,118,131,147,161,170,172,167,157,147,139,135,137,146,159,173
MA17,15/06/13,184,189,186,176,158,135,113,97,89,91,102,120,141,159,170,174,170,161,150,140,135,138,146,159
MA17,15/06/14,174,187,192,187,171,147,120,96,80,74,79,94,118,143,164,178,183,179,168,156,145,140,141,151
MA17,15/06/15,166,183,194,196,187,169,142,112,86,69,65,74,94,122,151,174,188,191,184,172,158,147,144,148
MA17,15/06/16,161,177,192,200,200,188,165,135,104,79,65,65,80,105,136,165,186,197,197,187,172,157,148,146
MA17,15/06/17,154,169,187,200,207,202,186,159,126,95,71,61,67,85,114,145,172,191,198,193,180,164,150,142
MA17,15/06/18,144,155,171,188,199,201,192,171,142,109,80,62,59,70,92,121,151,175,190,192,183,169,153,141
MA17,15/06/19,138,144,157,174,190,199,198,185,162,132,102,79,68,71,87,112,141,168,187,196,193,182,166,151
MA17,15/06/20,141,140,148,163,179,192,197,192,176,151,122,96,78,73,79,97,123,151,173,187,190,184,172,157
MA17,15/06/21,144,138,140,150,164,179,188,188,179,162,138,113,93,81,81,91,111,136,160,178,186,184,175,161
MA17,15/06/22,147,137,134,138,148,160,172,177,175,165,148,128,109,95,89,93,106,126,147,166,179,183,178,167
MA17,15/06/23,155,143,136,133,138,146,156,164,168,165,156,143,127,113,103,102,108,120,138,156,171,180,180,173
MA17,15/06/24,162,151,140,133,132,135,142,150,157,160,158,151,141,130,120,115,115,121,133,149,164,175,181,179
MA17,15/06/25,172,162,149,137,130,128,130,136,143,150,155,156,153,147,139,132,128,128,134,144,158,171,180,183
MA17,15/06/26,181,174,163,150,137,129,125,126,131,140,149,157,162,163,159,153,147,143,143,147,157,169,181,189
MA17,15/06/27,193,191,182,169,153,138,127,121,122,129,140,154,166,175,178,176,170,163,157,155,159,167,177,188
MA17,15/06/28,195,198,193,182,165,146,128,114,108,109,118,133,150,166,176,180,177,169,158,149,146,149,158,169
MA17,15/06/29,180,187,189,182,167,147,124,103,89,84,90,104,125,147,167,179,183,178,168,156,146,143,148,158
MA17,15/06/30,173,186,194,194,184,165,140,113,92,80,79,90,110,137,164,186,197,198,190,176,162,153,150,156
MA17,15/07/01,170,186,200,207,205,192,169,139,110,88,78,83,100,125,155,182,200,208,205,193,177,161,152,152
MA17,15/07/02,160,176,192,204,208,201,180,150,116,86,66,60,69,91,121,153,181,198,202,195,180,162,147,140
MA17,15/07/03,144,157,176,193,204,204,192,168,136,104,76,60,59,72,98,130,163,189,201,200,190,174,158,145
MA17,15/07/04,140,147,163,182,198,206,203,186,158,124,91,66,55,59,77,105,137,167,188,196,192,179,161,144
MA17,15/07/05,133,133,143,160,180,197,203,195,175,147,116,89,70,63,71,91,120,151,177,192,196,188,173,154
MA17,15/07/06,138,130,133,145,163,181,193,196,188,169,143,115,93,79,78,88,109,136,164,185,195,195,184,167
MA17,15/07/07,149,135,129,132,145,161,176,186,187,179,163,140,117,100,92,94,106,126,151,173,188,195,191,178
MA17,15/07/08,161,143,130,124,126,137,152,166,175,176,170,156,139,122,110,105,108,120,138,159,179,191,193,187
MA17,15/07/09,174,158,141,127,120,121,129,141,155,165,167,164,156,145,134,126,124,127,138,152,168,181,189,189
MA17,15/07/10,182,170,153,135,121,114,113,119,130,143,154,162,165,162,155,149,144,142,144,150,161,174,187,194
MA17,15/07/11,193,186,173,155,137,121,111,107,112,123,137,152,164,172,173,171,166,161,158,158,163,171,181,191
MA17,15/07/12,197,197,190,175,155,134,115,103,99,105,118,136,155,171,182,186,185,179,172,166,165,169,176,185
MA17,15/07/13,195,202,203,194,178,157,132,111,97,93,100,116,139,162,181,193,197,194,185,175,165,161,164,173
MA17,15/07/14,186,199,206,206,195,176,149,122,99,85,85,96,118,146,171,191,203,205,199,187,173,163,160,165
MA17,15/07/15,178,194,207,213,209,195,172,143,113,90,79,83,99,124,154,181,198,206,204,194,179,165,156,155
MA17,15/07/16,164,182,200,214,220,215,197,168,135,106,86,81,89,110,139,169,194,209,212,204,189,173,159,151
MA17,15/07/17,153,165,184,202,214,216,205,183,153,121,93,77,77,91,117,148,177,198,207,204,192,175,157,145
MA17,15/07/18,141,149,165,185,203,212,208,191,165,134,105,83,75,81,101,130,160,186,200,202,194,178,159,141
MA17,15/07/19,132,134,146,165,185,199,203,194,175,148,118,93,78,76,88,112,141,169,188,197,194,182,163,143
MA17,15/07/20,128,124,131,146,166,184,194,193,182,161,135,110,91,84,89,106,131,159,182,194,195,186,169,150
MA17,15/07/21,133,124,123,132,148,166,180,185,181,168,147,125,105,94,93,103,123,148,171,187,192,189,179,162
MA17,15/07/22,144,132,126,127,136,150,165,175,177,171,158,140,122,109,104,106,118,136,157,175,187,189,183,169
MA17,15/07/23,152,136,126,122,125,134,146,158,166,168,163,153,140,128,120,118,123,137,154,171,184,189,186,177
MA17,15/07/24,163,147,133,124,122,125,133,143,154,161,162,159,153,145,137,132,133,139,150,164,177,186,189,186
MA17,15/07/25,176,162,147,134,124,121,123,130,140,149,157,162,164,162,157,151,148,148,152,161,171,182,188,189
MA17,15/07/26,184,174,160,145,130,119,114,114,120,130,142,154,163,167,167,165,161,157,155,157,163,171,179,185
MA17,15/07/27,187,184,175,161,144,127,114,107,106,111,123,139,156,169,177,179,177,171,165,160,161,166,175,184
MA17,15/07/28,191,193,190,179,162,140,120,105,97,97,107,124,145,166,183,192,194,189,179,169,162,160,166,175
MA17,15/07/29,186,196,199,194,181,160,135,110,92,84,86,100,123,150,174,192,200,198,189,176,163,154,153,159
MA17,15/07/30,173,189,201,205,198,180,153,123,96,77,71,79,98,125,155,181,199,204,199,187,170,155,147,148
MA17,15/07/31,160,178,196,208,210,200,177,146,112,85,69,67,79,104,136,168,193,207,208,197,180,162,148,142
MA17,15/08/01,147,162,182,203,216,216,202,174,139,104,78,66,68,85,114,148,180,202,211,206,190,169,147,132
MA17,15/08/02,129,139,158,183,204,215,211,194,165,130,97,74,65,73,94,126,160,190,207,209,198,178,152,130
MA17,15/08/03,118,120,136,161,188,207,214,207,187,157,123,93,75,72,84,109,141,172,194,205,203,189,168,145
MA17,15/08/04,125,116,122,139,164,187,202,206,197,175,146,118,97,87,92,109,135,163,188,204,208,200,181,157
MA17,15/08/05,135,119,115,124,143,165,184,197,200,190,172,149,128,113,109,117,135,158,181,199,208,207,195,177
MA17,15/08/06,153,131,118,117,126,143,163,180,189,189,180,165,148,132,123,123,132,149,168,186,199,203,197,184
MA17,15/08/07,165,144,125,113,111,118,132,148,163,172,174,170,161,152,144,140,141,149,163,178,191,198,199,192
MA17,15/08/08,179,161,142,125,113,109,113,123,136,149,160,166,168,166,162,159,157,159,164,173,184,193,199,199
MA17,15/08/09,194,183,167,149,131,119,113,115,123,136,151,164,173,180,183,183,181,178,177,179,184,192,199,203
MA17,15/08/10,204,200,190,175,156,137,123,115,114,120,133,150,168,183,193,197,197,193,189,185,184,186,192,200
MA17,15/08/11,207,211,208,197,180,158,137,119,109,107,115,131,152,173,190,200,202,198,189,181,176,174,176,184
MA17,15/08/12,194,205,211,209,198,179,155,129,108,97,99,112,132,157,181,198,207,207,199,187,176,168,166,171
MA17,15/08/13,185,200,212,217,212,198,175,147,120,100,92,99,118,146,175,200,215,219,213,201,187,173,164,166
MA17,15/08/14,179,199,218,231,233,225,206,179,150,123,106,102,114,138,165,190,209,218,215,205,188,170,156,152
MA17,15/08/15,160,178,199,217,227,226,214,191,160,132,111,101,106,125,153,183,208,222,223,213,196,176,157,146
MA17,15/08/16,147,160,182,204,220,228,223,206,180,149,123,107,105,117,141,171,198,216,221,216,202,183,162,146
MA17,15/08/17,140,147,166,189,210,223,225,215,195,169,142,120,110,116,135,162,190,213,225,225,214,196,174,155
MA17,15/08/18,142,142,154,174,196,214,223,220,206,183,157,134,120,118,129,151,177,202,219,224,217,200,178,157
MA17,15/08/19,142,136,142,156,175,194,208,212,205,189,168,147,131,125,130,144,166,189,206,215,212,200,180,159
MA17,15/08/20,142,132,131,140,156,175,192,201,201,192,177,160,144,135,136,146,162,181,199,211,213,205,190,171
MA17,15/08/21,151,138,133,136,146,162,178,190,196,193,185,173,160,151,147,152,164,179,196,209,215,212,201,185
MA17,15/08/22,168,151,140,137,141,150,164,178,188,192,191,185,178,170,165,163,168,179,192,205,213,213,207,195
MA17,15/08/23,181,164,150,140,138,140,148,158,169,178,183,184,183,179,175,171,170,173,180,189,199,205,204,198
MA17,15/08/24,188,174,160,147,136,131,132,138,147,158,168,176,181,183,183,181,178,177,177,181,187,194,198,199
MA17,15/08/25,195,187,175,161,147,134,125,123,126,135,148,162,175,185,191,192,188,182,177,175,177,183,190,196
MA17,15/08/26,200,200,194,183,167,149,132,120,115,119,131,149,168,186,198,202,201,193,183,174,171,173,180,190
MA17,15/08/27,201,209,210,204,188,167,144,123,108,105,112,129,152,176,195,206,208,202,191,178,168,164,168,177
MA17,15/08/28,192,206,215,216,207,189,163,135,109,94,93,105,127,155,182,203,212,209,198,182,166,152,147,154
MA17,15/08/29,170,191,210,220,219,206,183,153,121,96,84,88,105,132,164,192,210,216,208,192,171,152,139,137
MA17,15/08/30,149,171,196,216,226,223,207,179,146,115,94,86,95,117,148,180,207,221,220,206,184,159,137,126
MA17,15/08/31,129,146,171,198,218,227,221,202,173,140,112,93,90,103,128,159,190,212,219,210,190,164,139,118
MA17,15/09/01,109,116,137,166,194,214,220,213,192,164,134,111,99,101,120,147,177,203,217,216,202,178,151,127
MA17,15/09/02,110,107,117,140,169,195,211,214,204,184,160,138,121,117,125,144,170,195,213,219,213,194,168,140
MA17,15/09/03,118,106,107,121,144,170,192,204,204,192,175,155,139,131,133,143,162,184,204,214,214,202,182,158
MA17,15/09/04,135,117,109,113,127,147,169,186,195,194,184,172,159,149,146,151,163,180,196,208,212,207,193,173
MA17,15/09/05,151,131,116,110,113,124,141,159,172,178,177,173,165,159,155,156,163,173,185,195,202,202,196,183
MA17,15/09/06,167,150,135,123,118,120,129,142,156,168,176,179,179,177,175,174,175,179,185,193,200,204,203,198
MA17,15/09/07,190,178,163,148,136,129,128,132,141,152,164,175,182,186,187,185,183,181,180,182,185,190,194,195
MA17,15/09/08,193,188,178,164,148,134,124,119,121,129,142,157,170,181,186,187,185,181,176,174,176,180,185,192
MA17,15/09/09,197,199,197,189,176,159,142,130,122,124,135,152,170,186,198,203,203,197,187,178,171,170,174,181
MA17,15/09/10,192,201,206,203,193,175,154,134,121,116,121,135,155,176,194,204,206,201,190,177,166,160,161,170
MA17,15/09/11,185,201,212,216,212,197,175,151,130,116,115,127,147,171,194,209,214,210,198,183,168,155,149,153
MA17,15/09/12,166,185,203,216,218,208,188,164,138,118,108,111,127,152,179,201,213,213,202,183,163,146,135,135
MA17,15/09/13,146,164,187,206,217,215,201,177,150,126,110,106,116,136,163,189,207,213,205,187,164,142,127,121
MA17,15/09/14,127,144,166,189,206,211,203,184,158,131,111,100,103,119,143,170,192,204,201,186,164,139,119,108
MA17,15/09/15,109,121,143,167,189,201,203,191,168,142,120,105,102,112,133,160,186,202,205,194,174,150,127,110
MA17,15/09/16,104,111,129,153,177,195,204,200,183,160,136,119,111,115,130,153,178,198,206,200,184,160,136,115
MA17,15/09/17,104,104,116,138,162,184,198,202,192,173,152,135,125,124,133,152,175,196,208,208,196,177,152,129
MA17,15/09/18,114,108,114,129,150,173,191,199,196,184,169,154,142,137,141,155,174,193,206,211,205,188,166,144
MA17,15/09/19,126,115,114,123,139,160,180,193,196,191,180,168,157,151,151,159,172,187,200,206,205,194,177,156
MA17,15/09/20,138,123,116,117,127,142,160,176,186,188,183,175,167,160,158,161,168,179,191,199,202,196,184,167
MA17,15/09/21,149,133,122,117,120,128,142,156,169,177,180,178,174,169,165,164,167,172,180,186,191,192,186,176
MA17,15/09/22,162,146,132,122,116,116,121,131,143,155,164,171,173,173,171,168,166,166,168,172,177,179,180,177
MA17,15/09/23,171,160,147,133,122,115,112,115,124,136,149,162,173,180,183,182,178,172,168,166,167,171,176,181
MA17,15/09/24,183,181,173,160,144,128,116,109,110,119,133,152,170,185,193,195,191,183,172,164,160,161,167,178
MA17,15/09/25,190,197,198,191,176,157,137,120,109,110,121,141,164,186,202,211,209,198,182,165,153,148,152,165
MA17,15/09/26,183,200,210,211,200,180,156,131,112,101,103,119,144,171,196,212,216,207,189,167,147,134,131,140
MA17,15/09/27,159,184,206,218,218,205,183,154,126,106,98,105,125,154,184,207,217,214,198,173,145,123,112,114
MA17,15/09/28,129,155,183,206,218,216,200,174,143,116,100,98,109,132,164,193,212,217,206,183,153,123,103,95
MA17,15/09/29,102,123,154,186,209,218,213,194,166,136,112,101,105,121,146,176,201,213,209,190,162,129,100,83
MA17,15/09/30,80,92,117,149,180,201,208,200,181,155,129,112,107,116,135,162,187,204,208,197,174,144,114,89
MA17,15/10/01,77,79,95,123,156,183,198,200,190,173,154,137,127,128,141,163,188,209,218,215,200,175,145,118
MA17,15/10/02,100,93,99,120,149,178,198,208,206,196,181,164,150,145,150,164,182,200,213,215,204,184,156,128
MA17,15/10/03,104,90,86,92,109,132,156,174,182,179,170,159,148,143,144,151,161,174,186,193,192,181,163,140
MA17,15/10/04,117,99,89,88,95,110,128,145,159,165,165,160,153,148,146,148,153,160,169,176,178,174,164,149
MA17,15/10/05,131,115,103,96,95,101,112,126,140,151,157,158,156,152,150,150,152,156,162,169,173,173,171,164
MA17,15/10/06,154,142,129,118,111,110,113,120,131,144,156,164,168,169,168,166,164,162,162,164,166,169,171,172
MA17,15/10/07,171,166,157,145,133,124,119,120,126,137,151,163,174,181,184,182,177,170,163,159,159,163,169,175
MA17,15/10/08,181,183,181,174,162,148,136,129,128,136,149,165,180,192,198,199,193,184,172,163,158,159,164,174
MA17,15/10/09,185,194,198,193,182,166,149,134,126,127,135,151,170,186,197,201,196,184,170,156,145,141,145,156
MA17,15/10/10,170,185,196,198,192,178,159,141,127,120,124,137,156,176,193,202,201,191,174,157,141,131,130,140
MA17,15/10/11,156,175,194,205,206,197,180,159,141,128,126,135,153,175,196,210,213,205,188,166,145,128,121,126
MA17,15/10/12,140,162,186,204,211,207,192,171,148,130,121,123,137,160,184,203,211,207,191,167,141,119,105,103
MA17,15/10/13,113,134,161,186,201,204,196,178,156,135,122,118,127,145,169,192,206,207,195,173,145,119,100,93
MA17,15/10/14,100,117,142,169,191,201,199,185,164,140,123,115,9999,9999,9999,177,197,204,196,177,151,124,101,88
MA17,15/10/15,88,100,123,150,175,193,198,190,173,152,133,121,120,129,146,167,188,200,199,184,160,133,108,90
MA17,15/10/16,84,91,109,134,160,181,193,194,184,167,148,133,125,129,143,163,182,195,198,189,169,143,117,96
MA17,15/10/17,86,87,100,120,144,168,185,192,188,177,161,145,135,135,144,159,176,191,198,194,179,157,132,109
MA17,15/10/18,93,86,91,105,127,150,170,182,185,179,168,156,147,143,147,156,170,184,194,196,188,171,149,126
MA17,15/10/19,107,96,93,100,115,134,154,170,179,181,176,167,158,152,152,157,165,175,184,189,187,178,163,144
MA17,15/10/20,125,110,103,102,108,120,136,153,167,175,177,174,168,163,160,161,163,168,175,180,182,179,170,158
MA17,15/10/21,143,128,116,108,106,109,119,132,146,158,167,171,171,169,165,161,158,157,159,162,166,169,169,165
MA17,15/10/22,157,147,136,124,115,111,112,119,130,144,158,170,177,180,179,174,167,159,154,152,154,159,166,170
MA17,15/10/23,170,167,158,145,130,118,110,109,114,125,142,160,175,185,187,183,173,160,147,139,136,141,151,163
MA17,15/10/24,174,181,181,172,158,141,125,114,111,116,131,152,173,191,200,201,192,176,157,141,131,130,139,154
MA17,15/10/25,172,188,197,196,185,167,145,125,112,109,116,133,157,180,197,203,197,180,157,132,112,101,102,116
MA17,15/10/26,138,163,184,195,194,182,161,137,117,106,105,116,137,163,187,201,203,189,165,135,108,90,83,91
MA17,15/10/27,112,141,172,195,206,205,191,169,145,126,117,120,136,160,188,209,218,210,190,161,128,100,84,84
MA17,15/10/28,99,126,160,192,215,223,217,200,178,157,141,137,144,162,186,210,224,224,209,182,147,113,87,75
MA17,15/10/29,79,98,128,162,191,210,214,206,188,167,147,137,137,149,169,193,212,219,213,193,163,129,99,78
MA17,15/10/30,71,81,103,133,166,193,207,208,197,180,163,150,145,149,162,181,200,212,212,200,177,146,115,89
MA17,15/10/31,73,72,84,105,134,162,183,193,192,182,168,153,144,143,152,166,183,196,201,196,181,158,130,103
MA17,15/11/01,82,73,76,90,110,135,159,175,182,178,168,155,146,144,148,157,169,180,188,190,183,169,149,126
MA17,15/11/02,106,93,88,93,106,125,146,166,179,184,182,176,169,163,161,165,172,180,187,191,190,182,169,152
MA17,15/11/03,134,119,108,104,107,118,133,149,162,171,173,171,165,158,154,153,155,159,163,166,167,165,159,149
MA17,15/11/04,137,124,112,103,101,104,111,123,136,149,157,160,160,157,152,147,144,144,145,146,148,151,152,151
MA17,15/11/05,147,140,130,120,113,110,111,118,128,140,151,160,165,166,164,158,151,143,138,136,136,140,146,151
MA17,15/11/06,154,155,151,142,133,124,119,119,125,135,147,159,169,175,175,170,161,148,136,128,125,128,134,144
MA17,15/11/07,154,162,163,158,148,136,125,118,117,123,134,148,163,173,178,175,165,150,133,119,110,108,115,128
MA17,15/11/08,143,157,167,169,163,152,138,126,120,121,129,143,161,177,187,189,181,164,144,125,111,106,110,124
MA17,15/11/09,143,164,181,190,190,180,165,149,137,132,136,148,165,184,198,204,200,184,162,137,117,104,103,112
MA17,15/11/10,131,155,177,193,199,195,181,163,146,134,131,139,155,174,192,203,202,190,168,141,114,95,88,93
MA17,15/11/11,109,132,157,179,192,195,186,169,149,134,127,129,140,159,179,194,200,193,174,146,117,92,78,76
MA17,15/11/12,88,110,137,164,184,194,193,181,162,143,131,127,134,150,169,187,198,197,182,156,125,97,77,69
MA17,15/11/13,74,92,118,147,173,191,196,189,174,155,139,131,134,145,163,182,197,201,191,171,143,113,87,71
MA17,15/11/14,71,84,107,135,164,188,200,201,190,175,158,146,143,150,165,184,201,210,208,193,169,139,111,91
MA17,15/11/15,82,86,102,127,157,185,204,212,208,197,182,168,159,160,168,183,198,210,213,204,185,158,129,104
MA17,15/11/16,87,82,88,106,131,158,181,196,200,195,183,169,157,151,153,163,177,191,199,198,187,168,143,119
MA17,15/11/17,98,86,85,94,113,138,163,182,193,194,188,179,167,158,154,158,167,178,188,193,190,178,161,139
MA17,15/11/18,118,102,94,96,106,124,145,165,180,189,190,185,176,167,159,156,158,166,176,183,187,185,177,164
MA17,15/11/19,146,128,114,107,107,115,129,148,165,178,185,187,182,174,166,159,155,154,156,161,167,171,169,164
MA17,15/11/20,154,142,129,119,114,114,121,135,151,167,180,187,190,187,179,170,159,151,146,147,153,161,167,171
MA17,15/11/21,170,164,154,142,130,122,119,123,134,149,166,181,191,194,189,177,161,144,131,124,124,131,142,155
MA17,15/11/22,165,169,167,158,146,134,125,121,123,132,147,164,180,189,190,182,166,145,124,109,102,105,117,135
MA17,15/11/23,155,170,178,176,168,155,141,131,126,129,141,157,175,191,199,196,181,159,133,110,94,90,98,116
MA17,15/11/24,141,168,189,199,198,189,174,159,147,143,148,161,179,198,213,217,208,186,157,126,100,84,83,95
MA17,15/11/25,118,148,176,197,205,202,190,174,157,146,143,150,166,185,204,215,216,202,176,145,112,87,75,79
MA17,15/11/26,98,126,159,188,209,217,214,202,186,170,160,160,170,188,208,224,230,224,205,175,140,108,86,79
MA17,15/11/27,88,111,143,175,202,219,223,217,203,186,170,162,163,174,191,209,222,222,209,185,151,116,87,70
MA17,15/11/28,68,82,108,139,171,196,209,209,199,183,167,155,151,158,173,192,208,215,211,195,169,137,104,79
MA17,15/11/29,67,69,85,112,144,171,190,199,197,187,173,159,150,150,159,174,190,201,204,197,180,155,125,98
MA17,15/11/30,79,71,76,95,123,152,177,193,199,196,185,172,161,157,159,169,183,195,203,202,192,175,151,126
MA17,15/12/01,104,91,88,96,114,139,165,184,194,194,186,176,165,157,155,160,168,178,185,188,184,174,159,139
MA17,15/12/02,119,103,94,95,106,124,145,164,178,184,183,177,168,159,153,152,155,161,168,174,176,173,167,157
MA17,15/12/03,144,130,120,117,121,132,150,169,186,197,202,202,197,189,181,175,170,169,171,174,178,179,178,171
MA17,15/12/04,162,151,141,134,131,134,143,156,170,182,189,190,187,181,173,163,153,147,144,144,147,152,156,160
MA17,15/12/05,159,155,148,140,133,129,131,138,149,161,172,180,183,181,175,166,154,142,131,126,126,131,139,149
MA17,15/12/06,156,159,157,151,143,136,132,132,138,147,158,169,176,179,176,167,154,138,124,113,108,111,120,133
MA17,15/12/07,146,157,164,165,160,151,142,135,135,141,152,164,176,184,185,180,167,149,128,111,101,99,106,121
MA17,15/12/08,140,158,172,179,178,171,160,149,142,141,148,161,175,188,194,193,182,162,138,114,96,86,89,101
MA17,15/12/09,122,146,167,181,186,182,171,158,145,138,139,148,163,180,193,198,191,173,149,121,96,79,75,84
MA17,15/12/10,105,132,159,180,192,194,186,173,159,148,143,148,163,181,198,208,207,195,174,145,116,93,82,86
MA17,15/12/11,103,132,164,193,214,226,225,216,203,189,178,177,186,203,222,237,242,234,212,181,146,114,92,84
MA17,15/12/12,91,111,140,170,194,208,211,204,189,170,153,144,147,161,181,200,213,213,200,175,144,112,85,70
MA17,15/12/13,71,87,115,147,179,203,215,215,206,192,176,164,161,169,185,204,218,224,218,199,171,138,108,86
MA17,15/12/14,77,84,104,133,164,191,209,217,214,202,185,170,162,164,175,192,208,219,220,208,186,158,128,102
MA17,15/12/15,86,83,94,117,147,175,198,211,215,209,197,182,170,165,170,183,199,214,221,219,207,186,159,131
MA17,15/12/16,110,100,102,117,140,168,193,212,221,220,212,199,186,177,175,181,193,205,214,218,214,201,180,155
MA17,15/12/17,132,115,108,112,126,147,171,193,208,214,211,201,187,174,165,163,167,176,185,192,195,191,179,161
MA17,15/12/18,141,123,111,107,112,126,146,166,183,193,197,193,183,171,159,150,146,149,155,163,171,174,173,166
MA17,15/12/19,154,140,128,120,119,126,138,153,170,184,192,194,190,181,167,153,142,135,134,138,145,153,161,165
MA17,15/12/20,163,156,146,135,128,127,131,140,153,167,179,187,189,185,175,161,145,132,123,120,125,135,148,161
MA17,15/12/21,170,173,171,165,157,151,149,150,157,168,181,192,200,203,198,186,167,146,128,117,114,119,132,148
MA17,15/12/22,164,178,185,185,180,171,162,156,156,162,172,184,196,202,203,195,177,153,127,104,91,89,97,115
MA17,15/12/23,137,160,177,187,188,183,174,164,157,156,162,174,188,201,208,207,195,174,146,117,95,84,85,100
MA17,15/12/24,124,152,179,198,209,210,201,189,177,169,170,177,191,207,220,226,221,205,177,143,113,91,82,88
MA17,15/12/25,108,136,167,196,215,222,219,208,195,182,176,177,186,201,218,230,233,224,201,169,134,104,84,80
MA17,15/12/26,89,112,142,174,199,213,216,209,195,181,169,164,169,182,199,216,226,225,210,184,152,118,90,76
MA17,15/12/27,76,92,118,150,180,202,212,210,199,184,168,157,155,164,180,198,211,215,208,190,164,132,101,78
MA17,15/12/28,68,74,94,122,153,180,197,201,195,182,167,155,148,151,163,180,197,208,209,199,180,152,122,96
MA17,15/12/29,81,79,90,112,140,168,189,199,197,187,172,157,146,143,149,162,178,191,197,194,182,162,137,111
MA17,15/12/30,92,83,86,100,123,150,174,189,194,189,178,162,148,140,140,147,160,174,184,187,182,171,153,131
MA17,15/12/31,111,99,96,104,121,143,166,184,195,196,189,176,162,151,146,148,156,166,175,181,181,176,165,149
