MA17,71/01/01,073,063,070,087,113,143,173,191,200,198,186,167,152,145,147,155,171,186,196,199,191,172,146,118
MA17,71/01/02,092,078,075,084,104,130,157,179,192,196,187,170,153,140,134,136,146,160,173,183,182,175,159,138
MA17,71/01/03,116,099,091,091,101,120,143,165,182,190,187,176,160,145,134,128,129,139,151,163,172,177,174,163
MA17,71/01/04,149,136,126,123,126,138,157,175,192,205,207,200,188,173,156,145,138,137,145,156,169,180,186,185
MA17,71/01/05,178,169,161,155,153,157,166,177,190,203,209,206,193,178,162,144,131,120,118,103,130,141,153,162
MA17,71/01/06,166,165,163,159,156,156,166,169,179,189,195,196,191,181,168,153,135,121,110,104,110,121,135,149
MA17,71/01/07,162,170,175,177,176,175,175,176,182,188,194,199,200,196,189,175,156,137,119,105,100,105,118,133
MA17,71/01/08,151,168,182,189,193,191,189,185,184,187,192,197,203,205,204,194,179,156,133,110,096,092,098,113
MA17,71/01/09,133,156,179,193,202,204,200,192,186,183,183,187,194,200,207,204,191,170,144,117,094,080,076,085
MA17,71/01/10,102,127,153,175,189,195,193,186,178,169,165,169,178,188,198,203,200,186,162,132,101,079,066,067
MA17,71/01/11,083,107,135,163,185,197,202,194,183,172,164,164,172,184,199,209,213,205,186,156,125,094,075,069
MA17,71/01/12,076,095,122,152,179,197,204,200,189,175,164,158,162,173,188,205,215,213,201,176,145,112,085,069
MA17,71/01/13,069,081,105,134,164,189,202,205,196,182,168,158,157,166,183,201,216,223,218,199,177,143,113,093
MA17,71/01/14,085,091,110,137,165,191,210,217,211,196,179,166,157,160,173,188,204,217,217,205,185,156,127,102
MA17,71/01/15,087,086,098,119,147,175,194,205,205,192,176,158,148,146,154,168,186,200,208,206,193,172,148,124
MA17,71/01/16,107,101,107,122,147,174,198,211,216,206,190,171,156,148,152,161,176,190,200,205,197,182,162,140
MA17,71/01/17,121,110,112,121,139,162,183,200,205,200,187,171,154,142,140,145,155,168,182,188,189,183,169,151
MA17,71/01/18,135,124,120,124,138,158,178,196,205,206,197,181,165,150,141,140,146,155,166,176,183,183,178,168
MA17,71/01/19,156,146,140,140,148,163,178,194,205,209,204,193,178,164,151,145,144,147,156,165,173,176,177,175
MA17,71/01/20,170,164,158,156,158,167,180,192,203,209,209,203,190,175,161,150,144,139,144,150,158,166,173,178
MA17,71/01/21,181,181,179,177,178,183,189,198,207,215,217,212,204,193,180,168,158,149,145,146,151,161,172,183
MA17,71/01/22,192,200,205,206,206,206,208,211,215,221,225,226,221,214,202,188,172,155,143,133,131,138,147,162
MA17,71/01/23,176,191,201,206,209,207,205,201,200,204,208,210,200,210,202,190,173,154,133,118,106,106,112,126
MA17,71/01/24,147,168,186,199,205,205,201,194,188,186,188,194,198,204,204,198,185,164,139,114,096,085,087,098
MA17,71/01/25,118,145,172,192,208,213,211,203,191,184,181,184,192,203,212,214,207,189,164,134,106,087,077,083
MA17,71/01/26,099,128,160,188,211,223,224,213,200,185,178,174,181,194,208,218,219,210,185,156,119,089,069,062
MA17,71/01/27,072,095,128,161,191,210,218,214,200,183,168,161,164,175,194,211,223,222,207,180,146,112,080,063
MA17,71/01/28,061,075,106,139,175,200,216,217,206,188,168,153,148,157,174,196,214,224,219,202,171,135,100,075
MA17,71/01/29,062,068,088,116,154,183,203,211,203,187,165,146,133,134,147,169,193,211,219,211,193,164,131,101
MA17,71/01/30,082,078,090,114,146,177,202,216,217,205,184,161,142,134,139,155,177,197,213,215,205,189,160,134
MA17,71/01/31,112,099,102,117,141,169,194,211,215,207,187,165,142,128,123,132,150,171,190,202,205,196,179,158
MA17,71/02/01,138,125,122,128,145,168,191,206,214,210,195,174,150,130,118,116,125,140,156,171,181,184,176,164
MA17,71/02/02,150,139,134,135,145,161,180,195,205,206,197,183,163,143,127,118,118,125,137,150,163,174,179,177
MA17,71/02/03,168,162,157,157,162,171,182,195,204,206,201,191,174,156,139,125,117,113,120,128,139,150,159,165
MA17,71/02/04,170,174,174,171,173,177,183,192,199,202,201,197,185,173,157,142,128,117,110,109,116,126,137,149
MA17,71/02/05,160,169,175,179,180,183,184,187,191,193,194,193,189,182,172,157,143,127,112,102,098,102,113,127
MA17,71/02/06,143,161,173,180,184,185,181,179,177,176,178,181,183,184,180,172,157,138,117,100,089,084,090,104
MA17,71/02/07,123,143,162,177,185,189,186,179,172,166,167,172,178,188,188,187,177,160,137,112,093,080,078,088
MA17,71/02/08,106,129,155,175,187,192,190,181,171,161,156,158,168,180,191,197,195,180,157,130,104,084,072,075
MA17,71/02/09,090,113,141,167,185,196,196,188,175,163,154,152,161,173,189,199,203,195,176,150,120,095,076,070
MA17,71/02/10,080,102,130,157,181,196,199,190,175,158,146,140,144,158,176,190,201,199,185,163,131,103,080,065
MA17,71/02/11,067,085,113,140,166,183,190,184,168,150,133,123,123,134,152,171,187,194,188,170,144,114,086,071
MA17,71/02/12,064,076,100,127,154,176,186,184,170,150,132,116,110,118,136,167,176,190,192,180,158,132,106,086
MA17,71/02/13,077,082,102,128,158,180,196,198,187,168,147,129,118,119,132,152,173,190,198,193,178,154,128,107
MA17,71/02/14,092,092,105,127,152,174,190,194,196,168,146,127,111,106,115,132,151,171,185,188,178,163,140,121
MA17,71/02/15,107,101,109,126,148,173,191,202,198,185,166,147,127,118,118,128,146,164,181,190,189,179,163,146
MA17,71/02/16,129,121,122,131,148,167,185,194,193,181,164,144,122,107,101,106,118,133,149,162,168,164,156,146
MA17,71/02/17,134,125,122,128,141,158,176,188,192,185,172,156,138,121,112,110,116,129,142,157,169,175,174,168
MA17,71/02/18,162,155,151,154,162,172,186,196,200,197,185,172,154,136,123,116,114,118,126,137,147,155,160,161
MA17,71/02/19,162,161,160,160,162,168,176,185,190,188,183,173,159,145,130,118,110,106,107,112,119,130,140,148
MA17,71/02/20,155,160,161,164,166,167,169,172,174,175,173,169,160,149,137,122,110,099,090,086,089,097,108,121
MA17,71/02/21,136,150,161,166,168,167,166,165,164,165,166,168,166,163,156,145,130,114,098,087,082,083,094,110
MA17,71/02/22,129,150,168,179,186,186,183,176,170,167,169,175,179,183,183,178,164,145,122,101,083,075,079,092
MA17,71/02/23,114,139,167,186,197,199,193,181,169,162,161,167,178,191,201,205,198,180,153,126,101,081,075,082
MA17,71/02/24,103,130,162,186,205,212,205,191,173,157,145,146,158,173,190,202,202,191,168,137,103,073,057,055
MA17,71/02/25,066,092,126,157,182,196,195,183,161,140,122,117,126,142,166,187,201,201,185,159,125,093,067,053
MA17,71/02/26,059,077,109,143,176,195,200,191,170,145,121,109,110,125,148,177,198,210,208,189,160,129,099,078
MA17,71/02/27,074,085,111,142,174,199,208,204,182,156,130,109,097,106,127,156,184,205,215,206,186,159,129,104
MA17,71/02/28,090,094,111,136,165,189,205,204,191,164,134,106,087,084,097,120,149,175,192,197,188,170,146,122
MA17,71/03/01,107,103,111,130,155,177,195,199,191,170,142,113,089,078,080,094,118,144,166,180,182,174,159,143
MA17,71/03/02,129,122,124,137,156,175,192,200,195,180,158,130,104,086,077,083,100,120,142,160,171,172,165,157
MA17,71/03/03,146,142,143,153,165,182,197,209,209,200,185,166,145,127,112,107,112,125,141,158,171,179,181,179
MA17,71/03/04,173,169,169,172,179,187,199,207,210,204,191,176,157,138,121,111,107,109,117,127,138,149,158,163
MA17,71/03/05,166,166,168,169,173,178,184,189,191,189,184,174,162,149,134,121,111,105,104,106,112,122,132,144
MA17,71/03/06,155,164,170,171,173,175,176,177,178,178,177,174,169,163,156,145,132,117,105,099,099,106,115,131
MA17,71/03/07,146,159,171,176,179,178,175,169,167,166,167,170,173,174,169,159,147,128,112,097,088,086,094,108
MA17,71/03/08,126,145,161,172,175,175,168,159,153,149,151,155,162,170,174,174,164,150,129,109,092,081,082,094
MA17,71/03/09,112,134,156,171,178,178,171,159,148,139,136,142,152,165,175,181,179,167,148,122,100,084,077,084
MA17,71/03/10,100,124,150,168,181,182,176,162,146,132,126,128,139,155,171,181,185,177,160,136,109,087,075,076
MA17,71/03/11,088,112,138,160,176,181,174,160,140,125,110,107,118,135,155,173,186,186,172,150,124,099,082,075
MA17,71/03/12,084,104,132,158,176,185,182,168,145,124,106,098,105,121,142,168,185,192,186,168,144,120,097,086
MA17,71/03/13,090,106,130,156,178,192,193,180,159,136,112,102,101,114,138,165,188,204,204,193,172,144,122,108
MA17,71/03/14,101,112,133,159,182,197,201,191,169,145,119,100,093,100,117,144,170,188,196,191,176,155,132,115
MA17,71/03/15,106,110,124,146,169,184,192,188,170,146,120,100,087,088,101,123,150,172,187,192,184,169,149,131
MA17,71/03/16,119,120,130,148,169,188,198,194,181,161,136,112,095,088,097,115,140,162,181,192,190,181,167,152
MA17,71/03/17,140,138,145,158,175,192,202,204,192,174,149,123,102,090,090,101,118,138,158,172,178,175,168,156
MA17,71/03/18,145,138,142,151,163,178,190,195,188,174,155,134,113,097,091,098,108,125,144,159,170,174,174,170
MA17,71/03/19,162,156,156,164,173,186,195,200,199,190,174,156,138,120,108,105,108,117,129,142,155,164,171,171
MA17,71/03/20,171,169,168,169,173,180,187,191,192,187,178,166,150,135,120,110,106,106,110,118,130,141,152,161
MA17,71/03/21,168,173,176,176,176,178,180,182,184,183,183,174,166,155,142,130,118,109,105,105,111,121,133,149
MA17,71/03/22,163,174,182,185,187,183,180,178,175,174,174,175,174,172,162,150,136,120,105,097,093,098,112,129
MA17,71/03/23,151,169,182,189,190,185,176,167,158,155,158,164,171,178,177,170,157,138,118,098,084,080,089,105
MA17,71/03/24,130,154,175,189,193,187,173,159,142,134,136,144,159,172,183,185,178,160,136,110,088,074,075,084
MA17,71/03/25,108,137,164,184,193,191,177,157,135,119,114,120,136,158,178,192,194,184,160,132,102,079,067,068
MA17,71/03/26,090,117,147,174,190,191,178,157,130,107,091,092,108,132,160,185,199,201,186,162,134,107,088,084
MA17,71/03/27,095,118,150,180,200,210,201,178,149,119,094,084,092,111,141,172,198,211,207,189,162,133,108,094
MA17,71/03/28,096,111,135,162,185,197,194,176,146,113,082,062,058,072,100,134,166,188,198,194,176,153,129,112
MA17,71/03/29,108,117,135,160,183,198,201,189,163,130,098,072,060,063,082,112,143,174,192,197,191,176,156,141
MA17,71/03/30,131,135,147,165,186,203,208,201,182,155,121,092,072,061,070,090,118,146,169,183,187,180,168,154
MA17,71/03/31,144,142,149,161,178,192,201,201,187,167,137,110,086,070,069,080,099,123,147,166,177,179,174,168
MA17,71/04/01,162,158,162,171,182,195,205,207,199,184,162,138,114,095,084,083,094,108,126,144,158,166,168,165
MA17,71/04/02,162,158,158,164,171,179,186,188,188,179,165,147,130,112,099,092,091,098,110,123,136,147,154,160
MA17,71/04/03,162,164,166,166,167,170,174,177,176,172,163,153,142,128,114,102,095,091,094,100,110,123,135,146
MA17,71/04/04,153,169,161,162,161,160,160,160,163,165,164,161,156,147,139,128,116,109,103,102,107,115,127,139
MA17,71/04/05,151,161,166,169,167,162,156,153,150,150,153,156,159,160,157,148,137,123,111,102,100,106,115,131
MA17,71/04/06,147,163,172,178,176,169,160,151,144,140,144,153,161,167,173,171,161,147,130,115,105,101,107,122
MA17,71/04/07,137,156,169,176,176,167,155,139,126,119,119,127,140,154,164,170,164,151,135,115,099,091,093,104
MA17,71/04/08,121,143,161,173,176,169,155,138,121,108,105,114,127,146,162,174,177,170,154,134,114,100,097,104
MA17,71/04/09,121,144,164,180,186,180,169,149,129,112,103,109,124,145,167,187,198,198,187,167,143,125,114,114
MA17,71/04/10,128,149,170,187,197,194,180,157,130,107,093,092,101,121,148,171,187,194,188,170,149,128,112,108
MA17,71/04/11,116,135,156,176,189,189,176,153,127,100,081,074,080,098,122,150,172,186,186,174,155,134,116,105
MA17,71/04/12,110,123,143,162,178,183,174,155,128,099,075,062,062,076,099,127,154,173,179,175,161,143,125,112
MA17,71/04/13,111,121,138,158,174,183,179,164,140,111,083,067,059,066,083,110,139,164,179,182,175,161,144,129
MA17,71/04/14,123,128,140,158,175,187,187,177,157,129,099,076,064,065,076,099,124,151,171,182,183,175,163,148
MA17,71/04/15,141,141,151,163,178,189,194,188,170,146,119,093,073,066,071,084,105,129,151,168,175,170,163,153
MA17,71/04/16,145,141,144,153,165,177,184,183,170,151,128,104,085,071,068,074,089,108,129,148,161,168,166,161
MA17,71/04/17,156,152,150,158,166,176,184,190,184,171,155,135,117,100,091,090,094,106,122,138,154,165,171,172
MA17,71/04/18,170,168,166,164,167,171,174,178,178,171,160,146,130,114,101,092,090,092,101,113,129,143,154,163
MA17,71/04/19,168,172,168,165,162,162,163,165,168,168,164,158,148,136,123,110,101,096,095,101,112,126,142,156
MA17,71/04/20,168,176,178,175,169,162,158,155,156,158,162,165,166,163,153,141,127,113,104,099,103,113,128,145
MA17,71/04/21,163,178,184,183,173,160,149,139,135,136,143,153,162,169,169,160,145,128,114,099,094,097,109,128
MA17,71/04/22,150,171,182,186,180,165,148,131,119,115,122,138,157,175,187,190,181,166,146,126,113,107,113,129
MA17,71/04/23,150,172,191,199,194,179,157,132,112,101,102,117,138,164,185,197,198,186,167,143,122,110,107,117
MA17,71/04/24,135,160,179,192,192,180,157,127,099,078,072,082,102,133,163,188,201,201,190,170,151,133,124,128
MA17,71/04/25,141,165,184,201,207,197,177,143,111,081,065,063,076,104,137,168,191,201,200,186,167,149,133,127
MA17,71/04/26,135,153,173,191,202,201,187,159,123,089,064,051,057,076,105,141,172,194,203,200,187,169,153,143
MA17,71/04/27,143,155,170,187,200,205,195,173,142,107,074,053,045,053,075,107,136,165,182,188,183,170,154,143
MA17,71/04/28,138,143,154,171,185,193,191,178,153,121,090,061,045,043,056,079,107,137,161,174,179,175,165,154
MA17,71/04/29,148,147,156,167,182,195,200,192,179,153,125,100,078,067,071,084,107,134,158,175,186,188,181,171
MA17,71/04/30,163,160,161,168,179,187,194,195,184,166,143,120,098,081,074,078,091,110,131,149,163,171,174,168
MA17,71/05/01,163,158,156,159,165,171,176,180,176,165,153,135,116,097,085,080,084,094,108,126,142,156,160,162
MA17,71/05/02,161,157,154,152,154,158,162,164,166,163,157,147,135,122,110,102,096,100,109,120,134,148,158,164
MA17,71/05/03,169,169,164,161,158,154,153,154,156,156,155,152,148,140,130,119,110,105,106,112,120,134,146,158
MA17,71/05/04,165,170,167,163,156,148,144,143,145,149,150,158,163,163,156,146,137,130,125,124,130,141,153,167
MA17,71/05/05,179,187,188,180,171,158,147,138,133,134,142,151,160,166,167,161,151,138,127,120,119,126,137,150
MA17,71/05/06,163,176,181,178,168,155,141,127,118,117,124,136,150,163,173,175,170,160,146,135,128,130,139,153
MA17,71/05/07,169,183,193,193,186,171,152,134,120,110,114,126,143,161,175,185,186,177,163,150,139,133,136,146
MA17,71/05/08,161,177,189,194,186,173,153,130,110,098,096,104,112,145,166,182,189,184,173,159,143,133,129,136
MA17,71/05/09,148,165,178,187,184,171,150,126,103,083,075,080,096,119,144,167,181,185,180,166,149,135,127,128
MA17,71/05/10,138,155,168,182,184,175,158,131,104,079,064,062,074,097,123,152,173,185,186,178,163,148,137,132
MA17,71/05/11,139,152,167,180,188,184,169,146,117,089,067,059,065,082,107,138,163,182,190,187,176,162,148,139
MA17,71/05/12,138,150,162,178,189,191,180,161,134,100,076,059,055,067,087,115,145,169,183,189,184,173,158,148
MA17,71/05/13,143,149,160,175,187,194,189,175,150,120,093,069,059,062,076,100,128,155,176,188,190,183,173,160
MA17,71/05/14,154,154,161,173,185,196,197,187,170,143,115,089,072,065,071,087,112,139,161,178,186,186,180,169
MA17,71/05/15,160,156,159,167,178,188,194,191,179,159,135,110,089,075,072,080,097,120,144,164,178,185,185,179
MA17,71/05/16,170,164,161,164,171,180,188,193,187,173,157,135,114,096,087,086,093,108,127,147,164,178,184,184
MA17,71/05/17,180,174,168,164,165,170,177,182,184,180,171,157,139,121,108,098,097,103,115,133,150,167,177,182
MA17,71/05/18,182,177,168,158,152,149,150,155,160,164,164,160,150,136,122,109,100,098,102,112,127,146,162,175
MA17,71/05/19,182,182,176,165,153,144,137,139,144,152,159,164,165,160,151,140,127,117,112,114,123,139,155,171
MA17,71/05/20,182,188,187,176,161,144,131,123,123,132,144,158,169,176,175,166,156,142,131,125,126,135,149,166
MA17,71/05/21,181,190,191,182,165,143,122,107,099,102,116,134,154,172,183,185,177,164,150,138,132,134,145,160
MA17,71/05/22,176,190,197,191,177,154,128,101,083,077,082,101,124,151,170,182,185,178,165,149,137,131,136,146
MA17,71/05/23,162,177,188,190,179,159,131,099,073,057,055,068,091,121,147,170,183,186,179,164,151,141,137,143
MA17,71/05/24,157,174,187,195,191,177,151,118,088,063,051,053,071,100,131,164,185,197,199,189,177,165,156,155
MA17,71/05/25,164,179,195,207,212,203,185,155,120,087,066,056,063,085,114,146,173,194,204,202,192,178,166,158
MA17,71/05/26,160,169,182,195,203,201,187,165,133,097,068,049,045,056,079,109,141,168,185,192,188,178,166,155
MA17,71/05/27,153,158,168,182,195,202,195,179,153,120,088,064,049,051,064,090,119,148,172,187,191,187,179,168
MA17,71/05/28,161,161,168,180,192,204,205,197,178,149,120,091,072,064,069,086,108,136,161,179,189,188,180,170
MA17,71/05/29,160,154,157,165,177,189,198,195,182,163,140,112,091,076,073,078,093,118,137,159,172,177,175,166
MA17,71/05/30,158,153,150,153,159,168,177,181,177,166,150,128,108,093,081,080,092,110,128,148,164,174,177,172
MA17,71/05/31,164,157,151,148,150,156,162,168,172,167,160,148,133,118,106,100,102,111,126,142,158,172,178,176
MA17,71/06/01,171,165,157,149,145,147,151,157,162,165,164,159,150,140,128,120,115,119,126,140,154,168,176,181
MA17,71/06/02,179,173,164,154,146,142,138,141,145,151,156,160,159,154,145,137,130,126,128,135,146,158,171,178
MA17,71/06/03,182,178,170,159,146,134,128,124,128,134,143,152,159,163,160,156,148,142,137,140,148,160,171,182
MA17,71/06/04,189,191,187,178,163,149,135,126,124,130,139,154,170,180,187,189,185,174,167,162,164,169,178,186
MA17,71/06/05,196,203,199,191,176,157,139,124,113,113,122,137,156,173,184,193,193,186,177,168,163,163,170,182
MA17,71/06/06,193,203,204,199,186,169,145,124,108,101,104,116,137,159,175,189,194,193,186,175,163,156,159,169
MA17,71/06/07,180,191,198,196,185,167,143,118,092,079,076,085,104,128,154,173,187,189,185,174,163,154,151,156
MA17,71/06/08,167,179,190,194,190,175,151,124,095,074,065,066,081,105,134,160,181,192,194,187,175,164,155,155
MA17,71/06/09,163,176,189,199,200,192,172,145,114,087,067,063,070,091,118,148,175,192,203,200,189,177,168,161
MA17,71/06/10,164,173,188,199,206,204,190,167,136,104,078,064,063,076,100,129,161,184,199,204,199,187,175,166
MA17,71/06/11,163,170,183,197,209,215,210,193,164,134,099,079,069,072,090,116,147,173,195,208,209,201,190,178
MA17,71/06/12,170,171,179,190,205,215,216,205,185,158,126,098,081,072,080,098,123,151,177,195,204,201,191,176
MA17,71/06/13,166,158,158,168,182,196,204,202,190,169,140,112,088,074,072,083,102,129,157,178,191,196,191,180
MA17,71/06/14,168,159,154,158,168,180,192,198,195,184,164,141,118,098,089,090,101,121,147,168,186,196,197,191
MA17,71/06/15,180,168,158,153,157,166,176,187,193,191,181,166,147,128,115,109,112,124,141,161,179,193,198,197
MA17,71/06/16,187,176,162,152,146,149,159,167,176,184,186,179,169,154,140,130,124,128,137,153,170,185,195,198
MA17,71/06/17,194,182,168,153,141,135,134,140,151,162,173,178,179,174,166,156,147,143,147,156,169,182,197,203
MA17,71/06/18,204,198,185,168,148,133,124,122,128,140,155,169,181,188,187,180,174,165,161,164,170,179,192,201
MA17,71/06/19,206,205,196,180,158,138,118,107,104,112,126,144,165,179,189,193,189,181,174,169,167,175,184,194
MA17,71/06/20,203,209,205,192,173,149,121,102,091,089,098,116,141,164,183,196,199,196,186,177,172,172,178,187
MA17,71/06/21,199,207,213,208,192,168,140,113,090,079,081,094,117,144,169,189,202,207,202,192,182,174,173,179
MA17,71/06/22,189,202,211,212,204,185,159,128,098,075,067,072,090,116,145,172,194,205,207,200,188,178,172,173
MA17,71/06/23,182,193,206,215,216,205,183,155,119,091,070,063,074,094,123,154,181,199,207,205,195,182,171,165
MA17,71/06/24,171,180,195,205,214,213,198,174,141,110,081,065,064,077,101,131,163,187,200,203,198,187,175,164
MA17,71/06/25,163,171,184,199,211,216,212,194,168,135,104,081,069,073,091,117,148,175,195,202,199,190,175,163
MA17,71/06/26,154,156,168,181,195,206,209,200,197,153,121,095,078,073,083,102,130,158,180,193,196,190,178,163
MA17,71/06/27,152,148,153,163,178,191,200,199,187,167,140,116,094,083,086,098,120,144,169,180,195,194,183,170
MA17,71/06/28,157,148,147,152,164,178,190,196,193,180,162,140,118,104,100,107,122,141,165,185,199,202,196,184
MA17,71/06/29,170,159,154,154,162,172,183,192,194,189,178,161,143,127,118,118,127,142,161,177,190,196,194,184
MA17,71/06/30,171,157,145,138,140,147,157,165,173,176,171,163,152,138,128,124,127,139,153,168,182,191,192,187
MA17,71/07/01,177,163,151,140,135,134,140,147,156,163,167,168,162,153,145,138,135,140,149,161,175,185,190,187
MA17,71/07/02,180,168,155,140,128,123,123,128,134,142,152,159,163,162,158,153,149,147,151,159,168,178,186,188
MA17,71/07/03,186,178,167,152,135,124,116,115,119,128,139,151,161,168,171,170,167,163,161,163,168,176,183,189
MA17,71/07/04,191,187,178,166,148,132,117,107,103,109,121,135,153,167,176,180,180,177,170,166,166,172,178,185
MA17,71/07/05,190,193,189,178,162,144,122,106,095,094,102,118,136,156,174,185,190,187,181,173,167,167,172,179
MA17,71/07/06,187,193,195,189,175,154,131,107,088,079,080,092,114,138,162,180,193,197,191,184,173,167,167,173
MA17,71/07/07,183,193,202,201,193,176,151,125,098,080,071,077,095,120,148,175,195,206,208,200,189,177,173,174
MA17,71/07/08,182,194,204,209,207,193,172,143,111,085,066,062,074,096,127,157,182,200,206,201,189,176,164,160
MA17,71/07/09,166,177,191,203,210,205,188,164,130,098,072,058,058,073,100,132,164,189,204,206,198,185,170,159
MA17,71/07/10,154,161,177,193,206,212,204,186,155,119,087,066,056,063,082,110,143,173,195,204,200,188,170,155
MA17,71/07/11,146,148,160,176,195,207,212,203,180,150,116,090,070,066,076,098,130,160,185,201,205,196,179,162
MA17,71/07/12,148,141,148,160,178,195,209,207,194,171,141,112,088,075,079,094,118,145,174,193,202,198,184,166
MA17,71/07/13,145,134,128,136,152,171,186,197,195,183,162,137,113,097,092,100,117,142,167,188,201,205,194,178
MA17,71/07/14,157,140,128,125,134,150,168,182,194,191,180,166,147,130,120,120,127,144,166,185,200,209,204,191
MA17,71/07/15,172,152,135,123,120,129,140,156,170,178,180,173,163,151,140,135,136,146,162,177,191,203,205,199
MA17,71/07/16,184,169,148,132,118,115,119,134,149,162,173,179,178,172,166,161,159,164,171,181,195,203,210,208
MA17,71/07/17,198,183,163,143,126,114,109,115,125,138,155,166,177,183,186,183,180,178,181,186,194,202,207,210
MA17,71/07/18,206,198,182,163,144,125,111,105,105,115,129,146,165,181,189,194,195,190,185,182,188,194,200,207
MA17,71/07/19,209,209,201,186,166,146,123,106,096,097,107,126,148,167,186,199,203,202,199,193,189,186,188,194
MA17,71/07/20,203,210,210,201,185,163,136,112,091,080,083,095,118,146,171,190,202,207,205,195,187,180,179,185
MA17,71/07/21,194,204,212,213,204,187,162,133,104,084,074,078,097,123,152,179,199,209,209,200,188,180,174,174
MA17,71/07/22,183,197,211,219,219,208,187,160,126,098,079,074,085,107,138,168,193,205,211,204,191,178,168,164
MA17,71/07/23,168,180,198,211,220,218,204,178,143,115,087,073,075,091,118,150,178,197,207,205,193,180,166,155
MA17,71/07/24,153,164,181,199,214,221,215,197,166,134,101,081,075,083,105,135,167,189,202,204,194,180,163,148
MA17,71/07/25,142,145,160,178,199,211,214,203,180,151,119,094,080,080,097,123,154,179,199,209,204,190,170,154
MA17,71/07/26,140,136,147,162,182,200,211,209,195,171,145,120,102,094,102,122,147,175,197,210,211,200,181,164
MA17,71/07/27,147,138,138,150,168,186,200,205,199,183,163,141,120,109,110,123,147,171,192,208,213,204,189,171
MA17,71/07/28,151,138,131,138,154,171,186,197,199,191,175,158,140,127,125,133,149,171,191,205,214,210,196,178
MA17,71/07/29,159,143,134,133,142,154,171,183,189,188,179,168,155,145,138,141,153,168,186,202,211,211,203,188
MA17,71/07/30,169,153,138,132,133,141,152,164,175,180,181,177,171,162,157,156,160,171,183,195,205,210,208,195
MA17,71/07/31,179,161,146,134,128,130,136,145,154,165,172,175,176,173,170,168,170,174,182,191,199,206,206,199
MA17,71/08/01,187,176,159,143,133,126,125,131,136,148,158,168,176,182,183,185,186,187,188,193,198,205,209,209
MA17,71/08/02,200,191,179,162,148,136,125,120,124,131,144,158,173,184,193,199,202,201,198,198,200,204,208,212
MA17,71/08/03,214,209,200,186,169,151,134,121,113,117,127,144,161,181,195,202,205,204,199,193,190,190,194,198
MA17,71/08/04,205,207,206,198,182,161,138,117,101,095,098,112,135,161,184,201,211,213,207,198,189,184,187,194
MA17,71/08/05,205,214,218,216,205,185,160,135,108,090,085,094,116,140,168,190,208,214,209,198,186,174,169,173
MA17,71/08/06,185,199,211,219,217,203,177,146,114,088,072,071,086,112,144,174,197,209,208,198,183,168,156,154
MA17,71/08/07,163,178,197,212,220,214,196,166,130,098,072,063,068,087,118,150,180,200,209,204,188,170,153,141
MA17,71/08/08,143,155,177,197,215,220,211,191,156,121,088,071,067,078,102,134,169,193,206,204,191,171,149,133
MA17,71/08/09,127,137,154,176,200,216,217,204,179,149,119,094,081,083,100,128,160,188,208,213,203,184,158,138
MA17,71/08/10,123,120,131,151,174,199,215,215,201,175,147,124,106,101,109,127,153,181,204,214,212,196,170,144
MA17,71/08/11,124,115,116,129,151,175,194,207,205,192,169,148,129,121,123,134,155,178,199,212,214,203,182,159
MA17,71/08/12,133,119,110,114,128,149,169,186,197,194,180,166,150,141,139,147,161,179,198,211,218,213,198,179
MA17,71/08/13,154,133,118,112,116,128,146,165,177,184,183,178,169,164,161,165,171,184,198,211,218,218,207,192
MA17,71/08/14,172,151,133,120,114,116,126,139,154,165,173,177,177,175,174,176,180,188,197,205,213,214,212,203
MA17,71/08/15,189,173,154,138,123,116,115,122,130,142,157,168,177,183,187,190,192,195,199,202,206,210,211,208
MA17,71/08/16,202,193,177,162,143,128,119,115,118,124,138,157,173,187,199,203,208,207,204,201,200,203,206,209
MA17,71/08/17,210,205,199,185,169,148,129,118,109,110,119,132,152,172,189,201,207,207,203,198,191,188,189,193
MA17,71/08/18,198,205,207,201,186,165,143,120,102,093,089,111,130,155,176,193,204,207,202,192,185,179,175,179
MA17,71/08/19,189,200,210,214,207,190,168,143,115,098,091,098,116,139,168,191,207,213,208,198,184,172,165,166
MA17,71/08/20,176,191,206,218,220,210,189,164,135,111,095,094,106,130,159,186,206,215,214,204,9999,9999,9999,9999
MA17,71/08/21,9999,9999,9999,9999,9999,9999,9999,9999,9999,9999,9999,9999,9999,9999,9999,9999,9999,9999,9999,9999,9999,9999,9999,9999
MA17,71/08/22,9999,9999,9999,9999,9999,9999,9999,9999,9999,9999,9999,9999,9999,9999,9999,9999,9999,9999,9999,9999,9999,9999,9999,9999
MA17,71/08/23,9999,9999,9999,9999,9999,9999,9999,9999,9999,9999,9999,9999,9999,9999,9999,9999,9999,9999,9999,9999,9999,9999,9999,9999
MA17,71/08/24,9999,9999,9999,9999,9999,9999,9999,9999,9999,9999,9999,127,112,114,130,155,181,203,217,218,206,187,161,138
MA17,71/08/25,123,121,131,150,173,195,207,209,201,185,163,144,127,122,131,149,173,195,211,217,209,189,167,145
MA17,71/08/26,126,118,121,136,157,176,194,203,200,189,174,159,145,139,143,157,177,197,211,218,213,199,176,155
MA17,71/08/27,134,120,114,120,135,156,176,188,191,187,178,166,156,149,150,159,173,191,205,214,212,199,181,162
MA17,71/08/28,143,128,118,119,127,139,154,169,177,179,177,170,163,158,159,166,177,188,199,209,211,204,191,174
MA17,71/08/29,155,139,125,120,119,126,137,151,162,166,170,171,170,169,171,175,181,186,195,202,206,205,197,184
MA17,71/08/30,169,155,140,128,122,121,125,134,143,152,162,171,176,178,181,186,190,192,196,202,206,208,207,202
MA17,71/08/31,193,182,171,160,147,141,135,137,143,156,171,182,197,209,217,221,223,222,220,217,218,221,223,221
MA17,71/09/01,217,213,201,185,169,154,139,128,125,129,141,158,175,193,209,217,219,216,208,202,197,197,200,205
MA17,71/09/02,212,214,209,9999,9999,9999,9999,9999,9999,9999,9999,141,164,187,208,225,231,229,221,207,197,192,193,202
MA17,71/09/03,211,222,227,227,215,195,171,146,123,9999,9999,9999,140,172,200,223,236,237,225,208,190,177,171,178
MA17,71/09/04,193,214,233,242,239,226,201,168,134,104,091,093,114,148,182,213,232,240,230,211,188,165,153,152
MA17,71/09/05,165,189,212,235,244,238,220,193,158,124,102,096,105,128,163,198,223,238,223,218,194,164,141,129
MA17,71/09/06,133,153,179,209,229,237,230,207,180,143,115,099,098,116,146,179,210,228,232,222,200,167,139,116
MA17,71/09/07,113,127,153,185,214,232,237,226,200,168,138,117,107,119,143,175,205,231,240,234,219,194,165,140
MA17,71/09/08,126,125,138,166,196,224,241,243,229,203,176,154,138,138,149,174,200,222,235,234,220,192,159,126
MA17,71/09/09,103,097,109,134,161,189,208,9999,9999,9999,9999,9999,9999,9999,9999,9999,9999,9999,9999,9999,9999,9999,9999,9999
MA17,71/09/10,9999,9999,9999,9999,9999,9999,9999,9999,9999,9999,9999,9999,9999,9999,9999,9999,9999,9999,9999,9999,9999,9999,9999,9999
MA17,71/09/11,9999,9999,9999,9999,9999,9999,9999,9999,9999,9999,9999,9999,9999,9999,9999,9999,9999,9999,9999,9999,9999,9999,9999,9999
MA17,71/09/12,9999,9999,9999,9999,9999,9999,9999,9999,9999,9999,9999,9999,9999,9999,9999,9999,9999,9999,9999,9999,9999,9999,9999,9999
MA17,71/09/13,9999,9999,9999,9999,9999,9999,9999,9999,9999,9999,9999,9999,9999,9999,9999,9999,9999,9999,9999,9999,9999,9999,9999,9999
MA17,71/09/14,9999,9999,9999,9999,9999,9999,9999,9999,9999,9999,9999,9999,9999,9999,9999,9999,9999,9999,198,193,189,190,192,194
MA17,71/09/15,197,196,188,179,163,145,128,118,113,115,128,146,167,184,198,203,205,200,192,182,175,174,178,186
MA17,71/09/16,195,202,204,199,186,168,148,132,117,114,121,135,158,178,196,208,208,201,191,179,168,160,161,168
MA17,71/09/17,181,196,207,212,204,189,170,147,126,114,115,126,148,173,196,210,215,210,196,181,167,155,151,156
MA17,71/09/18,172,191,209,218,215,204,184,161,138,120,112,121,141,166,190,209,216,210,197,180,163,149,140,141
MA17,71/09/19,156,176,198,214,221,216,202,181,156,134,119,118,132,157,183,206,221,220,208,188,168,148,133,130
MA17,71/09/20,142,162,187,210,223,225,214,196,171,146,128,121,130,148,178,202,219,225,213,195,169,147,126,115
MA17,71/09/21,118,132,159,186,207,217,215,202,182,157,132,120,121,135,159,185,207,215,209,194,169,143,121,108
MA17,71/09/22,107,116,139,165,192,207,212,204,187,169,149,134,127,137,157,181,202,215,217,203,183,155,130,111
MA17,71/09/23,101,103,121,145,172,194,205,203,192,178,163,149,139,143,158,178,200,215,218,208,191,167,143,122
MA17,71/09/24,108,102,112,132,157,180,191,205,200,192,180,167,157,155,163,177,197,212,222,220,207,187,159,135
MA17,71/09/25,118,108,110,122,141,164,185,197,201,195,184,174,166,163,166,176,191,206,216,218,208,192,169,146
MA17,71/09/26,127,113,108,115,130,147,167,181,189,191,187,183,179,175,178,187,199,212,225,230,224,214,195,173
MA17,71/09/27,150,133,121,117,123,136,150,166,179,185,189,189,186,184,183,186,190,196,202,207,207,199,189,175
MA17,71/09/28,157,143,130,120,118,121,128,138,151,162,171,178,183,185,186,188,190,191,193,195,198,195,191,183
MA17,71/09/29,173,161,147,135,127,121,122,128,136,146,158,168,176,183,189,193,192,187,183,182,184,185,188,186
MA17,71/09/30,184,180,169,156,140,127,118,114,115,125,140,157,174,186,196,199,197,187,178,171,167,167,173,180
MA17,71/10/01,186,190,185,175,159,139,123,110,102,104,117,137,161,179,194,201,200,191,178,167,158,156,162,176
MA17,71/10/02,192,205,213,212,196,176,153,134,117,112,118,135,163,189,210,223,223,210,192,172,153,144,148,158
MA17,71/10/03,178,200,217,225,221,205,179,150,127,110,108,120,142,173,199,217,223,214,190,165,142,123,115,123
MA17,71/10/04,146,172,197,217,228,219,198,172,143,122,111,115,130,158,189,214,227,224,203,176,146,119,102,101
MA17,71/10/05,117,145,178,208,231,235,225,202,176,154,133,129,139,160,189,213,233,236,219,194,159,126,101,088
MA17,71/10/06,091,112,145,179,212,231,232,219,198,175,156,145,147,160,184,209,231,239,231,210,178,142,112,090
MA17,71/10/07,084,095,119,153,187,213,225,223,211,194,176,163,158,165,179,201,223,233,231,216,189,157,121,095
MA17,71/10/08,079,080,094,119,150,180,200,207,204,194,179,169,162,166,177,194,212,225,229,221,200,175,146,117
MA17,71/10/09,096,084,089,105,128,155,179,193,200,198,191,183,177,176,181,192,208,220,228,226,215,197,173,149
MA17,71/10/10,124,109,103,106,119,141,162,180,192,196,198,193,192,189,189,197,207,217,224,227,223,212,197,177
MA17,71/10/11,158,141,127,121,124,134,150,167,183,193,198,200,203,203,203,205,211,217,221,223,222,217,209,196
MA17,71/10/12,181,168,153,144,138,137,142,152,145,176,185,193,199,202,203,201,199,196,193,196,199,202,199,193
MA17,71/10/13,185,176,164,151,139,130,127,129,136,147,160,171,181,186,189,190,186,182,177,174,171,174,178,179
MA17,71/10/14,183,182,175,165,151,139,128,121,121,130,144,158,174,183,191,193,187,181,173,176,161,161,166,176
MA17,71/10/15,184,191,195,189,180,167,150,139,132,135,143,158,176,190,202,206,203,192,178,164,153,148,154,166
MA17,71/10/16,179,192,202,203,195,182,163,146,133,129,136,151,171,189,203,210,208,198,180,161,145,136,138,148
MA17,71/10/17,166,184,200,209,209,197,180,161,143,132,132,144,163,184,202,213,213,200,180,159,136,121,117,125
MA17,71/10/18,141,163,186,201,208,204,189,169,149,135,128,135,152,172,194,210,213,202,183,160,136,115,103,107
MA17,71/10/19,120,143,170,192,206,209,198,181,161,143,133,133,146,166,188,205,214,206,190,166,139,115,099,094
MA17,71/10/20,103,126,154,179,203,214,209,195,177,159,145,140,148,164,185,204,216,213,201,177,148,121,100,089
MA17,71/10/21,092,107,133,161,188,203,208,201,185,168,155,145,146,158,177,198,211,212,203,185,158,130,105,090
MA17,71/10/22,084,095,118,146,174,195,205,204,193,180,166,157,154,161,178,196,212,217,212,199,175,148,120,100
MA17,71/10/23,090,093,107,132,160,184,200,208,205,192,181,172,166,168,177,193,208,216,218,208,189,164,137,114
MA17,71/10/24,097,095,102,119,141,165,187,197,199,194,184,176,170,169,176,185,199,209,212,209,194,173,148,124
MA17,71/10/25,105,094,094,104,120,139,158,173,184,184,177,172,169,166,167,175,186,194,201,201,193,181,163,142
MA17,71/10/26,124,111,105,107,118,132,149,165,179,185,190,187,184,181,181,185,190,195,199,201,198,189,176,160
MA17,71/10/27,143,128,115,109,109,116,126,139,155,167,175,178,181,181,180,179,179,179,180,181,182,178,174,166
MA17,71/10/28,155,142,127,115,107,103,107,115,128,142,154,164,172,175,177,174,169,162,158,155,157,161,164,165
MA17,71/10/29,162,156,145,131,119,109,103,104,112,124,142,158,171,179,181,178,170,160,150,143,142,147,156,166
MA17,71/10/30,174,178,174,163,150,135,121,113,114,122,139,159,181,196,204,202,192,176,160,147,139,140,152,168
MA17,71/10/31,185,199,206,202,189,173,154,137,128,129,142,159,182,200,212,213,202,180,155,131,113,107,114,130
MA17,71/11/01,152,174,192,200,195,181,161,140,123,116,120,135,156,177,195,203,197,178,148,120,093,078,077,090
MA17,71/11/02,114,145,173,194,202,197,182,161,140,126,123,130,149,171,191,205,206,189,162,127,093,068,057,061
MA17,71/11/03,080,112,147,176,197,204,197,181,160,143,134,134,146,167,188,205,214,205,183,150,113,080,057,052
MA17,71/11/04,064,090,125,160,190,207,213,203,188,171,157,151,156,171,190,210,222,222,206,180,144,108,077,060
MA17,71/11/05,057,073,100,132,166,193,208,211,200,184,170,160,159,169,183,201,213,220,212,194,163,128,094,068
MA17,71/11/06,055,059,078,105,137,164,184,194,194,185,175,165,157,160,175,189,203,211,214,202,182,154,122,095
MA17,71/11/07,9999,9999,9999,9999,118,146,172,188,197,195,188,178,172,172,179,191,202,210,215,211,199,179,152,127
MA17,71/11/08,102,9999,9999,9999,9999,130,152,173,183,187,185,180,172,166,168,174,182,190,196,197,190,180,162,141
MA17,71/11/09,120,103,091,9999,9999,111,129,147,162,173,176,172,167,162,159,161,165,170,175,177,176,173,165,153
MA17,71/11/10,138,123,110,103,103,109,120,134,149,161,171,176,173,168,164,160,159,160,163,165,167,169,169,164
MA17,71/11/11,157,146,134,124,116,114,117,126,137,150,162,170,173,172,167,160,154,147,142,141,143,147,152,155
MA17,71/11/12,156,152,145,136,126,117,112,117,126,137,150,162,170,173,171,162,152,139,129,124,122,127,134,143
MA17,71/11/13,152,156,155,149,140,129,120,116,120,128,140,154,167,174,176,170,157,142,126,115,109,110,120,134
MA17,71/11/14,148,162,169,169,163,153,142,133,130,135,144,159,173,185,191,191,177,158,138,121,109,105,113,127
MA17,71/11/15,146,163,180,188,190,180,166,152,143,141,147,158,174,189,201,202,192,171,148,125,105,098,100,110
MA17,71/11/16,130,153,175,189,192,186,174,160,145,136,138,147,160,177,190,196,189,171,147,121,098,080,076,085
MA17,71/11/17,102,127,155,176,187,190,182,169,154,143,138,142,154,170,185,196,195,180,158,130,102,081,070,073
MA17,71/11/18,086,110,139,164,184,194,192,180,167,152,142,143,153,169,184,199,204,196,175,149,117,093,072,9999
MA17,71/11/19,9999,093,122,151,176,192,196,189,176,161,148,143,148,162,177,193,203,201,185,159,130,097,074,063
MA17,71/11/20,065,079,102,130,156,177,188,189,181,169,156,150,149,160,173,188,199,202,192,173,146,118,089,9999
MA17,71/11/21,9999,9999,9999,115,142,165,183,191,188,176,166,156,154,159,170,184,197,204,202,190,168,139,112,090
MA17,71/11/22,077,076,087,106,133,159,181,194,198,193,181,172,163,162,168,178,189,197,200,194,177,155,127,104
MA17,71/11/23,082,074,076,087,107,129,153,171,182,184,177,169,159,154,155,163,173,182,189,190,180,166,145,123
MA17,71/11/24,101,086,081,085,098,116,138,157,172,180,182,175,166,159,156,158,166,174,181,184,183,177,163,145
MA17,71/11/25,125,109,097,092,097,108,125,144,162,174,181,182,175,168,161,156,154,157,161,165,170,171,166,157
MA17,71/11/26,144,130,115,105,100,104,114,130,146,160,173,180,181,176,169,158,148,142,140,141,149,156,161,163
MA17,71/11/27,159,149,137,126,116,110,112,120,134,151,166,177,183,182,177,165,150,137,129,125,129,138,150,161
MA17,71/11/28,167,169,164,155,143,131,125,124,131,142,159,173,183,188,185,174,157,136,118,105,104,110,125,142
MA17,71/11/29,160,172,180,176,167,155,143,136,136,143,155,170,184,193,195,187,168,143,117,096,085,085,094,113
MA17,71/11/30,136,160,176,185,184,175,161,147,139,139,145,158,174,188,196,194,179,154,121,091,070,9999,9999,078
MA17,71/12/01,104,134,162,180,190,187,177,165,149,142,143,153,167,182,194,199,189,168,136,100,067,047,040,048
MA17,71/12/02,069,100,133,161,180,190,187,177,163,151,145,148,159,176,191,201,202,189,162,129,093,9999,9999,9999
MA17,71/12/03,9999,9999,114,148,176,196,204,199,189,176,164,160,168,180,196,209,216,210,191,162,125,9999,9999,9999
MA17,71/12/04,9999,9999,9999,9999,155,178,193,196,187,173,159,148,146,156,170,187,197,200,191,171,141,105,071,047
MA17,71/12/05,036,043,063,090,123,153,174,186,184,176,163,152,146,149,160,174,189,199,199,187,167,139,105,078
MA17,71/12/06,060,053,064,085,114,141,168,184,192,190,177,167,156,153,159,172,186,197,202,197,186,165,138,108
MA17,71/12/07,085,073,073,083,104,129,153,173,184,187,180,169,157,149,146,153,162,172,181,183,176,165,144,123
MA17,71/12/08,101,085,078,081,094,114,135,156,171,178,176,169,157,148,142,141,145,152,160,167,167,162,152,138
MA17,71/12/09,121,106,095,093,101,113,129,145,160,172,176,172,163,153,144,140,138,140,144,150,155,157,154,147
MA17,71/12/10,136,124,114,108,107,113,122,136,150,161,166,165,160,151,141,132,125,122,122,124,130,135,138,140
MA17,71/12/11,138,133,126,118,114,116,121,130,143,155,164,168,167,162,153,143,132,121,117,116,120,127,137,145
MA17,71/12/12,151,156,154,148,144,139,139,144,150,161,169,176,179,176,168,157,142,128,115,106,104,109,119,131
MA17,71/12/13,142,151,154,153,148,142,137,135,138,145,153,162,167,170,166,157,142,123,104,089,083,083,094,107
MA17,71/12/14,125,140,153,159,160,155,148,143,140,143,152,160,169,177,177,171,158,139,117,097,083,079,085,101
MA17,71/12/15,121,143,163,177,183,182,175,166,158,156,159,166,175,185,192,190,178,160,134,107,087,075,073,082
MA17,71/12/16,101,124,151,169,179,181,175,166,154,146,144,150,160,173,183,186,179,163,141,113,085,067,057,062
MA17,71/12/17,080,104,133,158,176,186,186,178,165,155,148,148,157,170,182,190,189,177,155,125,096,069,054,050
MA17,71/12/18,060,081,111,140,166,183,189,184,175,161,149,145,152,163,178,189,197,190,172,146,115,085,060,048
MA17,71/12/19,052,067,094,126,155,178,190,193,183,170,158,147,146,159,172,186,196,198,187,168,138,106,077,056
MA17,71/12/20,048,057,077,105,136,163,183,189,185,173,157,142,136,141,153,168,182,189,185,170,148,119,088,065
MA17,71/12/21,051,051,065,090,117,145,170,183,187,180,168,153,144,142,148,161,176,190,193,185,169,145,115,087
MA17,71/12/22,067,059,065,080,104,131,158,174,182,181,170,155,141,134,134,142,155,169,178,180,174,158,136,108
MA17,71/12/23,088,074,071,078,096,119,145,166,179,183,177,165,150,139,134,135,141,153,164,172,173,167,153,133
MA17,71/12/24,112,097,087,087,097,113,135,156,171,180,179,169,155,140,128,122,123,130,140,151,158,161,158,146
MA17,71/12/25,131,117,107,103,106,116,131,150,167,179,183,180,168,155,142,130,122,122,125,134,145,155,160,161
MA17,71/12/26,157,148,139,131,130,133,142,156,173,185,193,194,188,177,162,145,131,120,115,117,125,138,149,159
MA17,71/12/27,164,165,161,155,150,147,150,155,164,176,186,192,193,186,175,159,140,125,112,106,108,118,133,148
MA17,71/12/28,163,175,182,183,176,168,165,162,166,173,179,187,190,189,181,166,145,118,095,078,070,071,081,101
MA17,71/12/29,124,144,161,171,174,170,164,158,155,156,161,167,175,180,180,173,155,129,102,076,058,050,054,069
MA17,71/12/30,093,121,146,165,176,179,175,167,160,156,158,164,174,185,194,195,183,163,134,103,075,057,050,058
MA17,71/12/31,078,107,141,170,190,203,205,195,184,175,169,171,178,190,203,212,209,194,169,136,100,072,054,051
