MA17,12/01/01,148,138,131,130,135,146,161,177,190,198,197,190,179,165,152,143,138,138,143,151,159,166,168,167
MA17,12/01/02,164,158,153,151,153,161,171,184,198,207,210,206,197,185,171,158,147,141,138,141,147,154,161,167
MA17,12/01/03,169,168,166,163,162,163,168,176,185,193,198,198,195,187,176,162,148,136,128,125,129,137,147,158
MA17,12/01/04,168,174,178,179,177,176,177,180,185,191,197,201,203,200,193,181,165,147,131,120,116,120,130,143
MA17,12/01/05,158,172,181,184,183,180,178,176,176,179,185,190,195,198,196,187,172,152,130,113,102,100,106,119
MA17,12/01/06,137,156,172,182,186,183,178,172,168,167,170,176,184,191,194,190,178,160,136,112,94,85,86,97
MA17,12/01/07,116,140,163,180,189,190,185,176,167,162,162,167,175,186,194,195,188,171,145,117,92,75,69,75
MA17,12/01/08,93,118,145,169,185,191,189,181,170,160,156,158,166,180,193,202,201,189,167,138,108,83,69,68
MA17,12/01/09,81,105,137,166,189,201,204,197,184,171,161,158,164,177,193,207,214,209,191,164,132,101,78,66
MA17,12/01/10,70,89,118,151,180,199,206,202,189,174,160,151,152,163,181,199,212,215,204,183,153,121,92,73
MA17,12/01/11,70,83,108,139,171,198,213,216,208,193,175,161,155,161,175,194,210,218,215,199,173,142,110,85
MA17,12/01/12,72,74,91,118,149,178,198,205,199,184,165,146,135,134,144,162,182,198,205,200,184,159,129,101
MA17,12/01/13,82,77,87,107,136,167,192,206,207,197,180,161,145,138,141,154,173,191,203,206,198,181,157,130
MA17,12/01/14,108,95,95,108,130,158,183,201,206,201,186,166,146,133,129,134,148,165,180,189,191,184,169,149
MA17,12/01/15,128,114,108,112,127,148,172,191,202,202,193,176,157,140,129,126,131,142,155,167,176,179,174,163
MA17,12/01/16,148,135,127,126,133,147,165,182,194,199,195,183,166,148,133,123,118,120,127,139,151,161,165,164
MA17,12/01/17,160,153,147,143,144,151,163,177,188,196,197,190,177,161,145,129,117,110,109,114,124,136,147,156
MA17,12/01/18,161,163,161,158,156,156,161,168,178,186,190,190,184,173,159,142,125,110,99,96,99,109,123,138
MA17,12/01/19,152,164,170,172,171,168,166,166,170,176,183,186,187,184,175,161,142,121,101,87,82,85,97,115
MA17,12/01/20,135,156,172,182,185,183,179,174,172,173,178,185,191,195,194,186,169,147,122,99,84,78,83,98
MA17,12/01/21,120,146,170,187,196,197,192,183,174,169,170,176,186,198,206,206,196,177,150,120,94,76,71,80
MA17,12/01/22,101,129,160,186,204,212,210,199,185,173,167,169,180,196,213,223,223,209,184,152,119,92,77,76
MA17,12/01/23,90,115,147,177,201,216,218,210,195,179,167,163,170,185,204,220,228,223,205,178,146,116,92,81
MA17,12/01/24,84,103,130,161,189,209,216,210,196,177,9999,9999,9999,9999,9999,9999,9999,9999,214,194,164,131,101,82
MA17,12/01/25,78,90,115,147,180,206,219,218,206,187,168,152,147,153,170,193,214,225,223,209,184,153,122,98
MA17,12/01/26,87,91,110,138,170,196,213,217,208,190,168,148,135,134,146,166,188,205,211,206,190,166,137,111
MA17,12/01/27,94,90,102,125,153,180,200,210,206,192,172,150,134,126,130,144,163,183,196,198,189,172,149,126
MA17,12/01/28,109,102,107,122,144,169,190,201,202,193,175,154,133,119,117,126,142,162,178,186,185,174,158,139
MA17,12/01/29,123,113,114,124,142,163,184,199,204,198,184,165,145,129,120,121,131,146,162,174,179,176,167,155
MA17,12/01/30,142,133,130,136,148,165,183,197,204,202,193,178,159,141,129,125,128,136,148,160,169,172,169,163
MA17,12/01/31,155,148,144,145,152,164,178,190,198,200,194,183,169,152,137,127,123,125,130,139,149,157,161,161
MA17,12/02/01,160,158,156,156,160,168,178,189,198,202,201,195,185,172,158,145,135,129,128,132,138,146,154,161
MA17,12/02/02,167,171,171,171,172,174,178,183,189,193,195,194,189,180,169,155,141,129,120,116,117,123,133,144
MA17,12/02/03,155,165,172,175,176,175,175,175,176,178,181,183,184,182,176,165,150,133,117,106,101,103,112,127
MA17,12/02/04,144,161,174,182,184,182,178,173,169,169,173,178,185,190,189,183,169,149,126,105,91,85,89,102
MA17,12/02/05,121,143,163,177,182,181,175,166,157,152,152,158,168,179,187,187,179,161,136,110,87,73,71,80
MA17,12/02/06,100,126,153,175,188,191,186,174,161,150,146,150,162,177,192,202,201,188,165,136,107,85,75,79
MA17,12/02/07,97,125,156,183,203,212,210,199,184,168,158,156,164,180,200,216,223,218,200,171,137,107,86,80
MA17,12/02/08,88,109,140,172,196,210,212,201,183,162,144,136,140,155,177,199,215,217,205,181,147,112,83,67
MA17,12/02/09,67,83,111,143,173,193,200,194,176,153,131,116,113,123,143,169,191,204,203,188,161,129,98,76
MA17,12/02/10,66,73,94,125,157,183,197,197,183,159,133,113,104,106,121,145,172,193,202,198,181,153,122,95
MA17,12/02/11,79,78,91,116,146,176,195,201,192,171,143,118,100,94,100,119,144,169,186,192,186,170,145,120
MA17,12/02/12,101,92,97,114,140,167,188,199,196,181,156,129,106,91,89,99,117,139,160,173,176,169,154,135
MA17,12/02/13,117,106,104,113,131,154,175,189,192,183,165,142,118,99,89,89,99,115,134,151,163,166,162,153
MA17,12/02/14,141,131,127,130,141,158,175,189,195,192,181,163,141,120,105,98,99,105,117,132,146,156,162,162
MA17,12/02/15,159,155,151,151,155,165,177,189,196,198,193,182,166,147,129,116,107,105,108,115,126,138,149,158
MA17,12/02/16,163,166,166,165,165,168,173,180,185,188,188,183,174,162,147,132,117,107,101,100,105,115,128,143
MA17,12/02/17,157,169,176,180,180,179,179,180,182,186,189,190,189,185,175,162,146,128,113,103,98,101,112,128
MA17,12/02/18,147,166,180,188,190,186,180,174,170,169,172,178,184,187,186,178,163,142,119,100,86,80,84,97
MA17,12/02/19,118,142,164,178,185,183,176,166,156,151,151,158,169,179,187,188,179,161,137,111,89,76,73,81
MA17,12/02/20,99,124,151,172,184,186,179,166,151,139,134,138,151,167,182,192,191,179,157,130,103,82,71,73
MA17,12/02/21,87,111,140,167,186,194,189,176,158,140,129,128,139,157,177,195,203,199,183,157,127,100,82,77
MA17,12/02/22,86,105,133,161,183,195,195,182,162,140,123,116,121,137,159,181,197,201,192,172,145,116,93,83
MA17,12/02/23,87,103,129,158,184,203,208,201,184,162,141,129,129,141,163,188,209,221,220,208,184,153,125,106
MA17,12/02/24,101,108,128,155,181,200,208,202,184,159,133,114,106,110,127,152,176,193,199,193,177,153,127,107
MA17,12/02/25,99,104,120,143,169,191,205,207,195,173,148,126,114,114,126,146,171,192,205,206,196,178,156,137
MA17,12/02/26,124,123,133,151,173,194,209,212,203,184,160,136,118,110,115,129,151,173,189,197,194,183,166,148
MA17,12/02/27,135,130,135,149,167,187,202,209,205,191,170,146,125,112,109,117,132,151,169,181,184,179,168,154
MA17,12/02/28,141,134,135,143,156,172,188,196,195,185,167,145,124,108,101,102,112,127,143,157,166,168,164,156
MA17,12/02/29,147,142,142,147,157,171,184,193,196,191,180,164,145,128,117,112,116,125,137,150,160,166,168,166
MA17,12/03/01,162,159,158,160,165,174,183,192,196,195,188,176,162,147,134,124,120,121,126,135,146,155,163,167
MA17,12/03/02,169,170,170,171,173,178,183,189,194,195,193,188,179,168,156,145,135,128,125,127,134,144,155,166
MA17,12/03/03,173,179,182,182,182,181,181,181,181,182,182,182,181,175,166,155,141,127,116,110,110,116,127,141
MA17,12/03/04,155,167,177,181,181,177,172,168,166,166,169,173,177,178,176,168,155,138,121,107,100,101,110,125
MA17,12/03/05,145,164,180,189,191,188,181,172,166,164,167,175,186,196,201,200,191,175,153,130,114,107,111,126
MA17,12/03/06,148,173,196,211,218,217,207,193,179,171,169,175,187,202,215,222,219,204,180,152,125,107,101,110
MA17,12/03/07,129,156,184,206,218,218,208,190,169,151,141,144,158,177,198,214,221,214,194,166,135,109,95,96
MA17,12/03/08,111,136,165,192,210,216,208,189,164,141,125,122,132,152,177,202,219,222,211,187,156,125,101,92
MA17,12/03/09,99,120,150,180,204,217,214,197,171,142,119,107,109,125,152,182,208,223,223,209,184,154,126,110
MA17,12/03/10,108,121,146,176,204,222,225,213,189,159,129,107,100,108,129,158,188,211,223,220,205,180,152,129
MA17,12/03/11,119,123,140,166,193,215,225,220,202,174,143,116,100,98,111,136,165,193,214,222,217,202,180,158
MA17,12/03/12,143,141,150,167,190,210,222,224,212,189,159,129,107,95,98,112,134,159,181,196,201,194,181,165
MA17,12/03/13,150,143,145,155,173,191,206,212,206,190,166,139,114,96,89,93,107,126,147,166,178,182,179,170
MA17,12/03/14,161,153,151,156,166,180,192,200,200,191,175,155,132,113,101,97,101,111,125,141,156,167,172,172
MA17,12/03/15,169,165,163,164,169,177,187,194,198,195,187,174,157,138,122,110,105,106,111,120,132,144,155,163
MA17,12/03/16,167,169,168,167,167,168,172,176,179,179,177,172,164,152,138,124,114,107,105,107,114,126,139,153
MA17,12/03/17,166,175,180,181,180,178,176,176,177,180,183,186,186,182,175,164,150,137,127,122,122,127,138,153
MA17,12/03/18,170,185,195,199,197,191,184,177,172,172,175,181,189,193,193,187,175,159,142,128,119,118,124,139
MA17,12/03/19,159,179,195,203,203,196,184,170,158,153,154,162,175,186,194,196,189,174,154,134,118,110,111,121
MA17,12/03/20,138,160,180,193,197,193,180,163,147,135,133,142,158,177,193,203,203,194,176,153,132,116,111,117
MA17,12/03/21,133,155,177,195,203,201,189,170,147,129,119,121,134,153,174,190,197,194,179,156,132,112,101,101
MA17,12/03/22,113,134,159,181,195,197,188,169,145,122,107,104,114,133,158,182,198,202,193,174,149,125,108,102
MA17,12/03/23,109,127,151,175,191,197,190,172,146,120,100,91,96,113,140,169,192,204,205,194,176,155,137,128
MA17,12/03/24,130,144,166,190,209,220,219,204,180,152,127,111,109,120,141,166,190,207,212,204,187,165,143,128
MA17,12/03/25,124,132,150,172,192,205,207,196,175,147,119,99,91,96,112,138,165,186,197,196,185,167,147,131
MA17,12/03/26,124,127,139,157,177,193,198,192,174,148,121,98,84,81,91,111,136,160,177,183,178,166,150,134
MA17,12/03/27,124,123,130,145,163,178,186,184,171,149,123,100,82,74,78,93,114,138,159,170,172,166,155,142
MA17,12/03/28,132,128,131,142,157,172,183,186,178,162,140,117,98,86,84,92,107,126,144,158,166,166,159,149
MA17,12/03/29,139,132,132,138,148,160,170,174,171,160,143,123,104,89,81,81,90,103,119,135,146,153,153,150
MA17,12/03/30,144,140,138,141,147,155,164,170,171,165,154,140,124,108,97,92,94,101,112,125,138,149,155,159
MA17,12/03/31,159,157,156,155,158,162,169,174,178,178,175,168,159,147,136,125,117,115,118,125,134,144,154,162
MA17,12/04/01,166,166,165,161,158,156,156,157,159,161,161,160,157,150,139,127,115,105,100,100,105,116,128,141
MA17,12/04/02,153,160,163,162,156,149,142,137,134,136,140,146,150,151,147,137,124,109,97,89,89,95,107,124
MA17,12/04/03,143,159,168,170,166,157,145,135,129,130,138,150,164,175,180,180,173,160,143,127,116,113,120,135
MA17,12/04/04,155,174,188,194,191,180,163,143,128,120,122,134,151,169,183,188,182,167,144,120,101,91,93,106
MA17,12/04/05,128,154,176,189,191,182,163,139,116,101,98,108,127,152,176,192,198,191,173,148,122,102,95,100
MA17,12/04/06,118,145,171,191,199,194,176,150,121,97,85,86,101,127,157,184,200,203,191,168,140,114,97,95
MA17,12/04/07,106,129,156,180,195,195,181,156,124,92,70,62,70,91,122,155,181,195,194,181,158,131,108,97
MA17,12/04/08,100,115,139,165,184,191,183,161,128,93,63,45,42,56,82,115,149,175,188,186,172,150,128,111
MA17,12/04/09,107,116,135,160,182,195,195,181,155,121,88,62,49,52,69,97,129,159,180,189,187,174,155,137
MA17,12/04/10,127,127,138,155,175,190,196,189,170,140,106,76,54,45,51,70,96,126,152,170,177,173,162,148
MA17,12/04/11,137,134,138,151,167,183,194,196,186,166,139,111,88,74,71,79,96,122,149,173,190,197,195,186
MA17,12/04/12,175,168,165,169,178,189,198,203,199,187,167,143,120,101,90,88,94,108,126,145,161,172,176,175
MA17,12/04/13,171,165,162,161,164,171,179,185,187,183,172,158,140,123,108,100,98,102,112,124,139,153,164,171
MA17,12/04/14,174,172,169,166,164,165,168,173,177,179,178,173,164,151,137,124,114,110,111,116,126,140,154,167
MA17,12/04/15,175,178,176,171,165,160,156,154,155,158,163,166,166,161,152,141,129,119,113,112,117,127,140,154
MA17,12/04/16,168,177,180,177,170,160,149,142,139,141,149,158,166,171,171,165,154,141,128,120,118,123,134,150
MA17,12/04/17,167,182,190,189,182,169,154,141,132,130,135,147,161,175,182,183,175,161,145,129,120,118,124,138
MA17,12/04/18,156,174,186,190,185,172,152,133,117,110,113,125,143,163,178,185,183,174,158,141,126,118,119,129
MA17,12/04/19,147,167,184,193,191,179,159,135,114,99,96,104,122,145,168,184,190,186,172,154,135,121,117,122
MA17,12/04/20,138,158,178,191,194,186,167,141,114,93,84,88,103,126,153,176,189,192,183,166,146,128,117,117
MA17,12/04/21,128,147,168,185,193,189,173,148,119,92,76,73,84,105,133,160,181,191,188,175,157,138,123,117
MA17,12/04/22,124,140,160,179,192,193,182,160,131,102,79,68,72,89,116,146,174,191,195,189,175,157,139,129
MA17,12/04/23,131,142,161,182,198,205,199,181,154,124,97,80,76,87,110,140,169,192,204,204,192,176,158,145
MA17,12/04/24,141,148,162,181,199,209,208,195,171,141,111,89,78,80,96,121,149,174,191,197,193,181,165,150
MA17,12/04/25,142,144,154,170,187,199,202,194,176,150,122,96,79,74,83,103,129,155,177,189,191,185,172,159
MA17,12/04/26,149,146,152,164,180,193,201,199,187,166,140,115,95,84,84,95,115,140,164,183,192,191,184,174
MA17,12/04/27,164,158,159,166,177,189,199,201,195,182,162,139,118,102,95,98,110,129,150,168,181,185,183,177
MA17,12/04/28,170,163,158,160,165,173,180,185,183,176,163,146,127,110,98,94,97,108,125,142,156,166,169,169
MA17,12/04/29,165,160,155,153,153,157,163,170,173,173,167,157,143,128,114,105,102,105,115,129,145,160,170,175
MA17,12/04/30,176,173,168,161,156,154,155,158,162,166,167,166,160,150,139,126,117,112,112,119,132,148,163,174
MA17,12/05/01,180,182,178,170,160,151,146,145,147,152,160,167,170,169,162,152,139,127,119,118,123,136,152,168
MA17,12/05/02,182,190,190,184,172,158,146,137,135,139,150,164,177,186,189,185,174,160,146,137,136,143,158,177
MA17,12/05/03,196,210,217,215,204,186,166,149,139,138,147,164,184,203,216,220,215,201,182,165,155,153,161,177
MA17,12/05/04,196,215,226,228,218,200,175,149,129,118,120,134,157,184,208,224,228,221,205,185,167,156,156,167
MA17,12/05/05,185,206,221,228,224,208,182,151,121,99,92,99,120,150,182,206,220,222,214,197,176,159,150,153
MA17,12/05/06,166,187,206,220,223,213,191,161,127,97,79,76,89,115,149,180,204,217,219,209,191,171,156,150
MA17,12/05/07,157,174,194,211,220,218,203,176,142,107,79,65,66,83,112,147,179,204,216,216,207,191,173,161
MA17,12/05/08,160,169,185,203,217,222,215,195,165,130,97,74,64,69,87,116,149,180,201,210,208,198,184,170
MA17,12/05/09,163,165,176,191,207,217,218,208,186,156,123,94,76,70,78,98,126,156,181,197,203,201,192,180
MA17,12/05/10,169,166,170,182,196,209,215,213,200,178,150,122,99,86,85,94,113,138,163,184,197,201,197,188
MA17,12/05/11,179,172,170,174,184,195,205,209,205,192,173,150,126,108,100,100,109,126,147,168,183,192,195,191
MA17,12/05/12,185,177,171,170,173,180,189,196,198,194,184,169,152,134,122,116,118,126,140,157,173,185,192,194
MA17,12/05/13,190,183,175,169,167,168,172,178,182,184,182,176,165,152,139,129,125,126,133,144,158,173,183,189
MA17,12/05/14,190,186,178,169,160,155,153,156,161,166,171,172,170,163,155,145,137,132,133,138,148,161,174,184
MA17,12/05/15,190,191,186,177,166,155,148,145,148,155,164,173,179,181,179,174,167,161,157,156,161,170,183,195
MA17,12/05/16,205,209,207,198,185,169,155,145,140,143,152,164,176,186,190,188,182,173,164,158,157,161,170,183
MA17,12/05/17,195,204,206,201,189,171,152,135,124,122,130,144,161,178,191,197,195,188,177,166,160,160,166,177
MA17,12/05/18,191,203,211,210,199,182,161,138,121,112,115,127,145,167,185,197,201,196,184,171,158,151,152,160
MA17,12/05/19,172,186,197,201,195,180,157,131,108,92,88,96,114,138,162,181,192,193,186,173,159,149,145,150
MA17,12/05/20,161,175,189,198,198,186,166,139,113,91,79,81,95,118,145,170,188,195,193,182,168,155,147,147
MA17,12/05/21,155,169,185,197,201,195,178,152,123,97,80,74,82,101,128,156,180,193,196,190,177,162,150,145
MA17,12/05/22,149,161,178,193,203,202,191,169,141,112,89,78,80,94,118,147,175,194,203,202,193,179,165,157
MA17,12/05/23,157,165,180,196,210,215,209,191,165,136,109,90,84,91,109,135,162,186,200,204,200,188,174,162
MA17,12/05/24,158,162,172,187,201,209,209,197,176,147,118,95,83,83,95,117,144,171,191,200,200,192,180,166
MA17,12/05/25,157,157,164,176,191,202,207,201,186,163,136,111,94,87,91,105,129,155,177,192,199,196,187,173
MA17,12/05/26,163,158,160,167,179,190,199,200,191,175,153,130,109,96,93,99,115,136,159,178,189,192,186,176
MA17,12/05/27,164,156,153,156,163,173,183,189,188,179,164,145,125,109,100,99,107,123,143,163,178,186,185,179
MA17,12/05/28,169,159,151,148,150,156,164,172,176,175,168,157,142,126,113,106,106,114,128,146,163,175,181,180
MA17,12/05/29,173,163,152,143,138,138,143,150,158,163,165,162,154,142,130,119,114,115,122,135,151,167,178,183
MA17,12/05/30,181,174,162,149,137,130,127,130,138,147,156,163,164,160,151,141,131,124,123,129,140,154,169,179
MA17,12/05/31,184,181,171,155,138,123,113,109,111,120,134,150,163,169,169,163,153,141,133,131,135,147,162,176
MA17,12/06/01,186,190,184,171,152,131,111,97,92,96,108,128,149,167,178,181,175,163,149,138,135,139,151,166
MA17,12/06/02,180,191,193,184,166,142,117,94,78,73,80,98,123,150,173,187,191,184,171,156,144,140,145,158
MA17,12/06/03,175,190,200,200,188,166,137,107,80,64,61,73,96,125,156,181,196,199,191,177,161,149,146,152
MA17,12/06/04,165,183,198,205,202,186,159,126,93,67,53,53,68,94,127,160,185,199,200,191,176,160,150,149
MA17,12/06/05,157,172,189,204,209,203,184,153,118,84,59,9999,9999,71,100,134,166,190,202,201,191,176,163,155
MA17,12/06/06,157,169,186,205,219,223,214,193,162,127,94,72,65,73,92,121,153,182,202,209,204,191,175,161
MA17,12/06/07,155,158,169,185,201,211,210,198,174,142,108,80,64,62,73,95,124,154,179,194,197,190,177,162
MA17,12/06/08,152,149,155,168,184,197,204,201,187,164,136,108,87,77,78,91,113,140,167,187,196,195,186,173
MA17,12/06/09,160,151,150,156,169,184,197,202,198,184,164,142,121,106,102,108,124,145,168,189,202,206,202,192
MA17,12/06/10,178,166,158,158,164,175,187,196,198,192,179,162,144,127,117,115,122,136,154,173,187,196,196,189
MA17,12/06/11,178,165,153,146,145,150,159,169,176,178,174,165,153,140,129,124,126,134,147,163,177,188,192,190
MA17,12/06/12,183,172,159,149,142,140,144,152,161,168,172,171,166,158,149,143,140,142,149,160,173,185,193,195
MA17,12/06/13,192,183,171,156,143,135,132,135,141,149,157,164,166,165,161,155,149,146,147,153,162,173,182,188
MA17,12/06/14,189,185,175,161,145,130,119,115,116,123,133,145,156,163,165,163,158,153,150,151,155,162,171,179
MA17,12/06/15,185,186,180,168,152,133,116,104,99,102,112,127,143,158,168,172,172,167,160,155,153,157,164,175
MA17,12/06/16,184,190,190,183,168,149,128,109,98,95,102,118,138,158,175,185,189,186,179,170,163,161,165,174
MA17,12/06/17,186,198,204,203,192,173,150,125,105,94,95,107,126,150,171,188,197,198,191,180,170,163,162,168
MA17,12/06/18,179,192,202,205,199,183,159,131,105,87,80,85,103,128,154,177,193,198,194,185,173,162,155,157
MA17,12/06/19,165,180,194,204,205,195,174,147,117,93,78,77,89,111,140,168,192,206,212,208,199,189,181,179
MA17,12/06/20,187,197,204,213,218,213,197,172,141,111,88,78,83,101,127,157,183,202,210,207,197,183,168,158
MA17,12/06/21,157,165,179,195,207,210,202,181,153,121,92,74,70,80,103,133,163,186,200,202,194,181,166,154
MA17,12/06/22,149,154,167,184,201,213,213,199,173,141,110,85,73,76,93,119,151,179,198,206,203,192,176,161
MA17,12/06/23,151,150,158,173,189,203,208,203,186,160,131,104,86,80,87,107,135,163,186,199,201,194,180,164
MA17,12/06/24,152,145,147,157,172,189,201,203,194,175,151,125,104,92,92,104,125,151,176,195,204,202,191,175
MA17,12/06/25,159,148,144,147,157,172,187,196,196,186,168,147,125,109,101,106,120,141,164,184,196,198,192,178
MA17,12/06/26,162,147,138,135,139,149,162,174,181,180,171,156,140,124,112,109,116,130,150,171,186,194,193,183
MA17,12/06/27,168,152,138,129,127,131,141,152,162,169,170,165,154,142,130,124,123,128,140,157,173,186,191,188
MA17,12/06/28,178,163,147,132,122,117,119,127,139,151,161,167,168,163,155,147,142,141,146,157,170,184,193,196
MA17,12/06/29,192,182,166,148,130,118,111,110,117,129,144,159,171,177,176,171,164,158,156,158,165,176,188,197
MA17,12/06/30,200,196,184,165,144,122,105,94,93,100,116,135,156,172,182,185,181,174,168,164,164,169,179,190
MA17,12/07/01,199,203,198,184,164,139,114,94,82,81,90,108,133,159,180,193,197,193,183,174,168,169,176,187
MA17,12/07/02,199,210,215,208,192,167,139,112,89,76,76,88,111,140,168,191,203,205,199,187,175,166,165,172
MA17,12/07/03,185,200,211,216,209,191,164,132,101,77,65,69,86,113,146,177,199,211,212,202,188,174,165,166
MA17,12/07/04,175,189,205,217,221,213,191,160,124,91,69,60,68,88,118,152,181,201,209,205,192,175,162,154
MA17,12/07/05,157,170,187,204,217,219,208,184,152,116,87,69,67,79,103,136,169,194,208,211,203,187,168,153
MA17,12/07/06,149,156,171,189,207,218,217,203,178,145,113,88,77,80,96,122,151,180,202,211,210,198,181,164
MA17,12/07/07,154,154,164,180,198,214,222,219,204,177,146,118,100,95,103,122,147,176,199,212,213,204,188,168
MA17,12/07/08,153,145,146,155,171,188,202,205,197,180,157,133,113,103,103,114,134,158,181,198,204,200,187,170
MA17,12/07/09,152,139,135,139,150,165,181,190,191,182,167,149,131,118,113,118,131,150,171,189,200,201,193,179
MA17,12/07/10,161,146,136,132,136,146,160,172,179,179,171,159,146,134,127,127,134,148,165,181,193,198,194,184
MA17,12/07/11,168,152,138,129,127,131,140,151,160,166,166,162,155,146,139,136,139,147,160,173,186,193,195,190
MA17,12/07/12,179,165,150,137,129,127,129,137,146,154,161,164,164,161,157,154,153,156,163,173,183,192,197,197
MA17,12/07/13,191,180,166,150,136,127,122,123,129,138,148,157,164,168,168,166,164,163,165,170,177,183,190,194
MA17,12/07/14,194,189,179,164,147,131,119,112,112,119,130,143,156,166,172,175,173,170,167,166,168,173,179,184
MA17,12/07/15,188,189,184,171,154,135,118,104,98,98,107,122,140,156,170,177,178,174,168,162,160,163,168,175
MA17,12/07/16,182,188,188,182,169,149,126,106,91,85,89,102,121,143,164,178,184,182,175,166,159,157,159,166
MA17,12/07/17,176,186,192,192,183,165,141,115,93,80,78,87,105,129,155,175,187,189,183,173,162,153,151,154
MA17,12/07/18,164,176,188,194,192,179,156,128,100,79,69,72,88,113,140,166,185,194,191,182,169,156,149,149
MA17,12/07/19,157,171,187,200,205,200,183,156,125,97,79,73,82,103,132,161,186,200,203,195,180,163,150,144
MA17,12/07/20,148,160,177,194,206,209,199,176,144,112,86,73,75,89,114,145,174,195,203,199,187,170,152,140
MA17,12/07/21,139,149,167,187,205,214,210,194,167,134,104,84,79,88,107,134,164,189,204,207,199,182,160,142
MA17,12/07/22,134,137,151,170,190,206,211,203,184,155,124,99,86,87,100,123,152,179,199,208,204,189,167,146
MA17,12/07/23,133,131,138,151,170,189,203,205,194,174,148,122,103,95,101,117,142,169,193,207,208,197,178,157
MA17,12/07/24,139,129,127,134,149,167,185,195,195,185,166,143,123,111,109,117,134,158,181,198,205,201,187,167
MA17,12/07/25,147,131,122,121,129,144,162,176,184,183,175,162,147,133,126,128,138,154,175,193,205,207,198,181
MA17,12/07/26,161,143,128,119,119,128,142,158,170,179,181,176,168,157,148,144,148,158,173,189,202,209,207,196
MA17,12/07/27,178,158,138,122,113,113,120,131,146,160,172,177,177,174,170,165,162,162,168,179,190,199,203,201
MA17,12/07/28,192,177,159,139,122,110,106,110,119,132,148,163,174,180,181,179,176,173,173,176,183,192,200,203
MA17,12/07/29,200,193,179,160,140,122,107,100,102,111,125,144,163,179,189,194,193,188,182,177,178,183,191,198
MA17,12/07/30,205,206,201,187,167,144,121,102,91,90,99,117,140,163,183,196,200,196,188,179,172,170,174,184
MA17,12/07/31,195,205,209,203,188,164,137,109,87,76,78,90,112,140,167,188,200,202,196,184,171,163,162,169
MA17,12/08/01,183,199,210,214,207,191,165,134,106,84,73,76,93,119,149,176,195,203,201,191,177,163,155,157
MA17,12/08/02,169,187,205,216,219,210,189,159,126,97,78,73,82,104,134,166,193,208,209,198,180,160,144,138
MA17,12/08/03,145,162,183,203,216,217,205,181,149,115,89,76,79,94,119,150,179,199,207,201,186,165,145,132
MA17,12/08/04,131,143,163,185,205,215,213,197,170,139,111,92,85,93,113,141,170,193,206,205,194,174,152,134
MA17,12/08/05,126,130,145,168,190,207,212,206,188,162,135,113,101,102,115,138,166,191,207,212,204,188,165,144
MA17,12/08/06,130,125,132,150,174,194,206,208,197,177,154,132,118,114,121,138,161,186,205,214,211,198,177,155
MA17,12/08/07,136,126,126,137,155,175,192,199,196,184,167,149,134,126,128,139,159,180,198,208,210,202,186,165
MA17,12/08/08,145,131,125,127,138,154,172,184,188,184,173,158,144,135,134,141,155,172,189,202,207,204,193,176
MA17,12/08/09,157,139,126,123,128,139,154,169,178,182,180,172,163,157,155,158,166,177,190,201,209,209,201,189
MA17,12/08/10,173,156,143,134,131,134,143,155,165,171,174,173,169,164,161,162,167,175,184,193,200,203,201,194
MA17,12/08/11,183,168,153,139,129,125,126,132,141,151,159,164,168,170,171,171,172,174,179,185,192,196,197,195
MA17,12/08/12,189,179,167,154,141,130,124,124,128,135,144,155,164,171,176,178,179,179,179,180,184,188,191,194
MA17,12/08/13,195,190,182,169,153,137,124,115,113,117,128,143,157,170,179,183,182,178,173,169,168,170,175,181
MA17,12/08/14,188,191,188,179,164,145,125,107,96,94,100,115,134,154,170,181,184,179,170,160,154,152,155,162
MA17,12/08/15,172,182,188,186,175,155,132,108,89,79,79,92,112,137,160,178,185,183,174,161,150,143,143,149
MA17,12/08/16,162,177,190,196,191,175,151,124,98,80,74,80,98,124,153,177,192,194,186,171,154,141,136,140
MA17,12/08/17,153,171,189,202,204,196,176,147,116,89,74,73,87,111,142,171,192,198,193,178,158,141,129,126
MA17,12/08/18,135,152,174,195,207,206,191,165,134,104,81,73,79,99,128,159,184,198,197,185,165,142,124,115
MA17,12/08/19,118,132,155,179,198,207,203,186,158,126,99,83,81,92,117,148,178,198,204,197,179,155,130,113
MA17,12/08/20,109,117,136,161,186,204,209,201,180,151,121,99,90,95,112,139,168,192,205,203,190,167,140,117
MA17,12/08/21,105,105,115,136,163,188,203,204,192,170,144,120,106,104,114,133,160,186,203,208,199,179,153,128
MA17,12/08/22,109,100,103,117,140,164,184,194,193,182,164,144,128,122,125,138,157,179,198,207,205,190,168,143
MA17,12/08/23,122,108,102,106,120,138,159,175,183,182,174,161,148,140,137,143,156,174,191,203,206,199,183,162
MA17,12/08/24,139,119,106,102,107,120,137,153,166,173,172,168,161,155,152,153,160,171,184,196,203,203,195,179
MA17,12/08/25,159,138,121,109,106,109,118,130,144,156,164,169,170,168,166,166,168,172,180,189,197,200,199,190
MA17,12/08/26,178,162,144,127,114,106,105,110,120,132,146,158,167,172,173,173,172,171,172,175,181,187,190,190
MA17,12/08/27,186,178,166,150,132,116,104,97,99,108,122,139,156,171,181,184,182,177,172,168,167,169,174,181
MA17,12/08/28,186,187,184,172,154,133,114,99,91,91,100,117,140,163,181,190,192,187,177,166,157,155,160,168
MA17,12/08/29,179,189,194,192,180,160,136,113,96,88,91,104,126,152,176,193,200,198,187,172,158,149,147,154
MA17,12/08/30,168,185,199,205,200,185,161,133,108,91,87,94,112,139,168,192,205,206,196,179,160,144,137,140
MA17,12/08/31,153,172,192,208,213,206,186,158,128,105,92,91,103,127,156,183,202,209,203,186,165,145,131,127
MA17,12/09/01,136,155,178,201,216,217,205,182,153,123,101,93,101,120,147,177,201,214,213,199,176,150,127,115
MA17,12/09/02,118,136,163,191,212,221,217,202,177,147,119,102,101,115,141,172,199,216,220,211,191,164,138,119
MA17,12/09/03,114,124,146,175,200,216,219,210,192,167,141,123,116,122,140,166,192,212,219,213,197,172,143,118
MA17,12/09/04,105,106,121,146,174,197,211,212,200,179,156,137,126,125,137,160,185,205,216,215,203,181,152,125
MA17,12/09/05,106,99,106,126,151,175,192,198,194,181,162,144,131,128,136,152,174,194,207,211,205,190,166,140
MA17,12/09/06,120,108,108,119,139,163,183,194,196,190,178,164,151,144,147,157,172,188,203,210,208,197,179,158
MA17,12/09/07,137,122,114,115,126,144,163,176,182,181,177,168,158,152,152,159,171,185,197,203,203,196,182,164
MA17,12/09/08,145,129,118,113,115,126,140,154,165,170,170,167,162,159,158,160,166,175,185,193,197,194,186,173
MA17,12/09/09,159,144,131,122,118,122,131,141,152,162,168,171,171,170,169,169,171,174,179,185,188,190,187,182
MA17,12/09/10,173,162,150,138,129,123,123,128,136,146,156,165,171,176,179,180,179,179,179,181,184,187,189,189
MA17,12/09/11,186,180,171,160,147,134,126,123,126,134,147,161,175,186,192,194,192,188,183,179,179,181,185,190
MA17,12/09/12,193,194,190,180,165,148,133,122,117,120,130,147,166,184,196,201,200,194,183,172,165,163,166,175
MA17,12/09/13,186,195,199,196,185,167,145,124,110,106,114,130,153,176,195,206,209,203,189,172,157,148,149,160
MA17,12/09/14,176,193,206,211,204,187,164,137,114,101,101,114,136,163,188,205,212,207,193,174,154,139,134,143
MA17,12/09/15,162,185,205,219,222,212,190,161,131,108,98,103,122,151,183,208,220,219,206,184,158,134,120,122
MA17,12/09/16,138,165,193,215,226,225,211,185,154,124,103,99,113,141,172,201,219,222,211,189,162,132,109,99
MA17,12/09/17,109,133,163,192,213,222,219,202,174,143,118,107,113,133,162,192,215,224,220,201,174,144,116,97
MA17,12/09/18,94,109,137,170,200,219,225,218,198,171,144,125,118,127,151,182,209,225,226,214,192,163,132,106
MA17,12/09/19,92,96,117,146,176,201,216,218,209,191,168,148,136,136,148,170,196,216,224,220,203,178,146,117
MA17,12/09/20,98,90,96,115,142,170,192,204,206,197,182,165,150,144,149,165,187,207,220,222,212,192,165,137
MA17,12/09/21,112,96,92,100,119,144,168,185,194,195,189,179,169,161,160,167,181,196,210,216,214,203,185,162
MA17,12/09/22,138,118,106,105,114,129,148,167,182,191,193,191,186,180,176,177,183,193,204,212,215,212,201,185
MA17,12/09/23,166,147,132,123,121,127,139,156,172,185,195,201,204,204,202,201,202,204,210,217,222,222,219,210
MA17,12/09/24,198,183,167,151,140,135,137,145,157,171,186,199,208,211,212,208,204,200,198,199,203,207,210,210
MA17,12/09/25,206,198,186,172,157,144,135,133,137,147,161,177,192,202,208,208,203,195,186,181,180,184,190,197
MA17,12/09/26,203,204,200,189,175,158,142,130,124,127,140,159,179,195,205,209,206,197,185,173,165,164,169,181
MA17,12/09/27,195,207,212,208,197,180,159,138,123,119,128,147,171,194,211,220,219,208,192,175,162,156,158,170
MA17,12/09/28,189,211,227,233,228,215,195,172,152,141,141,154,175,200,223,237,241,234,217,194,170,152,145,152
MA17,12/09/29,171,197,222,238,242,234,215,189,163,144,137,143,161,187,212,231,242,241,224,197,168,144,132,135
MA17,12/09/30,153,179,205,225,235,235,222,199,173,151,138,138,151,174,201,225,242,244,232,208,177,148,126,117
MA17,12/10/01,127,151,182,210,229,236,230,212,187,162,142,136,144,163,188,212,229,234,226,205,175,142,115,102
MA17,12/10/02,104,121,150,180,205,220,223,215,197,173,151,137,137,149,169,192,211,221,219,203,178,147,118,99
MA17,12/10/03,94,105,128,158,187,209,221,218,205,186,165,152,151,160,178,200,221,233,234,225,206,180,153,129
MA17,12/10/04,115,118,135,159,185,208,223,226,221,210,194,179,171,172,183,200,218,232,237,231,215,192,165,138
MA17,12/10/05,121,116,124,143,167,189,205,212,212,205,193,181,172,171,179,192,207,218,224,223,212,194,172,149
MA17,12/10/06,131,121,121,131,148,167,185,197,202,201,195,187,179,176,179,188,199,209,216,219,213,200,183,163
MA17,12/10/07,144,132,126,127,137,152,168,180,189,191,189,185,180,177,177,181,188,196,203,206,204,197,185,170
MA17,12/10/08,154,140,130,126,129,139,152,165,175,182,185,186,184,182,181,182,185,189,193,197,198,196,190,181
MA17,12/10/09,170,158,147,139,135,136,143,154,165,175,183,189,192,193,193,192,192,192,192,193,194,195,194,191
MA17,12/10/10,186,179,170,159,149,141,139,141,149,160,172,182,190,194,196,194,190,186,181,177,177,179,184,189
MA17,12/10/11,193,193,187,178,166,154,143,139,142,151,164,180,193,203,207,205,198,187,175,166,161,163,171,181
MA17,12/10/12,191,199,201,195,181,165,148,135,129,133,146,165,184,199,207,208,200,186,170,154,143,141,148,162
MA17,12/10/13,178,193,203,204,195,179,158,138,125,121,129,147,170,192,207,213,207,192,171,149,131,121,123,136
MA17,12/10/14,158,181,201,212,211,200,180,156,135,123,123,135,157,181,202,213,213,201,179,152,127,109,103,112
MA17,12/10/15,133,161,188,209,220,217,204,183,159,139,128,132,150,175,200,218,224,216,196,167,134,106,90,88
MA17,12/10/16,103,130,162,192,212,220,213,196,172,149,132,127,137,158,185,209,223,222,205,178,145,113,90,79
MA17,12/10/17,84,104,135,169,200,219,224,215,199,179,160,149,150,163,186,212,232,237,227,205,176,143,115,96
MA17,12/10/18,90,98,120,151,183,209,223,226,218,203,184,168,161,167,182,203,224,236,234,220,196,164,131,104
MA17,12/10/19,90,89,101,125,154,182,202,213,212,203,190,178,169,167,175,188,203,216,221,215,200,176,147,119
MA17,12/10/20,97,87,89,101,122,148,171,187,195,194,189,181,173,169,171,181,192,204,211,211,203,187,166,142
MA17,12/10/21,119,103,97,100,112,130,150,168,180,184,185,181,176,172,171,174,179,187,194,198,196,188,175,159
MA17,12/10/22,141,124,112,106,107,116,130,146,160,170,176,179,179,178,176,174,175,176,180,185,188,188,185,178
MA17,12/10/23,168,155,143,132,126,126,132,144,159,172,184,193,197,198,197,192,186,182,181,182,183,185,187,188
MA17,12/10/24,184,177,167,154,142,133,129,131,139,150,164,176,186,189,188,182,173,163,155,151,151,156,164,172
MA17,12/10/25,178,179,176,167,155,142,132,126,128,136,149,165,179,190,194,190,181,167,154,143,138,139,147,160
MA17,12/10/26,173,184,188,186,177,164,150,139,133,136,146,161,179,194,202,201,191,175,156,138,125,121,127,142
MA17,12/10/27,160,178,191,195,191,178,162,146,135,130,136,150,169,187,201,205,198,182,159,135,116,106,108,121
MA17,12/10/28,141,166,187,199,201,194,180,163,147,138,139,150,167,187,205,215,214,200,177,151,127,110,106,114
MA17,12/10/29,134,161,188,209,219,218,206,189,170,155,149,153,167,187,207,222,227,218,197,167,137,112,100,101
MA17,12/10/30,115,141,170,197,216,223,218,204,187,170,158,156,165,182,204,221,230,227,212,187,155,126,106,98
MA17,12/10/31,105,125,154,184,207,221,224,216,201,183,168,161,164,176,194,214,227,230,220,199,170,139,114,98
MA17,12/11/01,97,112,137,167,193,212,219,216,206,191,175,165,163,171,188,208,225,232,227,210,184,154,126,104
MA17,12/11/02,94,100,118,145,172,194,207,210,204,192,178,165,158,159,169,187,203,213,213,202,183,156,128,104
MA17,12/11/03,90,88,98,119,146,171,188,197,197,189,178,165,155,153,161,175,191,203,208,203,189,168,142,117
MA17,12/11/04,99,90,94,109,133,158,180,193,196,191,183,172,163,158,160,168,180,192,200,199,190,174,153,131
MA17,12/11/05,111,97,93,100,117,139,160,177,186,189,185,177,169,164,163,167,175,184,192,196,192,184,170,153
MA17,12/11/06,135,121,113,113,120,135,155,174,188,195,196,192,186,181,177,176,178,183,189,195,198,196,188,176
MA17,12/11/07,163,150,137,130,129,137,150,166,181,192,199,201,199,193,186,179,175,173,175,179,183,186,185,182
MA17,12/11/08,174,165,153,142,134,131,135,146,160,173,185,191,194,191,186,177,168,159,153,153,157,164,171,176
MA17,12/11/09,177,174,167,155,143,134,129,132,141,156,171,185,194,198,195,187,173,157,144,136,135,141,152,165
MA17,12/11/10,176,183,182,174,161,147,136,130,132,141,157,174,189,199,200,193,177,157,136,120,114,117,128,146
MA17,12/11/11,165,182,191,191,184,169,152,138,131,133,144,163,184,200,208,207,195,174,149,125,108,102,110,130
MA17,12/11/12,155,180,200,211,213,205,191,173,159,154,159,174,193,212,225,229,220,200,170,138,112,96,94,107
MA17,12/11/13,131,162,190,209,218,217,205,187,168,155,152,160,177,197,216,228,227,210,182,146,112,86,72,76
MA17,12/11/14,98,130,166,198,220,230,226,213,193,174,161,159,169,189,212,230,236,228,206,171,133,99,74,64
MA17,12/11/15,72,97,130,164,193,213,220,216,204,186,170,161,162,176,196,216,228,228,215,189,153,116,85,63
MA17,12/11/16,58,69,95,127,160,186,202,207,201,190,175,160,155,161,176,194,209,217,213,196,169,135,101,76
MA17,12/11/17,61,62,77,104,137,169,193,207,209,202,191,179,171,171,181,197,216,229,234,229,212,185,152,121
MA17,12/11/18,98,88,90,106,130,157,181,198,206,205,198,186,175,168,168,176,188,200,207,206,198,182,158,131
MA17,12/11/19,108,92,86,91,106,127,151,172,185,191,191,185,176,168,164,165,173,184,194,199,198,191,178,161
MA17,12/11/20,143,126,115,113,119,132,150,169,185,196,200,198,191,183,175,170,169,171,177,183,187,187,182,172
MA17,12/11/21,159,144,132,124,123,129,139,153,167,180,187,190,187,181,171,162,154,151,152,157,163,169,172,171
MA17,12/11/22,168,161,151,141,136,136,141,150,163,175,185,192,193,189,182,172,161,150,144,143,147,155,164,171
MA17,12/11/23,175,176,172,164,157,151,150,154,163,174,186,196,203,204,199,189,174,158,145,137,136,141,152,165
MA17,12/11/24,176,184,186,183,176,169,161,157,158,165,175,187,197,203,202,193,179,160,139,123,114,115,124,139
MA17,12/11/25,156,172,183,187,184,175,165,156,152,154,161,173,186,197,201,198,186,166,142,120,106,101,107,123
MA17,12/11/26,144,167,187,198,200,195,185,175,168,166,171,183,198,213,224,227,221,204,178,150,126,113,111,122
MA17,12/11/27,142,167,190,206,214,211,201,187,173,164,162,168,179,194,207,212,207,191,168,138,109,89,80,86
MA17,12/11/28,103,128,155,179,194,199,193,182,168,156,150,152,163,178,195,206,208,198,179,152,121,95,80,77
MA17,12/11/29,89,113,142,171,193,205,206,198,184,169,157,154,160,173,189,204,210,206,190,164,134,104,81,71
MA17,12/11/30,76,94,121,151,177,194,200,196,183,168,155,148,151,162,178,195,207,210,200,179,151,122,97,81
MA17,12/12/01,78,89,111,140,169,192,205,207,199,184,169,157,154,160,172,187,200,206,201,186,162,133,105,84
MA17,12/12/02,75,78,93,117,146,171,189,196,192,181,167,155,149,150,160,175,190,201,203,194,177,153,125,101
MA17,12/12/03,86,83,91,110,136,163,184,196,198,191,179,166,157,155,161,172,186,198,204,201,189,172,150,128
MA17,12/12/04,111,102,104,116,136,161,185,202,210,209,201,189,178,171,170,176,184,194,201,203,197,184,166,145
MA17,12/12/05,125,110,105,110,122,141,162,180,191,193,189,180,170,161,156,156,160,167,176,183,185,180,170,156
MA17,12/12/06,141,127,118,116,121,135,154,174,190,198,198,192,183,172,163,157,155,156,161,167,173,175,173,166
MA17,12/12/07,156,144,134,126,123,127,137,152,167,180,187,188,183,173,162,151,142,137,137,141,148,156,161,164
MA17,12/12/08,163,159,152,145,138,136,141,151,164,178,190,197,197,192,182,168,152,138,129,125,128,137,149,161
MA17,12/12/09,169,172,170,164,156,148,144,146,154,166,179,190,197,198,191,178,159,139,121,110,107,112,125,144
MA17,12/12/10,163,178,186,186,180,169,159,152,152,158,169,182,194,201,200,190,171,146,121,101,90,89,98,117
MA17,12/12/11,141,165,184,194,195,187,175,162,153,152,159,172,187,200,207,203,187,161,130,102,80,68,70,84
MA17,12/12/12,108,138,167,188,198,198,188,174,160,151,151,159,173,189,203,208,201,181,150,115,83,61,51,57
MA17,12/12/13,76,105,139,169,191,201,199,188,171,157,148,148,158,175,193,206,208,197,172,137,100,68,48,41
MA17,12/12/14,51,75,108,143,174,194,201,196,182,166,152,146,149,162,180,199,210,210,195,167,131,94,65,48
MA17,12/12/15,46,60,88,123,158,186,204,208,201,187,172,161,158,166,182,201,218,226,221,203,174,140,106,81
MA17,12/12/16,69,71,87,115,149,180,204,214,212,200,182,166,154,153,162,177,195,208,211,204,185,157,125,97
MA17,12/12/17,78,71,78,97,124,154,181,198,204,199,186,169,155,149,152,163,178,193,203,204,196,179,156,131
MA17,12/12/18,110,98,98,108,127,153,179,200,211,213,204,191,176,164,159,161,170,182,193,199,198,190,174,154
MA17,12/12/19,133,117,110,112,122,139,160,180,193,198,195,186,172,158,147,142,144,150,160,169,173,173,166,154
MA17,12/12/20,140,126,116,113,118,129,145,162,177,186,187,181,171,158,145,136,131,132,137,143,150,155,157,153
MA17,12/12/21,146,137,129,124,124,129,139,152,165,175,179,178,172,162,150,137,127,121,120,123,130,138,145,151
MA17,12/12/22,153,152,149,146,144,146,152,161,172,183,193,197,197,190,180,167,153,141,131,127,128,134,142,152
MA17,12/12/23,160,165,167,166,162,159,158,159,163,170,178,184,186,186,181,170,155,138,122,112,109,112,122,136
MA17,12/12/24,151,165,175,178,176,172,166,162,160,164,169,175,181,185,184,174,159,139,118,101,90,88,94,107
MA17,12/12/25,125,144,160,170,173,171,167,160,155,154,158,168,179,188,192,189,178,158,134,111,92,83,84,95
MA17,12/12/26,114,137,159,174,182,182,175,165,155,149,149,154,163,174,183,186,180,163,138,110,86,69,62,69
MA17,12/12/27,86,110,135,157,171,176,172,163,152,142,136,137,146,161,175,184,183,171,150,122,93,71,58,58
MA17,12/12/28,71,94,121,148,168,179,179,172,159,145,136,134,140,154,170,184,191,186,169,143,114,87,68,60
MA17,12/12/29,67,87,115,144,169,185,191,186,173,157,143,135,136,148,165,181,191,192,181,158,130,100,75,61
MA17,12/12/30,59,74,99,129,158,181,194,195,187,173,157,146,144,153,169,189,206,216,216,201,174,143,113,92
MA17,12/12/31,83,89,107,133,162,187,204,210,203,189,171,155,145,146,157,173,189,199,199,189,170,144,115,90
