MA17,91/01/01,056,082,118,156,183,201,209,204,191,178,168,164,168,182,201,216,225,220,203,170,136,097,068,053
MA17,91/01/02,055,072,103,140,174,200,214,216,207,192,177,167,163,172,190,206,222,226,219,197,165,127,093,067
MA17,91/01/03,057,063,086,117,149,181,201,208,204,192,175,160,151,153,164,181,200,213,216,209,185,154,120,089
MA17,91/01/04,070,067,078,101,130,161,187,203,204,196,180,163,150,144,148,161,178,193,204,204,195,175,147,118
MA17,91/01/05,096,083,085,100,125,153,178,195,204,198,186,168,151,141,139,147,158,175,189,196,195,185,166,145
MA17,91/01/06,122,106,102,109,124,144,167,185,196,196,186,170,153,137,129,129,135,145,158,168,172,172,164,149
MA17,91/01/07,133,118,111,110,120,134,153,173,186,190,185,172,156,140,127,121,121,128,137,147,154,160,161,156
MA17,91/01/08,148,139,135,133,137,148,163,178,190,199,199,191,179,164,151,140,134,132,134,140,148,156,161,164
MA17,91/01/09,163,160,156,153,153,158,167,177,186,193,198,195,185,174,161,146,135,127,123,123,127,134,143,151
MA17,91/01/10,157,161,162,162,162,162,165,170,178,184,190,190,186,181,171,159,144,133,120,114,113,120,128,139
MA17,91/01/11,152,163,171,175,175,174,172,173,175,180,185,188,189,188,181,170,156,138,123,110,103,104,111,122
MA17,91/01/12,139,157,171,181,184,184,181,177,176,178,181,185,190,193,194,187,175,157,135,116,105,098,102,114
MA17,91/01/13,131,152,172,188,197,197,193,186,181,177,179,183,189,198,204,203,193,176,153,128,110,096,093,101
MA17,91/01/14,118,142,165,186,199,203,201,192,183,173,170,171,179,190,199,204,199,188,164,137,110,092,080,081
MA17,91/01/15,095,117,143,167,189,199,200,194,183,171,166,164,168,180,194,205,208,199,179,152,122,096,078,072
MA17,91/01/16,080,099,125,154,179,195,201,195,184,170,158,152,155,166,180,196,204,203,189,166,137,108,085,073
MA17,91/01/17,073,087,112,141,169,189,201,201,191,178,165,155,155,163,180,196,212,218,213,195,169,138,111,092
MA17,91/01/18,086,093,113,140,169,192,209,214,208,193,177,163,156,156,167,185,202,212,212,200,179,152,122,097
MA17,91/01/19,083,083,095,119,145,172,191,201,198,184,167,149,136,133,140,156,175,190,198,196,181,159,132,107
MA17,91/01/20,090,085,092,111,135,161,185,199,200,192,176,156,139,130,133,144,162,183,195,199,192,179,155,132
MA17,91/01/21,112,103,103,114,136,161,183,200,204,200,186,166,147,135,130,138,150,168,188,198,200,196,181,164
MA17,91/01/22,142,128,123,131,145,166,186,201,211,210,200,182,160,143,132,129,135,150,164,178,186,188,181,170
MA17,91/01/23,156,144,137,137,146,158,176,192,203,204,199,184,165,145,130,119,117,121,131,143,155,162,166,163
MA17,91/01/24,157,148,143,142,143,150,164,177,186,192,192,184,170,153,136,119,109,106,108,117,130,144,155,165
MA17,91/01/25,170,171,171,170,171,174,182,192,199,204,208,206,195,184,167,148,132,118,109,108,113,124,137,152
MA17,91/01/26,166,173,181,182,181,179,180,181,183,187,191,192,190,185,175,159,140,118,098,087,084,088,101,118
MA17,91/01/27,138,157,173,182,185,184,181,176,173,175,178,182,186,188,185,174,156,131,106,086,071,068,073,088
MA17,91/01/28,114,139,163,180,189,191,187,179,171,166,165,171,178,186,192,191,182,158,129,099,073,055,050,057
MA17,91/01/29,079,108,137,164,181,188,187,177,166,156,149,152,161,174,188,197,197,185,159,127,092,064,047,046
MA17,91/01/30,061,087,119,150,176,192,195,186,172,157,144,139,146,160,179,195,205,203,186,158,122,088,059,048
MA17,91/01/31,053,071,101,136,169,191,200,195,183,163,145,135,135,146,165,187,204,211,205,186,156,122,090,069
MA17,91/02/01,062,072,097,129,164,190,206,208,195,175,154,137,130,135,149,172,193,210,213,205,181,151,117,091
MA17,91/02/02,076,078,093,119,150,176,197,203,195,178,156,136,121,118,126,146,169,189,199,199,187,165,137,110
MA17,91/02/03,092,086,094,114,139,166,188,198,195,181,162,139,119,110,113,124,145,165,181,189,187,174,156,134
MA17,91/02/04,116,107,108,120,141,166,188,201,203,193,176,155,134,120,116,121,135,151,168,180,184,178,168,153
MA17,91/02/05,138,128,127,133,147,166,184,198,202,197,183,163,141,124,114,112,118,131,144,157,164,165,161,153
MA17,91/02/06,144,134,132,135,144,159,174,185,192,189,181,166,147,131,119,111,112,119,128,139,149,155,156,156
MA17,91/02/07,153,150,148,150,154,163,172,183,190,190,185,175,161,146,132,122,117,116,118,123,132,139,146,151
MA17,91/02/08,156,158,159,160,163,167,173,180,185,187,186,181,173,162,150,136,124,116,111,109,111,117,125,135
MA17,91/02/09,144,151,156,159,161,161,162,163,165,167,168,167,164,159,151,139,128,115,103,096,093,096,104,118
MA17,91/02/10,132,145,159,165,170,170,169,167,164,166,167,170,174,176,174,170,160,146,130,115,104,102,106,118
MA17,91/02/11,135,154,174,184,191,191,186,179,172,168,168,172,177,182,186,185,175,160,138,118,099,092,091,101
MA17,91/02/12,118,140,162,178,188,191,187,178,166,158,156,159,166,177,186,191,186,174,153,128,103,085,078,083
MA17,91/02/13,098,121,147,168,182,188,186,176,161,149,141,142,150,164,177,187,189,179,161,134,105,081,067,066
MA17,91/02/14,078,102,128,155,176,186,186,177,161,145,132,129,135,150,168,184,193,191,177,154,123,093,074,066
MA17,91/02/15,073,093,121,150,175,191,196,189,174,156,138,131,134,149,170,194,210,218,209,194,171,143,120,105
MA17,91/02/16,105,120,147,175,203,228,235,231,217,193,170,152,146,152,172,194,217,227,226,213,189,156,128,105
MA17,91/02/17,096,101,120,147,175,199,211,209,196,174,149,127,116,117,131,154,178,198,206,201,183,159,132,109
MA17,91/02/18,097,096,109,131,158,180,199,201,193,175,147,126,109,103,109,127,153,178,197,200,195,177,157,137
MA17,91/02/19,123,116,124,141,165,188,208,218,214,198,174,149,125,111,111,122,143,166,184,196,197,187,172,153
MA17,91/02/20,139,131,131,140,156,176,194,204,204,193,173,151,127,108,101,103,115,135,155,169,179,179,173,163
MA17,91/02/21,152,144,143,148,159,175,191,201,205,199,185,165,143,122,106,100,103,111,126,142,156,164,167,165
MA17,91/02/22,160,155,152,153,158,166,177,184,188,187,179,165,146,127,109,097,090,090,096,108,124,138,148,154
MA17,91/02/23,159,161,162,162,164,167,172,177,181,182,180,172,161,145,129,112,099,089,083,084,092,103,117,131
MA17,91/02/24,144,154,161,164,165,166,166,166,168,169,171,172,169,163,152,137,120,101,087,078,076,080,094,111
MA17,91/02/25,131,151,163,172,174,173,168,161,158,158,159,165,168,171,169,161,144,122,099,080,066,061,069,085
MA17,91/02/26,108,133,154,170,176,176,170,158,148,143,143,149,160,170,175,176,167,148,122,094,072,056,055,064
MA17,91/02/27,086,113,141,162,174,177,169,156,141,128,123,128,140,157,172,183,183,171,147,118,088,064,051,054
MA17,91/02/28,071,099,132,160,178,187,183,169,150,133,121,119,132,151,173,194,205,202,186,159,127,096,076,068
MA17,91/03/01,078,101,131,161,183,196,194,179,156,134,115,104,110,124,148,173,193,201,196,176,148,115,089,073
MA17,91/03/02,074,089,116,147,171,190,192,180,161,135,110,096,094,104,127,154,181,197,200,190,170,143,115,096
MA17,91/03/03,088,098,117,144,171,191,199,191,172,146,120,099,089,092,108,134,160,181,190,189,176,154,129,107
MA17,91/03/04,097,098,114,136,161,182,193,191,177,154,127,103,086,083,093,114,138,160,180,185,182,168,149,131
MA17,91/03/05,118,114,124,141,162,183,196,198,189,168,143,118,098,087,089,104,123,146,166,177,180,173,162,148
MA17,91/03/06,136,131,135,147,164,181,195,201,195,181,159,136,114,100,097,102,118,137,154,169,177,177,170,164
MA17,91/03/07,154,148,148,155,165,178,191,197,194,186,169,151,132,113,105,101,108,119,131,144,154,159,160,157
MA17,91/03/08,152,148,148,151,157,167,177,182,183,177,168,153,137,122,109,103,103,109,116,126,137,145,154,157
MA17,91/03/09,160,162,165,168,170,176,184,188,191,188,184,176,164,150,138,127,121,118,118,120,126,134,144,150
MA17,91/03/10,157,163,166,167,168,170,170,171,172,172,170,164,159,150,142,133,122,114,108,105,107,114,124,135
MA17,91/03/11,148,161,167,171,176,170,169,166,163,164,165,167,168,167,164,156,146,133,121,113,108,108,117,130
MA17,91/03/12,146,163,177,184,187,184,177,169,163,160,161,165,172,178,181,177,166,152,133,117,106,101,106,120
MA17,91/03/13,138,159,177,188,194,190,180,168,157,151,151,158,168,181,189,192,188,174,154,131,114,102,102,109
MA17,91/03/14,127,152,174,193,201,201,190,174,160,147,142,148,161,178,195,204,204,194,171,148,123,103,096,102
MA17,91/03/15,117,141,165,186,199,200,190,172,151,132,122,124,137,157,179,197,205,200,185,160,132,108,093,093
MA17,91/03/16,107,128,155,181,199,206,199,181,157,134,119,115,124,146,172,196,214,222,214,195,167,139,119,110
MA17,91/03/17,113,131,156,182,203,214,213,197,172,143,119,107,108,124,149,177,201,217,218,204,181,153,129,113
MA17,91/03/18,110,121,142,169,191,206,208,196,170,140,112,091,084,093,115,144,173,195,204,202,188,164,141,121
MA17,91/03/19,114,121,136,159,182,200,207,200,181,152,121,094,079,078,093,119,150,177,195,202,195,179,160,142
MA17,91/03/20,131,131,141,158,178,197,208,207,192,167,139,109,086,078,084,102,127,155,177,193,197,190,178,164
MA17,91/03/21,154,150,154,164,181,197,207,209,198,179,154,124,099,081,076,083,097,120,142,158,169,172,169,161
MA17,91/03/22,151,146,146,153,165,177,189,195,190,180,164,141,118,098,085,083,089,105,123,143,159,169,174,175
MA17,91/03/23,174,173,172,174,180,192,201,206,208,204,194,178,160,143,125,114,109,113,121,132,146,158,169,177
MA17,91/03/24,181,182,182,184,183,185,189,191,192,192,187,181,169,154,139,125,113,106,104,107,116,128,144,157
MA17,91/03/25,169,178,182,183,182,179,177,175,175,176,177,178,177,170,160,148,131,117,105,098,099,106,121,139
MA17,91/03/26,156,171,181,185,183,176,168,161,157,155,159,165,172,177,177,171,157,138,119,102,093,093,103,119
MA17,91/03/27,142,163,177,187,188,180,167,154,143,138,139,149,163,174,184,186,180,164,142,120,103,095,097,111
MA17,91/03/28,133,159,180,194,198,191,178,160,141,130,128,135,149,168,186,197,199,189,168,143,119,101,094,100
MA17,91/03/29,119,144,169,188,193,188,175,152,129,111,101,104,118,139,164,184,195,193,177,157,138,108,093,094
MA17,91/03/30,107,130,156,178,192,192,180,158,132,107,091,087,098,119,148,174,194,202,197,180,155,131,115,108
MA17,91/03/31,118,137,159,183,201,206,197,176,148,119,096,085,086,104,129,158,184,197,200,190,170,147,126,114
MA17,91/04/01,115,128,148,172,191,201,197,179,152,122,094,077,074,083,104,133,159,182,192,190,177,158,139,124
MA17,91/04/02,119,128,143,162,180,191,191,180,156,130,101,080,068,070,086,110,139,163,177,183,179,165,150,135
MA17,91/04/03,128,130,140,157,173,186,191,185,167,142,114,090,074,069,078,097,120,143,163,172,174,168,156,144
MA17,91/04/04,135,134,139,151,166,180,189,186,174,155,132,106,087,077,078,090,108,130,148,162,170,169,163,154
MA17,91/04/05,146,142,145,153,165,178,187,189,182,166,145,125,106,092,088,092,102,118,135,149,160,164,164,160
MA17,91/04/06,156,153,153,156,164,173,181,185,181,171,156,140,123,109,099,097,099,109,122,135,146,156,159,160
MA17,91/04/07,160,160,160,161,165,169,174,178,177,171,162,151,139,125,114,107,103,107,113,121,131,142,151,158
MA17,91/04/08,164,167,166,167,167,168,168,170,169,168,167,161,155,144,137,128,121,116,116,118,125,136,147,158
MA17,91/04/09,169,175,176,176,173,168,165,163,162,162,163,164,164,160,155,145,134,123,116,111,112,118,129,143
MA17,91/04/10,157,167,173,174,171,162,153,146,142,140,145,151,159,162,161,156,147,133,118,107,103,106,115,128
MA17,91/04/11,147,165,177,181,180,168,156,142,131,129,135,145,160,169,177,177,170,156,138,121,109,106,111,125
MA17,91/04/12,144,166,181,187,186,177,158,137,122,111,112,123,139,158,173,180,180,167,150,128,111,101,100,111
MA17,91/04/13,132,154,174,187,190,182,163,140,117,100,098,107,125,150,173,191,198,193,179,161,138,121,115,121
MA17,91/04/14,139,161,183,202,208,201,185,160,130,106,093,096,111,136,165,190,203,207,199,180,157,137,121,118
MA17,91/04/15,129,146,169,186,201,199,183,157,125,095,075,067,076,099,131,161,187,202,202,189,170,149,131,123
MA17,91/04/16,126,142,161,183,199,201,193,170,139,104,077,060,058,075,103,135,165,189,198,195,185,165,146,133
MA17,91/04/17,130,140,156,175,193,201,196,181,155,121,089,065,054,059,079,109,140,169,189,197,194,183,166,155
MA17,91/04/18,147,150,163,179,197,210,213,205,186,158,126,098,079,076,083,103,131,160,185,200,206,201,189,176
MA17,91/04/19,169,163,167,177,190,201,206,202,189,167,140,110,085,069,067,076,095,119,144,164,179,184,182,178
MA17,91/04/20,171,166,167,172,182,192,200,202,198,185,166,143,116,096,086,084,090,107,125,145,162,174,178,178
MA17,91/04/21,175,170,168,168,171,177,185,188,187,182,173,158,140,122,107,096,094,098,109,122,140,156,163,170
MA17,91/04/22,173,171,166,163,161,158,160,163,164,164,162,157,147,133,119,104,093,089,090,096,108,124,137,150
MA17,91/04/23,158,160,160,156,149,143,139,138,139,141,146,149,147,145,136,122,109,097,089,089,093,105,120,136
MA17,91/04/24,148,157,159,157,148,138,128,120,119,121,129,140,149,154,154,149,137,123,108,100,099,106,117,134
MA17,91/04/25,153,166,173,173,167,153,138,123,114,113,120,133,151,165,173,173,168,153,137,122,113,113,121,135
MA17,91/04/26,155,171,181,185,177,164,144,125,108,101,104,117,135,158,175,184,184,178,161,142,130,121,123,134
MA17,91/04/27,151,173,188,193,190,176,155,131,106,090,087,096,113,136,160,178,188,187,173,157,140,126,121,125
MA17,91/04/28,140,159,176,187,189,179,160,133,106,084,074,076,091,116,144,168,185,191,188,175,157,141,132,131
MA17,91/04/29,142,159,177,194,200,196,180,156,130,103,085,083,092,114,143,170,194,208,211,202,189,172,160,154
MA17,91/04/30,158,171,190,203,214,213,201,177,148,115,092,079,080,093,118,145,172,192,201,199,188,173,158,147
MA17,91/05/01,148,157,172,189,202,207,201,184,159,128,101,084,079,086,104,132,159,184,199,204,200,189,177,163
MA17,91/05/02,158,162,174,188,202,211,210,197,176,149,123,101,088,087,100,121,145,168,187,196,197,191,178,165
MA17,91/05/03,157,156,161,175,185,195,199,191,175,151,125,102,083,076,080,094,114,137,156,169,176,176,168,157
MA17,91/05/04,149,145,147,155,166,175,180,179,169,151,131,109,090,079,077,083,099,118,136,153,163,168,167,160
MA17,91/05/05,153,148,146,150,157,165,172,173,167,156,141,123,103,091,083,083,092,104,120,136,149,159,161,159
MA17,91/05/06,155,151,147,146,148,155,159,164,163,157,146,135,121,104,096,089,090,098,109,123,137,149,156,159
MA17,91/05/07,159,156,150,146,144,144,148,151,152,152,149,143,133,123,112,103,099,100,105,114,126,139,150,159
MA17,91/05/08,163,163,158,152,146,142,140,141,142,146,150,151,147,143,135,125,116,111,111,114,122,136,149,161
MA17,91/05/09,170,173,171,165,155,145,137,133,133,139,145,154,161,161,157,150,140,129,120,117,120,129,142,156
MA17,91/05/10,170,177,178,172,159,141,127,116,112,114,123,137,151,161,165,162,155,142,130,121,116,122,134,147
MA17,91/05/11,163,177,182,178,167,148,126,108,096,095,103,121,141,161,173,180,176,166,151,137,127,127,132,144
MA17,91/05/12,162,180,190,191,181,162,137,111,091,081,083,099,122,148,171,186,191,186,172,157,141,134,136,145
MA17,91/05/13,161,181,195,201,197,181,154,123,094,075,069,077,097,127,157,181,196,198,191,176,157,143,136,140
MA17,91/05/14,153,169,186,196,197,185,161,130,095,067,050,049,064,093,126,159,183,197,200,192,175,159,147,142
MA17,91/05/15,149,162,180,196,203,201,182,156,121,085,060,046,050,069,100,133,164,189,202,202,192,179,165,155
MA17,91/05/16,156,164,180,198,212,216,210,191,160,122,090,067,056,064,084,116,150,180,202,212,208,203,188,177
MA17,91/05/17,172,174,184,200,214,223,224,212,192,159,126,096,075,071,080,100,129,159,185,201,208,205,194,182
MA17,91/05/18,172,168,172,180,193,203,210,205,192,169,142,113,087,073,070,079,099,125,152,174,188,193,190,182
MA17,91/05/19,173,166,163,168,177,187,197,199,194,182,163,140,116,096,085,083,092,111,134,155,171,182,185,181
MA17,91/05/20,173,165,158,156,157,161,170,175,178,174,163,150,131,113,097,089,089,096,113,131,147,166,173,176
MA17,91/05/21,172,164,155,148,145,145,149,155,161,164,164,159,151,139,125,112,106,106,113,125,141,159,170,179
MA17,91/05/22,181,176,167,157,147,141,140,141,147,155,161,165,167,162,153,143,133,127,127,132,143,158,171,181
MA17,91/05/23,187,186,181,169,155,141,132,129,130,135,146,157,165,171,170,163,153,142,136,133,138,147,160,171
MA17,91/05/24,181,184,181,172,155,138,121,109,105,108,118,133,150,163,171,173,168,158,149,141,141,146,156,167
MA17,91/05/25,180,188,189,183,169,150,128,109,097,095,102,117,137,157,171,181,182,175,164,154,147,146,150,162
MA17,91/05/26,176,188,194,192,182,163,140,117,098,089,091,101,121,146,168,185,195,193,186,175,164,156,158,165
MA17,91/05/27,178,193,202,206,197,182,158,130,103,084,078,083,101,125,150,173,188,192,189,180,164,154,147,150
MA17,91/05/28,160,175,188,195,194,183,162,135,107,082,069,069,081,104,132,160,180,192,194,186,174,161,151,150
MA17,91/05/29,157,168,183,195,200,194,177,153,123,094,073,064,069,087,113,141,166,185,193,191,182,169,157,151
MA17,91/05/30,152,162,178,192,201,202,191,169,143,113,088,073,070,080,100,128,155,178,191,194,189,179,165,155
MA17,91/05/31,152,158,169,183,194,201,195,179,155,128,101,079,069,072,087,111,138,162,182,191,190,185,173,161
MA17,91/06/01,154,155,164,177,189,198,199,191,172,147,121,100,083,079,088,105,128,152,174,187,192,188,178,167
MA17,91/06/02,158,155,160,168,181,192,196,192,181,161,138,115,096,086,087,099,117,140,163,178,190,191,186,176
MA17,91/06/03,167,159,156,161,170,180,190,192,186,174,155,135,116,101,096,102,115,133,154,174,187,193,191,185
MA17,91/06/04,176,167,162,160,165,173,182,188,189,183,171,156,137,123,112,110,116,127,144,160,173,183,186,182
MA17,91/06/05,173,163,152,146,145,149,157,163,169,169,164,156,144,130,120,114,115,121,133,147,164,177,184,185
MA17,91/06/06,180,171,159,149,142,140,142,149,155,162,166,164,159,151,140,131,126,126,131,143,157,171,180,187
MA17,91/06/07,186,179,168,153,140,130,126,128,133,143,152,158,161,159,153,143,136,131,128,133,143,155,167,176
MA17,91/06/08,181,178,169,153,136,119,108,102,103,113,128,142,153,160,162,160,151,142,137,135,138,147,159,170
MA17,91/06/09,178,180,176,163,144,122,102,088,082,086,100,118,138,155,166,170,168,159,151,142,141,144,154,166
MA17,91/06/10,178,186,186,177,162,138,111,087,074,070,078,098,123,149,171,185,190,186,177,167,158,155,159,168
MA17,91/06/11,181,191,199,197,185,162,132,102,077,062,062,073,097,129,159,181,197,201,195,184,172,163,160,164
MA17,91/06/12,175,188,200,206,200,183,156,123,089,064,048,049,066,094,128,163,185,200,203,195,182,169,160,159
MA17,91/06/13,165,177,192,205,208,202,180,150,114,077,053,042,047,068,100,135,168,191,203,204,193,183,171,163
MA17,91/06/14,161,172,187,201,211,215,205,183,148,111,078,055,047,055,077,110,145,174,194,203,200,190,175,163
MA17,91/06/15,159,160,171,187,200,209,209,196,173,141,107,079,059,056,067,092,123,155,183,197,201,197,186,172
MA17,91/06/16,162,160,164,177,191,204,213,212,199,177,148,118,092,077,077,090,112,138,166,186,197,197,191,176
MA17,91/06/17,161,153,150,156,167,181,193,197,194,182,163,140,115,096,090,093,106,127,152,174,189,195,190,182
MA17,91/06/18,167,157,147,144,149,160,172,181,184,183,174,160,141,123,112,108,113,127,145,165,182,193,194,188
MA17,91/06/19,177,163,151,142,141,143,151,160,169,173,174,169,159,147,136,128,127,134,146,162,177,190,194,192
MA17,91/06/20,185,173,161,147,138,134,135,141,153,162,168,171,171,165,160,153,147,147,156,162,173,185,193,196
MA17,91/06/21,192,184,171,155,141,128,124,124,129,139,148,156,165,168,167,165,159,154,154,157,164,174,183,189
MA17,91/06/22,191,188,180,166,148,131,119,111,111,118,129,142,157,169,175,179,177,173,167,163,167,174,182,191
MA17,91/06/23,198,198,195,182,165,145,125,111,104,105,114,129,146,162,177,187,187,185,179,171,168,170,174,180
MA17,91/06/24,187,195,195,189,176,157,132,111,095,090,094,107,127,148,167,183,190,191,185,176,170,166,167,173
MA17,91/06/25,182,192,196,193,183,165,142,117,095,078,076,084,103,126,151,172,186,191,187,179,170,162,158,161
MA17,91/06/26,169,182,191,196,193,180,156,129,102,081,071,074,088,110,138,163,183,195,197,190,179,168,161,160
MA17,91/06/27,166,180,192,200,201,195,177,152,122,096,078,073,082,100,126,152,175,193,200,199,189,177,166,161
MA17,91/06/28,164,175,190,201,208,206,193,169,140,113,089,078,080,093,116,146,170,191,203,203,195,181,169,161
MA17,91/06/29,157,165,178,190,203,207,200,182,157,130,103,084,077,085,101,127,155,180,197,203,200,190,176,163
MA17,91/06/30,158,161,170,186,199,209,210,201,181,153,125,103,091,091,102,123,149,176,196,207,207,199,185,172
MA17,91/07/01,161,157,162,175,189,202,208,205,192,169,142,117,100,093,098,114,139,164,187,200,206,203,192,179
MA17,91/07/02,166,159,160,167,179,195,206,208,200,183,162,138,119,107,104,112,130,152,176,190,198,198,188,176
MA17,91/07/03,160,151,144,146,155,168,183,191,190,182,168,151,135,119,112,116,125,147,167,182,195,199,193,183
MA17,91/07/04,168,153,141,137,140,148,162,172,178,178,172,162,147,134,125,124,130,143,160,178,191,199,199,192
MA17,91/07/05,182,167,153,140,136,141,151,161,171,178,180,176,168,158,150,144,146,152,162,176,189,198,202,197
MA17,91/07/06,187,174,157,140,129,126,126,135,145,153,162,167,167,166,160,155,154,153,157,166,177,187,195,196
MA17,91/07/07,191,180,164,145,127,115,109,109,116,130,144,157,169,175,177,174,171,168,167,171,178,189,197,202
MA17,91/07/08,204,201,188,171,150,129,113,104,104,113,127,149,167,183,193,198,196,193,185,182,182,186,193,201
MA17,91/07/09,205,206,200,184,164,138,113,094,081,082,092,112,137,161,179,193,197,195,189,179,173,172,174,183
MA17,91/07/10,192,201,204,196,180,157,128,098,074,064,064,078,104,134,164,188,202,206,201,191,181,174,172,177
MA17,91/07/11,189,201,211,213,207,190,159,125,092,066,053,058,076,106,140,172,195,207,209,201,187,174,165,165
MA17,91/07/12,174,187,200,212,218,209,188,156,118,083,060,050,057,080,112,148,179,199,209,206,195,179,163,155
MA17,91/07/13,159,170,187,205,218,219,207,184,152,116,083,061,056,069,093,127,159,186,206,210,202,187,170,154
MA17,91/07/14,149,152,166,184,203,214,215,203,177,144,108,081,064,064,077,104,140,171,193,204,201,188,173,154
MA17,91/07/15,140,138,145,158,179,196,207,205,192,168,136,106,086,075,080,098,127,156,183,197,200,192,175,156
MA17,91/07/16,140,130,129,139,155,174,191,200,197,183,162,139,116,101,100,110,129,156,179,199,207,203,192,173
MA17,91/07/17,153,138,133,133,143,161,175,188,192,189,178,162,144,129,121,124,136,154,175,193,205,206,196,180
MA17,91/07/18,161,145,131,125,128,137,151,165,173,178,176,167,157,145,138,138,142,154,170,185,198,201,196,184
MA17,91/07/19,168,151,133,123,116,117,124,135,145,154,159,159,155,151,145,143,145,150,160,171,183,189,188,183
MA17,91/07/20,172,157,143,126,116,111,112,117,125,136,146,152,159,162,161,160,162,163,165,173,182,189,193,192
MA17,91/07/21,185,175,163,147,131,119,112,110,114,122,131,145,156,164,170,173,172,170,168,170,174,182,188,190
MA17,91/07/22,189,186,177,161,145,128,113,103,100,106,117,132,148,163,172,179,181,179,175,171,170,173,177,183
MA17,91/07/23,185,187,184,175,160,143,122,106,094,093,098,112,130,149,165,180,186,186,180,173,169,167,169,174
MA17,91/07/24,182,188,189,186,176,159,136,115,098,088,089,101,117,139,162,181,192,196,192,185,177,171,169,171
MA17,91/07/25,181,191,200,201,196,182,159,135,109,093,084,090,107,131,157,179,194,201,200,192,180,171,165,166
MA17,91/07/26,175,186,199,207,207,198,179,152,122,099,085,084,094,116,143,172,192,204,208,202,189,174,164,161
MA17,91/07/27,166,179,193,205,213,210,196,174,143,114,094,084,088,104,128,157,180,199,207,204,192,176,162,151
MA17,91/07/28,151,162,177,193,206,213,204,186,158,128,103,086,082,094,112,143,170,192,204,206,197,180,162,147
MA17,91/07/29,142,148,163,181,197,209,210,198,175,150,122,099,089,091,108,134,163,187,204,209,203,188,168,151
MA17,91/07/30,139,138,150,166,185,203,211,208,193,170,143,119,103,101,112,133,160,186,204,212,208,196,176,156
MA17,91/07/31,141,135,139,153,170,189,202,207,201,183,160,137,118,111,115,130,151,175,197,208,211,202,185,163
MA17,91/08/01,144,132,130,136,153,171,188,198,197,188,173,155,138,128,127,136,151,172,192,208,213,209,195,177
MA17,91/08/02,155,138,130,130,140,155,172,185,193,193,186,173,159,149,144,147,158,173,190,206,213,214,204,188
MA17,91/08/03,168,149,133,126,127,137,151,167,179,186,187,182,173,165,160,160,165,176,190,204,214,217,213,201
MA17,91/08/04,183,164,147,132,125,126,131,145,160,171,179,182,181,178,174,173,175,181,188,197,205,211,211,206
MA17,91/08/05,195,179,161,142,129,120,120,124,134,145,160,172,179,185,186,185,186,187,188,193,200,206,209,211
MA17,91/08/06,206,196,180,163,143,127,113,108,109,118,133,152,169,182,193,199,200,197,194,193,195,200,203,210
MA17,91/08/07,213,214,205,190,170,148,126,108,099,101,112,130,155,176,195,208,213,213,206,201,196,196,197,203
MA17,91/08/08,213,221,223,216,202,176,147,121,098,087,090,104,128,158,187,208,219,221,213,203,193,188,185,189
MA17,91/08/09,201,216,227,231,225,206,178,145,112,088,077,081,100,130,163,192,212,218,215,202,185,174,166,166
MA17,91/08/10,176,193,211,227,232,225,203,171,137,103,081,075,083,108,140,175,201,216,219,210,192,172,158,152
MA17,91/08/11,155,168,191,212,228,233,223,201,167,129,102,085,084,100,125,159,191,215,223,217,202,178,158,145
MA17,91/08/12,142,150,168,193,216,227,231,218,193,161,130,105,096,101,121,150,182,207,221,220,208,186,162,142
MA17,91/08/13,132,133,146,166,189,211,222,221,207,183,155,131,114,110,121,144,173,197,215,221,212,195,170,145
MA17,91/08/14,127,121,125,140,161,184,200,207,202,189,168,148,130,124,128,143,166,189,207,217,213,201,177,153
MA17,91/08/15,133,121,117,125,142,161,182,191,195,190,180,163,147,141,139,148,163,183,201,212,213,205,189,167
MA17,91/08/16,145,128,118,120,130,144,162,176,183,186,181,172,163,155,153,157,167,182,199,209,214,209,196,179
MA17,91/08/17,160,141,127,121,121,130,142,155,165,171,172,171,168,165,162,164,170,180,191,201,207,207,198,185
MA17,91/08/18,170,154,138,128,125,125,131,140,148,158,167,170,173,174,174,174,177,182,189,196,201,205,200,194
MA17,91/08/19,183,170,156,144,132,127,126,127,134,144,152,162,170,176,182,184,186,187,188,190,194,198,200,199
MA17,91/08/20,194,188,178,165,153,140,131,127,128,133,144,157,170,183,192,196,198,196,193,191,190,192,194,197
MA17,91/08/21,198,197,192,182,169,155,140,128,121,121,128,143,160,177,191,199,202,200,194,187,184,182,185,188
MA17,91/08/22,196,204,204,200,188,170,150,132,117,110,113,125,143,165,185,200,207,205,198,189,180,174,174,179
MA17,91/08/23,188,199,207,209,203,189,167,144,123,108,105,111,129,155,178,198,210,211,201,188,175,168,163,167
MA17,91/08/24,177,190,204,212,212,200,178,152,126,105,095,097,112,135,162,188,201,207,201,188,171,159,149,149
MA17,91/08/25,159,175,193,209,217,213,197,173,145,119,103,098,108,131,160,187,208,217,214,200,180,161,148,143
MA17,91/08/26,150,166,188,207,221,223,214,193,166,139,116,104,109,127,153,181,206,217,218,206,186,162,144,134
MA17,91/08/27,134,145,166,191,210,220,217,199,174,146,122,105,103,115,137,165,190,208,212,203,185,160,139,121
MA17,91/08/28,113,121,138,163,188,207,212,206,187,161,136,117,109,116,132,156,184,204,214,211,194,171,144,124
MA17,91/08/29,111,110,123,144,171,193,207,209,198,178,156,136,125,124,136,155,179,202,215,217,206,185,158,133
MA17,91/08/30,115,108,112,128,150,175,194,205,203,190,172,154,144,138,145,158,178,199,214,221,216,199,177,151
MA17,91/08/31,130,116,113,122,139,160,182,197,203,200,190,175,162,155,157,163,178,193,207,214,214,203,183,158
MA17,91/09/01,134,114,103,101,108,121,140,157,170,173,173,170,162,156,155,161,168,177,187,195,199,195,183,163
MA17,91/09/02,145,127,111,101,099,102,114,129,144,155,162,167,166,165,164,166,172,177,185,191,197,197,192,184
MA17,91/09/03,168,153,136,121,109,103,105,112,124,137,152,164,172,178,180,179,179,180,180,182,188,192,194,192
MA17,91/09/04,187,175,160,144,125,109,099,096,101,110,125,143,158,172,181,183,180,178,173,169,168,169,172,178
MA17,91/09/05,184,183,177,164,143,121,103,089,081,084,097,115,141,160,176,186,188,181,173,163,158,155,157,166
MA17,91/09/06,177,189,193,190,177,156,129,105,087,079,084,099,123,152,177,194,201,198,184,171,161,151,149,157
MA17,91/09/07,172,188,202,210,205,187,163,134,108,089,083,091,111,140,172,197,210,209,198,180,161,145,137,139
MA17,91/09/08,153,171,196,214,223,215,195,168,138,110,095,094,107,134,164,193,213,219,213,192,170,147,133,128
MA17,91/09/09,134,156,182,210,231,234,225,204,175,144,120,114,119,140,167,196,220,230,226,206,182,154,132,120
MA17,91/09/10,121,135,161,189,212,224,225,212,189,160,137,123,121,131,155,185,211,226,228,215,192,165,141,122
MA17,91/09/11,113,123,141,169,195,216,226,222,206,182,159,142,137,143,159,184,210,228,232,223,203,176,148,127
MA17,91/09/12,114,112,124,146,173,195,212,218,208,192,175,160,149,148,157,175,197,215,225,221,205,182,154,129
MA17,91/09/13,111,103,109,122,144,167,186,197,197,189,173,161,150,147,155,167,183,203,216,216,205,188,163,139
MA17,91/09/14,118,107,106,112,126,146,169,181,186,187,180,172,165,161,163,169,183,198,210,215,211,198,180,161
MA17,91/09/15,140,122,115,114,119,131,146,160,169,175,174,171,163,160,161,165,173,182,192,198,198,191,177,162
MA17,91/09/16,144,127,116,110,110,115,125,136,146,154,158,159,160,160,165,168,172,178,184,189,192,188,182,173
MA17,91/09/17,161,149,138,128,122,121,122,130,137,145,154,161,169,174,179,180,181,184,184,187,188,188,187,183
MA17,91/09/18,177,169,160,149,138,129,124,124,128,137,148,159,171,181,187,189,188,186,184,183,185,187,190,192
MA17,91/09/19,193,191,188,181,169,157,146,140,139,145,157,172,188,203,214,219,219,214,206,199,192,189,191,196
MA17,91/09/20,202,208,207,199,186,170,151,133,126,125,132,145,164,180,197,204,205,196,183,169,161,157,159,165
MA17,91/09/21,176,188,197,197,188,172,152,130,115,108,111,123,143,167,188,200,205,197,181,166,152,144,145,152
MA17,91/09/22,167,185,200,207,204,191,171,147,125,112,111,121,140,164,189,205,210,206,191,171,149,135,130,135
MA17,91/09/23,152,173,195,209,212,205,187,162,137,118,110,113,128,153,178,199,210,208,196,176,151,129,117,118
MA17,91/09/24,130,154,180,201,215,216,204,180,156,134,120,117,126,146,172,195,212,216,205,185,157,132,113,106
MA17,91/09/25,113,132,159,186,206,216,214,197,173,147,130,121,123,140,162,188,207,213,208,190,160,131,107,092
MA17,91/09/26,093,107,130,161,187,206,210,203,182,158,139,127,125,134,156,181,198,210,209,194,168,137,111,090
MA17,91/09/27,082,089,108,137,166,190,204,204,193,175,159,146,140,145,160,182,205,220,220,213,194,165,138,113
MA17,91/09/28,095,094,107,130,157,183,201,208,206,193,179,165,157,155,164,179,196,212,218,213,199,174,145,116
MA17,91/09/29,093,081,081,095,114,139,160,176,181,177,169,159,149,148,152,162,176,190,199,197,193,177,150,126
MA17,91/09/30,101,087,080,083,094,112,133,151,163,169,168,164,157,153,156,162,170,180,188,194,190,181,168,147
MA17,91/10/01,127,110,096,090,090,100,113,129,146,159,167,170,171,170,169,172,174,180,186,192,196,195,190,180
MA17,91/10/02,164,148,132,120,110,106,110,115,128,145,159,170,177,181,182,182,180,180,181,182,182,186,187,185
MA17,91/10/03,181,172,159,141,126,114,106,105,110,125,140,157,172,181,186,186,183,177,169,165,165,167,173,181
MA17,91/10/04,184,185,180,166,151,132,116,104,103,111,124,145,165,182,192,195,189,179,165,156,148,148,155,167
MA17,91/10/05,179,191,195,191,177,158,135,115,102,100,109,127,152,173,191,198,192,179,161,143,129,123,125,137
MA17,91/10/06,155,175,190,195,189,174,152,128,109,099,100,112,135,158,181,193,193,183,164,142,124,111,108,116
MA17,91/10/07,135,160,185,201,207,201,181,158,136,117,111,118,136,160,187,206,212,203,183,157,130,110,098,101
MA17,91/10/08,117,143,172,198,213,214,203,184,159,137,123,123,135,154,181,204,212,208,191,167,137,111,091,083
MA17,91/10/09,093,115,145,176,197,208,206,194,175,155,137,132,139,157,180,202,216,217,206,185,159,130,106,092
MA17,91/10/10,094,110,136,164,188,205,212,207,195,180,165,153,152,163,183,201,216,222,216,202,180,153,125,105
MA17,91/10/11,098,107,127,150,176,200,212,214,210,199,187,175,170,175,190,209,224,232,232,219,199,172,148,126
MA17,91/10/12,114,115,128,146,168,190,207,217,216,210,200,190,184,185,194,210,224,236,241,234,218,196,173,152
MA17,91/10/13,134,127,133,144,162,183,201,216,222,219,214,204,201,201,204,215,225,235,239,239,227,209,186,163
MA17,91/10/14,145,134,130,135,148,163,180,193,201,201,201,200,198,197,197,202,210,217,222,222,217,205,191,174
MA17,91/10/15,157,146,138,137,141,150,162,173,183,191,195,196,195,194,192,193,196,200,202,204,201,194,184,172
MA17,91/10/16,159,147,136,129,125,129,135,144,154,163,171,176,180,181,181,179,180,178,179,180,181,182,178,173
MA17,91/10/17,165,157,148,139,133,129,130,135,143,155,166,175,184,189,191,191,187,182,177,178,177,178,181,181
MA17,91/10/18,180,176,170,162,151,142,137,135,139,147,159,172,184,191,195,192,188,177,170,163,161,164,169,176
MA17,91/10/19,183,186,185,177,166,153,142,136,136,140,153,168,183,195,201,202,194,179,164,155,148,147,155,166
MA17,91/10/20,178,189,194,190,181,166,150,135,129,129,136,151,170,187,199,200,193,178,160,140,125,120,124,140
MA17,91/10/21,158,175,188,190,185,172,155,139,127,120,123,136,155,175,191,198,194,178,155,133,112,102,101,114
MA17,91/10/22,134,158,180,193,195,187,171,153,137,123,123,133,151,173,193,205,206,193,172,144,119,100,094,101
MA17,91/10/23,120,147,175,197,208,206,194,174,154,141,135,137,150,170,191,208,212,203,183,153,124,099,082,081
MA17,91/10/24,097,122,151,182,203,212,208,193,172,155,143,141,150,166,189,207,216,213,196,170,139,108,084,073
MA17,91/10/25,078,100,130,162,193,211,216,209,195,177,162,153,154,167,186,207,218,219,207,186,153,123,092,072
MA17,91/10/26,065,075,097,130,162,189,203,203,192,181,166,157,154,160,172,193,207,213,210,196,172,140,108,083
MA17,91/10/27,066,069,084,108,141,170,191,201,201,194,183,176,171,171,180,196,210,222,224,217,198,173,148,117
MA17,91/10/28,095,087,086,100,123,150,177,196,202,200,191,182,178,174,176,186,197,207,212,212,202,185,162,139
MA17,91/10/29,114,097,089,091,103,125,146,169,185,191,189,185,182,177,177,181,186,193,200,203,202,193,180,161
MA17,91/10/30,142,125,110,105,108,119,134,151,171,184,190,191,190,188,185,184,185,186,192,195,198,198,192,182
MA17,91/10/31,169,152,138,126,119,119,125,137,151,166,180,188,188,187,182,179,174,169,166,169,171,175,177,178
MA17,91/11/01,176,168,157,144,131,124,120,127,137,151,166,178,187,190,189,183,175,162,153,150,148,152,161,168
MA17,91/11/02,174,179,175,164,151,136,127,121,124,133,146,163,177,187,190,185,174,159,142,130,124,127,138,149
MA17,91/11/03,165,179,184,180,169,157,143,132,129,132,144,160,177,192,199,197,186,168,147,127,116,114,122,137
MA17,91/11/04,157,176,190,195,191,179,167,154,141,139,147,159,178,194,205,206,196,178,151,124,105,095,096,107
MA17,91/11/05,129,154,177,191,197,191,177,161,147,136,136,146,162,181,194,203,199,183,159,128,101,082,075,083
MA17,91/11/06,101,130,158,182,195,198,190,172,155,141,135,139,155,172,192,202,205,193,170,141,111,086,071,070
MA17,91/11/07,084,110,140,169,189,201,200,189,172,156,145,143,150,168,187,205,211,205,187,160,127,096,077,070
MA17,91/11/08,078,098,126,156,183,201,207,202,190,175,163,157,162,176,195,212,224,225,211,188,162,128,104,088
MA17,91/11/09,086,097,121,149,174,198,209,210,201,185,173,164,161,168,182,200,212,215,211,195,170,140,110,088
MA17,91/11/10,080,084,100,124,150,176,195,202,201,190,180,170,165,170,178,193,206,215,215,205,186,160,134,111
MA17,91/11/11,096,092,098,117,140,162,180,193,198,195,187,178,173,170,175,185,197,207,210,205,191,174,150,126
MA17,91/11/12,108,098,098,108,125,144,164,180,189,188,183,177,169,166,167,172,183,191,196,196,188,175,160,140
MA17,91/11/13,121,109,104,107,117,133,149,164,177,182,183,180,174,168,165,165,172,176,182,185,182,176,163,148
MA17,91/11/14,133,120,112,109,113,124,137,150,162,172,175,176,173,166,160,157,156,157,160,166,168,168,164,157
MA17,91/11/15,145,134,124,115,112,116,127,138,148,159,168,172,172,169,163,156,150,146,145,146,149,154,155,155
MA17,91/11/16,151,145,136,126,120,118,118,124,135,145,156,166,170,170,166,159,150,140,133,132,133,139,145,153
MA17,91/11/17,158,158,155,148,140,132,127,127,134,145,160,172,180,184,182,176,163,148,135,126,124,130,141,153
MA17,91/11/18,165,172,174,170,161,151,142,137,137,145,157,171,183,192,192,187,173,155,134,117,109,110,120,137
MA17,91/11/19,155,171,183,184,178,169,158,148,143,144,153,167,182,194,200,197,185,165,137,115,099,093,101,117
MA17,91/11/20,141,166,185,195,197,189,179,166,157,153,156,167,182,197,208,209,199,177,148,116,093,076,074,086
MA17,91/11/21,110,138,164,185,195,194,186,171,158,147,144,150,163,180,193,200,196,179,151,120,089,063,051,056
MA17,91/11/22,073,103,136,163,183,193,190,180,166,151,141,142,149,167,183,198,202,195,172,141,106,073,053,045
MA17,91/11/23,054,076,110,143,172,193,201,197,186,170,159,153,154,168,185,201,213,213,199,172,140,103,073,056
MA17,91/11/24,053,068,096,130,163,190,206,207,202,190,175,162,157,163,176,194,207,211,206,188,160,125,089,061
MA17,91/11/25,046,046,062,087,121,151,175,186,186,178,166,154,145,145,152,167,181,191,195,187,168,140,109,077
MA17,91/11/26,054,045,051,068,094,122,150,171,179,179,170,160,150,146,147,156,169,182,188,188,180,162,138,109
MA17,91/11/27,085,067,060,067,084,110,137,160,175,181,180,172,161,153,149,151,159,168,177,184,185,177,165,147
MA17,91/11/28,126,109,096,093,100,115,136,159,179,192,195,191,185,178,169,165,165,167,176,184,193,198,194,186
MA17,91/11/29,172,156,140,131,127,132,143,160,177,191,200,202,198,190,178,166,158,154,154,158,164,171,175,177
MA17,91/11/30,174,168,157,146,138,137,141,150,165,180,193,200,199,195,185,175,163,151,145,144,148,156,167,176
MA17,91/12/01,183,185,182,175,164,160,157,161,168,181,194,204,209,208,202,190,175,156,141,132,131,136,147,161
MA17,91/12/02,176,187,192,191,185,174,166,163,164,172,183,196,206,210,209,199,181,160,139,122,111,109,117,135
MA17,91/12/03,156,175,189,196,196,190,181,172,168,170,173,185,199,206,210,207,194,172,146,122,102,094,096,111
MA17,91/12/04,132,156,180,196,202,200,193,182,170,164,165,173,185,199,206,208,199,182,154,124,099,082,077,086
MA17,91/12/05,104,131,157,180,193,197,193,184,171,160,158,161,173,186,200,207,204,190,167,136,103,083,069,070
MA17,91/12/06,086,110,137,166,186,196,200,194,181,167,157,157,166,180,195,208,212,202,183,156,125,096,077,071
MA17,91/12/07,078,098,127,155,181,197,204,200,190,178,167,161,163,174,189,204,216,214,199,175,146,123,088,075
MA17,91/12/08,074,086,111,141,164,186,199,201,195,183,170,163,160,168,184,200,215,217,211,191,165,135,106,086
MA17,91/12/09,077,083,101,129,155,178,194,199,195,186,174,162,155,159,169,184,198,207,204,192,170,143,113,090
MA17,91/12/10,076,077,086,107,135,160,179,190,191,184,174,162,152,150,156,169,182,193,197,191,175,153,127,103
MA17,91/12/11,088,080,086,103,126,152,175,191,197,198,190,179,168,161,162,173,182,196,204,205,196,180,158,136
MA17,91/12/12,115,103,102,109,126,147,169,186,194,195,190,178,166,156,153,156,160,169,178,181,179,169,155,137
MA17,91/12/13,119,106,100,101,112,130,148,166,178,184,181,175,163,152,144,141,143,148,156,162,166,164,155,144
MA17,91/12/14,129,118,109,107,111,122,138,155,169,178,180,177,168,156,146,138,132,134,137,143,149,154,154,149
MA17,91/12/15,142,133,124,119,118,122,133,146,158,170,176,176,172,162,151,140,130,123,121,124,131,139,146,148
MA17,91/12/16,148,145,140,134,130,130,132,140,150,161,170,174,173,168,157,144,130,117,108,105,108,118,130,140
MA17,91/12/17,149,154,154,151,147,142,141,144,151,161,171,180,183,183,177,163,146,128,111,101,101,107,122,140
MA17,91/12/18,157,171,179,180,179,174,168,164,166,171,181,190,197,199,198,189,169,145,121,100,090,086,097,115
MA17,91/12/19,137,156,173,184,185,182,173,165,158,158,163,172,182,193,198,193,178,155,126,096,075,063,066,081
MA17,91/12/20,106,133,157,178,188,187,184,170,157,151,150,156,168,180,191,196,186,165,136,102,072,048,041,049
MA17,91/12/21,070,101,133,163,183,195,195,187,174,163,157,157,166,181,195,207,207,195,170,137,100,064,047,043
MA17,91/12/22,052,080,112,147,176,195,203,199,186,170,158,152,157,167,183,201,209,206,189,160,125,087,055,035
MA17,91/12/23,033,049,077,112,146,176,194,198,191,177,163,151,148,155,169,189,203,212,207,189,160,124,090,063
MA17,91/12/24,047,052,069,097,123,163,188,200,199,189,174,158,148,147,154,172,188,201,208,200,183,155,121,090
MA17,91/12/25,067,060,065,085,114,146,173,190,194,191,179,161,147,140,141,150,164,180,190,196,188,173,147,120
MA17,91/12/26,096,082,077,088,108,137,162,181,193,195,185,171,155,143,136,141,150,160,173,181,183,176,165,145
MA17,91/12/27,122,105,096,096,108,129,151,174,190,196,191,177,161,147,137,137,138,148,157,168,177,180,176,166
MA17,91/12/28,153,141,133,128,135,146,165,184,200,209,210,206,194,180,165,153,146,146,152,159,167,176,179,177
MA17,91/12/29,171,165,157,151,149,152,163,175,187,198,203,200,191,178,162,148,135,127,124,125,132,140,149,155
MA17,91/12/30,158,158,156,151,148,147,151,159,166,175,182,183,180,172,162,146,130,115,105,100,100,108,119,128
MA17,91/12/31,140,149,154,154,154,151,150,152,157,164,172,177,179,175,171,161,144,126,111,097,093,096,105,119
