MA17,16/01/01,132,119,112,113,122,137,156,173,185,190,188,180,168,156,147,143,144,149,156,162,167,168,163,155
MA17,16/01/02,143,132,123,120,123,134,148,164,177,186,188,184,175,165,154,146,141,141,144,149,156,160,162,160
MA17,16/01/03,155,149,142,138,137,141,150,162,175,186,192,193,188,179,169,158,148,141,139,140,144,151,157,162
MA17,16/01/04,163,162,158,153,149,148,151,158,168,178,186,191,190,186,177,166,153,140,131,126,126,132,142,151
MA17,16/01/05,160,167,169,166,160,155,153,153,157,164,173,181,185,185,181,172,157,140,124,113,107,109,118,131
MA17,16/01/06,146,161,171,175,172,166,159,154,153,157,164,173,182,189,190,184,172,153,132,112,100,97,103,118
MA17,16/01/07,137,159,177,188,190,187,178,168,161,159,163,171,182,192,198,197,187,168,143,118,98,87,86,96
MA17,16/01/08,116,141,165,184,193,194,187,175,164,156,155,162,173,188,201,207,202,186,160,130,103,83,75,79
MA17,16/01/09,96,121,149,175,192,199,195,182,167,153,145,146,156,171,188,200,202,191,170,140,108,82,65,62
MA17,16/01/10,73,96,126,157,181,195,198,190,176,159,146,141,147,161,180,197,206,204,188,160,127,95,69,56
MA17,16/01/11,60,77,105,137,168,191,201,198,185,167,149,138,138,148,166,187,203,209,202,182,152,119,89,67
MA17,16/01/12,60,69,91,121,154,183,201,206,198,182,163,146,137,141,156,175,195,208,210,199,176,145,112,85
MA17,16/01/13,70,70,84,108,139,170,194,206,205,193,174,154,141,137,144,161,181,199,207,205,192,168,138,110
MA17,16/01/14,89,80,84,101,126,155,181,199,205,199,184,165,147,135,134,142,158,176,190,196,192,178,155,129
MA17,16/01/15,106,91,87,94,111,136,162,183,195,196,186,168,149,133,125,125,134,148,163,174,179,175,163,145
MA17,16/01/16,125,110,101,101,110,127,149,169,184,191,188,177,160,142,128,120,121,128,140,152,162,167,165,156
MA17,16/01/17,143,130,120,114,116,125,140,156,171,182,185,180,168,152,136,123,115,113,117,125,137,148,156,159
MA17,16/01/18,158,154,148,143,143,147,157,169,184,199,208,211,207,197,181,165,150,139,132,131,137,148,160,170
MA17,16/01/19,178,180,178,172,166,162,161,164,171,180,188,193,193,189,179,163,144,126,112,104,104,111,125,140
MA17,16/01/20,155,167,175,177,175,171,166,163,164,168,175,182,188,190,187,175,157,134,112,94,84,84,92,108
MA17,16/01/21,129,149,165,174,175,171,164,156,150,149,154,164,175,184,188,184,172,151,125,99,80,71,73,86
MA17,16/01/22,107,132,156,174,183,184,177,166,155,148,146,152,163,176,187,191,185,168,142,113,85,66,59,65
MA17,16/01/23,82,108,137,163,179,186,183,172,158,147,141,142,152,167,184,197,200,192,172,143,113,86,70,68
MA17,16/01/24,80,103,133,163,187,200,203,195,179,162,149,144,149,162,180,196,206,204,191,166,134,103,78,67
MA17,16/01/25,70,86,112,142,169,188,195,189,174,155,138,128,128,137,154,173,190,196,189,170,142,111,82,63
MA17,16/01/26,59,68,90,119,148,172,186,186,175,158,139,124,118,123,138,159,178,191,193,183,162,134,104,80
MA17,16/01/27,68,70,86,110,138,165,183,189,183,167,148,129,118,117,127,143,162,178,185,181,166,144,117,92
MA17,16/01/28,75,70,78,97,123,149,171,182,181,170,152,132,118,112,116,129,146,163,174,177,171,155,134,111
MA17,16/01/29,93,84,86,99,119,144,166,180,184,177,163,144,126,116,114,120,134,149,162,170,171,165,151,132
MA17,16/01/30,114,103,101,108,122,143,163,178,186,184,173,157,141,127,120,120,127,138,150,160,165,163,155,142
MA17,16/01/31,129,118,112,113,122,137,154,170,178,180,174,163,148,133,121,115,116,123,132,142,150,155,154,149
MA17,16/02/01,140,132,126,123,127,136,148,161,172,177,174,166,155,141,128,119,114,114,118,124,132,139,145,146
MA17,16/02/02,144,141,138,135,135,138,145,154,163,170,173,171,164,154,143,132,122,115,112,113,118,126,134,141
MA17,16/02/03,147,150,150,148,145,144,145,149,155,162,167,168,167,161,152,140,127,114,104,98,98,104,114,126
MA17,16/02/04,139,149,156,158,156,153,150,148,150,155,161,167,171,172,168,159,145,128,111,98,92,93,101,116
MA17,16/02/05,134,152,166,174,175,172,165,158,153,153,158,166,174,181,184,180,168,148,126,106,91,84,88,100
MA17,16/02/06,120,144,166,182,189,189,181,171,160,153,154,161,173,185,194,197,189,173,149,122,98,83,80,88
MA17,16/02/07,106,131,158,179,193,197,192,178,163,150,144,147,158,174,189,198,198,186,163,132,102,79,65,65
MA17,16/02/08,79,105,135,164,186,197,196,184,166,148,136,133,142,159,179,197,207,203,186,158,125,94,71,62
MA17,16/02/09,69,90,120,154,183,202,208,201,183,162,144,134,137,150,172,195,212,217,208,185,153,119,88,68
MA17,16/02/10,64,76,101,132,164,189,202,199,184,160,137,119,113,119,137,161,185,200,201,188,163,131,98,73
MA17,16/02/11,60,63,81,109,140,169,188,193,184,163,138,115,100,98,110,131,156,177,188,186,171,146,116,89
MA17,16/02/12,70,65,74,95,123,152,175,187,185,171,148,124,104,94,96,110,132,156,174,183,180,165,144,119
MA17,16/02/13,99,89,90,102,124,150,174,191,196,188,171,148,124,107,100,104,119,140,161,176,183,180,167,150
MA17,16/02/14,132,120,117,123,137,158,180,198,207,206,196,179,157,136,121,116,121,134,152,168,180,185,182,174
MA17,16/02/15,162,150,143,143,149,162,178,191,201,205,200,189,171,151,133,121,116,118,126,137,149,159,166,167
MA17,16/02/16,163,158,152,149,149,155,164,174,182,187,188,183,174,160,144,129,117,110,110,115,124,136,148,158
MA17,16/02/17,163,166,166,163,161,160,162,167,173,178,182,182,179,172,160,145,128,112,100,96,97,104,117,130
MA17,16/02/18,144,154,161,163,161,158,154,152,153,155,159,164,167,167,162,152,137,118,101,88,82,84,93,109
MA17,16/02/19,127,144,158,166,168,164,157,150,146,145,148,155,164,170,173,168,156,136,113,91,76,70,75,88
MA17,16/02/20,108,130,150,165,172,170,163,152,142,137,138,146,157,171,182,187,183,170,148,124,103,90,87,96
MA17,16/02/21,114,139,165,184,195,196,189,175,158,144,138,142,154,169,183,192,193,183,162,134,104,80,67,68
MA17,16/02/22,82,105,132,157,174,180,176,162,143,126,115,113,122,139,159,177,186,185,171,147,117,89,69,63
MA17,16/02/23,71,91,119,147,171,184,185,174,156,135,118,111,114,129,150,173,191,197,191,172,144,113,88,74
MA17,16/02/24,74,89,113,142,168,186,191,183,166,143,121,107,103,112,132,156,177,190,191,179,156,127,100,80
MA17,16/02/25,73,81,101,128,155,177,188,186,171,148,124,106,97,100,114,137,161,180,188,184,168,144,117,95
MA17,16/02/26,83,85,99,121,148,172,188,190,180,160,136,115,102,100,109,127,150,171,184,186,177,159,136,113
MA17,16/02/27,97,93,99,116,139,162,180,187,181,166,144,121,103,95,98,112,133,154,170,180,179,168,151,132
MA17,16/02/28,115,107,109,119,138,160,178,188,187,175,156,134,114,101,97,104,118,136,154,167,172,168,158,144
MA17,16/02/29,130,122,121,128,142,161,179,193,198,193,179,162,143,129,121,123,131,145,160,174,182,184,179,169
MA17,16/03/01,158,148,141,140,146,158,172,183,189,187,177,163,146,130,118,112,113,118,128,140,151,157,159,156
MA17,16/03/02,152,147,143,142,145,151,161,171,178,179,175,165,153,138,125,115,110,109,113,120,129,137,145,150
MA17,16/03/03,153,154,153,151,149,151,156,162,168,172,172,170,163,152,140,128,118,110,106,105,110,118,129,139
MA17,16/03/04,148,155,158,158,155,152,150,150,151,155,158,159,159,155,147,135,121,107,94,87,87,92,103,118
MA17,16/03/05,134,149,159,164,162,156,149,143,139,140,144,151,158,163,161,154,142,124,106,90,80,78,84,99
MA17,16/03/06,120,141,160,171,174,170,160,147,138,133,136,145,158,169,176,176,168,151,128,105,86,76,78,90
MA17,16/03/07,112,139,165,184,193,192,181,165,148,136,132,139,153,171,187,196,195,182,159,130,102,82,74,79
MA17,16/03/08,97,125,155,181,197,201,193,175,153,133,122,122,135,156,180,199,208,203,185,157,124,96,78,73
MA17,16/03/09,84,108,140,170,194,205,202,186,162,135,116,108,114,132,158,185,204,210,202,179,148,115,90,79
MA17,16/03/10,81,97,124,156,184,202,205,194,170,142,116,100,97,110,134,164,192,209,212,199,173,142,113,92
MA17,16/03/11,85,93,115,144,174,197,208,203,184,156,126,103,90,93,110,138,167,193,207,205,190,166,138,114
MA17,16/03/12,100,99,111,133,161,185,201,203,191,166,136,108,87,79,86,106,134,162,182,191,188,174,153,131
MA17,16/03/13,113,106,111,125,147,170,189,196,190,173,148,121,97,81,79,89,110,135,159,177,183,180,169,154
MA17,16/03/14,139,130,129,137,152,171,188,199,201,191,173,150,126,106,95,95,106,123,144,163,177,182,180,172
MA17,16/03/15,163,156,153,155,162,174,186,196,199,195,184,167,147,126,109,100,99,105,118,133,148,159,163,163
MA17,16/03/16,160,156,152,150,152,159,167,174,179,179,175,166,153,138,122,108,100,97,101,109,121,134,145,154
MA17,16/03/17,159,161,161,159,158,158,160,163,166,169,169,167,162,153,140,126,113,103,98,98,103,113,126,140
MA17,16/03/18,152,161,165,166,163,159,156,154,155,157,161,165,167,166,160,150,136,122,110,102,100,105,117,133
MA17,16/03/19,150,166,176,180,179,174,168,161,156,156,161,169,178,185,187,183,171,155,136,120,110,107,114,127
MA17,16/03/20,147,166,182,190,191,184,172,158,146,140,141,148,160,173,184,187,182,167,147,125,107,97,97,107
MA17,16/03/21,125,148,170,184,190,186,174,157,140,128,125,130,144,161,178,190,192,183,164,141,117,100,93,99
MA17,16/03/22,114,137,162,182,193,192,181,164,143,126,117,120,132,152,174,193,203,201,187,164,138,116,102,101
MA17,16/03/23,112,134,160,183,199,204,195,177,153,130,115,111,118,135,158,182,198,203,195,177,152,125,105,97
MA17,16/03/24,103,120,145,169,189,198,195,179,156,131,111,101,104,118,141,167,189,201,200,188,167,141,118,105
MA17,16/03/25,105,118,140,166,187,201,202,190,168,141,117,102,98,107,126,152,177,196,202,196,179,157,134,116
MA17,16/03/26,109,116,133,155,178,194,200,192,173,147,121,100,90,94,108,131,158,181,195,196,186,168,146,126
MA17,16/03/27,115,115,127,146,169,188,198,195,181,158,131,108,93,89,97,117,142,167,186,193,190,178,161,143
MA17,16/03/28,130,126,132,146,165,184,197,200,191,172,147,122,104,95,97,110,130,152,172,185,189,183,170,155
MA17,16/03/29,142,134,135,144,158,174,187,192,187,174,154,131,111,97,93,99,112,130,150,166,176,178,173,164
MA17,16/03/30,153,145,143,147,157,169,181,189,189,182,168,150,131,115,105,104,110,123,139,155,168,175,176,173
MA17,16/03/31,166,159,154,152,156,164,173,180,183,180,171,159,143,128,116,109,109,114,123,136,149,159,167,171
MA17,16/04/01,172,170,167,164,164,165,168,173,176,177,174,167,157,146,133,122,115,111,113,118,128,140,151,160
MA17,16/04/02,167,171,171,167,163,158,157,157,159,161,163,164,162,155,146,134,121,111,104,103,108,117,131,147
MA17,16/04/03,161,172,177,177,171,163,155,149,146,147,153,160,166,169,166,157,143,128,114,104,101,106,118,136
MA17,16/04/04,157,175,189,195,192,183,170,157,148,146,151,162,175,186,193,191,181,164,143,124,110,105,110,125
MA17,16/04/05,147,171,189,200,199,189,171,150,132,122,123,134,152,172,188,196,193,179,158,133,111,97,96,106
MA17,16/04/06,127,154,179,198,204,198,181,157,131,112,105,111,129,154,178,196,203,196,178,152,124,102,91,95
MA17,16/04/07,111,136,165,189,204,204,191,167,138,112,97,96,111,136,167,196,217,222,213,193,167,139,118,111
MA17,16/04/08,120,141,168,194,214,221,212,189,158,124,98,85,88,106,135,168,195,212,214,201,179,153,129,115
MA17,16/04/09,114,127,149,174,196,209,208,193,167,133,102,80,73,82,105,137,169,195,208,208,195,175,153,134
MA17,16/04/10,126,131,147,169,191,208,214,207,187,157,125,97,80,78,91,115,146,176,199,209,205,192,174,156
MA17,16/04/11,143,141,148,164,185,204,214,213,199,175,145,115,91,78,80,94,118,144,168,185,191,188,176,161
MA17,16/04/12,148,141,142,150,164,179,190,195,189,174,152,125,101,85,78,83,96,116,139,160,175,181,178,171
MA17,16/04/13,161,154,152,155,164,175,186,193,192,184,170,152,131,112,99,95,99,111,128,147,164,176,182,183
MA17,16/04/14,181,177,174,173,175,180,185,192,195,194,188,178,163,147,132,122,118,120,127,138,152,167,177,183
MA17,16/04/15,185,184,180,175,172,171,172,174,176,177,177,174,167,157,144,131,120,113,112,115,124,137,150,161
MA17,16/04/16,170,174,172,168,161,155,151,149,149,152,156,161,163,161,155,145,133,122,114,110,113,122,135,150
MA17,16/04/17,165,175,179,178,172,164,155,148,145,146,153,164,175,182,183,176,165,150,136,125,121,125,135,150
MA17,16/04/18,167,182,192,193,187,176,162,148,139,135,139,149,162,175,185,187,180,167,150,132,120,116,121,134
MA17,16/04/19,152,170,184,191,188,177,160,142,126,116,117,126,143,162,178,187,188,179,163,143,126,115,113,122
MA17,16/04/20,139,160,177,188,189,180,162,141,120,105,100,106,122,142,164,180,188,185,172,153,133,118,111,116
MA17,16/04/21,131,152,172,188,196,192,177,155,131,111,100,101,114,136,162,185,200,204,197,181,163,145,135,134
MA17,16/04/22,144,163,187,206,216,216,203,182,155,128,110,103,109,127,152,177,197,207,206,193,173,152,135,127
MA17,16/04/23,130,145,165,186,201,205,197,179,153,125,102,92,94,109,133,162,187,204,210,204,190,170,151,139
MA17,16/04/24,138,147,165,185,202,211,208,193,169,140,113,95,90,97,116,142,169,191,202,202,192,175,155,140
MA17,16/04/25,134,138,151,168,186,198,200,190,169,142,115,94,83,85,98,120,146,170,188,195,191,179,163,147
MA17,16/04/26,137,137,145,159,176,190,196,191,177,154,129,106,90,85,92,108,132,157,177,190,192,186,175,161
MA17,16/04/27,150,146,148,158,173,186,195,196,187,169,146,123,104,94,93,103,120,142,164,180,190,191,186,175
MA17,16/04/28,165,158,158,164,175,187,197,202,200,189,174,155,135,121,115,117,127,144,163,182,196,204,204,198
MA17,16/04/29,190,182,178,177,181,187,194,199,200,195,184,169,151,134,122,117,118,125,137,152,166,178,185,186
MA17,16/04/30,183,177,170,165,163,164,168,173,176,176,173,165,153,139,126,116,112,113,119,130,144,159,172,179
MA17,16/05/01,183,183,178,170,163,158,156,158,162,167,170,171,167,159,148,135,124,116,113,116,125,139,154,168
MA17,16/05/02,178,183,181,173,162,150,140,135,135,139,147,155,161,162,157,147,133,120,109,104,106,116,132,150
MA17,16/05/03,167,179,184,181,170,155,139,127,121,124,133,147,162,174,178,174,162,147,130,117,110,113,125,144
MA17,16/05/04,166,186,199,202,196,180,159,137,121,115,121,136,157,177,193,199,195,181,161,140,124,118,121,134
MA17,16/05/05,154,177,195,204,200,185,160,132,107,91,89,100,122,148,174,192,198,192,176,153,132,117,112,118
MA17,16/05/06,134,157,179,194,197,187,164,133,101,76,64,68,86,114,145,174,193,199,192,174,152,132,120,120
MA17,16/05/07,131,152,176,197,209,206,190,161,127,95,73,66,76,99,132,166,195,212,215,205,185,163,143,134
MA17,16/05/08,137,150,170,191,206,211,201,178,145,108,78,59,55,68,94,127,161,187,200,199,187,169,150,136
MA17,16/05/09,132,139,154,174,193,205,204,189,162,128,95,69,56,58,74,100,133,165,187,197,196,185,170,156
MA17,16/05/10,148,148,158,173,191,204,210,204,185,158,127,99,79,71,76,92,119,148,175,193,200,197,186,173
MA17,16/05/11,162,157,160,169,184,198,208,209,200,181,156,128,105,89,85,91,108,132,157,178,191,194,189,180
MA17,16/05/12,169,160,157,159,167,177,186,191,188,177,160,139,117,99,88,86,93,108,128,148,165,175,177,173
MA17,16/05/13,165,158,152,150,153,158,165,170,174,171,164,151,135,118,106,99,99,106,119,135,152,166,174,175
MA17,16/05/14,173,167,160,153,149,150,153,157,160,162,161,156,147,136,124,114,108,107,113,123,135,149,160,168
MA17,16/05/15,170,168,162,155,147,142,139,140,144,149,154,156,156,153,146,136,127,121,118,122,131,144,157,168
MA17,16/05/16,176,179,176,168,158,148,140,136,136,140,148,157,165,169,168,162,152,142,134,131,134,143,156,170
MA17,16/05/17,182,190,191,186,176,161,147,136,129,130,137,148,161,173,179,178,171,159,147,137,132,135,144,158
MA17,16/05/18,173,184,189,187,177,161,142,125,113,108,112,124,141,159,173,180,179,170,156,142,132,129,134,147
MA17,16/05/19,163,178,188,190,183,168,148,126,108,97,98,108,127,148,167,181,186,182,171,156,142,133,132,140
MA17,16/05/20,155,173,187,194,193,181,161,136,113,96,90,96,111,133,158,179,192,193,185,170,154,142,136,138
MA17,16/05/21,149,166,184,197,200,193,175,149,122,99,86,86,98,120,148,175,194,202,200,188,172,156,144,141
MA17,16/05/22,148,163,182,197,204,201,187,163,135,107,88,80,86,104,131,160,185,200,205,198,184,167,152,145
MA17,16/05/23,148,159,176,193,205,208,199,179,151,121,96,82,81,94,117,146,175,195,205,204,194,178,163,151
MA17,16/05/24,148,155,168,185,200,209,206,190,165,135,107,87,78,83,100,125,154,179,196,203,199,188,173,159
MA17,16/05/25,151,151,160,174,189,201,204,196,177,151,123,99,83,79,89,109,136,163,184,197,201,195,183,169
MA17,16/05/26,158,155,159,169,182,195,202,200,189,168,142,117,97,87,89,102,123,148,172,190,200,200,193,182
MA17,16/05/27,171,163,161,166,176,189,199,203,198,184,163,140,118,103,97,102,115,135,157,177,192,198,196,188
MA17,16/05/28,177,167,161,161,166,174,183,190,192,186,173,155,136,119,108,106,112,125,144,164,181,194,199,197
MA17,16/05/29,190,180,169,162,161,164,170,177,183,186,182,172,159,143,129,120,117,122,133,149,167,184,195,200
MA17,16/05/30,198,191,180,169,161,157,157,162,169,176,181,180,175,165,152,140,131,127,129,138,153,169,184,194
MA17,16/05/31,199,197,188,175,161,150,143,142,147,156,166,176,181,181,175,166,154,143,138,139,147,161,178,193
MA17,16/06/01,204,209,205,194,177,158,142,132,130,136,149,165,180,190,193,189,178,165,153,146,145,153,166,182
MA17,16/06/02,197,208,210,203,186,163,141,122,112,111,120,139,161,181,195,199,195,183,167,153,144,143,151,165
MA17,16/06/03,182,198,206,205,193,171,144,116,95,85,88,103,127,155,179,195,200,194,182,166,152,143,143,153
MA17,16/06/04,170,188,203,209,205,188,162,130,100,79,71,78,98,127,158,185,200,205,198,183,166,153,146,149
MA17,16/06/05,161,178,196,209,213,205,183,152,116,86,66,61,72,97,130,163,189,203,206,198,182,164,150,145
MA17,16/06/06,151,164,182,198,208,208,193,166,132,97,69,54,55,72,100,134,167,190,201,200,189,173,157,147
MA17,16/06/07,146,154,170,187,202,208,203,185,157,124,92,69,59,64,84,113,145,174,194,201,198,186,171,157
MA17,16/06/08,150,152,162,178,193,205,207,199,179,151,120,92,74,69,77,98,126,156,180,194,197,192,180,166
MA17,16/06/09,154,150,154,165,179,192,200,198,187,167,142,116,94,81,81,93,114,141,168,187,196,196,189,177
MA17,16/06/10,164,155,153,158,168,179,188,192,189,177,158,136,115,98,90,93,105,124,147,168,182,187,185,176
MA17,16/06/11,164,153,146,145,149,157,167,174,176,172,161,147,130,114,103,99,104,116,134,153,170,181,184,181
MA17,16/06/12,173,163,153,146,145,148,155,162,168,171,168,161,150,138,127,120,120,125,137,152,168,181,190,192
MA17,16/06/13,188,181,172,163,156,154,156,161,168,174,178,179,176,169,161,152,147,145,150,158,170,183,194,199
MA17,16/06/14,199,194,185,173,161,152,147,145,148,154,162,169,173,173,170,163,155,148,146,149,156,167,178,186
MA17,16/06/15,191,191,185,173,158,144,133,125,124,128,137,149,160,168,171,169,163,155,149,146,148,155,167,178
MA17,16/06/16,187,191,190,182,169,152,136,123,116,117,125,139,155,170,181,186,183,176,167,159,155,158,167,178
MA17,16/06/17,191,201,204,199,187,168,147,128,114,109,114,126,145,165,182,191,194,188,178,166,157,153,156,165
MA17,16/06/18,177,189,196,195,187,170,147,123,103,91,89,98,116,139,161,178,187,186,178,165,152,144,143,149
MA17,16/06/19,161,176,189,195,191,178,156,129,103,85,77,81,97,121,148,172,188,195,191,180,166,154,148,150
MA17,16/06/20,160,176,193,204,206,197,178,152,123,98,82,79,89,109,137,165,188,201,203,195,181,166,155,151
MA17,16/06/21,155,169,185,200,207,205,191,167,137,108,85,74,78,94,118,147,174,193,202,199,188,172,157,147
MA17,16/06/22,147,157,172,188,201,206,198,179,151,120,93,74,68,75,95,124,154,179,195,199,193,181,165,152
MA17,16/06/23,147,152,165,181,197,207,208,197,175,147,118,95,82,82,94,117,145,172,193,203,202,193,177,161
MA17,16/06/24,150,148,154,166,182,197,204,200,185,162,134,108,88,80,85,101,126,154,179,196,203,200,190,176
MA17,16/06/25,163,155,154,163,177,192,202,204,197,181,158,132,109,95,92,100,116,139,164,184,196,200,193,181
MA17,16/06/26,166,153,146,147,154,165,177,186,187,181,167,147,126,108,97,96,105,121,142,163,179,188,188,180
MA17,16/06/27,167,152,139,132,132,138,149,160,167,169,164,153,137,120,107,101,103,112,127,146,164,178,184,183
MA17,16/06/28,174,161,146,134,128,128,133,142,153,162,166,165,159,148,137,127,122,122,129,140,156,171,182,187
MA17,16/06/29,185,175,161,144,129,119,116,118,126,138,150,159,162,161,154,145,136,130,130,136,147,160,173,183
MA17,16/06/30,188,185,175,158,139,121,109,104,106,116,131,147,161,170,172,168,160,152,145,143,147,156,168,181
MA17,16/07/01,190,194,190,176,156,133,112,97,90,93,106,125,146,166,178,182,179,170,159,150,146,149,157,170
MA17,16/07/02,183,193,197,191,175,152,125,101,83,77,83,100,124,151,174,189,194,190,180,168,158,154,157,166
MA17,16/07/03,179,194,204,206,196,177,150,118,91,74,70,79,101,129,159,183,198,203,197,184,170,158,154,158
MA17,16/07/04,169,184,199,207,207,195,171,140,107,79,63,62,76,102,134,165,189,201,201,191,177,161,150,147
MA17,16/07/05,153,167,184,199,206,203,186,158,124,91,65,53,56,73,101,134,164,184,193,190,179,163,147,137
MA17,16/07/06,138,148,164,182,196,201,194,174,145,112,82,62,57,67,89,120,152,180,196,199,192,177,160,146
MA17,16/07/07,140,145,158,175,192,203,205,194,172,141,110,83,68,67,80,104,134,163,184,193,191,180,164,148
MA17,16/07/08,137,135,141,154,171,186,194,191,178,155,127,100,81,73,77,94,119,148,172,188,192,186,174,158
MA17,16/07/09,143,135,135,143,157,173,186,191,186,172,150,127,108,95,94,104,124,148,171,189,198,198,189,175
MA17,16/07/10,159,147,142,144,152,165,177,186,188,181,168,149,131,116,109,111,122,141,162,181,194,199,194,182
MA17,16/07/11,167,153,144,139,141,148,159,170,176,177,171,160,146,133,124,121,126,137,152,169,183,192,193,186
MA17,16/07/12,175,162,149,140,136,137,144,152,160,165,166,164,157,148,140,135,135,140,150,162,176,186,191,190
MA17,16/07/13,183,172,159,148,139,134,134,139,146,154,161,165,167,165,160,154,151,152,156,164,174,184,193,197
MA17,16/07/14,196,189,178,164,151,140,134,132,135,142,152,163,172,176,176,173,169,164,162,164,169,177,186,193
MA17,16/07/15,197,196,189,176,160,144,130,122,120,124,134,148,162,174,182,183,179,172,165,161,161,166,173,182
MA17,16/07/16,188,192,189,180,164,145,126,111,102,101,109,124,142,160,174,182,182,177,168,159,154,154,160,169
MA17,16/07/17,180,190,193,189,177,159,137,115,99,92,95,108,127,149,171,186,193,192,184,173,164,159,160,167
MA17,16/07/18,178,191,200,201,194,178,154,128,106,91,87,94,111,136,162,183,196,200,195,183,170,159,155,159
MA17,16/07/19,170,185,199,206,205,194,172,144,115,92,80,81,94,117,145,172,192,202,202,192,176,162,152,150
MA17,16/07/20,158,172,189,203,209,205,188,162,130,101,81,72,79,98,125,155,182,198,204,198,183,165,150,142
MA17,16/07/21,144,157,176,194,208,211,201,179,149,117,90,73,71,84,108,138,168,191,203,203,193,176,157,143
MA17,16/07/22,139,146,161,181,200,211,210,195,170,138,108,84,73,76,93,120,150,178,197,203,198,183,163,145
MA17,16/07/23,134,134,145,163,183,199,206,202,184,158,128,100,82,77,86,106,133,162,185,198,200,190,172,151
MA17,16/07/24,134,127,130,141,159,179,194,198,191,173,148,122,101,89,89,101,122,148,173,192,199,195,182,163
MA17,16/07/25,143,129,123,127,139,157,176,188,190,182,165,143,123,107,100,104,117,137,160,180,192,195,188,175
MA17,16/07/26,157,138,125,119,124,136,153,169,178,180,174,162,146,131,120,117,123,136,153,171,9999,9999,9999,9999
MA17,16/07/27,9999,9999,9999,9999,9999,9999,9999,9999,9999,9999,9999,9999,9999,9999,9999,9999,9999,9999,9999,9999,9999,9999,9999,9999
MA17,16/07/28,9999,9999,9999,9999,9999,9999,9999,9999,9999,9999,9999,9999,9999,9999,9999,9999,9999,9999,9999,9999,9999,9999,9999,9999
MA17,16/07/29,9999,9999,9999,9999,9999,9999,9999,9999,9999,9999,9999,147,160,167,169,167,162,156,153,155,160,168,177,185
MA17,16/07/30,190,189,180,165,145,123,105,93,90,95,108,127,146,164,175,180,179,172,163,157,156,160,167,177
MA17,16/07/31,187,193,193,184,167,144,120,99,86,82,89,106,130,154,174,187,192,188,179,168,161,159,163,171
MA17,16/08/01,182,194,202,203,193,172,146,118,95,81,77,87,108,135,163,184,197,198,191,178,166,157,153,157
MA17,16/08/02,169,185,200,209,207,194,171,142,112,89,76,77,91,117,147,176,196,205,202,190,174,160,151,151
MA17,16/08/03,159,174,192,208,216,211,194,167,134,103,83,75,82,101,130,161,188,203,206,197,181,162,148,141
MA17,16/08/04,145,158,176,195,209,214,205,184,154,122,95,79,78,91,115,144,173,195,205,201,187,168,150,137
MA17,16/08/05,134,142,157,177,196,207,208,196,171,140,111,90,81,86,103,130,160,184,199,201,191,174,154,139
MA17,16/08/06,130,131,142,160,180,197,204,200,184,159,132,108,93,91,102,124,150,176,194,201,197,183,163,143
MA17,16/08/07,131,128,133,145,163,180,193,196,188,171,149,126,110,102,106,120,142,166,186,198,198,188,172,154
MA17,16/08/08,139,130,129,137,151,169,186,195,194,184,168,150,134,124,124,132,148,169,189,203,208,202,189,173
MA17,16/08/09,158,145,138,139,148,162,177,187,191,189,181,167,153,141,136,138,147,162,179,193,202,203,194,180
MA17,16/08/10,165,150,139,133,135,143,154,166,174,177,174,168,159,149,143,142,147,158,171,183,193,196,193,185
MA17,16/08/11,172,156,143,134,131,132,138,147,156,164,169,170,166,159,154,151,152,158,166,176,185,191,192,188
MA17,16/08/12,180,168,155,142,133,128,128,133,140,149,158,163,166,167,165,163,161,162,166,173,180,187,192,193
MA17,16/08/13,189,181,169,156,143,132,125,123,125,133,144,156,167,174,177,177,175,173,172,172,175,181,188,194
MA17,16/08/14,197,195,188,176,160,144,130,121,117,120,130,145,162,177,187,191,190,186,179,174,172,175,180,189
MA17,16/08/15,198,203,201,193,180,162,143,126,115,112,117,131,151,172,189,199,202,198,189,179,172,170,173,182
MA17,16/08/16,194,205,212,211,200,182,159,136,118,107,108,119,139,163,188,205,214,215,209,197,184,175,173,179
MA17,16/08/17,192,208,221,227,223,207,183,155,128,108,99,103,120,144,172,197,214,220,213,197,178,161,153,155
MA17,16/08/18,167,184,203,217,221,213,194,166,135,108,91,87,98,122,153,183,205,215,212,198,179,159,145,140
MA17,16/08/19,148,166,189,211,224,224,210,184,153,122,98,85,88,105,134,167,197,215,219,210,190,168,148,136
MA17,16/08/20,136,148,170,197,217,227,223,207,180,147,118,98,91,101,124,154,184,209,223,220,205,182,158,139
MA17,16/08/21,130,133,149,172,197,218,227,220,199,170,140,115,99,98,111,135,164,191,211,218,211,191,166,142
MA17,16/08/22,125,121,129,147,172,198,217,225,220,203,180,158,137,123,123,136,159,184,205,217,215,201,179,155
MA17,16/08/23,134,120,118,126,144,167,189,202,202,193,176,157,139,126,122,128,144,167,189,203,208,203,188,166
MA17,16/08/24,142,123,113,112,121,138,159,176,186,188,183,171,157,145,140,140,147,161,178,195,205,204,195,179
MA17,16/08/25,159,140,125,116,114,121,136,153,168,177,180,178,171,164,159,158,161,168,178,190,201,207,204,194
MA17,16/08/26,180,164,146,131,122,119,124,136,151,165,175,179,181,181,179,178,177,177,179,186,195,204,207,204
MA17,16/08/27,197,186,171,154,138,125,120,122,131,144,157,170,182,190,195,194,192,188,185,185,190,196,202,207
MA17,16/08/28,208,204,193,178,161,143,128,119,117,125,140,157,176,193,204,209,207,201,193,189,190,195,201,208
MA17,16/08/29,216,221,220,212,198,179,159,141,130,128,137,155,177,200,219,229,230,225,217,208,200,198,202,211
MA17,16/08/30,223,234,241,241,232,214,190,164,141,128,129,142,163,189,215,233,241,238,226,208,191,179,176,183
MA17,16/08/31,197,215,230,236,232,217,194,167,139,117,107,111,130,156,183,205,218,220,211,194,175,159,150,152
MA17,16/09/01,164,184,205,221,227,220,203,177,148,122,106,102,112,136,166,193,212,219,214,199,180,160,144,138
MA17,16/09/02,145,164,187,207,221,225,215,193,164,136,113,101,103,122,151,181,204,217,219,209,189,165,144,131
MA17,16/09/03,132,145,169,195,215,224,222,208,184,155,130,115,112,122,145,173,199,216,221,214,197,174,150,133
MA17,16/09/04,129,137,154,178,201,217,221,213,193,169,145,126,118,122,139,164,190,211,219,214,199,178,154,134
MA17,16/09/05,123,124,137,159,183,203,213,213,201,183,162,142,130,129,140,160,184,205,219,220,209,190,166,143
MA17,16/09/06,129,125,132,147,168,188,205,213,208,194,176,159,146,140,145,160,180,200,215,221,217,202,181,159
MA17,16/09/07,141,132,132,142,159,178,195,205,207,201,189,175,162,154,154,162,177,195,210,218,218,208,191,171
MA17,16/09/08,153,139,133,135,144,159,177,190,198,199,194,185,176,169,167,171,181,194,207,217,220,216,205,190
MA17,16/09/09,172,156,144,139,141,149,161,174,184,190,190,186,180,174,170,170,174,181,189,197,201,200,195,185
MA17,16/09/10,173,159,145,136,131,131,136,144,154,163,170,174,174,172,169,168,168,171,175,180,186,189,188,183
MA17,16/09/11,175,165,152,140,130,124,122,124,131,140,152,161,169,174,175,173,170,168,166,167,169,173,177,178
MA17,16/09/12,177,173,165,152,137,124,116,111,113,120,132,146,161,173,180,181,178,173,167,162,160,162,167,174
MA17,16/09/13,179,181,178,170,155,138,122,109,104,107,117,134,154,173,186,191,188,180,169,159,152,150,154,165
MA17,16/09/14,177,186,190,186,174,154,132,111,96,89,95,109,131,155,178,192,195,188,175,159,144,136,136,147
MA17,16/09/15,163,181,193,198,193,178,155,128,104,89,86,96,117,145,172,191,199,196,184,165,145,129,124,130
MA17,16/09/16,146,169,189,203,205,195,174,147,118,95,83,86,102,127,156,182,198,201,191,173,150,130,116,114
MA17,16/09/17,125,147,174,197,212,212,198,172,142,115,94,87,94,114,144,175,200,211,206,188,164,137,115,104
MA17,16/09/18,107,124,152,182,205,217,214,196,170,141,115,100,99,113,138,169,197,215,218,207,184,155,125,104
MA17,16/09/19,98,108,131,161,190,210,218,212,192,166,140,120,111,116,133,158,186,206,214,210,193,167,138,112
MA17,16/09/20,96,95,108,133,163,190,208,212,202,183,161,142,129,126,136,157,183,206,219,218,205,182,155,127
MA17,16/09/21,105,94,97,112,135,159,179,191,193,185,171,155,140,132,134,147,166,183,196,201,196,182,162,137
MA17,16/09/22,114,97,91,96,111,132,154,171,180,181,175,165,154,148,149,155,166,180,192,200,200,191,177,159
MA17,16/09/23,139,121,109,104,109,122,140,157,169,177,180,178,172,166,163,165,170,178,186,194,197,194,186,175
MA17,16/09/24,160,142,126,114,108,109,118,130,145,157,165,169,170,169,167,166,167,170,173,177,182,184,184,179
MA17,16/09/25,170,158,144,130,118,111,109,114,124,136,149,161,169,173,174,173,171,169,168,168,171,175,179,182
MA17,16/09/26,183,179,169,155,140,125,115,110,112,120,134,151,165,176,182,183,180,172,164,159,156,159,165,173
MA17,16/09/27,181,187,187,179,164,147,130,116,109,111,122,140,161,179,192,197,194,184,172,160,152,150,153,163
MA17,16/09/28,178,191,198,197,187,171,150,131,116,110,116,130,152,175,194,205,206,198,183,166,151,141,140,149
MA17,16/09/29,165,184,200,209,208,195,173,149,127,113,110,120,140,165,188,205,212,206,190,169,148,132,125,129
MA17,16/09/30,145,166,187,203,210,204,187,163,137,117,106,109,126,150,175,197,211,211,198,176,153,132,119,119
MA17,16/10/01,131,151,176,198,213,214,202,180,154,131,115,112,121,141,166,191,208,212,201,180,154,129,111,104
MA17,16/10/02,111,128,153,181,203,214,210,193,169,144,125,116,119,134,158,184,204,212,207,190,165,139,117,103
MA17,16/10/03,103,116,139,167,192,209,212,203,184,161,141,127,124,133,153,178,200,213,215,203,181,155,131,113
MA17,16/10/04,106,113,131,155,179,199,210,209,196,176,156,139,131,134,148,169,190,205,210,202,184,159,132,110
MA17,16/10/05,98,97,108,128,153,176,192,199,193,178,161,145,135,133,141,158,178,195,204,204,194,175,151,129
MA17,16/10/06,113,106,109,122,142,164,183,194,195,188,175,160,149,143,146,156,171,184,193,194,187,171,149,126
MA17,16/10/07,107,95,93,100,114,133,151,165,172,171,164,154,144,139,139,144,154,167,177,182,179,169,154,135
MA17,16/10/08,118,105,99,100,108,123,140,155,167,173,173,169,165,160,159,161,166,173,181,187,188,184,174,160
MA17,16/10/09,145,132,123,119,120,128,139,153,165,174,180,182,181,178,174,171,169,169,172,177,180,180,176,167
MA17,16/10/10,156,143,132,122,115,114,117,125,136,149,160,168,173,174,173,170,167,164,162,163,166,170,172,171
MA17,16/10/11,169,163,153,142,131,124,120,120,126,137,151,165,176,184,187,187,182,173,165,160,160,163,169,176
MA17,16/10/12,180,182,178,168,154,140,128,121,121,127,141,159,177,192,201,202,197,186,172,161,154,154,160,171
MA17,16/10/13,183,191,194,189,177,158,138,121,111,111,121,139,160,180,195,201,198,187,171,153,140,134,138,151
MA17,16/10/14,168,186,198,201,194,180,159,137,119,111,114,128,150,174,195,208,209,199,180,157,135,121,118,129
MA17,16/10/15,149,172,194,207,208,199,180,156,133,115,109,117,136,163,189,208,216,210,193,167,138,115,104,108
MA17,16/10/16,125,152,181,203,215,213,200,176,150,128,115,115,129,152,179,202,217,217,202,177,146,117,97,92
MA17,16/10/17,103,128,160,192,215,226,223,206,181,155,134,125,130,148,175,202,220,226,218,196,164,131,103,87
MA17,16/10/18,86,102,130,164,195,216,224,217,199,176,154,138,135,146,168,194,215,226,224,210,183,150,117,93
MA17,16/10/19,81,86,104,133,165,195,213,216,207,191,172,156,146,148,162,183,204,217,222,216,199,172,142,114
MA17,16/10/20,95,90,99,118,146,175,198,210,212,205,192,177,166,162,169,182,199,214,222,221,210,190,163,136
MA17,16/10/21,112,97,94,103,122,146,169,187,196,196,189,180,170,164,165,171,183,195,203,207,203,192,175,153
MA17,16/10/22,131,114,103,101,109,125,146,166,182,190,191,187,182,176,173,175,179,186,194,198,199,197,189,175
MA17,16/10/23,159,141,126,117,115,120,133,150,167,180,187,189,188,185,181,179,178,177,177,180,183,184,183,178
MA17,16/10/24,170,158,145,131,122,118,121,129,142,156,169,178,183,184,182,179,174,168,163,161,162,167,172,175
MA17,16/10/25,175,171,162,149,137,128,123,123,129,140,156,170,180,187,188,185,178,168,158,151,150,153,160,170
MA17,16/10/26,178,182,180,172,161,147,135,128,127,133,147,165,181,194,201,199,190,176,161,148,139,139,145,157
MA17,16/10/27,170,183,190,189,179,163,145,130,121,120,129,144,164,182,195,197,190,174,154,136,123,115,117,127
MA17,16/10/28,145,165,181,188,186,176,159,140,126,121,125,139,159,181,199,207,204,191,171,149,131,121,121,130
MA17,16/10/29,149,173,196,210,213,206,191,170,151,139,136,143,159,180,201,215,217,204,182,156,130,112,103,107
MA17,16/10/30,120,143,169,190,201,202,191,173,154,137,129,130,142,162,184,203,211,205,188,163,135,111,96,93
MA17,16/10/31,104,127,155,180,197,205,201,188,170,152,137,132,140,158,181,202,215,214,201,178,150,124,105,97
MA17,16/11/01,100,118,147,177,199,212,213,205,190,172,157,148,150,163,183,203,218,221,211,191,163,133,109,94
MA17,16/11/02,91,103,125,153,179,198,207,204,192,176,158,146,143,152,169,190,207,216,213,198,174,145,120,102
MA17,16/11/03,97,106,125,150,177,199,213,215,209,196,180,167,162,166,179,196,212,222,223,213,194,169,142,121
MA17,16/11/04,108,109,120,139,163,187,204,212,211,202,190,178,170,169,175,186,201,212,217,213,199,178,153,130
MA17,16/11/05,114,108,113,127,147,169,189,202,208,206,200,191,183,179,181,188,199,210,217,216,208,193,174,153
MA17,16/11/06,134,123,121,127,139,157,176,190,199,202,199,193,185,179,177,179,185,192,198,200,197,187,173,157
MA17,16/11/07,140,126,118,117,122,134,150,165,179,187,191,190,187,182,178,177,178,181,186,190,190,188,182,173
MA17,16/11/08,161,149,138,131,129,134,144,158,172,185,195,201,203,202,198,192,187,184,184,187,190,192,192,189
MA17,16/11/09,183,174,164,152,144,141,141,148,159,172,183,194,200,202,201,195,185,174,166,163,164,169,175,180
MA17,16/11/10,182,179,172,160,147,136,130,130,136,147,161,177,189,197,198,193,181,166,151,141,138,143,154,168
MA17,16/11/11,180,188,189,182,171,157,144,135,133,140,154,172,191,206,213,210,198,180,158,139,128,128,138,154
MA17,16/11/12,174,191,201,202,193,177,158,141,130,128,136,153,175,195,209,212,203,183,157,129,109,100,105,120
MA17,16/11/13,143,170,191,203,203,193,176,155,138,128,130,142,162,186,206,216,214,197,170,138,108,88,82,91
MA17,16/11/14,113,144,175,200,212,211,199,179,158,141,132,137,154,177,201,219,224,215,193,161,125,95,79,79
MA17,16/11/15,96,125,162,197,220,230,227,214,194,174,160,156,164,182,206,227,239,237,221,193,155,117,89,76
MA17,16/11/16,81,101,132,167,198,219,226,220,205,185,165,153,153,165,184,206,223,228,219,198,166,130,97,74
MA17,16/11/17,66,76,99,131,166,194,212,216,209,194,176,163,157,162,176,195,213,223,221,207,183,151,117,88
MA17,16/11/18,71,69,80,103,133,164,187,199,200,193,180,168,159,157,164,178,194,207,212,207,193,172,144,116
MA17,16/11/19,94,83,85,98,121,149,176,194,203,202,196,186,177,172,174,182,192,203,210,212,205,192,173,150
MA17,16/11/20,127,110,101,104,117,137,159,179,193,199,198,190,181,174,171,172,176,182,189,193,193,188,176,160
MA17,16/11/21,141,124,113,108,111,122,138,156,172,184,189,187,182,176,170,167,166,168,171,175,179,180,178,172
MA17,16/11/22,163,151,140,132,129,132,142,157,172,185,194,199,199,194,188,181,175,171,168,168,172,177,180,181
MA17,16/11/23,179,173,164,154,145,140,140,146,155,168,181,189,193,193,187,178,166,156,149,145,146,151,158,166
MA17,16/11/24,172,174,171,164,155,147,141,141,146,155,167,179,190,194,193,186,174,160,146,136,131,134,142,153
MA17,16/11/25,166,175,180,178,170,160,149,142,141,147,158,172,185,195,199,196,183,165,145,129,119,116,121,133
MA17,16/11/26,150,167,179,183,178,167,154,142,134,133,140,152,168,183,192,192,183,165,142,120,104,97,99,112
MA17,16/11/27,132,155,175,188,191,185,173,160,148,143,145,155,170,188,202,208,203,187,164,139,117,103,100,110
MA17,16/11/28,129,153,178,197,207,206,196,181,164,152,148,152,164,181,198,207,207,195,172,142,113,92,81,84
MA17,16/11/29,98,121,148,173,192,200,197,183,166,151,142,142,151,167,185,199,204,197,177,149,118,91,74,70
MA17,16/11/30,79,99,125,153,175,188,190,181,166,150,138,133,138,152,171,188,197,196,184,160,131,102,81,70
MA17,16/12/01,74,91,116,145,173,193,202,200,189,174,160,151,152,162,179,196,209,213,205,186,160,131,105,88
MA17,16/12/02,82,90,110,136,163,187,200,202,193,179,163,151,147,152,165,181,196,204,201,188,164,135,107,85
MA17,16/12/03,73,75,88,111,138,165,185,194,192,182,167,155,147,147,154,167,182,194,197,190,173,150,123,99
MA17,16/12/04,83,78,85,103,126,151,173,188,193,190,179,167,157,153,156,165,178,190,197,196,187,170,148,126
MA17,16/12/05,108,98,98,106,123,145,168,187,197,199,193,183,173,165,163,166,174,184,193,197,194,183,167,147
MA17,16/12/06,128,113,106,108,118,136,156,175,189,196,196,191,182,174,166,162,162,166,172,177,179,175,166,152
MA17,16/12/07,137,121,110,106,108,118,133,150,166,179,185,185,180,173,165,158,153,153,156,163,169,173,173,169
MA17,16/12/08,159,147,135,126,122,124,132,144,158,172,181,186,186,182,173,162,151,142,138,139,146,154,162,167
MA17,16/12/09,167,162,153,143,134,129,130,136,147,162,176,188,195,196,189,177,161,146,134,128,129,136,148,161
MA17,16/12/10,171,176,174,166,155,143,135,132,136,146,160,175,187,193,191,182,164,142,120,104,97,101,113,132
MA17,16/12/11,151,168,178,179,172,160,147,136,132,135,146,162,179,192,198,193,177,152,124,99,83,79,86,104
MA17,16/12/12,129,155,175,186,187,178,164,149,137,133,137,149,167,185,198,200,190,168,137,105,78,63,62,76
MA17,16/12/13,101,131,161,184,196,197,188,173,157,145,142,150,166,186,204,215,214,199,171,137,104,78,66,71
MA17,16/12/14,91,123,159,191,214,223,220,207,189,173,162,160,168,184,203,219,227,220,199,166,129,94,68,58
MA17,16/12/15,65,86,118,153,185,205,212,207,193,176,160,152,154,165,183,203,217,219,206,181,147,111,80,61
MA17,16/12/16,57,69,95,129,163,190,206,209,202,188,172,158,153,158,172,189,205,214,211,194,167,133,99,72
MA17,16/12/17,57,58,74,100,131,160,182,193,192,183,168,153,143,142,149,163,179,192,197,190,172,145,115,86
MA17,16/12/18,64,56,61,78,103,131,156,172,178,174,162,148,137,132,135,144,158,173,182,182,173,156,133,108
MA17,16/12/19,86,73,71,79,97,120,145,165,176,179,173,162,149,140,137,140,149,159,169,175,175,168,154,136
MA17,16/12/20,117,102,93,93,102,119,140,159,173,180,180,174,164,153,145,142,143,148,155,162,165,165,159,149
MA17,16/12/21,135,121,110,105,108,118,132,149,164,176,180,178,170,159,148,139,135,134,137,141,146,150,153,152
MA17,16/12/22,147,139,130,124,122,125,133,146,160,174,184,188,186,180,171,160,150,144,141,143,148,157,166,173
MA17,16/12/23,176,176,171,165,159,155,156,163,172,182,193,199,201,198,189,177,162,148,136,130,129,133,141,151
MA17,16/12/24,159,164,166,162,155,148,143,142,146,154,164,173,179,181,177,167,152,134,117,104,98,99,106,119
MA17,16/12/25,134,147,157,160,158,152,144,138,136,140,149,161,171,178,180,175,162,143,122,103,91,87,93,106
MA17,16/12/26,124,144,160,169,172,168,160,150,143,142,148,158,171,182,189,190,181,164,141,117,98,89,90,101
MA17,16/12/27,120,144,168,187,197,198,192,181,170,164,165,173,185,198,210,216,212,196,171,142,116,98,90,94
MA17,16/12/28,109,132,158,179,193,198,192,180,165,151,144,146,156,170,185,195,195,183,161,132,102,79,66,65
MA17,16/12/29,77,99,128,155,178,191,192,184,169,155,145,144,152,167,184,199,206,202,185,159,128,99,79,70
MA17,16/12/30,75,92,118,146,172,189,196,192,178,161,146,138,138,149,165,182,193,195,184,162,132,102,75,60
MA17,16/12/31,58,71,94,123,153,177,190,191,181,166,149,136,133,140,155,173,189,196,191,175,149,119,89,67
