MA17,93/01/01,143,134,125,124,128,138,154,167,180,187,187,181,169,155,142,132,125,125,130,136,145,152,156,155
MA17,93/01/02,152,147,142,140,140,145,155,167,179,190,193,191,182,170,157,142,130,120,121,126,135,145,152,160
MA17,93/01/03,162,161,158,156,154,155,160,168,176,186,193,196,193,186,173,157,142,128,118,113,116,124,135,148
MA17,93/01/04,159,167,172,172,170,166,164,164,167,173,180,186,187,186,180,167,150,130,114,100,094,097,107,124
MA17,93/01/05,143,158,171,177,179,175,172,168,166,168,175,181,187,190,190,181,164,141,118,095,080,077,083,098
MA17,93/01/06,120,143,164,177,182,182,175,167,159,156,159,165,174,183,190,190,177,157,129,101,077,063,061,075
MA17,93/01/07,098,126,155,176,190,196,194,185,176,167,164,167,177,191,206,213,206,191,162,131,101,078,071,072
MA17,93/01/08,089,116,147,177,196,206,206,197,183,168,159,158,164,179,193,205,209,201,180,147,111,077,051,043
MA17,93/01/09,052,075,110,142,173,194,201,198,185,167,154,147,147,160,178,196,207,210,199,173,141,103,074,056
MA17,93/01/10,055,069,098,132,166,194,210,210,200,185,169,153,150,156,170,192,211,221,219,203,177,143,107,079
MA17,93/01/11,064,066,084,117,150,178,201,211,203,187,168,150,139,136,147,166,187,204,212,208,189,163,131,101
MA17,93/01/12,077,069,078,100,130,160,186,201,200,190,171,149,131,123,124,138,156,176,190,195,188,171,147,119
MA17,93/01/13,097,082,081,094,115,144,170,190,196,190,176,156,135,120,115,120,133,151,168,180,185,179,163,145
MA17,93/01/14,126,110,104,106,120,142,165,185,198,199,189,172,151,135,123,119,123,134,148,162,172,177,171,162
MA17,93/01/15,149,136,127,127,134,148,167,185,197,202,196,181,166,147,132,120,116,118,126,136,150,158,162,164
MA17,93/01/16,161,156,152,150,151,157,171,184,195,204,206,199,185,170,154,139,126,122,120,122,132,144,152,163
MA17,93/01/17,167,170,170,170,168,169,172,178,186,194,197,196,189,180,166,151,134,120,108,103,104,111,120,136
MA17,93/01/18,147,158,165,169,167,166,166,166,169,174,180,184,184,180,173,162,146,127,110,096,091,093,104,118
MA17,93/01/19,137,155,170,181,183,181,178,172,169,170,174,180,185,190,189,182,167,146,123,103,086,080,084,097
MA17,93/01/20,117,140,161,177,186,187,182,175,168,164,166,173,181,190,197,197,188,171,146,120,096,081,076,083
MA17,93/01/21,099,123,148,171,185,190,187,178,165,155,151,155,163,175,188,194,191,179,156,128,099,077,066,066
MA17,93/01/22,077,100,129,156,175,186,187,180,166,154,145,142,149,162,178,190,194,190,171,144,115,087,069,061
MA17,93/01/23,068,086,114,144,169,184,189,184,171,155,142,136,137,150,168,184,196,197,185,162,135,104,081,067
MA17,93/01/24,067,082,105,135,163,184,195,191,180,162,145,133,131,138,156,174,191,200,194,180,153,125,098,077
MA17,93/01/25,071,080,100,127,157,183,198,200,190,174,156,140,132,135,148,169,187,200,204,195,176,150,122,099
MA17,93/01/26,088,091,106,128,155,180,198,203,199,183,165,145,132,128,137,154,174,192,200,198,182,163,137,113
MA17,93/01/27,099,094,106,124,149,172,192,202,202,191,171,153,135,126,129,144,165,182,195,198,193,180,161,139
MA17,93/01/28,124,116,121,136,156,178,198,210,214,206,190,169,150,134,129,136,149,166,180,187,188,178,164,147
MA17,93/01/29,130,120,118,126,141,162,181,195,199,195,183,166,145,128,121,122,129,142,155,167,172,171,163,151
MA17,93/01/30,140,132,126,129,140,155,172,186,196,196,187,172,155,139,127,121,122,129,140,150,159,163,161,158
MA17,93/01/31,151,142,138,138,143,153,165,176,184,188,184,174,160,145,132,120,114,114,120,128,138,150,154,158
MA17,93/02/01,158,156,154,153,156,162,172,182,190,194,193,188,178,165,149,136,124,117,116,118,123,132,143,152
MA17,93/02/02,158,163,165,166,164,165,167,171,175,180,182,183,179,170,159,144,127,112,098,091,090,097,109,124
MA17,93/02/03,138,151,159,164,164,163,161,159,160,162,167,171,173,173,168,158,141,122,102,086,077,080,091,107
MA17,93/02/04,129,148,167,177,182,181,175,170,164,162,164,171,177,185,186,183,170,149,120,095,075,063,065,079
MA17,93/02/05,101,127,152,172,182,183,176,166,154,146,144,148,160,174,186,190,185,169,143,111,082,061,052,060
MA17,93/02/06,080,108,140,168,187,196,193,180,164,149,142,141,152,169,187,201,207,200,178,145,109,078,058,053
MA17,93/02/07,065,091,125,160,186,203,204,195,178,157,142,137,142,161,183,206,222,226,213,187,151,115,084,068
MA17,93/02/08,068,083,111,144,176,200,208,199,181,158,135,120,114,125,146,170,193,206,204,187,157,123,090,065
MA17,93/02/09,054,063,086,116,150,178,194,193,182,159,131,112,100,102,120,144,171,192,203,199,183,155,122,095
MA17,93/02/10,076,074,088,112,142,171,192,197,188,169,142,116,096,089,097,115,140,164,182,191,187,170,147,119
MA17,93/02/11,099,090,094,111,137,162,185,198,197,182,160,132,107,093,090,100,119,141,163,178,183,179,167,148
MA17,93/02/12,131,120,119,128,143,166,188,200,203,194,176,153,127,107,096,095,104,120,135,149,161,166,163,156
MA17,93/02/13,144,134,129,131,140,153,171,185,191,188,176,159,137,116,101,093,094,101,112,127,140,148,153,155
MA17,93/02/14,152,149,147,148,152,161,172,180,187,189,182,170,155,138,121,107,100,097,099,106,114,123,132,140
MA17,93/02/15,144,146,148,148,149,153,160,168,172,177,177,172,165,154,141,127,114,105,100,098,102,110,123,135
MA17,93/02/16,146,154,163,166,166,165,165,164,168,170,173,175,172,167,159,148,134,120,106,097,096,098,108,124
MA17,93/02/17,142,157,172,180,182,180,178,177,176,180,189,194,198,201,198,189,175,158,138,121,108,104,107,118
MA17,93/02/18,136,156,176,188,194,192,185,176,166,161,161,166,175,184,188,190,181,163,141,119,097,087,086,096
MA17,93/02/19,114,137,161,179,188,191,184,172,160,150,148,152,162,176,184,193,190,178,157,132,108,090,083,085
MA17,93/02/20,100,123,149,171,182,189,183,170,154,140,132,132,142,158,174,186,191,185,168,144,117,092,078,076
MA17,93/02/21,088,110,136,162,184,194,193,182,164,144,132,127,132,152,174,194,207,210,199,179,153,127,107,101
MA17,93/02/22,107,125,150,177,205,220,222,212,194,171,151,140,143,154,174,198,216,225,221,202,178,150,124,108
MA17,93/02/23,107,120,144,171,196,215,221,213,195,171,148,131,126,134,153,175,199,216,217,204,182,156,130,109
MA17,93/02/24,102,110,129,152,178,198,206,202,187,163,139,119,107,110,127,151,175,193,202,196,182,158,135,115
MA17,93/02/25,102,104,118,140,163,182,197,197,183,162,138,116,100,097,106,125,149,170,184,186,179,162,141,121
MA17,93/02/26,108,106,112,130,151,173,187,191,183,166,143,118,098,089,092,106,126,149,164,175,174,164,148,133
MA17,93/02/27,119,114,119,131,148,167,183,190,188,171,152,130,109,094,089,098,114,135,153,167,172,170,162,151
MA17,93/02/28,140,132,135,144,157,174,191,201,202,193,176,156,135,118,108,105,114,127,143,157,168,171,170,163
MA17,93/03/01,156,149,148,151,159,170,181,190,192,188,178,165,145,126,114,105,105,111,121,135,145,156,161,162
MA17,93/03/02,159,158,157,157,159,164,173,180,182,181,176,166,153,136,121,110,101,098,100,106,117,128,139,148
MA17,93/03/03,153,157,159,157,157,158,160,164,167,168,169,167,161,151,141,125,112,100,093,092,097,108,122,137
MA17,93/03/04,151,163,171,172,169,165,162,160,158,160,164,167,171,171,162,150,134,115,097,085,081,086,098,115
MA17,93/03/05,135,155,169,176,176,171,163,155,147,146,149,157,167,175,177,172,158,138,111,090,074,070,075,093
MA17,93/03/06,118,145,168,183,188,184,172,158,144,136,136,145,160,176,188,193,187,169,143,113,087,070,067,077
MA17,93/03/07,100,133,161,184,196,197,184,166,145,131,125,129,146,168,191,210,216,208,184,155,120,091,079,080
MA17,93/03/08,095,125,157,187,208,213,204,182,157,132,115,110,123,145,173,200,216,218,204,175,141,108,082,073
MA17,93/03/09,081,103,137,170,195,207,203,184,156,126,100,086,090,108,137,170,196,211,211,195,168,136,108,089
MA17,93/03/10,086,100,128,161,191,211,215,201,176,142,113,090,080,089,110,141,174,200,211,209,190,162,134,112
MA17,93/03/11,099,105,121,147,175,198,209,203,183,153,119,091,072,070,083,109,139,169,191,199,194,179,157,135
MA17,93/03/12,120,118,127,147,170,193,208,211,196,173,144,115,092,078,080,096,121,148,173,188,193,188,176,161
MA17,93/03/13,146,142,146,158,174,195,210,216,210,194,170,142,116,098,091,096,112,130,150,167,180,182,177,170
MA17,93/03/14,160,152,150,155,166,180,194,201,202,194,176,154,130,110,098,096,101,112,128,145,158,167,171,169
MA17,93/03/15,166,162,159,161,166,175,186,193,195,193,183,169,153,135,118,111,110,114,123,135,149,161,170,177
MA17,93/03/16,181,183,183,182,183,186,191,196,199,199,195,188,178,164,149,136,127,122,120,123,129,139,151,162
MA17,93/03/17,173,179,183,184,181,180,179,179,180,180,182,183,181,173,166,154,142,131,122,117,117,124,133,147
MA17,93/03/18,162,175,183,184,184,179,173,168,165,165,168,173,179,182,179,172,161,145,130,120,112,112,119,134
MA17,93/03/19,151,169,181,188,189,182,172,162,153,150,153,160,170,180,186,185,177,161,143,125,110,104,108,120
MA17,93/03/20,138,158,176,188,191,186,174,158,145,135,134,142,154,171,184,190,188,176,157,133,115,103,101,109
MA17,93/03/21,127,147,169,186,192,189,176,157,138,123,116,122,137,157,175,190,195,188,171,148,123,106,098,102
MA17,93/03/22,117,140,164,184,197,196,185,167,141,121,111,112,127,146,170,190,202,202,189,168,143,118,106,101
MA17,93/03/23,113,134,158,180,194,199,191,172,147,121,103,098,108,127,153,178,197,204,199,184,160,137,118,110
MA17,93/03/24,114,132,155,181,198,208,203,187,162,134,112,099,102,120,144,173,200,216,222,211,194,173,150,137
MA17,93/03/25,138,148,168,189,209,222,221,205,179,147,120,101,094,103,124,154,180,200,210,205,192,170,148,132
MA17,93/03/26,124,130,145,167,188,202,206,197,177,151,120,096,086,088,106,130,160,184,201,204,196,178,159,142
MA17,93/03/27,132,132,144,162,180,198,207,203,187,163,134,107,088,083,091,110,138,163,186,195,194,185,169,153
MA17,93/03/28,141,137,143,157,177,192,204,206,195,176,152,124,105,093,092,105,128,156,178,193,200,198,189,177
MA17,93/03/29,166,161,162,172,184,198,210,215,211,196,174,150,126,107,098,101,111,128,146,162,174,177,174,165
MA17,93/03/30,155,150,147,150,157,168,178,184,184,177,161,142,122,102,090,085,090,101,116,135,151,160,167,168
MA17,93/03/31,167,164,160,160,164,170,178,184,186,184,177,166,150,135,120,108,103,104,112,124,140,154,166,176
MA17,93/04/01,180,181,180,177,176,175,179,182,186,189,188,184,176,166,154,139,125,116,113,116,125,138,153,168
MA17,93/04/02,180,188,190,186,180,174,168,164,164,167,173,179,181,179,170,158,141,123,110,102,104,114,131,150
MA17,93/04/03,168,183,191,192,185,173,162,151,145,147,154,165,177,186,190,183,170,148,127,110,100,100,112,133
MA17,93/04/04,156,178,194,200,196,184,167,150,136,129,136,150,170,190,203,209,203,187,163,140,118,108,111,125
MA17,93/04/05,150,174,201,213,214,201,181,157,131,118,117,127,147,173,197,214,217,210,185,158,130,110,104,111
MA17,93/04/06,130,157,184,205,215,207,187,160,130,103,091,100,122,153,183,208,223,222,205,178,150,126,115,116
MA17,93/04/07,133,157,184,207,218,214,195,165,131,107,087,080,089,112,145,180,208,224,226,213,192,165,142,128
MA17,93/04/08,130,147,171,196,213,223,215,192,160,123,093,074,071,085,111,145,175,201,212,207,193,171,149,133
MA17,93/04/09,129,137,154,176,196,210,210,193,165,135,100,076,062,065,082,110,142,169,190,198,192,180,162,144
MA17,93/04/10,136,136,147,165,185,202,209,202,183,155,124,095,073,066,073,092,116,143,170,185,190,185,172,159
MA17,93/04/11,149,144,150,163,179,192,201,202,189,167,143,116,092,078,078,087,105,128,153,172,183,186,182,176
MA17,93/04/12,166,160,159,164,176,187,199,201,195,182,162,140,115,098,089,088,096,111,128,145,159,167,168,166
MA17,93/04/13,161,156,153,155,158,167,176,180,181,174,163,147,131,112,100,095,096,103,116,130,143,154,160,164
MA17,93/04/14,164,162,158,155,155,157,160,165,167,166,163,155,143,130,118,107,103,102,107,116,127,140,150,157
MA17,93/04/15,163,163,162,159,157,153,152,154,157,160,162,161,157,150,141,133,126,118,115,116,122,133,143,154
MA17,93/04/16,165,172,172,169,163,155,149,145,144,147,152,159,162,162,159,153,143,132,123,118,119,126,137,150
MA17,93/04/17,166,177,184,184,177,167,156,147,142,143,150,160,171,180,184,182,173,161,148,135,130,131,138,151
MA17,93/04/18,166,183,192,194,190,177,160,146,131,128,132,144,160,174,186,192,187,176,161,145,133,128,129,141
MA17,93/04/19,157,175,188,194,192,180,161,141,122,110,110,118,136,156,173,185,188,181,165,147,131,121,118,125
MA17,93/04/20,140,160,175,187,187,179,160,137,114,097,092,097,114,137,160,178,188,185,173,154,137,122,114,118
MA17,93/04/21,131,150,168,184,190,182,167,141,113,090,078,080,094,116,144,168,186,192,185,171,152,134,123,121
MA17,93/04/22,130,148,169,187,199,198,184,161,132,105,085,078,088,108,137,166,188,202,203,193,177,162,145,137
MA17,93/04/23,141,156,174,194,208,211,202,183,153,121,097,083,084,100,126,154,182,203,209,205,192,173,156,143
MA17,93/04/24,141,150,166,185,201,209,205,188,162,132,104,084,076,083,104,133,164,191,207,211,203,191,174,160
MA17,93/04/25,154,158,170,187,204,216,217,207,186,156,126,101,085,083,094,116,144,170,190,197,196,186,170,158
MA17,93/04/26,149,146,152,164,178,191,198,192,178,152,126,100,078,068,072,087,110,136,160,177,186,186,176,164
MA17,93/04/27,156,150,152,161,173,185,194,195,188,171,148,125,102,086,081,087,100,121,144,162,175,179,177,168
MA17,93/04/28,158,151,150,152,158,167,175,180,178,168,153,132,111,092,083,080,084,101,119,141,158,170,176,175
MA17,93/04/29,173,168,163,160,161,166,172,180,181,179,170,160,145,128,112,102,098,102,112,127,145,160,171,177
MA17,93/04/30,178,175,168,160,157,154,156,160,166,170,172,172,167,154,141,128,116,111,112,119,132,148,163,174
MA17,93/05/01,180,181,177,168,157,146,140,137,140,145,152,159,162,159,150,137,123,108,100,098,104,118,135,151
MA17,93/05/02,165,172,172,166,154,140,125,118,116,121,134,148,163,173,176,171,159,144,130,122,120,130,143,163
MA17,93/05/03,182,198,204,200,188,170,148,132,118,116,126,143,162,182,192,197,190,176,158,139,127,124,132,147
MA17,93/05/04,166,185,196,197,186,166,140,115,094,082,084,098,120,146,170,185,188,182,167,148,130,120,120,128
MA17,93/05/05,146,168,184,191,188,172,147,117,090,068,061,069,088,117,149,174,191,195,186,170,153,134,126,130
MA17,93/05/06,143,162,182,198,202,192,172,142,109,080,063,060,074,098,130,162,189,203,205,196,180,164,150,144
MA17,93/05/07,150,167,187,204,215,213,198,172,140,105,078,066,068,084,110,144,173,197,208,206,195,177,161,150
MA17,93/05/08,147,156,172,190,204,209,202,184,153,118,088,066,057,064,082,110,141,170,188,196,193,181,167,154
MA17,93/05/09,148,150,161,177,194,203,203,192,169,140,110,084,066,064,074,095,122,150,175,189,194,190,180,167
MA17,93/05/10,159,156,162,176,191,206,212,208,195,172,145,120,096,086,088,100,122,148,173,190,199,202,196,185
MA17,93/05/11,174,168,164,170,181,192,199,200,192,174,153,130,109,091,084,088,101,118,140,160,174,181,180,174
MA17,93/05/12,165,160,154,155,160,167,177,182,182,174,160,146,126,110,099,095,100,113,129,147,162,173,177,175
MA17,93/05/13,171,165,158,154,154,157,164,170,174,173,167,158,145,132,120,112,111,116,126,141,154,168,175,179
MA17,93/05/14,178,174,168,160,155,152,154,158,163,166,168,166,161,151,140,129,122,120,124,133,142,154,163,172
MA17,93/05/15,175,172,166,158,148,140,136,136,140,145,151,156,158,156,150,141,133,128,126,128,136,147,157,166
MA17,93/05/16,174,175,170,163,150,136,126,118,117,120,129,140,149,153,154,150,142,133,127,123,126,134,145,157
MA17,93/05/17,166,173,174,167,155,138,122,109,104,104,114,128,142,155,162,162,159,150,139,131,129,132,140,152
MA17,93/05/18,166,177,182,178,167,150,129,112,099,096,101,116,136,155,168,175,176,171,159,149,140,139,144,153
MA17,93/05/19,167,180,188,189,180,163,140,117,097,087,087,100,120,143,164,178,186,182,173,160,147,140,140,147
MA17,93/05/20,160,176,190,195,191,175,154,127,100,083,077,086,104,128,156,178,191,196,189,175,161,148,141,144
MA17,93/05/21,154,170,183,193,194,184,163,135,106,080,067,066,080,103,132,158,180,191,191,181,166,151,141,139
MA17,93/05/22,146,160,176,190,197,193,178,152,121,091,071,061,067,086,113,144,172,192,199,195,184,170,158,152
MA17,93/05/23,154,166,182,198,209,211,201,179,151,117,089,071,067,078,100,128,158,183,198,200,192,180,164,153
MA17,93/05/24,148,154,166,181,196,203,200,185,160,129,098,074,062,064,081,106,136,164,184,196,195,186,173,159
MA17,93/05/25,150,150,157,170,185,196,199,193,174,149,120,093,073,066,073,090,117,144,171,187,194,191,181,167
MA17,93/05/26,156,150,152,161,172,185,194,194,184,166,141,117,094,079,075,083,103,127,153,174,187,190,186,175
MA17,93/05/27,163,154,148,150,158,170,180,186,186,177,161,140,117,099,089,088,098,115,137,160,177,186,189,184
MA17,93/05/28,173,162,153,147,148,154,164,174,180,179,172,160,144,126,112,104,102,111,128,146,164,178,185,185
MA17,93/05/29,178,168,155,143,137,136,141,147,156,162,166,164,158,147,133,122,114,113,121,134,148,166,179,185
MA17,93/05/30,185,178,167,152,138,130,127,128,135,146,157,165,166,165,157,147,137,130,127,132,143,158,172,182
MA17,93/05/31,187,185,177,162,144,128,115,110,111,120,134,149,163,170,172,168,157,146,137,132,136,145,158,172
MA17,93/06/01,182,187,183,168,151,128,108,092,086,089,101,119,140,157,171,176,172,162,151,140,134,138,147,160
MA17,93/06/02,174,184,185,179,163,141,116,092,076,071,076,095,117,145,167,181,188,184,174,160,150,146,150,161
MA17,93/06/03,177,193,202,202,194,175,148,121,094,079,077,087,110,138,166,190,206,211,206,194,180,169,164,169
MA17,93/06/04,180,196,210,216,212,199,175,142,112,087,073,074,089,113,143,173,196,208,209,200,186,172,162,159
MA17,93/06/05,164,178,194,206,210,202,183,156,122,092,068,060,065,083,112,143,170,190,200,199,187,173,161,151
MA17,93/06/06,152,163,176,193,202,203,193,171,141,108,081,062,057,067,088,118,148,172,188,194,188,177,161,150
MA17,93/06/07,145,148,160,174,189,196,195,181,158,128,096,072,060,061,075,099,126,153,175,188,188,180,166,153
MA17,93/06/08,143,140,147,160,175,186,192,186,169,144,116,091,072,066,071,088,112,138,160,176,183,180,172,160
MA17,93/06/09,146,137,139,149,162,174,184,185,176,159,138,114,093,079,077,087,105,127,150,168,179,180,173,161
MA17,93/06/10,150,140,135,137,146,159,170,175,172,163,146,129,111,096,088,091,104,122,142,160,174,181,180,171
MA17,93/06/11,161,150,142,139,141,149,160,168,172,168,160,148,133,120,110,107,112,122,137,154,166,178,180,174
MA17,93/06/12,164,153,143,134,129,132,139,146,152,155,153,148,140,129,120,115,115,120,131,144,157,168,173,174
MA17,93/06/13,167,158,147,135,127,124,126,131,137,145,149,151,149,144,137,131,127,127,132,140,153,166,174,178
MA17,93/06/14,177,171,160,148,135,127,122,123,127,136,144,153,158,160,158,156,150,146,146,150,157,167,177,184
MA17,93/06/15,186,184,176,162,148,132,119,113,113,118,130,142,155,164,168,167,163,159,155,154,155,162,172,181
MA17,93/06/16,188,190,186,175,159,139,121,106,100,101,110,125,143,158,170,177,176,171,164,158,153,157,163,172
MA17,93/06/17,182,187,189,181,167,146,123,103,088,082,087,103,122,145,164,177,182,180,171,162,154,150,153,161
MA17,93/06/18,172,184,189,188,180,160,135,108,084,070,069,077,100,126,151,171,183,185,180,170,160,152,150,155
MA17,93/06/19,165,178,190,195,191,178,153,125,097,073,063,067,085,110,140,167,186,196,196,188,176,164,156,156
MA17,93/06/20,165,179,195,205,208,200,178,150,119,090,070,065,073,095,124,156,182,197,203,197,185,171,158,152
MA17,93/06/21,156,167,181,195,205,204,191,166,134,100,072,057,056,070,097,131,161,185,197,198,188,174,159,148
MA17,93/06/22,146,154,168,185,198,206,200,182,155,121,088,065,055,060,079,107,140,170,190,198,194,182,166,152
MA17,93/06/23,143,143,154,170,186,200,204,198,180,152,122,095,075,069,079,102,131,158,184,199,202,194,179,163
MA17,93/06/24,148,142,143,154,171,188,197,198,190,170,144,115,091,075,074,087,107,135,162,180,189,188,178,163
MA17,93/06/25,146,134,129,132,145,159,175,181,182,173,157,135,111,093,084,086,100,122,146,168,184,188,184,173
MA17,93/06/26,157,141,129,123,129,141,154,166,174,175,170,158,141,123,112,108,113,124,144,165,180,189,191,183
MA17,93/06/27,170,153,137,124,119,122,130,141,153,161,165,163,157,146,134,125,122,128,139,154,170,183,190,187
MA17,93/06/28,179,164,148,132,118,111,112,117,128,140,150,158,161,159,153,146,140,139,143,152,163,176,187,190
MA17,93/06/29,187,179,164,144,127,113,104,103,107,120,134,150,162,170,171,168,164,160,158,160,166,178,190,197
MA17,93/06/30,200,196,185,168,146,126,107,096,092,098,111,130,148,166,176,181,178,171,166,159,159,164,171,182
MA17,93/07/01,191,194,190,177,159,134,112,092,078,075,083,100,122,145,163,176,182,178,170,160,153,151,156,164
MA17,93/07/02,173,183,187,183,171,150,123,097,074,062,062,073,095,121,147,168,181,184,180,170,158,151,149,155
MA17,93/07/03,167,182,193,198,194,181,158,129,098,076,066,069,086,111,140,168,190,200,200,192,178,166,155,155
MA17,93/07/04,164,178,193,202,203,194,174,144,114,084,065,058,065,086,113,144,170,187,195,190,177,161,149,142
MA17,93/07/05,147,160,177,193,204,204,194,175,146,112,086,070,068,083,106,136,165,187,198,198,189,172,156,144
MA17,93/07/06,143,150,165,182,196,202,198,182,155,125,095,073,065,072,090,115,145,171,189,194,191,176,160,145
MA17,93/07/07,138,140,151,167,184,196,200,191,173,147,119,095,080,077,090,111,137,162,185,194,194,184,169,151
MA17,93/07/08,137,132,137,150,166,182,191,190,179,159,135,110,092,083,088,102,125,150,172,186,190,183,170,153
MA17,93/07/09,136,126,124,132,145,160,175,180,176,164,145,124,106,094,092,102,118,139,160,177,184,183,174,158
MA17,93/07/10,142,128,121,124,132,146,160,170,172,167,156,140,124,112,108,112,124,141,159,176,185,188,181,170
MA17,93/07/11,155,139,128,122,125,134,147,159,166,168,162,153,142,133,125,125,131,141,157,171,183,189,188,180
MA17,93/07/12,166,151,137,126,122,126,134,145,156,162,164,162,157,150,145,142,143,149,159,171,183,192,194,190
MA17,93/07/13,180,167,152,139,128,123,125,132,140,149,157,161,164,162,159,156,154,156,161,169,180,188,193,194
MA17,93/07/14,189,179,165,151,135,124,119,119,123,133,145,156,164,170,173,172,170,168,167,169,175,183,190,193
MA17,93/07/15,197,192,181,166,147,130,116,109,108,115,126,141,156,169,178,181,180,176,172,169,169,172,177,184
MA17,93/07/16,190,192,188,176,159,138,117,100,090,089,099,115,135,155,171,180,184,180,173,166,161,161,165,172
MA17,93/07/17,182,190,194,188,176,155,130,105,087,078,081,095,119,143,168,187,197,198,193,183,174,168,169,174
MA17,93/07/18,186,200,210,212,205,187,161,132,102,084,078,084,104,130,160,184,200,206,204,192,177,166,159,161
MA17,93/07/19,172,185,201,212,213,201,179,150,115,087,070,067,079,104,134,167,191,205,206,196,181,165,152,148
MA17,93/07/20,155,168,187,204,214,213,196,172,137,101,074,061,063,080,108,142,174,195,203,199,185,165,148,136
MA17,93/07/21,136,148,164,185,205,213,208,190,160,125,093,070,060,069,092,124,156,183,200,203,192,174,154,136
MA17,93/07/22,128,131,145,164,185,203,210,200,178,149,116,088,071,070,081,107,139,167,191,200,196,181,159,138
MA17,93/07/23,122,118,124,139,160,181,196,201,189,169,143,114,094,083,086,103,129,157,182,196,197,186,167,146
MA17,93/07/24,127,115,113,120,137,158,176,190,191,181,163,142,120,105,099,107,125,148,172,190,198,195,181,162
MA17,93/07/25,141,126,114,112,120,134,153,169,178,179,172,160,145,130,122,123,131,146,167,185,196,199,192,177
MA17,93/07/26,157,138,120,109,107,113,125,140,154,162,165,163,156,147,140,136,138,147,161,175,187,192,191,182
MA17,93/07/27,166,147,130,113,104,100,104,113,125,139,150,156,158,156,152,148,146,148,156,166,176,184,188,185
MA17,93/07/28,176,163,144,126,110,098,094,096,103,115,128,141,152,159,162,162,160,156,157,161,167,174,181,184
MA17,93/07/29,183,176,163,147,128,110,096,089,088,095,107,124,141,156,167,173,173,168,164,161,162,167,173,180
MA17,93/07/30,184,184,180,168,150,130,110,093,081,080,088,105,126,147,165,178,184,183,175,167,163,164,168,175
MA17,93/07/31,186,192,195,190,180,160,136,112,094,084,085,096,116,141,165,183,193,196,188,178,167,161,160,164
MA17,93/08/01,175,187,196,200,196,180,156,130,103,083,077,083,098,122,148,173,190,197,193,181,166,154,147,149
MA17,93/08/02,160,174,189,199,200,193,174,147,118,091,075,073,085,104,133,160,180,193,194,184,169,152,140,138
MA17,93/08/03,144,161,178,194,205,204,192,169,139,113,091,081,083,100,124,154,178,196,202,194,178,160,143,134
MA17,93/08/04,135,148,166,187,201,208,205,187,161,130,105,089,084,095,116,141,168,190,200,196,183,163,144,130
MA17,93/08/05,124,132,147,168,187,202,205,194,175,147,121,100,091,096,110,135,161,185,199,200,191,173,152,134
MA17,93/08/06,123,124,135,153,174,193,203,200,185,163,140,118,104,103,115,134,158,181,197,205,198,182,162,141
MA17,93/08/07,126,121,127,141,161,181,195,198,190,174,154,134,118,112,117,133,152,173,191,199,200,189,171,149
MA17,93/08/08,130,120,118,124,141,159,175,184,184,174,159,144,126,118,120,128,145,163,181,193,195,190,175,154
MA17,93/08/09,136,122,113,115,125,142,157,169,176,175,164,151,139,131,128,134,145,158,173,187,194,192,181,164
MA17,93/08/10,150,131,118,114,116,124,137,151,161,165,165,160,152,146,144,145,150,161,175,186,196,199,193,183
MA17,93/08/11,168,152,136,125,122,123,132,144,155,165,171,174,173,170,169,167,169,173,182,192,199,204,202,195
MA17,93/08/12,184,170,152,138,126,120,118,124,133,144,154,162,168,170,170,170,169,170,173,178,182,186,188,187
MA17,93/08/13,183,175,161,145,129,115,106,103,107,116,130,145,158,170,175,177,177,173,171,170,173,178,182,185
MA17,93/08/14,188,187,179,166,149,131,115,104,100,106,117,134,154,172,188,194,197,192,183,177,174,174,179,186
MA17,93/08/15,194,202,202,194,179,157,133,113,098,093,099,115,138,164,185,200,207,204,192,180,170,167,167,174
MA17,93/08/16,188,202,212,214,204,184,156,128,101,084,082,091,113,143,170,192,205,206,197,180,163,152,149,154
MA17,93/08/17,167,185,203,213,215,203,178,147,114,086,075,077,095,120,152,182,203,210,205,189,168,150,140,137
MA17,93/08/18,147,165,186,207,220,216,199,171,137,102,078,069,078,099,131,164,194,210,211,197,175,152,131,119
MA17,93/08/19,122,138,159,184,207,218,212,192,160,125,095,075,073,087,113,145,177,200,209,200,183,157,130,112
MA17,93/08/20,106,114,132,160,186,204,213,205,184,153,122,096,086,088,105,134,164,190,207,207,193,169,141,116
MA17,93/08/21,102,100,110,131,158,183,199,204,194,174,148,124,107,102,111,129,155,184,202,207,200,181,155,128
MA17,93/08/22,110,097,099,111,133,157,178,191,192,184,167,147,132,124,125,137,155,178,197,207,206,195,175,149
MA17,93/08/23,128,110,101,105,115,134,156,172,181,182,175,162,149,142,140,146,159,172,190,202,206,201,186,166
MA17,93/08/24,142,122,106,103,108,117,134,148,161,171,175,171,164,157,155,156,161,172,183,194,200,199,191,178
MA17,93/08/25,159,140,124,113,107,108,115,126,138,150,160,166,167,166,166,166,169,174,180,187,195,198,195,189
MA17,93/08/26,180,164,150,133,122,115,112,116,124,136,150,162,171,178,181,180,179,179,181,185,193,196,199,198
MA17,93/08/27,194,188,180,165,153,141,132,129,132,140,153,168,183,195,203,207,205,200,194,191,190,191,195,198
MA17,93/08/28,200,199,193,181,166,146,128,116,109,109,118,132,151,170,183,193,194,189,181,172,166,163,167,174
MA17,93/08/29,183,190,193,188,174,155,133,113,097,090,093,105,124,147,166,181,186,183,173,161,151,143,143,150
MA17,93/08/30,164,178,188,194,188,173,151,127,106,092,089,095,112,137,161,182,191,190,179,165,151,138,133,137
MA17,93/08/31,148,168,185,196,198,190,170,145,118,098,087,088,102,126,152,176,193,197,188,172,153,136,124,124
MA17,93/09/01,136,155,176,194,204,202,188,166,139,115,097,094,103,122,149,176,196,204,202,187,165,143,126,118
MA17,93/09/02,125,142,166,190,205,210,203,185,157,131,111,101,104,120,143,171,192,205,205,192,170,145,124,112
MA17,93/09/03,112,126,147,171,194,205,204,194,169,141,121,107,105,116,137,161,186,202,205,198,178,155,132,113
MA17,93/09/04,109,115,133,158,184,205,211,205,191,167,145,130,122,125,140,163,186,206,216,210,197,172,146,126
MA17,93/09/05,112,110,122,143,165,185,202,205,193,174,153,135,123,123,132,149,169,188,200,201,190,168,143,120
MA17,93/09/06,102,096,099,113,134,154,172,182,180,168,154,139,124,120,128,141,158,176,190,197,191,175,153,129
MA17,93/09/07,111,100,099,106,121,143,163,176,179,175,163,151,141,136,138,148,161,176,190,198,196,186,167,148
MA17,93/09/08,128,114,106,107,116,130,147,163,174,176,173,165,157,152,151,154,163,173,184,192,195,188,175,159
MA17,93/09/09,142,127,116,111,110,117,130,146,156,163,166,166,163,159,158,159,163,171,176,183,189,189,184,173
MA17,93/09/10,160,143,128,117,113,111,117,126,136,147,156,163,166,166,167,167,168,171,173,176,180,181,181,178
MA17,93/09/11,170,160,147,134,119,110,106,107,114,125,137,148,159,167,171,171,168,165,160,159,160,164,167,170
MA17,93/09/12,171,168,161,147,130,113,101,093,092,100,114,131,146,161,170,173,170,163,154,147,144,144,149,157
MA17,93/09/13,166,171,172,165,146,127,108,092,082,082,093,112,133,154,170,179,179,171,159,148,140,136,140,150
MA17,93/09/14,164,179,188,188,179,159,135,110,090,082,084,101,126,152,177,193,197,190,174,154,136,126,125,132
MA17,93/09/15,151,171,188,198,197,183,160,132,104,081,074,082,103,131,161,184,196,196,180,159,133,114,104,105
MA17,93/09/16,122,149,174,196,206,205,187,161,130,100,084,082,096,120,152,181,200,204,193,170,144,115,095,089
MA17,93/09/17,098,119,150,181,201,210,205,186,159,127,105,093,095,112,141,174,199,209,204,187,160,127,101,083
MA17,93/09/18,081,097,124,156,187,207,214,210,190,161,135,116,112,121,143,169,195,213,216,204,179,146,115,090
MA17,93/09/19,077,081,098,127,157,183,200,203,193,174,151,131,119,121,133,156,179,199,210,205,188,161,128,100
MA17,93/09/20,082,075,084,101,125,152,177,189,190,179,166,148,137,135,142,156,176,193,207,209,199,176,149,123
MA17,93/09/21,100,086,084,094,110,131,153,170,178,178,171,161,150,143,144,153,167,180,194,200,196,184,164,141
MA17,93/09/22,117,102,091,091,098,111,128,145,159,166,169,167,159,155,153,155,165,173,183,190,192,187,174,160
MA17,93/09/23,140,123,109,102,101,107,119,131,145,159,166,170,172,169,166,166,169,174,182,188,193,191,183,174
MA17,93/09/24,160,145,133,121,114,112,117,126,136,148,159,167,171,175,177,175,172,171,170,173,176,180,180,178
MA17,93/09/25,173,165,154,141,130,122,118,117,126,133,145,159,170,178,183,183,179,174,167,163,161,164,169,174
MA17,93/09/26,179,181,177,167,151,137,125,117,115,119,129,147,164,177,187,191,187,178,167,157,154,154,159,168
MA17,93/09/27,179,187,192,188,176,160,143,128,119,116,124,138,159,177,193,201,199,188,174,160,147,141,144,155
MA17,93/09/28,169,183,194,198,192,176,157,138,122,115,118,129,147,168,187,200,202,192,174,157,141,129,126,134
MA17,93/09/29,149,168,186,196,197,188,171,149,130,116,113,121,138,158,179,195,202,195,180,160,140,125,118,124
MA17,93/09/30,139,161,183,202,209,205,192,174,154,137,128,131,144,165,188,208,218,216,203,183,160,137,127,126
MA17,93/10/01,138,158,184,205,219,222,211,193,171,152,139,135,144,160,182,203,218,221,208,189,165,141,122,114
MA17,93/10/02,120,136,160,184,203,213,212,199,180,159,143,135,140,152,172,193,208,214,206,191,168,142,118,103
MA17,93/10/03,102,117,141,167,189,206,213,206,190,172,156,145,144,153,171,191,210,219,219,210,188,161,137,118
MA17,93/10/04,110,120,139,163,190,211,221,221,212,196,181,170,163,167,181,198,214,226,230,220,202,178,152,130
MA17,93/10/05,117,117,129,150,173,195,211,217,214,204,190,177,170,171,180,196,211,223,228,223,208,187,163,140
MA17,93/10/06,122,115,121,136,156,177,194,203,204,198,188,179,173,170,177,188,201,212,218,217,207,191,170,148
MA17,93/10/07,129,117,116,124,139,158,178,191,198,200,196,188,182,179,181,190,200,209,218,222,219,210,196,177
MA17,93/10/08,157,140,132,130,137,152,166,181,194,201,204,203,199,197,194,196,202,208,216,220,221,216,205,190
MA17,93/10/09,173,156,143,134,132,136,144,156,170,182,189,192,194,193,190,187,186,187,190,194,196,198,195,190
MA17,93/10/10,183,172,159,145,136,133,133,141,153,165,180,192,200,204,204,200,194,189,185,183,186,191,195,197
MA17,93/10/11,197,192,183,168,152,137,128,123,129,140,154,171,185,194,198,193,184,172,161,153,151,156,163,173
MA17,93/10/12,182,187,185,176,161,143,126,114,110,119,134,155,176,193,202,203,195,180,162,146,137,136,146,163
MA17,93/10/13,180,197,206,206,196,177,152,131,116,112,121,141,165,190,206,213,208,190,166,144,124,115,118,131
MA17,93/10/14,152,175,196,208,208,195,173,146,126,114,113,123,146,172,193,209,211,196,173,144,118,099,093,100
MA17,93/10/15,119,147,174,197,209,208,193,170,145,123,112,115,132,155,180,200,210,202,180,151,118,092,075,073
MA17,93/10/16,085,111,143,173,200,212,207,190,166,142,125,120,127,145,169,193,211,211,195,167,135,103,078,064
MA17,93/10/17,068,087,117,151,184,206,214,207,189,170,150,138,138,148,170,196,216,223,214,194,165,131,099,076
MA17,93/10/18,067,075,097,127,157,186,205,210,200,183,165,152,145,151,165,184,205,214,214,202,179,147,115,088
MA17,93/10/19,072,070,081,101,129,157,179,192,193,186,173,156,148,147,156,173,187,200,206,201,185,161,133,106
MA17,93/10/20,086,078,079,091,110,135,156,174,182,182,176,164,154,150,154,164,175,186,194,195,187,170,150,128
MA17,93/10/21,106,091,084,088,102,119,138,155,169,175,175,169,163,157,155,159,165,173,181,186,183,175,164,146
MA17,93/10/22,127,110,100,097,100,110,125,138,153,164,171,173,171,165,161,159,162,167,172,176,179,177,172,163
MA17,93/10/23,152,139,128,122,118,121,130,140,151,165,175,184,189,188,183,179,177,174,173,175,176,177,178,175
MA17,93/10/24,172,163,156,144,134,130,129,132,140,151,163,175,183,186,184,178,172,164,158,154,155,159,163,169
MA17,93/10/25,171,171,167,158,146,136,129,126,128,136,148,163,175,183,186,181,171,159,147,139,134,137,144,153
MA17,93/10/26,164,172,174,167,156,144,131,122,120,122,131,145,160,173,180,179,171,153,137,122,113,112,119,131
MA17,93/10/27,146,161,170,171,163,153,137,122,113,111,118,130,148,163,175,178,171,154,132,112,096,091,094,106
MA17,93/10/28,126,145,162,171,171,161,145,128,116,109,113,126,142,160,174,181,178,164,141,116,095,082,080,091
MA17,93/10/29,111,135,157,173,181,175,164,147,131,119,115,122,137,155,173,186,189,180,160,133,108,087,079,082
MA17,93/10/30,100,124,153,177,193,197,189,174,156,139,130,132,145,162,182,198,206,199,183,157,130,104,086,084
MA17,93/10/31,095,117,146,173,194,206,204,191,172,155,142,138,144,158,177,195,206,205,191,165,135,105,082,071
MA17,93/11/01,075,093,117,146,170,188,194,187,173,151,136,129,131,142,158,177,189,192,183,162,133,102,075,060
MA17,93/11/02,057,067,090,119,147,169,190,190,170,154,137,125,123,131,145,163,177,185,182,168,144,115,087,066
MA17,93/11/03,058,063,080,102,130,155,174,179,175,164,148,136,128,131,143,158,173,183,186,175,158,133,105,081
MA17,93/11/04,065,061,069,087,113,138,160,173,176,168,157,146,137,135,142,153,166,178,186,183,171,153,128,102
MA17,93/11/05,083,072,072,082,100,123,147,166,174,175,167,156,147,143,143,151,160,171,179,180,174,161,144,123
MA17,93/11/06,102,087,079,080,090,109,129,148,161,167,168,163,156,150,147,147,152,158,165,171,172,167,157,143
MA17,93/11/07,126,110,099,092,094,104,119,135,151,163,168,170,165,158,151,146,142,143,146,151,156,158,157,151
MA17,93/11/08,140,126,112,101,095,094,103,116,132,145,156,163,166,163,156,149,141,136,134,135,140,147,153,156
MA17,93/11/09,156,150,140,129,116,107,104,109,119,133,147,160,166,168,164,157,145,131,120,114,115,122,135,147
MA17,93/11/10,157,161,158,147,135,122,112,106,111,121,137,153,169,178,178,171,154,136,119,105,100,104,117,134
MA17,93/11/11,153,169,177,177,167,151,137,127,122,125,137,154,172,187,193,188,171,150,126,105,089,085,093,112
MA17,93/11/12,136,161,182,193,193,181,163,147,136,130,136,149,169,188,203,205,195,172,143,113,089,073,072,083
MA17,93/11/13,106,139,167,190,202,201,189,172,154,141,139,147,164,186,204,216,215,202,177,144,111,085,073,075
MA17,93/11/14,094,123,158,191,215,227,223,209,190,171,156,156,165,181,203,220,226,218,199,166,132,090,072,063
MA17,93/11/15,069,090,119,156,183,205,216,212,199,177,161,149,150,161,181,200,213,213,200,177,143,105,075,055
MA17,93/11/16,051,063,087,119,153,182,199,204,198,185,168,149,142,150,163,185,201,210,205,187,161,127,096,068
MA17,93/11/17,055,056,071,097,127,159,181,194,194,187,173,159,148,148,156,171,187,202,205,195,176,149,118,093
MA17,93/11/18,071,064,072,088,115,144,170,189,196,193,185,173,161,155,158,169,185,199,207,206,194,176,153,127
MA17,93/11/19,104,086,083,090,107,127,151,171,181,184,182,172,160,151,148,151,159,170,178,183,180,170,152,131
MA17,93/11/20,110,092,082,083,091,107,128,148,163,172,174,171,163,155,148,145,147,153,162,169,173,171,163,152
MA17,93/11/21,138,125,117,112,114,127,142,159,174,186,192,194,189,183,175,167,163,162,164,167,173,176,175,170
MA17,93/11/22,162,152,141,132,127,129,135,146,156,168,177,182,183,177,167,157,147,139,133,134,138,145,152,155
MA17,93/11/23,155,152,146,138,132,128,128,135,144,156,167,177,183,182,176,167,153,139,130,126,127,136,145,156
MA17,93/11/24,166,171,171,164,156,147,141,139,142,149,160,169,178,181,179,169,155,137,121,110,105,107,115,128
MA17,93/11/25,142,153,162,162,157,146,139,132,131,136,145,157,168,178,179,174,160,141,119,100,089,087,095,110
MA17,93/11/26,129,147,160,167,167,160,151,142,135,135,141,153,167,181,188,187,177,158,134,108,090,080,083,096
MA17,93/11/27,118,142,163,178,184,180,169,158,147,141,142,150,164,177,190,194,189,173,145,115,090,073,069,077
MA17,93/11/28,096,123,151,171,185,187,179,165,151,139,134,139,151,166,181,190,189,175,150,118,089,065,053,055
MA17,93/11/29,072,099,127,154,174,181,179,167,154,142,130,130,138,153,170,184,188,182,161,133,102,072,053,046
MA17,93/11/30,054,078,108,138,165,180,184,177,165,150,136,130,135,146,163,181,192,192,177,154,124,092,064,050
MA17,93/12/01,051,068,096,128,160,182,193,193,183,169,154,144,143,154,170,187,203,209,202,184,155,123,092,068
MA17,93/12/02,057,064,083,112,142,169,188,195,189,176,162,150,143,146,157,174,191,202,202,190,171,141,111,085
MA17,93/12/03,068,065,081,103,131,161,185,197,200,192,179,165,154,149,158,169,185,202,212,208,194,172,146,120
MA17,93/12/04,096,084,085,100,125,151,177,197,205,203,193,178,165,156,154,161,171,182,191,196,190,174,154,130
MA17,93/12/05,107,088,081,087,102,124,151,171,186,191,185,175,163,151,145,144,149,158,169,177,181,175,164,148
MA17,93/12/06,127,110,096,092,097,112,133,154,173,183,186,179,168,156,146,139,136,139,146,155,162,167,164,158
MA17,93/12/07,147,134,122,111,108,114,125,142,160,174,184,185,178,167,152,139,129,124,124,129,137,146,155,159
MA17,93/12/08,157,150,142,131,123,118,124,134,149,165,178,184,184,179,167,153,137,123,114,112,117,128,141,152
MA17,93/12/09,163,167,166,159,149,141,135,137,147,157,172,184,188,187,180,164,146,125,108,096,094,100,113,131
MA17,93/12/10,149,165,173,174,168,158,147,143,142,151,164,177,188,196,195,187,169,147,123,102,090,088,097,118
MA17,93/12/11,145,168,190,202,205,196,186,175,166,165,172,184,198,209,216,210,193,166,135,107,083,068,068,081
MA17,93/12/12,105,134,161,181,189,189,180,167,155,145,145,153,166,182,196,200,190,171,143,111,079,056,046,053
MA17,93/12/13,071,100,131,159,182,193,190,178,163,151,145,146,156,172,190,203,204,194,169,136,103,074,053,047
MA17,93/12/14,059,080,114,147,175,194,203,195,182,167,153,148,153,166,182,198,208,205,188,161,128,093,065,049
MA17,93/12/15,048,063,090,122,152,177,191,192,182,165,150,137,135,145,161,179,195,201,193,172,144,110,081,058
MA17,93/12/16,048,054,072,100,130,159,179,186,183,170,153,140,131,134,146,163,181,195,196,186,166,138,109,084
MA17,93/12/17,069,066,078,097,127,156,183,198,201,193,180,164,151,146,151,162,178,192,199,195,183,161,136,108
MA17,93/12/18,088,078,079,092,115,141,164,183,190,188,177,161,146,138,136,142,154,167,177,182,178,164,145,124
MA17,93/12/19,104,092,089,095,109,129,152,171,182,184,178,164,150,138,129,129,138,149,160,167,169,164,152,139
MA17,93/12/20,120,108,101,102,113,128,147,164,177,184,183,174,163,151,142,137,137,142,150,160,165,167,164,157
MA17,93/12/21,145,135,127,124,128,140,153,168,182,192,196,193,184,173,161,152,146,143,148,154,162,167,170,169
MA17,93/12/22,165,159,153,146,144,147,155,166,179,189,195,196,191,182,169,158,145,136,132,133,138,146,155,161
MA17,93/12/23,165,167,163,156,149,148,150,156,165,173,180,185,186,180,171,158,143,128,117,111,112,117,128,141
MA17,93/12/24,151,159,163,163,160,155,152,153,156,163,171,178,183,184,177,165,150,131,113,101,094,098,108,122
MA17,93/12/25,137,152,163,167,167,162,156,151,149,155,162,170,178,184,183,175,162,140,117,096,084,081,087,103
MA17,93/12/26,122,142,160,171,174,172,166,157,151,150,154,162,172,182,188,186,175,157,133,108,091,081,081,093
MA17,93/12/27,115,142,167,186,197,199,192,181,171,162,160,165,175,189,200,204,198,181,156,127,099,079,068,073
MA17,93/12/28,090,120,149,175,192,199,198,185,173,160,154,155,164,178,193,203,204,191,167,136,104,077,058,056
MA17,93/12/29,067,090,121,151,175,189,193,186,172,158,147,142,146,161,177,193,201,197,179,153,120,088,063,050
MA17,93/12/30,053,071,100,132,162,183,193,191,181,165,150,141,140,151,166,187,202,206,198,178,149,115,086,067
MA17,93/12/31,061,070,096,127,161,188,206,210,203,190,173,159,151,158,175,193,210,224,225,210,183,151,118,090
