MA17,66/01/01,9999,9999,9999,9999,9999,9999,9999,9999,157,168,175,178,175,170,161,149,139,129,123,123,127,135,144,149
MA17,66/01/02,153,154,150,143,137,133,133,138,148,159,167,174,177,174,166,155,140,124,112,105,106,111,123,137
MA17,66/01/03,150,156,159,156,151,144,140,140,143,152,161,168,173,176,172,164,147,126,107,091,086,091,102,118
MA17,66/01/04,140,158,170,175,177,174,167,162,161,167,177,191,203,210,209,201,187,165,140,115,101,095,101,115
MA17,66/01/05,136,161,184,196,203,200,192,182,172,169,170,178,187,198,204,202,188,166,136,106,081,064,061,071
MA17,66/01/06,093,122,152,175,190,196,191,181,169,160,157,163,173,186,198,203,198,183,157,123,090,064,052,053
MA17,66/01/07,071,101,134,165,191,206,210,202,189,174,165,163,168,181,196,210,214,207,186,155,118,083,054,042
MA17,66/01/08,044,066,098,132,165,193,205,205,195,181,168,159,160,170,187,204,212,211,196,168,134,096,064,041
MA17,66/01/09,036,046,069,104,139,168,190,197,194,182,166,154,148,152,165,182,198,204,198,182,154,122,088,057
MA17,66/01/10,040,038,052,080,112,146,172,188,189,180,165,149,140,140,148,164,180,194,199,194,176,154,123,094
MA17,66/01/11,073,061,064,080,108,142,171,190,200,197,187,170,158,150,149,157,169,183,194,195,189,174,153,124
MA17,66/01/12,098,082,074,082,098,123,148,170,182,185,178,166,151,138,132,132,138,149,160,168,172,169,157,138
MA17,66/01/13,118,103,093,090,100,116,137,157,164,184,182,174,162,150,138,134,136,144,154,163,170,175,174,167
MA17,66/01/14,159,147,135,127,129,135,150,164,179,189,192,186,174,162,149,138,130,128,134,140,147,155,161,162
MA17,66/01/15,160,154,149,144,140,143,150,160,173,183,188,187,181,170,157,143,131,121,118,118,124,133,142,151
MA17,66/01/16,158,161,160,157,153,152,154,158,168,177,183,186,186,179,167,153,138,121,110,104,106,113,126,141
MA17,66/01/17,152,165,173,174,173,170,169,169,172,179,186,192,194,193,187,174,157,138,118,105,098,098,107,123
MA17,66/01/18,140,159,173,184,188,184,178,174,170,171,177,183,190,195,195,190,175,155,132,111,095,089,093,105
MA17,66/01/19,124,148,170,187,196,199,195,187,179,173,174,180,188,196,204,204,195,177,154,129,106,091,086,092
MA17,66/01/20,107,130,155,178,196,202,200,191,179,169,164,165,172,182,192,198,196,182,161,136,107,083,071,068
MA17,66/01/21,081,102,130,157,179,193,196,191,179,166,158,155,160,171,187,198,203,196,178,153,123,095,073,063
MA17,66/01/22,068,086,111,139,165,182,192,191,176,161,149,145,147,158,173,188,197,194,180,157,130,099,075,060
MA17,66/01/23,060,075,098,125,153,176,188,189,180,164,151,140,139,146,160,176,192,196,190,174,150,122,094,074
MA17,66/01/24,068,078,096,122,150,174,188,194,186,172,156,142,133,136,146,161,178,188,188,177,157,130,101,079
MA17,66/01/25,067,068,080,100,129,153,174,185,185,174,157,143,134,132,141,153,170,184,194,192,178,161,136,110
MA17,66/01/26,094,080,090,103,128,153,177,194,199,194,183,165,151,143,144,152,165,182,194,198,194,181,160,139
MA17,66/01/27,120,105,104,114,130,153,174,190,200,198,188,171,153,140,134,137,148,159,172,181,184,175,162,145
MA17,66/01/28,126,112,106,111,124,142,162,180,193,194,188,175,157,145,135,134,139,149,161,173,179,180,174,162
MA17,66/01/29,147,136,128,127,134,146,163,179,192,198,195,184,171,155,142,134,132,136,145,154,163,169,170,166
MA17,66/01/30,159,150,143,140,141,147,158,170,180,188,191,183,171,157,143,130,123,120,122,129,139,148,155,158
MA17,66/01/31,159,156,154,149,148,151,156,164,174,181,185,185,177,167,152,138,125,114,108,108,114,126,138,149
MA17,66/02/01,158,164,168,165,165,164,166,170,173,180,184,188,188,182,172,157,141,122,109,100,099,106,120,137
MA17,66/02/02,155,170,180,185,185,182,178,175,173,175,180,186,191,192,188,176,159,137,112,093,083,083,091,109
MA17,66/02/03,131,156,174,187,195,195,190,183,175,172,174,181,188,198,200,197,184,162,133,106,084,073,074,086
MA17,66/02/04,107,138,167,190,204,209,206,194,182,172,169,173,182,196,207,211,207,189,162,126,094,067,057,060
MA17,66/02/05,078,109,142,173,198,212,213,205,189,174,163,163,168,183,199,214,218,211,188,154,116,082,055,046
MA17,66/02/06,054,078,110,146,179,202,210,206,193,176,158,149,149,158,178,200,214,217,207,184,148,112,076,051
MA17,66/02/07,043,050,076,110,146,176,197,201,191,172,152,135,128,132,148,170,192,205,208,195,170,136,100,068
MA17,66/02/08,048,045,060,087,123,156,182,193,190,175,154,133,120,118,128,146,170,190,202,202,191,166,135,106
MA17,66/02/09,081,067,071,089,117,146,176,194,197,196,181,159,137,120,113,117,133,155,173,188,192,185,168,144
MA17,66/02/10,118,096,084,086,101,125,152,177,192,196,187,170,147,128,116,114,120,136,155,173,185,190,184,177
MA17,66/02/11,154,136,124,121,126,142,164,184,200,207,204,190,171,150,130,119,121,130,143,9999,9999,9999,9999,9999
MA17,66/02/12,9999,9999,141,136,137,9999,9999,9999,9999,9999,9999,9999,9999,135,120,111,108,114,122,132,142,9999,9999,9999
MA17,66/02/13,9999,9999,9999,9999,9999,9999,9999,9999,9999,9999,9999,9999,9999,9999,142,131,122,118,118,122,130,138,9999,9999
MA17,66/02/14,9999,9999,9999,9999,9999,9999,9999,9999,9999,9999,187,184,177,166,153,139,126,114,106,102,103,109,119,132
MA17,66/02/15,143,152,159,162,163,163,163,163,166,167,169,171,171,167,160,150,137,123,109,099,094,095,102,114
MA17,66/02/16,131,148,162,173,177,177,176,171,168,165,166,170,175,176,174,170,158,142,122,107,093,088,089,099
MA17,66/02/17,117,138,158,175,186,188,183,176,168,162,163,168,174,182,190,189,183,170,149,128,108,093,089,094
MA17,66/02/18,108,130,153,175,190,195,194,185,170,160,156,157,166,178,189,194,192,180,158,132,107,087,078,080
MA17,66/02/19,093,115,140,163,181,189,187,177,162,147,137,137,143,155,169,181,186,177,160,136,108,083,066,062
MA17,66/02/20,070,091,120,147,169,183,184,176,160,144,130,127,132,146,163,181,193,192,180,160,132,105,083,073
MA17,66/02/21,077,094,121,147,174,192,200,198,180,162,144,135,138,150,165,184,198,203,196,178,9999,9999,9999,9999
MA17,66/02/22,9999,9999,9999,9999,9999,9999,9999,9999,9999,9999,9999,9999,9999,9999,9999,9999,9999,9999,9999,9999,9999,9999,9999,9999
MA17,66/02/23,9999,9999,120,146,170,195,208,9999,9999,9999,9999,136,126,127,138,153,172,190,195,192,173,9999,9999,9999
MA17,66/02/24,9999,9999,9999,9999,9999,9999,182,187,179,163,144,124,108,102,110,127,148,165,179,182,175,159,140,118
MA17,66/02/25,100,096,100,116,140,160,180,188,185,174,152,131,112,103,104,117,135,152,170,180,179,170,154,135
MA17,66/02/26,122,116,118,130,145,164,182,191,190,182,163,142,124,108,103,109,124,140,156,170,173,169,160,144
MA17,66/02/27,133,127,125,132,140,157,174,184,189,182,169,151,132,116,108,110,117,132,150,168,179,186,187,184
MA17,66/02/28,178,170,162,162,166,176,187,196,199,196,188,172,154,137,122,114,113,116,124,136,147,155,160,162
MA17,66/03/01,160,159,156,156,159,165,172,178,183,182,178,171,159,144,130,118,108,104,102,110,120,130,142,152
MA17,66/03/02,162,167,171,172,173,174,175,177,178,180,180,178,174,165,152,137,124,110,101,096,102,110,125,142
MA17,66/03/03,157,172,183,188,189,188,187,183,181,180,183,186,187,186,180,167,151,133,113,099,092,093,105,124
MA17,66/03/04,146,167,186,198,202,200,194,186,177,172,173,178,187,193,194,190,176,156,132,109,091,083,087,102
MA17,66/03/05,130,158,184,204,214,215,208,193,180,168,165,169,180,192,203,205,198,180,153,124,093,069,060,068
MA17,66/03/06,090,118,150,176,194,199,192,176,159,143,133,136,145,162,180,196,203,193,173,144,108,083,062,060
MA17,66/03/07,075,102,137,169,196,209,210,197,176,156,138,134,140,158,180,204,218,219,206,182,149,114,086,070
MA17,66/03/08,074,091,118,150,179,200,206,194,176,151,128,111,109,118,140,165,190,205,204,196,172,140,107,083
MA17,66/03/09,073,080,100,130,156,184,197,194,179,152,124,102,092,094,111,136,162,186,199,198,184,160,132,108
MA17,66/03/10,091,090,104,126,153,180,196,196,186,164,135,110,093,087,093,113,140,164,184,192,189,173,153,130
MA17,66/03/11,114,106,112,128,149,171,188,196,187,168,146,118,096,082,080,090,108,131,151,167,173,172,160,146
MA17,66/03/12,132,122,122,130,144,163,180,189,189,176,157,135,112,093,085,086,098,115,134,148,159,164,160,153
MA17,66/03/13,145,138,137,142,150,166,178,188,190,182,168,150,131,113,098,094,098,108,123,136,148,157,161,162
MA17,66/03/14,159,157,156,157,162,172,180,186,188,184,176,163,146,131,118,108,105,106,110,119,130,137,145,152
MA17,66/03/15,154,158,159,160,162,164,169,173,173,172,169,162,151,140,130,120,112,108,106,110,118,125,139,152
MA17,66/03/16,165,177,186,191,196,200,199,197,198,196,193,190,187,181,173,160,149,137,127,121,120,123,131,144
MA17,66/03/17,159,172,183,189,188,184,179,174,168,166,165,168,171,172,170,164,151,136,120,108,100,099,103,115
MA17,66/03/18,132,151,167,178,183,182,175,167,158,152,152,157,165,174,178,177,170,157,139,122,109,103,107,120
MA17,66/03/19,140,160,186,204,210,212,204,191,180,170,167,172,182,190,197,201,196,182,160,138,118,104,100,107
MA17,66/03/20,122,144,170,190,198,200,193,179,162,146,141,143,153,170,185,196,199,191,173,148,127,105,092,093
MA17,66/03/21,105,126,149,175,190,195,190,174,153,135,122,121,130,147,167,184,194,192,190,159,133,108,090,084
MA17,66/03/22,093,112,137,165,184,193,192,187,154,133,118,114,119,136,159,184,202,211,205,186,162,135,116,107
MA17,66/03/23,112,128,150,176,199,212,213,202,176,152,128,116,117,130,150,178,198,209,209,197,175,147,124,108
MA17,66/03/24,105,115,135,158,182,198,201,189,170,141,116,099,095,106,126,154,178,195,202,196,178,156,134,116
MA17,66/03/25,111,117,134,157,179,198,202,194,175,148,122,101,092,093,109,135,160,181,194,193,184,164,144,126
MA17,66/03/26,116,117,129,149,168,186,196,194,183,160,133,108,090,082,088,104,128,152,171,182,185,176,160,145
MA17,66/03/27,133,128,131,141,158,176,188,192,185,169,146,120,099,084,081,088,106,128,150,167,176,176,168,157
MA17,66/03/28,148,142,141,146,158,172,186,191,188,178,163,135,113,097,088,090,102,116,126,154,169,177,177,173
MA17,66/03/29,171,168,168,172,178,188,198,204,205,197,183,164,145,127,114,109,110,119,132,146,160,172,180,183
MA17,66/03/30,184,182,180,180,181,186,191,194,194,191,182,171,156,139,122,110,103,101,104,114,126,141,154,163
MA17,66/03/31,172,176,177,178,176,175,174,177,176,175,173,170,161,151,140,126,111,101,094,095,102,115,132,150
MA17,66/04/01,167,182,190,192,191,187,182,180,180,180,183,186,190,188,180,166,148,130,112,101,097,102,117,136
MA17,66/04/02,157,177,192,198,197,190,179,167,158,154,156,165,174,182,184,180,164,144,122,098,083,079,085,105
MA17,66/04/03,131,158,183,197,202,196,181,166,150,140,140,149,165,182,196,202,198,183,160,130,105,089,086,097
MA17,66/04/04,124,151,182,202,213,211,198,178,156,137,130,134,148,174,195,213,217,211,193,166,137,111,094,093
MA17,66/04/05,107,132,163,189,207,209,200,180,149,125,107,101,112,134,161,188,206,212,204,182,152,126,100,091
MA17,66/04/06,098,120,148,177,198,206,200,180,152,122,096,083,084,100,130,162,191,206,208,196,176,148,124,107
MA17,66/04/07,104,120,142,171,196,212,212,202,174,142,113,092,087,096,118,150,181,204,218,216,205,185,157,139
MA17,66/04/08,130,133,149,169,193,211,214,204,181,151,120,093,077,076,087,115,142,170,192,200,198,186,168,151
MA17,66/04/09,140,141,151,167,185,202,210,206,191,166,137,110,090,083,088,106,129,156,179,194,199,195,183,171
MA17,66/04/10,161,159,163,172,187,203,211,211,198,173,148,120,101,088,087,096,112,134,153,169,180,183,178,171
MA17,66/04/11,165,160,159,165,175,189,198,200,195,179,160,138,118,104,098,098,105,119,138,154,167,175,177,176
MA17,66/04/12,174,173,171,175,182,191,199,201,198,189,176,160,144,129,118,112,112,118,129,140,151,160,168,173
MA17,66/04/13,175,175,174,173,174,176,180,181,180,179,173,165,156,143,130,121,115,114,115,121,132,142,155,165
MA17,66/04/14,173,179,183,183,182,180,178,177,176,175,173,172,168,162,154,144,134,124,120,119,122,130,142,154
MA17,66/04/15,167,179,186,188,187,182,176,172,170,169,170,174,178,179,177,170,159,149,140,132,131,135,146,160
MA17,66/04/16,179,196,210,214,214,207,198,189,180,177,181,187,193,200,204,201,191,179,164,147,138,136,140,152
MA17,66/04/17,171,189,202,211,210,204,191,175,162,154,155,163,176,188,197,201,196,184,168,148,132,124,124,133
MA17,66/04/18,150,171,189,201,203,196,180,161,142,130,127,134,148,164,180,191,194,186,170,150,130,117,114,121
MA17,66/04/19,137,160,180,196,203,198,184,163,138,120,112,117,131,152,173,191,200,197,183,162,143,124,114,116
MA17,66/04/20,128,149,171,190,202,201,185,164,139,114,100,100,110,133,158,183,198,203,195,177,156,137,121,118
MA17,66/04/21,126,143,164,186,199,201,190,168,140,113,092,087,095,113,142,168,191,204,204,193,174,154,136,128
MA17,66/04/22,130,145,164,186,201,207,201,182,157,126,101,087,085,097,121,151,180,201,209,205,193,173,154,142
MA17,66/04/23,139,147,161,180,197,206,205,191,168,137,107,086,076,082,102,128,157,183,198,201,196,182,166,152
MA17,66/04/24,146,148,160,177,195,206,209,201,180,153,124,098,084,082,093,115,142,168,190,203,204,197,184,170
MA17,66/04/25,162,160,166,177,190,204,208,206,185,163,134,106,086,074,077,090,112,138,160,178,187,187,182,172
MA17,66/04/26,164,160,162,169,179,191,198,199,190,172,150,126,104,087,079,084,098,118,142,162,177,187,189,186
MA17,66/04/27,182,179,179,182,187,196,200,204,201,190,175,158,136,116,103,097,097,106,122,142,159,172,182,186
MA17,66/04/28,187,186,182,180,179,180,182,184,186,180,173,159,146,128,111,099,092,091,097,108,124,142,156,168
MA17,66/04/29,174,178,177,174,171,168,167,167,168,168,169,168,163,152,142,127,114,105,100,103,113,129,146,163
MA17,66/04/30,177,186,189,186,180,172,164,158,155,156,161,168,171,171,165,152,135,118,105,095,095,106,120,140
MA17,66/05/01,157,172,178,177,170,159,145,133,124,124,131,143,153,164,168,163,150,132,113,097,090,090,102,122
MA17,66/05/02,145,165,180,184,178,164,145,127,115,109,116,130,150,172,187,194,191,179,161,142,126,120,124,138
MA17,66/05/03,162,186,203,213,210,197,178,152,128,113,112,123,140,165,186,203,209,202,186,164,139,125,120,127
MA17,66/05/04,143,167,186,200,204,194,174,146,118,093,080,083,098,123,151,178,195,201,194,176,156,136,122,120
MA17,66/05/05,129,150,170,186,195,190,174,147,115,085,063,057,064,083,115,144,168,183,187,178,162,143,125,117
MA17,66/05/06,121,135,156,173,186,187,176,153,121,089,062,049,050,061,084,116,145,170,183,185,175,160,145,130
MA17,66/05/07,126,135,151,167,184,191,187,173,145,112,084,060,052,055,071,100,128,158,179,190,189,183,171,162
MA17,66/05/08,158,161,172,184,201,212,214,203,182,154,121,098,078,072,080,099,126,150,172,187,194,191,180,169
MA17,66/05/09,161,156,158,167,179,190,193,188,173,150,124,100,080,067,068,079,097,120,145,164,174,178,175,168
MA17,66/05/10,160,156,155,160,168,178,185,186,178,165,144,122,101,086,081,083,094,111,132,151,166,177,182,178
MA17,66/05/11,174,171,170,171,177,184,190,194,188,178,164,148,128,113,102,095,098,106,120,136,150,162,170,173
MA17,66/05/12,172,169,165,173,172,164,167,170,167,163,157,146,134,120,107,099,096,099,108,118,132,145,156,164
MA17,66/05/13,167,167,166,163,159,157,155,156,157,157,157,154,148,139,130,121,114,110,111,117,125,138,150,162
MA17,66/05/14,168,172,172,168,161,152,148,143,143,145,149,153,153,151,146,136,128,119,114,111,116,126,137,153
MA17,66/05/15,166,176,178,177,170,158,147,140,136,139,145,155,165,169,171,167,158,148,137,130,129,134,143,156
MA17,66/05/16,171,184,190,188,182,168,151,137,126,123,130,142,156,169,174,174,167,154,139,127,122,123,131,145
MA17,66/05/17,161,177,186,187,180,164,144,125,110,103,108,120,136,155,169,176,174,165,151,135,124,117,121,131
MA17,66/05/18,148,166,180,185,180,165,143,118,096,085,084,094,113,137,158,174,180,176,164,148,131,121,119,126
MA17,66/05/19,142,160,176,187,186,174,153,126,096,077,069,075,081,119,147,172,186,189,181,165,149,136,128,129
MA17,66/05/20,139,156,174,187,193,184,164,136,104,078,062,060,072,096,128,157,181,191,192,181,164,148,135,133
MA17,66/05/21,138,150,170,187,195,194,179,152,120,086,064,052,056,074,102,137,166,186,194,193,182,168,153,146
MA17,66/05/22,147,158,174,188,202,207,197,178,147,110,082,064,060,071,097,130,160,183,199,205,200,190,177,167
MA17,66/05/23,163,168,181,195,211,215,213,199,174,144,114,090,072,071,087,112,140,166,189,199,201,195,184,173
MA17,66/05/24,165,166,173,185,196,207,211,204,186,157,129,100,080,071,077,092,118,144,170,188,198,198,193,184
MA17,66/05/25,175,172,173,180,191,201,207,207,199,180,156,130,107,090,081,084,099,120,143,164,181,192,194,190
MA17,66/05/26,184,180,177,176,180,188,196,199,198,189,175,156,134,113,098,092,093,105,123,144,164,180,187,190
MA17,66/05/27,188,182,175,168,169,171,176,182,186,185,180,170,156,138,122,108,098,099,109,125,146,165,178,189
MA17,66/05/28,192,190,183,174,164,159,157,158,165,171,174,174,169,159,143,128,117,111,112,120,134,154,171,184
MA17,66/05/29,192,195,190,179,167,154,146,144,147,154,164,174,179,178,171,160,146,132,124,123,130,145,162,180
MA17,66/05/30,195,204,204,196,183,162,146,137,134,137,148,165,179,189,193,191,178,160,146,136,132,138,152,170
MA17,66/05/31,186,199,202,195,182,160,138,119,108,105,113,129,150,171,187,192,190,178,164,148,137,137,143,157
MA17,66/06/01,176,192,202,202,192,175,148,122,100,088,089,101,127,152,176,192,200,197,187,174,159,150,151,162
MA17,66/06/02,176,195,210,214,209,192,167,138,110,090,083,088,106,132,160,183,199,205,202,189,175,163,156,160
MA17,66/06/03,170,186,204,212,212,200,178,150,113,089,072,072,084,107,136,164,186,200,202,195,186,172,162,160
MA17,66/06/04,166,180,197,211,216,210,195,167,136,110,078,076,083,098,127,156,185,206,214,216,208,196,180,173
MA17,66/06/05,174,182,198,211,218,217,206,185,154,124,097,078,071,079,099,126,154,177,194,200,198,187,176,167
MA17,66/06/06,163,168,178,192,204,208,205,190,162,133,104,082,069,071,083,105,132,156,176,187,190,187,179,168
MA17,66/06/07,161,160,167,176,190,198,201,190,173,147,121,097,079,074,080,095,117,142,163,179,188,188,179,170
MA17,66/06/08,162,158,160,168,178,186,191,189,177,158,134,111,092,082,079,087,103,126,147,164,175,180,178,172
MA17,66/06/09,166,161,158,161,167,175,183,187,181,170,156,139,122,108,101,103,113,130,150,168,185,196,199,196
MA17,66/06/10,191,185,180,177,178,183,190,194,194,189,178,165,151,136,124,120,122,130,143,158,172,185,192,194
MA17,66/06/11,190,184,176,169,165,165,167,172,176,178,176,170,161,150,138,130,126,130,139,151,165,178,188,192
MA17,66/06/12,192,187,177,169,160,156,155,156,161,166,170,172,168,163,153,145,138,133,135,140,150,165,179,187
MA17,66/06/13,193,192,186,175,161,150,143,140,142,147,155,163,170,171,169,161,153,145,141,141,147,159,172,183
MA17,66/06/14,192,194,191,180,167,150,137,128,125,129,137,151,164,174,177,176,169,159,151,146,148,155,166,179
MA17,66/06/15,191,197,196,191,177,158,137,122,111,110,121,135,154,171,182,185,183,175,164,156,150,151,160,173
MA17,66/06/16,186,198,205,200,188,168,142,122,108,100,106,121,142,168,186,196,200,196,186,176,165,162,164,174
MA17,66/06/17,186,199,210,211,201,183,158,129,106,090,087,100,122,147,174,195,206,206,201,189,179,172,169,174
MA17,66/06/18,184,198,212,218,214,198,176,145,113,088,076,079,097,125,154,181,199,207,207,198,188,179,173,173
MA17,66/06/19,180,194,209,220,223,212,191,160,126,095,074,066,074,097,126,159,185,204,211,207,199,188,178,173
MA17,66/06/20,175,186,202,217,226,225,210,184,151,117,087,069,067,080,106,136,169,192,208,211,210,200,188,179
MA17,66/06/21,178,183,194,210,224,227,222,206,178,143,100,082,067,068,084,113,142,172,192,204,205,200,188,177
MA17,66/06/22,172,170,175,186,200,213,217,208,188,164,131,103,080,070,074,092,120,148,172,188,198,199,192,182
MA17,66/06/23,172,169,169,177,188,202,209,210,200,180,156,128,104,086,080,086,104,127,154,176,189,196,195,187
MA17,66/06/24,177,167,162,163,169,178,189,196,197,189,173,154,131,111,097,090,096,111,131,154,172,184,189,185
MA17,66/06/25,177,167,158,150,150,155,165,173,180,183,179,171,157,140,124,112,109,115,128,146,166,180,190,193
MA17,66/06/26,187,178,165,153,146,144,147,155,162,172,177,178,173,165,152,138,131,131,134,147,163,178,191,196
MA17,66/06/27,195,190,179,164,148,138,133,134,141,152,163,172,177,177,172,163,153,146,143,147,156,170,186,196
MA17,66/06/28,201,200,192,178,160,143,130,124,124,134,150,166,182,195,202,201,196,190,186,182,180,187,198,210
MA17,66/06/29,218,218,212,200,180,160,138,122,112,112,120,136,154,172,186,192,192,184,174,166,164,166,173,185
MA17,66/06/30,196,204,207,198,184,162,138,114,093,088,094,109,130,155,173,187,193,189,182,172,165,165,168,176
MA17,66/07/01,188,198,206,204,192,173,149,121,096,084,081,090,109,137,162,183,199,204,200,190,177,171,169,176
MA17,66/07/02,188,202,213,217,213,200,179,150,122,098,086,086,096,110,148,174,195,208,210,202,188,176,169,168
MA17,66/07/03,177,192,204,212,214,207,188,162,130,100,081,072,080,099,125,152,181,196,203,202,192,178,167,163
MA17,66/07/04,164,175,188,200,207,207,198,175,145,117,090,074,072,080,101,131,159,183,196,199,195,186,173,161
MA17,66/07/05,160,169,182,195,207,213,208,193,168,138,111,088,077,079,093,118,144,170,190,198,195,187,174,162
MA17,66/07/06,158,159,168,180,192,203,206,199,166,139,110,091,080,082,090,105,130,154,174,188,195,190,180,166
MA17,66/07/07,156,152,154,163,176,188,197,198,186,169,145,120,104,095,097,109,128,149,170,187,197,199,191,178
MA17,66/07/08,166,159,158,163,173,184,194,199,196,183,166,144,124,111,107,111,122,140,161,178,192,196,194,186
MA17,66/07/09,172,162,155,156,160,168,179,186,186,180,168,152,134,120,112,112,120,135,152,168,183,189,188,180
MA17,66/07/10,168,157,147,142,143,150,159,167,171,172,166,157,145,131,123,120,122,135,148,162,177,185,190,186
MA17,66/07/11,176,164,150,140,137,138,144,152,160,166,168,165,159,150,141,134,136,141,150,162,175,186,192,192
MA17,66/07/12,185,174,160,147,136,132,132,138,145,154,160,166,166,162,158,152,148,147,150,158,168,180,189,192
MA17,66/07/13,190,183,169,153,137,125,117,115,121,130,142,152,160,163,163,159,154,149,149,150,156,166,175,182
MA17,66/07/14,185,181,171,156,138,119,105,096,094,102,117,133,150,163,170,172,169,163,158,154,155,163,172,181
MA17,66/07/15,187,190,184,172,153,133,110,093,084,086,097,116,136,157,174,184,186,183,175,167,162,163,168,176
MA17,66/07/16,186,194,198,192,177,154,127,100,078,069,072,087,111,138,162,182,191,193,188,178,170,164,163,168
MA17,66/07/17,179,188,197,199,190,171,144,114,085,063,055,064,084,112,142,170,190,198,200,191,179,170,163,162
MA17,66/07/18,172,185,198,206,205,193,169,139,106,074,053,046,056,080,112,144,175,192,202,197,185,172,162,156
MA17,66/07/19,160,170,186,200,209,208,196,169,135,099,068,049,047,062,089,124,157,184,200,201,194,178,166,155
MA17,66/07/20,152,158,172,188,202,212,208,193,162,127,092,064,050,052,072,101,136,166,187,198,196,186,168,154
MA17,66/07/21,146,146,154,170,188,202,208,205,189,159,126,095,073,064,068,087,117,146,174,192,198,193,178,162
MA17,66/07/22,148,140,144,153,170,188,199,205,200,183,157,129,101,084,080,088,107,136,163,185,195,196,184,167
MA17,66/07/23,151,139,132,136,146,162,176,188,190,185,170,147,126,108,095,098,109,130,152,174,188,195,188,175
MA17,66/07/24,156,140,128,124,128,137,150,165,176,177,173,162,145,131,119,116,121,131,147,166,182,192,191,182
MA17,66/07/25,166,150,134,125,120,123,130,142,153,162,169,170,162,152,143,136,136,140,150,164,179,188,193,190
MA17,66/07/26,178,164,147,130,121,115,116,120,130,141,153,163,167,167,163,158,154,152,157,166,176,186,191,191
MA17,66/07/27,187,177,162,145,129,116,107,104,109,119,132,146,158,166,171,172,169,164,163,163,167,175,184,187
MA17,66/07/28,188,184,172,158,141,121,106,096,092,097,109,125,143,158,171,179,180,178,172,167,167,172,176,182
MA17,66/07/29,187,188,185,174,158,138,120,101,089,087,092,108,128,150,169,184,192,190,185,178,171,171,172,178
MA17,66/07/30,187,194,197,193,182,163,142,117,093,081,081,091,109,135,158,179,193,198,196,188,178,171,170,175
MA17,66/07/31,182,194,202,206,200,186,165,138,112,093,085,087,100,123,151,176,196,207,209,202,192,179,170,170
MA17,66/08/01,178,190,202,210,212,203,185,159,127,104,084,078,085,104,130,158,182,199,205,201,189,175,163,159
MA17,66/08/02,162,175,189,202,211,208,200,181,141,111,089,080,086,101,126,155,181,200,207,204,195,180,164,156
MA17,66/08/03,155,166,182,198,209,213,208,190,162,135,108,092,087,095,116,143,170,193,204,209,202,188,172,157
MA17,66/08/04,153,157,170,186,202,212,211,201,179,151,125,103,092,093,107,131,156,180,199,205,200,188,169,154
MA17,66/08/05,144,144,151,165,184,197,205,202,184,164,138,117,101,098,109,130,153,176,194,204,204,194,178,160
MA17,66/08/06,147,140,143,153,172,187,198,201,195,179,161,139,123,112,115,129,148,170,191,204,209,203,189,171
MA17,66/08/07,155,142,139,146,157,174,188,196,196,188,175,156,140,130,125,134,147,166,185,200,208,206,195,179
MA17,66/08/08,162,147,138,136,143,154,168,180,188,190,184,172,158,146,139,140,147,158,175,189,200,204,200,190
MA17,66/08/09,176,157,144,133,129,134,143,157,170,178,180,175,168,162,154,151,152,160,171,184,196,203,203,198
MA17,66/08/10,186,170,155,141,132,129,132,143,154,163,174,178,180,176,175,172,170,173,179,187,195,204,207,207
MA17,66/08/11,200,187,171,156,141,130,125,129,139,151,163,173,179,183,183,184,182,183,184,186,193,202,204,204
MA17,66/08/12,199,190,177,161,141,125,114,111,114,123,139,156,171,182,191,194,192,189,186,184,185,189,194,199
MA17,66/08/13,202,200,199,176,156,135,115,104,098,099,112,132,154,176,193,204,211,206,200,190,185,186,188,193
MA17,66/08/14,201,207,207,201,184,160,134,109,090,084,089,106,130,157,182,201,211,214,209,198,188,180,176,180
MA17,66/08/15,190,204,214,216,210,190,162,130,102,081,072,078,096,124,157,187,209,219,217,207,192,175,168,167
MA17,66/08/16,177,192,207,222,224,215,193,162,124,093,070,062,073,100,133,168,200,217,222,214,202,182,166,160
MA17,66/08/17,161,178,198,215,228,231,220,198,164,127,080,063,065,088,120,157,190,214,224,212,209,191,170,154
MA17,66/08/18,152,163,184,212,230,241,237,220,190,154,120,094,077,083,104,139,172,202,220,222,212,192,166,148
MA17,66/08/19,138,140,154,180,204,221,230,226,208,180,146,114,092,085,098,123,155,184,200,217,214,198,174,150
MA17,66/08/20,131,123,130,145,170,194,211,217,206,186,160,134,113,101,103,120,144,172,194,205,206,198,177,152
MA17,66/08/21,132,120,119,124,143,168,187,200,202,193,182,165,145,131,129,135,151,173,194,208,211,206,190,171
MA17,66/08/22,148,131,123,124,133,150,170,185,194,197,194,184,172,158,152,154,164,178,194,205,210,209,197,180
MA17,66/08/23,158,143,128,120,120,124,139,153,167,173,175,173,170,163,162,163,168,176,186,197,206,208,202,190
MA17,66/08/24,176,160,142,128,119,116,120,131,143,152,162,169,172,174,174,173,175,179,185,193,199,203,202,196
MA17,66/08/25,186,173,158,143,130,121,117,117,122,132,143,154,164,174,181,186,186,185,184,184,188,192,196,196
MA17,66/08/26,192,184,174,162,148,131,119,111,109,116,128,140,155,171,182,189,192,190,184,180,177,177,180,183
MA17,66/08/27,187,186,185,175,160,142,125,110,100,100,108,125,144,162,182,193,198,198,191,182,173,168,172,179
MA17,66/08/28,190,198,201,196,184,166,146,126,110,102,102,113,132,156,176,193,204,206,200,188,177,170,167,170
MA17,66/08/29,180,194,204,206,201,186,166,142,110,095,095,105,124,149,174,195,209,211,204,191,176,162,157,160
MA17,66/08/30,173,191,205,213,211,198,177,150,124,105,095,097,113,138,164,189,204,210,206,194,180,162,152,151
MA17,66/08/31,160,178,198,211,217,211,197,170,145,116,100,097,106,128,156,185,204,214,212,199,182,165,153,149
MA17,66/09/01,155,170,192,210,222,224,214,202,174,148,124,109,110,123,146,174,201,217,222,214,200,181,161,148
MA17,66/09/02,145,154,172,195,213,224,224,213,190,161,138,118,112,118,136,160,184,206,216,214,200,182,158,140
MA17,66/09/03,132,136,152,172,196,211,217,214,197,174,152,133,121,122,136,156,181,205,217,217,206,187,164,146
MA17,66/09/04,135,134,142,157,181,202,216,217,207,189,167,150,138,136,146,164,184,205,219,222,214,200,177,154
MA17,66/09/05,138,131,133,145,164,184,201,209,208,194,178,160,148,141,144,156,172,190,204,212,209,196,176,155
MA17,66/09/06,134,121,117,126,138,156,175,188,194,180,181,168,155,149,150,157,168,187,200,209,212,201,186,167
MA17,66/09/07,147,130,121,120,129,140,155,171,182,188,185,178,170,163,161,164,172,184,194,204,208,206,194,178
MA17,66/09/08,160,143,129,120,119,122,136,150,162,171,177,179,178,175,174,175,178,185,192,198,204,204,198,187
MA17,66/09/09,173,158,142,130,121,118,122,132,143,155,166,172,176,180,182,184,186,188,190,194,197,197,196,191
MA17,66/09/10,184,173,158,144,128,118,114,115,119,130,146,161,173,183,190,193,193,192,190,186,186,188,188,189
MA17,66/09/11,188,184,177,164,146,127,111,100,096,102,117,135,156,174,190,198,201,199,192,186,178,175,176,182
MA17,66/09/12,190,195,194,186,169,146,123,102,088,084,092,111,136,162,185,199,205,204,197,183,173,167,166,173
MA17,66/09/13,187,202,211,213,204,185,157,129,100,085,084,095,120,147,178,200,211,210,200,184,169,158,153,158
MA17,66/09/14,173,194,210,224,226,214,192,158,126,098,082,083,098,129,162,193,213,220,210,192,172,154,142,141
MA17,66/09/15,151,168,193,214,228,226,212,185,148,115,090,081,087,108,142,174,200,210,210,196,174,150,132,121
MA17,66/09/16,122,137,160,187,210,225,224,208,177,143,114,096,093,105,131,163,193,209,214,206,186,156,131,112
MA17,66/09/17,107,112,133,159,190,210,221,220,202,173,147,121,109,110,125,150,179,205,217,212,194,167,138,112
MA17,66/09/18,097,098,110,133,159,188,204,211,206,187,165,148,135,132,142,159,180,204,219,220,210,188,160,132
MA17,66/09/19,109,097,100,114,136,161,184,200,205,196,182,168,156,150,156,168,186,204,216,222,216,196,170,146
MA17,66/09/20,122,106,101,106,121,139,159,176,185,187,182,174,164,158,158,165,178,188,201,207,205,195,174,154
MA17,66/09/21,132,114,104,102,109,120,135,150,164,172,173,171,167,164,164,171,177,185,193,199,201,197,185,169
MA17,66/09/22,152,136,125,117,114,119,126,135,148,159,168,173,176,178,179,180,185,189,192,196,198,196,190,182
MA17,66/09/23,171,160,144,133,126,120,120,123,129,139,149,160,171,177,182,184,184,184,184,183,184,184,182,180
MA17,66/09/24,176,170,162,150,138,126,120,115,115,122,133,148,163,175,183,189,190,188,186,183,182,183,187,194
MA17,66/09/25,200,202,194,184,170,153,135,122,115,118,132,148,166,183,197,203,201,193,182,172,166,165,168,176
MA17,66/09/26,184,190,192,188,178,160,142,125,113,110,114,129,149,170,189,202,205,197,184,170,160,154,155,162
MA17,66/09/27,175,188,198,200,192,176,154,133,114,106,108,118,137,158,182,201,209,206,193,174,159,147,144,148
MA17,66/09/28,160,178,195,205,207,198,178,156,133,116,109,111,124,146,169,193,207,209,201,183,165,145,133,132
MA17,66/09/29,141,159,178,195,206,206,193,172,146,124,109,105,112,129,155,180,198,206,198,179,155,133,118,112
MA17,66/09/30,118,132,156,179,198,205,201,183,155,130,114,104,108,122,145,171,194,205,201,187,164,138,118,107
MA17,66/10/01,104,118,139,165,188,205,206,194,173,140,124,113,113,125,144,167,188,203,203,193,170,141,117,100
MA17,66/10/02,097,109,131,157,184,205,211,205,188,165,145,133,129,135,153,175,198,212,215,204,184,157,131,109
MA17,66/10/03,101,104,120,145,172,193,208,212,200,182,162,146,139,142,154,172,195,210,218,212,192,166,140,116
MA17,66/10/04,102,100,108,128,152,176,196,206,198,185,169,155,148,149,159,173,190,205,214,209,194,169,144,121
MA17,66/10/05,103,095,097,112,132,153,173,186,189,182,169,158,153,154,159,170,184,198,204,203,193,175,154,132
MA17,66/10/06,113,099,095,102,115,135,152,168,175,178,173,165,161,159,162,169,179,189,196,198,193,182,165,149
MA17,66/10/07,128,111,104,101,105,117,134,149,162,171,174,174,174,174,175,179,185,192,198,200,200,194,184,169
MA17,66/10/08,153,138,127,118,114,117,127,139,152,165,177,186,192,195,198,200,200,199,200,202,203,202,199,192
MA17,66/10/09,182,171,157,142,130,121,118,121,131,147,162,178,191,203,207,208,205,198,191,186,184,183,185,188
MA17,66/10/10,189,186,176,165,148,132,120,111,110,128,136,157,176,194,206,211,210,196,184,174,166,164,168,177
MA17,66/10/11,188,195,198,190,172,152,128,110,099,100,113,134,158,183,203,216,217,208,192,172,157,148,150,160
MA17,66/10/12,178,196,207,210,200,182,157,130,110,099,101,117,142,174,200,220,224,214,198,176,152,139,137,148
MA17,66/10/13,164,191,212,226,229,218,196,169,136,117,108,117,138,168,198,224,235,229,210,185,154,128,114,115
MA17,66/10/14,131,155,186,212,230,232,217,188,158,131,113,111,125,150,180,206,225,229,218,195,162,128,103,093
MA17,66/10/15,100,124,154,188,215,230,231,215,188,158,136,125,131,147,172,198,223,229,222,198,165,129,097,080
MA17,66/10/16,079,094,124,157,188,214,224,222,204,184,160,142,138,145,166,190,216,229,228,212,186,150,116,086
MA17,66/10/17,073,074,095,125,159,188,207,214,209,197,181,166,155,155,167,186,207,222,227,220,201,168,134,106
MA17,66/10/18,086,079,087,110,136,163,185,198,204,199,186,175,165,162,168,181,198,212,218,214,199,176,148,121
MA17,66/10/19,100,087,086,096,114,134,160,178,188,194,189,183,176,173,174,181,192,202,208,208,200,182,162,138
MA17,66/10/20,118,102,094,095,106,122,139,157,168,176,180,179,177,173,171,174,178,184,190,193,192,183,171,154
MA17,66/10/21,135,120,109,105,106,114,125,140,154,166,173,176,178,178,177,176,179,180,182,183,182,180,173,161
MA17,66/10/22,152,137,125,117,112,111,114,119,129,142,154,164,171,174,177,177,175,172,171,170,169,168,167,166
MA17,66/10/23,161,154,146,135,124,118,115,114,120,130,141,154,166,174,179,180,177,170,162,155,152,152,155,159
MA17,66/10/24,162,164,160,151,140,127,118,112,113,119,130,144,160,173,183,186,182,172,160,150,143,140,142,151
MA17,66/10/25,159,167,171,169,161,147,132,120,112,113,121,137,157,174,188,193,191,180,164,148,134,128,131,142
MA17,66/10/26,156,171,181,182,177,167,150,134,121,116,120,132,152,171,187,198,199,188,170,150,132,122,123,131
MA17,66/10/27,149,168,183,193,194,186,171,151,134,124,123,132,148,169,188,203,208,197,179,155,133,116,113,119
MA17,66/10/28,134,156,178,197,210,209,196,177,159,139,135,140,157,178,200,216,223,215,196,172,144,122,110,111
MA17,66/10/29,122,145,172,194,207,210,202,186,164,146,133,133,143,164,183,201,213,210,195,171,140,114,095,089
MA17,66/10/30,097,120,147,176,197,208,207,195,177,157,143,138,142,158,177,194,206,208,199,176,148,118,092,078
MA17,66/10/31,079,094,122,151,177,195,202,197,182,156,143,134,137,146,166,185,198,203,194,175,148,119,090,070
MA17,66/11/01,066,076,098,126,156,182,195,196,187,172,160,149,144,150,163,183,198,206,204,190,166,137,108,086
MA17,66/11/02,074,076,093,120,148,176,194,202,201,192,179,168,162,163,169,184,199,208,208,199,179,152,127,102
MA17,66/11/03,084,077,084,100,125,150,173,187,195,192,184,176,170,167,172,182,194,204,209,205,197,179,155,128
MA17,66/11/04,106,090,085,092,108,130,152,170,181,186,184,180,174,170,170,174,183,189,196,198,192,182,164,143
MA17,66/11/05,119,104,093,091,098,113,130,148,163,174,180,182,180,178,178,178,181,184,190,193,192,186,178,164
MA17,66/11/06,146,131,117,107,103,106,116,129,148,163,174,181,186,188,186,181,178,175,176,178,182,181,182,177
MA17,66/11/07,169,156,144,131,119,113,112,119,134,152,168,182,194,202,202,198,191,181,175,169,168,171,177,181
MA17,66/11/08,182,179,171,156,140,124,114,110,116,127,145,165,182,195,200,197,188,174,160,149,143,144,151,166
MA17,66/11/09,178,186,188,180,167,149,131,120,115,120,135,156,175,192,203,203,194,176,156,135,121,116,124,140
MA17,66/11/10,161,181,194,199,193,178,158,138,125,119,127,146,169,194,212,217,211,194,170,143,122,110,109,124
MA17,66/11/11,147,175,199,214,216,205,187,163,142,130,127,137,156,182,202,214,213,198,171,140,110,089,081,087
MA17,66/11/12,108,138,168,195,207,208,197,179,154,136,126,130,145,170,192,206,208,199,176,146,112,083,064,062
MA17,66/11/13,077,104,140,174,196,208,207,196,178,159,146,143,152,174,197,216,224,218,201,172,138,107,080,068
MA17,66/11/14,073,096,129,162,196,216,224,222,209,190,176,167,167,178,194,212,227,230,218,193,160,125,095,075
MA17,66/11/15,067,074,099,129,160,184,202,206,198,187,173,161,155,160,171,188,203,208,203,185,159,127,095,070
MA17,66/11/16,057,056,068,090,118,145,166,179,183,180,171,160,153,157,166,175,189,201,202,190,171,149,120,099
MA17,66/11/17,079,070,073,089,110,134,158,177,185,188,183,174,168,169,174,184,193,202,207,206,192,174,154,128
MA17,66/11/18,108,094,088,093,106,123,144,161,174,184,184,178,171,168,169,173,178,185,190,189,184,173,157,140
MA17,66/11/19,120,108,098,098,105,117,133,151,164,176,180,180,177,174,173,175,176,177,180,182,181,176,167,155
MA17,66/11/20,142,130,119,113,113,117,127,140,154,166,176,179,181,182,178,173,170,166,165,165,166,165,163,160
MA17,66/11/21,153,144,136,126,120,120,125,134,145,157,170,178,184,187,186,180,172,164,156,153,153,155,157,158
MA17,66/11/22,159,156,151,142,133,125,122,123,128,138,151,162,170,175,176,172,160,148,135,127,124,126,131,140
MA17,66/11/23,148,153,154,150,140,130,122,118,119,127,139,153,167,178,182,180,168,152,134,120,112,113,120,132
MA17,66/11/24,147,158,166,167,160,150,138,128,122,125,136,151,166,178,188,186,176,159,138,118,106,102,108,124
MA17,66/11/25,144,165,180,185,186,176,166,154,145,143,149,162,178,196,211,215,204,187,163,141,123,113,115,126
MA17,66/11/26,150,170,192,207,210,201,189,173,160,151,150,159,171,188,204,209,201,9999,9999,9999,9999,9999,9999,9999
MA17,66/11/27,9999,9999,9999,9999,9999,9999,9999,9999,9999,9999,9999,9999,9999,9999,9999,9999,9999,9999,9999,9999,9999,9999,9999,9999
MA17,66/11/28,9999,9999,9999,9999,9999,9999,9999,9999,9999,9999,9999,9999,9999,9999,9999,9999,9999,9999,9999,9999,9999,9999,9999,9999
MA17,66/11/29,9999,9999,9999,9999,9999,9999,9999,9999,9999,9999,9999,9999,9999,9999,9999,9999,9999,9999,9999,9999,9999,9999,9999,9999
MA17,66/11/30,9999,9999,9999,9999,9999,9999,9999,9999,9999,9999,9999,9999,9999,9999,9999,9999,9999,9999,9999,9999,9999,9999,9999,9999
MA17,66/12/01,9999,9999,9999,9999,9999,9999,9999,9999,9999,9999,9999,9999,9999,9999,9999,9999,9999,9999,9999,9999,9999,9999,9999,9999
MA17,66/12/02,9999,9999,9999,9999,9999,9999,9999,9999,9999,9999,9999,9999,9999,9999,9999,9999,9999,9999,9999,9999,9999,9999,9999,9999
MA17,66/12/03,9999,9999,9999,9999,9999,9999,9999,9999,9999,9999,9999,9999,9999,9999,9999,9999,9999,9999,9999,9999,9999,9999,9999,9999
MA17,66/12/04,9999,9999,9999,9999,9999,9999,9999,9999,9999,9999,9999,9999,9999,9999,9999,9999,9999,9999,9999,9999,9999,9999,9999,9999
MA17,66/12/05,9999,9999,9999,9999,9999,9999,9999,9999,9999,9999,9999,9999,9999,9999,9999,9999,9999,9999,9999,9999,9999,9999,9999,9999
MA17,66/12/06,9999,9999,9999,9999,9999,9999,9999,9999,9999,9999,9999,9999,9999,9999,9999,9999,9999,9999,9999,9999,9999,9999,9999,9999
MA17,66/12/07,9999,9999,9999,9999,9999,9999,9999,9999,9999,9999,9999,9999,9999,9999,9999,9999,9999,9999,9999,9999,9999,9999,9999,9999
MA17,66/12/08,9999,9999,9999,9999,9999,9999,9999,9999,9999,9999,9999,9999,9999,9999,9999,9999,9999,9999,9999,9999,9999,9999,9999,9999
MA17,66/12/09,9999,9999,9999,9999,9999,9999,9999,9999,9999,9999,9999,9999,9999,9999,9999,9999,9999,9999,9999,9999,9999,9999,9999,9999
MA17,66/12/10,9999,9999,9999,9999,9999,9999,9999,9999,9999,9999,9999,9999,9999,9999,9999,9999,9999,9999,9999,9999,9999,9999,9999,9999
MA17,66/12/11,9999,9999,9999,9999,9999,9999,9999,9999,9999,9999,9999,9999,9999,9999,9999,9999,9999,9999,9999,9999,9999,9999,9999,9999
MA17,66/12/12,9999,9999,9999,9999,9999,9999,9999,9999,9999,9999,9999,9999,9999,9999,9999,9999,9999,9999,9999,9999,9999,9999,9999,9999
MA17,66/12/13,9999,9999,9999,9999,9999,9999,9999,9999,9999,9999,9999,9999,9999,9999,9999,9999,9999,9999,9999,9999,9999,9999,9999,9999
MA17,66/12/14,9999,9999,9999,9999,9999,9999,9999,9999,9999,9999,9999,9999,9999,9999,9999,9999,9999,9999,9999,9999,9999,9999,9999,9999
MA17,66/12/15,9999,9999,9999,9999,9999,9999,9999,9999,9999,9999,9999,9999,9999,9999,9999,9999,9999,9999,9999,9999,9999,9999,9999,9999
MA17,66/12/16,9999,9999,9999,9999,9999,9999,9999,9999,9999,9999,9999,9999,9999,9999,9999,9999,9999,9999,9999,9999,9999,9999,9999,9999
MA17,66/12/17,9999,9999,9999,9999,9999,9999,9999,9999,9999,9999,9999,9999,9999,9999,9999,9999,9999,9999,9999,9999,9999,9999,9999,9999
MA17,66/12/18,9999,9999,9999,9999,9999,9999,9999,9999,9999,9999,9999,9999,9999,9999,9999,9999,9999,9999,9999,9999,9999,9999,9999,9999
MA17,66/12/19,9999,9999,9999,9999,9999,9999,9999,9999,9999,9999,9999,9999,9999,9999,9999,9999,9999,9999,9999,9999,9999,9999,9999,9999
MA17,66/12/20,9999,9999,9999,9999,9999,9999,9999,9999,9999,9999,9999,9999,9999,9999,9999,9999,9999,9999,9999,9999,9999,9999,9999,9999
MA17,66/12/21,9999,9999,9999,9999,9999,9999,9999,9999,9999,9999,9999,9999,9999,9999,9999,9999,9999,9999,9999,9999,9999,9999,9999,9999
MA17,66/12/22,9999,9999,9999,9999,9999,9999,9999,9999,9999,9999,9999,9999,9999,9999,9999,9999,9999,9999,9999,9999,9999,9999,9999,9999
MA17,66/12/23,9999,9999,9999,9999,9999,9999,9999,9999,9999,9999,9999,9999,9999,9999,9999,9999,9999,9999,9999,9999,9999,9999,9999,9999
MA17,66/12/24,9999,9999,9999,9999,9999,9999,9999,9999,9999,9999,9999,9999,9999,9999,9999,9999,9999,9999,9999,9999,9999,9999,9999,9999
MA17,66/12/25,9999,9999,9999,9999,9999,9999,9999,9999,9999,9999,9999,9999,9999,9999,9999,9999,9999,9999,9999,9999,9999,9999,9999,9999
MA17,66/12/26,9999,9999,9999,9999,9999,9999,9999,9999,9999,9999,9999,9999,9999,9999,9999,9999,9999,9999,9999,9999,9999,9999,9999,9999
MA17,66/12/27,9999,9999,9999,9999,9999,9999,9999,9999,9999,9999,9999,9999,9999,9999,9999,9999,9999,9999,9999,9999,9999,9999,9999,9999
MA17,66/12/28,9999,9999,9999,9999,9999,9999,9999,9999,9999,9999,9999,9999,9999,9999,9999,9999,9999,9999,9999,9999,9999,9999,9999,9999
MA17,66/12/29,9999,9999,9999,9999,9999,9999,9999,9999,9999,9999,9999,9999,9999,9999,9999,9999,9999,9999,9999,9999,9999,9999,9999,9999
MA17,66/12/30,9999,9999,9999,9999,9999,9999,9999,9999,9999,9999,9999,9999,9999,9999,9999,9999,9999,9999,9999,9999,9999,9999,9999,9999
MA17,66/12/31,9999,9999,9999,9999,9999,9999,9999,9999,9999,9999,9999,9999,9999,9999,9999,9999,9999,9999,9999,9999,9999,9999,9999,9999
