MA17,01/01/01,142,128,122,126,138,156,177,195,208,212,210,201,189,176,168,165,168,177,186,193,195,191,181,165
MA17,01/01/02,149,135,126,123,129,141,159,178,193,202,204,199,190,179,170,163,161,164,169,176,182,184,181,173
MA17,01/01/03,162,150,139,132,131,138,150,165,180,192,199,200,194,184,172,160,150,144,143,147,154,161,166,168
MA17,01/01/04,165,160,152,145,141,141,146,155,168,181,192,197,196,190,179,165,150,137,129,127,132,141,151,160
MA17,01/01/05,166,167,164,158,152,147,146,150,157,168,179,189,194,193,186,174,157,138,122,113,112,118,130,145
MA17,01/01/06,160,171,177,177,172,165,158,155,156,163,174,184,193,197,194,184,166,143,119,100,091,092,103,121
MA17,01/01/07,142,163,178,185,185,179,171,162,156,158,165,177,191,201,205,201,186,162,134,107,087,080,086,103
MA17,01/01/08,130,160,188,208,219,220,213,201,190,183,183,190,201,215,225,228,218,196,165,129,097,075,069,077
MA17,01/01/09,099,130,163,190,209,217,214,204,190,177,171,172,182,198,215,227,229,216,190,156,120,090,071,069
MA17,01/01/10,085,114,150,187,217,237,244,238,222,205,191,184,188,201,220,237,246,241,223,193,155,117,084,066
MA17,01/01/11,065,082,113,149,184,210,225,227,218,202,186,175,172,180,197,217,234,241,234,214,182,143,106,076
MA17,01/01/12,062,066,087,120,156,189,213,223,220,208,191,174,164,164,175,193,212,225,228,219,197,165,129,096
MA17,01/01/13,074,066,074,095,126,160,189,207,213,207,193,176,161,155,158,171,188,206,217,219,210,190,163,133
MA17,01/01/14,107,092,091,102,125,154,183,205,217,217,206,189,171,159,154,159,170,184,195,202,202,193,176,152
MA17,01/01/15,129,110,101,103,115,136,161,184,199,205,200,187,171,156,147,145,150,159,170,179,185,184,177,164
MA17,01/01/16,148,132,121,117,121,134,153,174,191,200,200,192,180,166,153,145,142,145,151,159,168,173,173,169
MA17,01/01/17,160,150,140,133,132,137,149,163,177,189,193,190,181,169,156,143,133,128,128,132,139,147,154,159
MA17,01/01/18,160,158,154,149,146,147,152,160,171,182,190,193,189,181,171,159,146,133,125,121,123,130,139,149
MA17,01/01/19,157,162,164,163,159,156,155,157,161,169,177,182,183,179,172,161,147,131,117,107,103,106,115,129
MA17,01/01/20,144,157,167,172,173,170,166,163,164,169,176,184,191,194,193,185,173,156,137,122,112,111,119,133
MA17,01/01/21,151,171,187,198,202,201,196,190,184,182,185,192,200,207,210,206,195,177,154,130,112,102,102,112
MA17,01/01/22,131,153,175,192,201,203,199,191,181,174,172,177,186,197,206,209,203,188,164,137,112,095,088,093
MA17,01/01/23,109,132,157,181,197,204,204,197,185,174,168,169,178,191,205,213,213,203,182,153,123,099,084,082
MA17,01/01/24,092,113,139,165,186,198,201,194,182,167,157,154,159,171,186,199,207,203,186,160,130,103,082,073
MA17,01/01/25,078,095,121,151,177,195,203,200,189,175,161,153,153,164,179,196,209,212,204,184,157,128,103,088
MA17,01/01/26,086,097,120,149,177,200,211,211,201,187,172,160,155,161,174,191,205,214,212,198,174,146,118,096
MA17,01/01/27,086,091,108,134,163,190,208,215,211,198,182,168,161,164,177,195,213,224,226,217,198,172,144,120
MA17,01/01/28,105,103,112,132,157,182,202,212,211,201,184,166,154,150,156,170,187,201,209,207,195,175,150,126
MA17,01/01/29,108,101,106,121,143,167,188,201,204,198,184,166,149,139,140,149,164,179,190,193,188,175,156,133
MA17,01/01/30,114,102,101,110,127,149,172,189,196,194,184,168,151,139,134,137,147,160,172,181,183,176,162,145
MA17,01/01/31,129,116,110,112,123,141,161,178,188,190,183,170,154,139,129,125,129,139,151,163,170,171,167,158
MA17,01/02/01,147,136,128,127,134,147,164,180,193,200,199,191,179,166,152,143,140,144,151,161,170,175,176,174
MA17,01/02/02,168,160,152,147,148,155,165,176,186,193,194,190,180,167,153,139,129,123,123,127,136,146,156,162
MA17,01/02/03,165,164,161,157,154,154,158,164,172,179,184,186,182,173,160,144,129,115,105,101,104,113,126,140
MA17,01/02/04,152,160,164,163,159,156,154,155,157,162,168,173,175,173,165,151,133,113,096,083,079,084,096,114
MA17,01/02/05,135,154,168,175,176,173,167,161,158,160,165,172,179,184,184,177,160,138,113,090,074,068,075,092
MA17,01/02/06,116,144,168,185,194,195,190,180,171,165,166,173,183,195,203,203,193,172,142,111,084,067,063,072
MA17,01/02/07,094,124,156,181,198,204,201,190,176,164,159,161,171,186,200,210,209,195,170,138,104,076,060,060
MA17,01/02/08,075,102,136,169,195,210,213,205,189,172,158,153,159,174,192,209,217,213,196,167,131,094,065,050
MA17,01/02/09,054,073,105,141,173,197,207,204,190,171,151,139,139,150,171,192,210,218,213,194,163,126,091,067
MA17,01/02/10,059,068,091,123,157,187,204,207,196,177,156,138,129,134,150,171,193,208,212,204,182,151,116,086
MA17,01/02/11,068,067,080,105,136,167,189,199,195,180,158,136,121,117,125,143,166,187,199,201,191,170,141,112
MA17,01/02/12,090,079,084,101,126,154,178,192,193,183,163,141,121,110,110,121,139,159,176,186,187,177,159,137
MA17,01/02/13,116,103,102,111,129,153,176,193,200,195,181,162,141,124,116,119,131,147,163,177,185,184,175,161
MA17,01/02/14,145,132,126,129,141,159,179,195,203,203,194,177,157,137,124,119,122,131,143,155,164,169,168,162
MA17,01/02/15,152,142,136,134,139,149,162,176,185,188,184,173,157,141,127,117,113,115,121,130,139,147,153,155
MA17,01/02/16,154,152,149,147,149,156,165,176,185,190,189,184,174,161,147,134,123,116,114,117,122,128,136,143
MA17,01/02/17,148,152,152,151,150,150,153,157,161,165,167,166,162,155,146,135,124,113,105,101,102,108,118,130
MA17,01/02/18,143,154,162,167,168,166,164,163,164,167,170,174,175,175,171,162,149,134,119,108,103,104,110,122
MA17,01/02/19,137,153,167,175,178,177,172,166,161,160,162,167,172,176,177,173,162,146,127,108,093,086,088,098
MA17,01/02/20,115,135,155,169,176,177,171,161,151,145,145,149,157,166,174,175,169,155,134,111,090,077,073,080
MA17,01/02/21,097,119,143,163,176,181,177,167,154,144,140,144,154,167,180,189,190,180,160,135,110,090,079,082
MA17,01/02/22,096,119,145,169,186,193,191,180,163,147,137,135,142,155,171,185,191,187,171,147,119,094,076,071
MA17,01/02/23,079,099,126,154,177,190,192,184,168,150,136,129,133,147,166,186,199,201,190,168,140,111,088,076
MA17,01/02/24,078,095,120,149,175,194,201,196,180,159,141,130,129,139,158,180,198,206,201,185,160,131,104,086
MA17,01/02/25,081,091,111,138,166,187,198,196,181,161,139,123,116,121,136,157,178,193,196,186,165,138,110,088
MA17,01/02/26,078,082,097,120,146,170,185,187,177,158,135,115,102,101,112,132,155,175,185,183,169,147,121,098
MA17,01/02/27,083,080,089,108,132,157,175,183,178,161,139,116,100,094,099,115,136,158,174,180,174,159,138,116
MA17,01/02/28,100,094,099,113,135,159,179,191,191,180,160,138,120,108,106,116,133,154,173,185,188,181,166,149
MA17,01/03/01,133,125,125,134,149,168,186,199,201,193,176,156,135,118,110,112,123,139,157,172,181,182,176,164
MA17,01/03/02,152,143,139,142,151,165,180,191,197,194,182,164,144,124,111,105,107,116,128,142,154,161,162,158
MA17,01/03/03,152,145,140,139,143,150,161,170,176,177,172,162,147,130,114,102,097,097,105,116,130,142,152,159
MA17,01/03/04,162,162,161,160,161,166,173,182,189,194,196,193,184,171,156,141,129,119,114,116,124,136,151,165
MA17,01/03/05,176,183,186,186,182,179,177,176,177,180,181,182,181,175,164,149,132,114,099,089,088,095,108,126
MA17,01/03/06,146,163,175,181,180,176,170,164,159,159,163,168,175,179,177,168,151,128,105,086,074,072,082,101
MA17,01/03/07,124,150,173,189,194,193,185,174,163,158,160,167,179,191,200,200,189,168,139,110,086,071,070,081
MA17,01/03/08,104,133,163,186,198,201,193,178,162,149,143,147,161,178,196,208,209,196,172,141,110,084,070,071
MA17,01/03/09,088,116,149,178,198,206,201,186,166,146,132,129,138,156,179,199,210,207,190,161,126,093,070,061
MA17,01/03/10,069,091,122,156,182,198,200,188,165,141,121,111,114,129,153,179,201,211,207,188,157,123,093,075
MA17,01/03/11,072,084,109,140,170,191,199,192,172,146,121,104,098,106,125,152,178,197,203,195,173,144,113,090
MA17,01/03/12,079,084,102,130,160,185,198,197,182,157,130,107,094,094,108,132,161,185,200,202,191,170,145,121
MA17,01/03/13,106,104,114,135,161,185,201,204,192,170,141,114,095,087,091,107,129,153,172,182,181,169,150,129
MA17,01/03/14,112,104,107,120,140,162,180,188,183,168,145,120,099,086,084,094,112,133,154,169,176,173,164,151
MA17,01/03/15,138,130,129,136,150,169,186,196,197,188,172,150,129,111,102,104,113,128,146,162,172,175,172,164
MA17,01/03/16,155,147,143,145,152,162,174,182,184,179,167,150,131,114,102,097,098,105,116,129,141,151,156,156
MA17,01/03/17,154,152,150,151,155,162,170,177,181,180,174,164,151,138,126,117,114,114,119,127,138,148,158,166
MA17,01/03/18,172,176,179,180,182,185,189,192,194,194,191,184,175,165,153,141,132,125,121,121,125,132,142,152
MA17,01/03/19,162,170,175,176,175,173,171,169,168,169,169,170,169,165,160,152,141,129,119,113,111,115,124,137
MA17,01/03/20,152,166,176,181,181,178,172,166,161,159,161,165,171,175,175,171,161,147,131,118,110,108,114,127
MA17,01/03/21,145,164,180,191,194,190,182,171,161,155,156,161,169,178,185,186,179,164,145,126,110,101,101,111
MA17,01/03/22,129,151,172,187,194,192,182,168,153,143,140,145,156,171,184,191,190,179,161,139,118,103,098,103
MA17,01/03/23,119,142,166,186,198,199,190,173,154,138,129,130,140,156,173,187,192,186,170,147,122,101,089,089
MA17,01/03/24,101,122,148,171,188,194,188,172,150,130,116,113,122,139,160,180,192,193,182,161,135,111,094,089
MA17,01/03/25,096,115,141,167,188,199,198,184,162,138,119,110,115,132,155,179,198,207,203,188,166,141,120,109
MA17,01/03/26,111,126,150,178,201,217,219,209,188,162,137,121,119,130,150,175,199,215,218,208,187,161,136,118
MA17,01/03/27,113,120,138,161,185,202,209,202,183,156,129,109,099,104,121,146,172,193,204,203,190,169,146,126
MA17,01/03/28,116,117,128,149,172,191,201,200,186,162,135,111,096,093,104,127,154,180,198,206,201,187,168,149
MA17,01/03/29,136,134,142,157,177,196,208,210,200,181,155,128,107,097,101,117,141,167,188,201,205,199,185,169
MA17,01/03/30,156,149,151,161,176,193,206,210,204,188,166,140,116,099,092,098,113,134,154,171,181,183,176,166
MA17,01/03/31,155,148,147,152,163,175,187,195,194,185,168,147,126,107,095,091,096,108,126,144,159,168,170,167
MA17,01/04/01,162,156,153,153,157,165,174,181,183,179,170,155,138,119,102,091,088,092,102,116,131,145,155,162
MA17,01/04/02,164,164,161,159,158,160,164,168,171,171,168,161,151,137,122,107,096,090,090,097,108,124,140,155
MA17,01/04/03,166,174,177,176,173,170,168,168,168,170,172,173,172,166,156,143,127,111,100,095,097,105,120,138
MA17,01/04/04,157,172,181,185,181,173,164,156,151,150,154,161,169,173,171,162,146,126,106,090,081,082,093,112
MA17,01/04/05,136,158,175,183,183,175,162,147,136,131,133,142,155,168,176,177,168,149,125,101,082,073,076,091
MA17,01/04/06,115,142,167,183,189,183,168,148,129,117,113,121,137,156,174,186,187,175,152,124,097,078,071,078
MA17,01/04/07,098,125,154,176,188,187,174,151,126,106,096,099,113,136,161,182,193,190,174,148,119,093,077,075
MA17,01/04/08,088,112,141,168,185,189,179,158,130,103,085,079,088,108,136,164,186,195,190,172,145,118,096,087
MA17,01/04/09,092,110,135,163,184,194,189,170,142,112,087,073,073,087,113,144,172,191,196,188,169,143,119,103
MA17,01/04/10,101,112,133,159,183,197,197,184,159,128,098,076,068,074,093,121,151,177,191,193,183,164,141,122
MA17,01/04/11,114,118,132,154,177,193,199,192,173,145,116,092,078,077,090,112,139,167,187,197,195,185,168,150
MA17,01/04/12,139,137,145,160,179,196,205,204,191,169,142,115,095,086,089,103,125,151,173,188,192,188,178,164
MA17,01/04/13,151,144,145,154,168,181,191,193,185,168,145,120,097,082,078,083,097,116,136,152,162,166,163,156
MA17,01/04/14,148,142,141,145,154,164,173,178,175,165,149,130,111,095,087,087,093,106,122,138,151,160,163,162
MA17,01/04/15,159,156,153,154,158,164,171,175,174,169,159,146,130,115,103,097,097,102,110,121,133,143,151,155
MA17,01/04/16,157,157,155,153,152,153,155,157,157,155,150,143,134,123,113,103,097,095,097,103,112,123,133,143
MA17,01/04/17,150,156,157,156,153,149,146,145,145,145,145,144,142,137,129,120,110,102,097,097,101,110,121,134
MA17,01/04/18,146,157,163,165,161,154,147,141,138,139,143,148,151,152,150,144,133,121,110,103,102,107,118,132
MA17,01/04/19,149,165,176,180,177,169,159,148,141,139,143,150,159,167,172,170,161,147,132,118,109,108,114,127
MA17,01/04/20,146,165,180,188,188,179,164,147,133,126,128,137,150,164,176,180,176,165,147,128,112,103,104,114
MA17,01/04/21,131,152,172,184,186,178,162,141,121,108,106,113,129,148,167,179,183,176,160,140,120,107,104,110
MA17,01/04/22,127,149,171,188,196,192,177,155,131,111,102,106,121,143,167,186,196,194,181,160,136,116,104,104
MA17,01/04/23,116,137,160,180,191,190,176,153,125,099,083,080,092,114,142,168,187,194,188,171,149,127,111,105
MA17,01/04/24,112,129,152,175,191,196,186,165,136,105,081,071,076,094,121,151,178,194,196,185,167,145,126,115
MA17,01/04/25,116,128,149,171,190,199,194,177,150,118,089,071,066,077,101,132,162,185,197,195,183,164,144,129
MA17,01/04/26,123,129,144,164,183,194,195,183,159,128,097,072,059,062,079,105,136,165,184,191,187,175,157,140
MA17,01/04/27,132,133,142,157,174,187,192,186,168,140,110,083,065,059,066,084,111,140,165,180,184,178,165,152
MA17,01/04/28,142,138,142,152,165,178,187,186,175,155,129,102,078,063,060,070,089,113,139,159,171,174,170,161
MA17,01/04/29,152,147,146,151,160,171,180,183,178,165,146,124,100,081,070,068,076,093,115,137,155,167,171,169
MA17,01/04/30,165,160,157,158,163,170,178,183,184,180,170,156,138,120,104,094,092,098,110,127,145,160,171,177
MA17,01/05/01,178,176,172,168,165,166,168,171,174,174,172,166,155,141,126,111,100,096,097,106,120,137,153,167
MA17,01/05/02,176,180,180,175,169,163,158,157,158,162,167,169,169,164,153,139,124,112,104,102,109,122,140,158
MA17,01/05/03,175,186,190,186,177,165,154,146,142,144,150,159,167,172,170,161,146,129,113,101,098,105,119,138
MA17,01/05/04,159,175,184,185,177,162,145,130,119,116,122,135,151,166,175,176,167,151,130,112,100,098,106,122
MA17,01/05/05,143,165,181,187,183,169,148,126,108,099,100,111,130,152,171,182,182,172,153,131,112,101,101,112
MA17,01/05/06,132,155,175,187,188,177,156,129,104,086,080,086,104,129,155,176,187,186,173,152,131,114,106,110
MA17,01/05/07,126,148,170,187,193,186,168,142,114,089,075,074,086,110,139,167,187,196,192,178,158,138,125,121
MA17,01/05/08,130,148,170,190,201,201,188,164,134,104,083,074,080,100,128,159,186,205,210,202,187,168,151,142
MA17,01/05/09,144,156,175,195,210,215,206,186,156,124,097,080,077,088,110,140,169,193,206,206,196,181,165,152
MA17,01/05/10,147,153,167,186,202,211,209,193,168,137,108,085,074,077,093,118,147,174,193,200,197,186,172,158
MA17,01/05/11,150,150,159,172,188,199,202,194,175,149,121,096,080,076,084,102,125,151,173,186,190,186,175,163
MA17,01/05/12,154,150,153,162,173,185,191,188,175,153,128,104,085,074,074,084,103,125,147,164,173,175,171,162
MA17,01/05/13,154,149,148,153,162,172,179,181,174,159,140,119,100,086,079,082,093,109,128,145,159,166,167,164
MA17,01/05/14,158,153,150,150,154,160,167,170,167,159,146,130,113,098,089,085,089,099,113,129,144,155,161,164
MA17,01/05/15,162,159,155,151,151,153,157,161,162,160,154,145,133,120,109,102,100,103,111,123,137,150,161,169
MA17,01/05/16,173,173,170,165,160,157,156,158,161,162,162,160,156,148,139,129,122,119,121,127,137,150,163,174
MA17,01/05/17,182,185,183,176,167,158,151,148,148,150,154,159,160,158,152,143,133,124,118,117,122,132,145,159
MA17,01/05/18,172,179,181,176,166,154,143,134,131,134,141,151,160,166,166,161,153,141,131,123,122,128,140,155
MA17,01/05/19,171,184,191,189,180,165,148,133,124,122,129,141,155,168,177,178,173,161,147,134,126,125,133,147
MA17,01/05/20,164,181,193,195,188,171,151,130,113,105,109,122,140,160,177,186,185,175,160,144,130,124,126,137
MA17,01/05/21,154,173,188,195,192,178,156,130,106,091,088,097,116,141,165,183,191,189,177,160,143,131,128,134
MA17,01/05/22,148,167,185,197,199,188,167,139,109,086,075,078,094,121,150,176,193,199,193,179,161,145,135,135
MA17,01/05/23,145,162,182,197,205,200,184,157,125,096,076,071,081,106,137,168,193,208,211,203,187,169,155,151
MA17,01/05/24,156,170,189,208,219,218,206,181,149,115,088,073,074,089,117,150,181,204,215,214,203,187,171,160
MA17,01/05/25,157,164,180,197,210,217,211,193,164,130,098,074,064,070,090,118,150,179,199,207,203,192,178,165
MA17,01/05/26,157,159,168,183,199,210,213,203,182,152,120,092,073,067,075,095,124,154,181,198,204,199,189,176
MA17,01/05/27,167,163,166,176,189,201,208,206,193,170,141,112,088,073,070,080,099,126,153,176,190,194,190,181
MA17,01/05/28,172,165,162,165,172,183,192,195,190,178,158,135,111,091,079,078,087,105,128,152,171,183,186,183
MA17,01/05/29,175,167,161,159,160,166,174,180,182,177,167,151,131,112,095,085,083,091,106,127,147,165,176,181
MA17,01/05/30,179,173,165,158,154,153,157,161,166,169,169,165,155,141,126,111,102,100,105,118,135,155,173,184
MA17,01/05/31,189,188,182,173,164,158,156,157,161,167,174,179,180,176,166,153,139,129,124,128,139,155,172,187
MA17,01/06/01,196,199,195,184,169,155,144,137,136,141,150,161,171,176,175,167,154,139,128,123,125,135,151,168
MA17,01/06/02,183,191,192,184,169,151,133,119,112,114,124,139,156,171,181,182,175,162,147,135,129,132,143,158
MA17,01/06/03,175,188,194,191,178,159,136,115,100,095,101,116,137,159,177,188,190,182,169,154,143,139,144,156
MA17,01/06/04,173,190,202,204,195,177,153,126,103,089,087,097,118,144,169,188,197,196,186,171,156,145,143,150
MA17,01/06/05,164,181,195,202,199,185,163,135,106,084,074,077,093,119,148,173,191,198,195,183,168,155,147,148
MA17,01/06/06,158,175,192,204,208,200,183,156,126,099,081,077,086,107,136,165,189,205,209,204,191,176,164,159
MA17,01/06/07,164,177,193,207,216,215,202,178,149,119,096,083,085,099,123,151,179,199,210,210,201,187,173,163
MA17,01/06/08,162,169,182,196,206,209,202,185,159,130,102,081,075,082,100,125,153,179,196,202,199,189,176,164
MA17,01/06/09,159,162,171,185,197,205,205,194,173,146,118,096,082,081,092,111,137,163,184,196,199,193,183,172
MA17,01/06/10,163,161,166,175,189,201,206,200,186,164,139,115,097,090,093,107,128,153,175,191,198,198,191,182
MA17,01/06/11,172,167,167,172,183,194,201,202,194,178,157,134,114,101,098,105,119,138,159,178,189,194,191,183
MA17,01/06/12,173,166,162,163,169,178,186,190,188,179,164,146,129,114,106,106,114,128,145,162,177,187,190,186
MA17,01/06/13,178,170,163,160,162,168,175,180,183,181,174,162,147,132,122,117,119,127,139,154,169,182,189,190
MA17,01/06/14,187,180,171,164,161,162,165,171,175,177,175,171,162,151,140,132,128,129,136,146,159,173,183,189
MA17,01/06/15,190,186,177,168,159,154,152,155,159,165,171,174,172,166,158,149,141,136,136,141,151,163,175,184
MA17,01/06/16,189,187,180,169,156,144,136,133,135,141,150,158,164,165,163,157,148,140,135,135,141,150,162,174
MA17,01/06/17,183,187,184,173,159,143,128,118,115,120,131,144,158,169,173,171,164,154,145,139,139,145,156,170
MA17,01/06/18,183,192,192,184,169,150,130,112,102,101,110,127,146,165,178,183,181,172,161,151,145,146,153,165
MA17,01/06/19,180,193,200,197,185,166,141,117,098,089,093,107,129,153,175,189,195,192,183,170,157,151,153,163
MA17,01/06/20,176,191,202,205,197,179,153,123,096,079,073,082,104,132,160,183,197,201,196,184,170,158,153,155
MA17,01/06/21,166,181,195,203,201,189,165,133,099,072,056,057,072,098,130,160,184,196,197,189,177,164,154,151
MA17,01/06/22,158,173,189,203,209,204,187,159,124,091,066,054,057,076,106,139,170,192,202,201,192,178,162,152
MA17,01/06/23,153,162,178,193,204,208,199,177,145,109,076,053,045,053,075,107,140,168,187,195,192,181,166,155
MA17,01/06/24,149,152,163,179,194,202,202,190,167,135,101,072,053,049,060,084,115,148,174,189,194,189,178,164
MA17,01/06/25,154,150,155,166,181,194,201,199,187,164,135,104,079,065,064,077,102,131,160,182,194,196,191,180
MA17,01/06/26,167,158,157,162,173,185,195,199,195,182,162,137,112,091,080,081,094,116,143,166,184,192,191,183
MA17,01/06/27,171,160,152,150,155,164,175,184,188,186,176,161,142,122,106,100,102,114,133,155,175,190,195,192
MA17,01/06/28,183,171,158,149,145,148,155,164,172,176,176,170,159,145,130,119,115,118,128,144,162,179,190,192
MA17,01/06/29,188,178,165,152,142,137,137,142,151,159,166,171,170,165,155,145,137,133,136,144,156,171,184,191
MA17,01/06/30,191,186,175,160,145,132,125,123,127,135,147,158,167,170,169,163,155,147,144,146,154,166,178,189
MA17,01/07/01,196,195,188,174,157,139,123,114,111,116,127,143,158,171,177,176,171,162,154,148,148,154,163,174
MA17,01/07/02,183,187,185,174,157,136,115,098,087,085,093,109,129,150,165,174,175,170,161,153,148,148,153,163
MA17,01/07/03,176,186,190,186,173,152,128,104,086,078,079,092,112,137,160,176,185,185,178,168,159,155,157,165
MA17,01/07/04,177,190,199,200,192,176,152,125,099,083,078,084,102,127,153,175,191,197,193,184,173,164,159,162
MA17,01/07/05,172,185,196,203,201,190,170,142,113,088,074,072,083,105,132,160,182,195,198,192,180,168,159,157
MA17,01/07/06,164,176,190,201,206,202,187,162,132,103,082,073,077,093,117,146,173,192,201,199,188,173,161,154
MA17,01/07/07,155,164,177,191,201,202,192,171,143,113,086,069,064,074,096,124,153,176,190,193,187,175,161,150
MA17,01/07/08,147,152,164,180,194,202,199,186,163,134,105,083,073,075,089,113,141,167,185,193,192,182,168,155
MA17,01/07/09,147,147,156,170,186,197,200,192,175,150,122,098,083,078,086,104,129,154,175,188,191,185,173,159
MA17,01/07/10,149,145,149,159,172,186,194,193,183,164,141,117,099,089,090,102,123,146,168,184,192,191,182,168
MA17,01/07/11,156,148,147,153,163,176,187,191,188,177,159,137,118,105,101,107,121,141,161,178,190,194,189,178
MA17,01/07/12,166,154,147,146,152,162,173,181,183,178,166,151,135,121,111,111,118,132,150,167,181,188,188,180
MA17,01/07/13,169,157,147,140,140,145,154,164,171,172,168,159,148,135,125,120,122,130,143,158,172,183,187,184
MA17,01/07/14,175,164,151,139,132,131,136,144,153,160,164,163,158,150,142,136,133,134,141,152,165,177,185,186
MA17,01/07/15,182,173,160,145,133,125,123,126,135,145,154,161,164,162,157,151,146,143,144,150,160,171,181,187
MA17,01/07/16,188,183,173,158,141,127,117,113,116,126,140,154,165,172,174,172,167,160,156,156,161,170,182,191
MA17,01/07/17,197,197,190,176,158,138,120,108,104,109,121,139,158,173,183,187,184,177,168,162,161,165,173,182
MA17,01/07/18,191,196,195,186,169,146,121,099,086,083,091,108,131,155,175,187,191,187,179,169,161,158,161,169
MA17,01/07/19,181,192,198,196,183,162,135,106,082,067,067,080,104,133,161,183,196,199,192,180,168,160,157,162
MA17,01/07/20,173,187,199,204,201,185,159,127,094,069,056,059,077,106,138,168,191,202,202,193,180,167,158,157
MA17,01/07/21,163,176,191,203,208,202,182,151,114,080,055,045,052,074,105,140,170,192,200,196,183,167,153,145
MA17,01/07/22,147,158,174,190,202,206,198,176,142,104,070,048,043,054,079,113,148,176,194,199,193,179,162,148
MA17,01/07/23,142,146,159,177,193,204,206,195,171,138,102,073,056,055,070,097,130,161,185,198,199,189,172,154
MA17,01/07/24,142,139,146,161,179,194,203,202,189,166,136,105,080,069,072,089,116,145,172,190,197,192,178,160
MA17,01/07/25,143,133,132,140,154,171,185,192,190,179,158,131,106,090,085,092,110,133,159,179,191,192,183,168
MA17,01/07/26,151,136,128,129,137,151,164,175,180,179,170,154,134,117,108,108,116,132,153,173,187,193,190,179
MA17,01/07/27,163,145,131,124,123,130,141,154,164,170,170,164,153,141,130,125,127,135,149,166,181,190,192,186
MA17,01/07/28,174,159,143,129,122,121,126,135,146,155,161,165,165,160,153,146,143,145,151,162,173,185,191,190
MA17,01/07/29,183,170,155,139,126,117,114,116,123,134,146,156,162,165,164,160,156,153,155,160,168,178,185,188
MA17,01/07/30,187,180,169,154,136,120,110,105,106,114,127,142,156,167,173,175,173,168,163,163,166,171,178,184
MA17,01/07/31,187,187,181,169,153,134,117,104,099,100,110,125,144,161,175,183,185,181,174,168,165,167,171,177
MA17,01/08/01,185,190,190,183,170,151,129,109,095,090,093,106,124,146,167,182,188,187,180,171,163,160,161,166
MA17,01/08/02,175,185,191,191,182,165,142,118,097,083,079,087,105,128,153,173,186,191,186,175,164,157,154,156
MA17,01/08/03,164,176,188,194,193,181,160,134,107,087,076,077,090,113,139,164,183,192,191,183,171,160,152,151
MA17,01/08/04,159,172,187,198,202,197,181,156,127,101,083,076,084,103,129,157,181,196,199,193,181,166,153,148
MA17,01/08/05,151,162,177,192,202,203,192,171,141,111,088,075,076,089,112,140,167,187,195,192,180,163,148,139
MA17,01/08/06,139,148,163,181,196,204,201,185,161,132,106,087,081,087,106,132,161,184,198,201,193,177,160,147
MA17,01/08/07,142,145,156,173,191,204,207,198,178,151,123,101,088,089,101,124,151,177,194,201,196,182,164,147
MA17,01/08/08,136,136,144,158,176,193,202,200,186,164,138,114,097,092,099,115,139,164,185,196,197,186,168,149
MA17,01/08/09,134,128,132,143,158,175,190,195,189,174,153,131,112,103,105,117,136,157,178,193,198,192,178,160
MA17,01/08/10,143,132,128,133,145,161,176,186,187,180,165,146,129,117,114,121,134,152,171,187,196,195,185,169
MA17,01/08/11,151,135,126,125,132,144,158,171,178,178,171,159,145,133,126,128,136,150,165,179,189,191,187,175
MA17,01/08/12,159,142,128,121,120,126,136,149,159,165,165,160,152,144,138,135,138,147,158,170,181,186,185,178
MA17,01/08/13,165,151,136,124,116,114,118,127,138,149,156,160,160,157,153,150,150,154,159,167,176,183,186,184
MA17,01/08/14,176,164,149,134,120,111,107,109,117,129,142,153,161,166,167,166,163,161,162,166,171,176,182,185
MA17,01/08/15,184,178,166,150,131,115,102,096,096,103,117,134,151,165,173,176,175,170,167,166,166,170,175,182
MA17,01/08/16,187,187,182,171,152,131,109,093,084,085,096,114,137,160,179,189,192,188,181,173,168,167,169,176
MA17,01/08/17,186,194,198,193,180,158,131,105,084,072,075,090,114,143,170,192,203,203,194,182,172,164,163,168
MA17,01/08/18,179,193,206,211,205,187,160,128,098,074,063,068,087,116,149,178,196,202,198,185,170,158,151,151
MA17,01/08/19,160,177,196,210,214,206,184,154,119,086,063,056,066,092,126,160,187,202,203,192,176,159,146,142
MA17,01/08/20,147,161,181,201,215,218,207,184,151,115,084,065,063,079,108,143,176,199,209,205,190,171,153,140
MA17,01/08/21,136,145,163,187,210,226,228,215,190,157,123,098,086,090,110,141,175,204,221,224,215,198,176,156
MA17,01/08/22,144,144,156,178,204,226,238,236,222,198,169,142,122,114,120,140,170,199,220,229,227,212,188,162
MA17,01/08/23,143,135,137,149,169,191,211,219,214,198,176,152,132,121,121,132,152,177,200,213,214,204,185,162
MA17,01/08/24,140,124,117,120,133,153,174,189,194,190,178,162,145,133,130,135,148,167,186,201,208,203,188,168
MA17,01/08/25,148,131,119,116,120,133,150,166,177,180,178,170,160,151,144,142,149,162,177,192,202,202,194,180
MA17,01/08/26,162,143,128,118,116,121,131,144,156,166,171,172,171,168,166,164,166,172,181,192,200,203,200,192
MA17,01/08/27,179,164,148,134,125,122,125,131,140,152,163,172,177,181,181,181,180,180,183,188,194,199,200,197
MA17,01/08/28,191,180,168,153,139,128,121,120,124,132,145,158,169,178,184,186,184,181,179,177,178,180,183,185
MA17,01/08/29,186,183,175,163,148,133,120,111,107,110,121,136,154,170,182,189,191,189,184,179,174,172,175,182
MA17,01/08/30,189,193,191,182,168,151,134,119,108,104,110,123,142,164,183,195,199,197,189,180,173,168,168,173
MA17,01/08/31,183,194,201,200,191,176,156,135,116,103,102,112,131,155,178,195,204,205,198,186,174,164,158,163
MA17,01/09/01,176,191,204,209,206,193,173,148,124,105,096,100,116,141,168,191,204,206,199,187,172,159,154,157
MA17,01/09/02,168,184,201,213,213,202,184,159,134,111,097,094,106,129,157,182,200,207,202,189,172,157,145,140
MA17,01/09/03,147,164,185,202,212,212,200,178,150,122,102,093,097,115,141,170,194,208,209,199,182,162,146,139
MA17,01/09/04,143,157,178,201,218,225,220,202,176,148,121,104,104,118,144,173,198,213,217,210,195,174,154,138
MA17,01/09/05,133,145,167,191,210,222,223,214,194,168,141,118,109,117,139,167,195,214,223,220,206,186,164,145
MA17,01/09/06,137,144,161,183,204,220,227,223,209,187,163,143,132,134,148,170,192,209,219,220,211,194,173,154
MA17,01/09/07,141,140,150,169,191,210,221,224,216,201,181,162,149,146,155,173,193,211,223,226,221,208,187,166
MA17,01/09/08,149,142,145,158,177,196,211,219,217,208,194,178,165,159,163,175,192,209,221,225,223,213,197,177
MA17,01/09/09,158,144,140,145,158,176,193,206,211,209,202,191,180,173,173,180,192,207,220,228,230,223,211,194
MA17,01/09/10,175,159,150,148,155,168,184,198,208,214,214,211,206,202,200,202,208,217,228,236,240,238,230,217
MA17,01/09/11,202,186,172,164,163,171,186,203,211,214,215,216,215,212,208,206,207,211,217,222,226,225,219,210
MA17,01/09/12,198,183,167,153,142,136,135,139,149,161,173,184,192,196,198,198,197,195,195,197,200,202,202,200
MA17,01/09/13,196,188,175,160,143,128,118,115,120,131,146,163,179,192,199,201,201,199,196,192,192,194,198,201
MA17,01/09/14,204,203,196,184,166,146,128,115,110,115,128,147,168,186,200,208,208,203,195,187,182,182,185,193
MA17,01/09/15,203,212,215,209,193,171,145,121,104,097,102,120,145,173,197,213,219,215,204,191,178,168,167,175
MA17,01/09/16,192,210,225,231,224,206,179,148,120,102,098,107,128,159,191,217,231,231,220,201,181,164,156,158
MA17,01/09/17,172,193,214,230,237,231,210,178,144,114,098,096,110,136,168,198,221,230,224,206,184,162,144,138
MA17,01/09/18,146,167,193,217,234,238,227,203,172,140,115,104,108,127,156,188,214,229,229,214,190,162,138,125
MA17,01/09/19,125,139,163,191,216,231,232,219,192,160,131,112,106,116,139,168,196,216,222,214,193,166,140,119
MA17,01/09/20,108,113,131,159,187,208,220,218,204,181,156,135,124,126,141,164,190,210,220,217,202,178,150,127
MA17,01/09/21,111,108,119,140,166,190,208,216,213,200,182,162,149,146,155,172,194,213,223,224,213,193,166,140
MA17,01/09/22,120,111,114,127,148,169,187,197,201,195,183,169,156,149,152,163,179,195,206,211,206,192,172,149
MA17,01/09/23,128,112,107,112,125,143,161,175,183,186,183,177,171,167,168,174,185,197,206,212,211,202,187,169
MA17,01/09/24,151,135,125,123,128,138,151,163,173,180,182,182,181,180,181,185,191,198,204,210,212,208,199,186
MA17,01/09/25,172,158,147,140,137,140,147,156,165,174,181,186,189,191,192,194,195,197,200,202,204,203,199,192
MA17,01/09/26,183,172,160,150,142,137,137,140,145,153,163,173,182,188,193,195,194,192,190,190,190,190,190,189
MA17,01/09/27,187,182,174,164,152,141,133,130,131,138,148,162,176,188,196,199,197,192,186,181,180,181,184,188
MA17,01/09/28,192,194,191,183,170,156,142,132,126,127,134,148,164,180,192,198,197,192,184,175,168,165,167,174
MA17,01/09/29,184,193,196,192,182,166,148,130,117,113,118,131,150,170,187,198,201,196,187,174,161,154,155,162
MA17,01/09/30,175,188,198,202,197,184,165,144,126,116,116,127,145,166,187,203,210,206,195,179,164,152,149,155
MA17,01/10/01,170,189,207,218,219,210,193,170,147,130,124,130,147,171,196,217,228,227,216,199,180,162,152,151
MA17,01/10/02,163,182,203,220,228,225,211,189,163,139,125,123,133,154,180,205,219,221,211,191,166,141,123,120
MA17,01/10/03,129,149,174,198,213,217,209,191,166,141,123,115,121,138,161,186,206,214,208,191,167,141,119,109
MA17,01/10/04,112,127,152,178,201,213,212,199,179,155,134,121,121,134,155,180,201,213,212,200,177,150,125,108
MA17,01/10/05,104,116,138,165,191,209,216,211,197,176,154,137,131,137,154,178,200,215,219,211,192,165,137,115
MA17,01/10/06,104,107,123,146,173,196,211,214,206,189,169,152,143,144,155,173,193,209,216,212,197,173,146,121
MA17,01/10/07,104,100,108,125,149,175,194,203,202,192,177,162,152,149,155,167,184,200,210,210,200,182,158,133
MA17,01/10/08,112,101,101,111,130,153,174,190,197,195,188,178,169,164,165,174,187,199,209,212,207,195,177,156
MA17,01/10/09,136,120,113,114,125,142,162,178,189,194,194,192,188,184,183,185,191,199,208,213,211,204,191,175
MA17,01/10/10,156,138,125,119,120,129,142,158,172,183,190,194,196,197,198,199,201,204,208,212,213,210,204,194
MA17,01/10/11,181,166,150,138,129,127,131,141,153,167,180,191,198,203,206,207,205,201,198,198,199,199,198,196
MA17,01/10/12,191,182,170,156,141,129,123,123,129,142,158,175,190,200,207,209,207,200,191,184,180,181,186,192
MA17,01/10/13,196,197,191,178,160,141,125,113,111,119,135,156,177,195,207,212,210,200,186,173,163,160,164,174
MA17,01/10/14,186,197,202,198,184,163,139,118,104,101,111,130,155,180,199,210,210,199,183,165,148,139,140,151
MA17,01/10/15,167,186,202,209,204,187,162,135,111,096,096,109,132,160,186,203,207,198,180,157,133,116,110,117
MA17,01/10/16,134,158,183,202,210,204,185,158,130,108,098,104,123,151,180,203,214,211,194,168,140,117,104,104
MA17,01/10/17,119,144,173,200,219,225,215,194,167,141,123,119,129,151,180,207,223,225,212,187,156,126,104,094
MA17,01/10/18,100,121,150,181,208,223,224,211,189,164,143,131,133,148,172,196,215,222,215,195,166,134,106,087
MA17,01/10/19,083,095,119,148,177,199,209,206,192,173,154,138,133,142,160,182,202,213,213,198,174,143,114,090
MA17,01/10/20,077,079,094,118,146,172,190,196,191,178,161,147,139,141,153,171,190,203,207,198,179,153,124,098
MA17,01/10/21,080,076,083,101,124,149,172,185,187,181,170,159,152,150,155,168,183,196,203,201,188,168,143,118
MA17,01/10/22,098,088,089,099,115,135,155,172,182,183,179,172,166,164,166,173,183,194,201,204,198,185,167,147
MA17,01/10/23,127,114,108,110,119,133,149,165,178,185,186,183,180,178,177,180,185,190,195,197,194,185,174,159
MA17,01/10/24,143,128,117,112,113,119,129,141,153,163,170,173,175,175,175,176,176,177,178,179,178,175,170,162
MA17,01/10/25,153,142,131,122,117,115,119,125,135,146,157,166,172,176,177,176,174,172,169,167,166,166,166,164
MA17,01/10/26,161,155,147,137,128,121,117,118,124,134,146,158,169,177,181,181,177,170,162,157,155,155,159,163
MA17,01/10/27,167,167,164,157,146,135,126,121,121,126,138,153,168,181,189,190,185,175,163,153,146,146,151,160
MA17,01/10/28,169,176,179,175,166,153,139,127,121,122,131,147,166,184,197,202,198,186,170,155,144,141,146,157
MA17,01/10/29,172,186,197,199,193,180,163,145,132,127,130,143,162,181,197,205,203,190,170,148,130,119,119,129
MA17,01/10/30,146,165,182,191,191,181,164,145,128,117,117,127,145,167,187,201,203,193,173,149,127,111,106,113
MA17,01/10/31,130,154,177,195,202,198,184,164,144,129,123,128,143,164,187,203,209,202,184,159,131,109,096,097
MA17,01/11/01,112,136,164,188,203,207,198,180,159,140,128,127,138,157,180,201,212,210,195,169,140,112,093,087
MA17,01/11/02,096,118,147,176,199,210,210,197,178,157,141,135,139,154,174,195,210,212,200,178,148,117,092,080
MA17,01/11/03,082,097,123,155,184,203,210,204,189,170,154,145,146,157,175,195,213,222,218,202,175,143,113,092
MA17,01/11/04,085,093,111,138,167,192,206,209,201,186,170,157,152,156,168,183,198,208,207,194,170,140,109,084
MA17,01/11/05,069,067,079,101,129,157,179,191,191,183,171,159,154,154,162,174,189,202,208,203,189,166,139,113
MA17,01/11/06,095,087,090,104,127,155,181,199,208,206,198,187,178,174,176,182,192,201,206,204,194,176,152,127
MA17,01/11/07,103,086,078,081,092,111,134,155,170,176,175,170,164,159,158,160,166,173,179,181,177,168,154,136
MA17,01/11/08,116,098,085,080,083,095,112,131,147,159,166,169,169,167,166,166,166,167,170,173,174,173,168,158
MA17,01/11/09,145,130,116,104,098,099,107,121,138,155,169,178,182,182,179,176,171,168,166,166,168,172,175,174
MA17,01/11/10,170,161,148,134,120,112,108,112,122,137,154,170,181,187,186,181,173,163,154,148,147,151,158,167
MA17,01/11/11,173,174,168,156,141,125,113,106,109,119,136,156,174,187,192,190,180,165,149,136,130,131,141,156
MA17,01/11/12,171,183,188,183,172,155,138,123,116,118,131,151,172,191,202,203,195,178,157,136,121,116,121,137
MA17,01/11/13,157,178,193,198,193,179,159,139,123,117,123,138,160,182,199,206,200,182,158,131,109,096,095,107
MA17,01/11/14,129,156,181,200,206,199,183,162,142,129,127,135,153,176,196,209,208,194,168,138,109,085,075,080
MA17,01/11/15,098,126,156,183,199,203,193,175,154,137,127,128,141,161,184,202,209,200,178,148,115,086,068,064
MA17,01/11/16,075,099,131,163,190,204,205,195,177,158,143,137,142,157,177,196,207,206,191,164,130,097,071,059
MA17,01/11/17,062,079,105,137,166,188,198,197,185,168,153,144,144,154,170,189,204,209,201,181,151,117,087,066
MA17,01/11/18,060,067,086,114,143,170,186,192,187,175,161,150,146,150,161,178,193,202,200,187,164,135,105,081
MA17,01/11/19,066,065,076,097,123,150,172,184,186,179,167,156,149,148,155,167,181,192,195,188,172,148,121,095
MA17,01/11/20,076,068,072,086,106,129,151,167,176,176,170,161,154,151,154,161,171,180,185,184,175,159,137,114
MA17,01/11/21,095,083,080,085,098,116,136,153,165,170,169,164,157,153,153,157,163,170,175,177,173,164,150,133
MA17,01/11/22,116,102,094,093,099,111,126,142,156,165,170,170,167,163,160,158,159,162,166,168,167,163,156,146
MA17,01/11/23,134,122,112,105,105,110,120,132,145,157,166,171,172,171,168,164,161,158,157,158,159,160,159,155
MA17,01/11/24,148,140,131,123,118,116,120,128,138,149,161,170,175,177,175,169,162,155,150,148,149,151,156,159
MA17,01/11/25,161,159,155,148,140,133,130,132,140,151,164,176,186,192,192,186,177,165,154,145,142,145,151,160
MA17,01/11/26,167,172,172,166,157,148,139,135,136,144,156,171,185,195,199,196,185,169,151,137,128,128,136,148
MA17,01/11/27,162,174,181,181,174,164,152,142,137,138,146,159,175,189,197,196,186,168,147,126,112,108,113,126
MA17,01/11/28,144,162,177,183,181,172,160,146,136,132,137,149,166,183,195,198,191,173,149,123,101,090,091,103
MA17,01/11/29,123,148,171,186,192,187,175,159,144,135,135,143,158,176,193,201,199,184,159,131,104,086,081,089
MA17,01/11/30,108,137,167,191,205,208,201,187,170,156,150,155,167,184,202,214,215,203,180,149,116,088,071,070
MA17,01/12/01,084,108,138,166,187,198,197,186,169,153,142,141,149,163,181,196,204,199,181,153,119,087,065,056
MA17,01/12/02,062,082,111,144,173,192,200,196,183,167,153,147,149,160,175,192,202,204,192,168,136,102,072,052
MA17,01/12/03,048,060,085,116,147,174,190,195,189,176,163,152,150,157,171,187,201,207,202,186,159,127,096,071
MA17,01/12/04,057,058,073,099,129,159,182,194,195,188,175,162,154,155,162,175,189,198,199,190,172,145,113,084
MA17,01/12/05,062,053,057,074,100,129,155,174,183,182,175,164,155,151,154,163,174,185,193,192,182,163,139,112
MA17,01/12/06,088,073,068,075,092,116,142,164,180,186,185,178,170,164,162,163,168,177,185,190,188,179,163,143
MA17,01/12/07,121,102,089,084,088,101,120,140,158,170,175,173,166,158,151,148,147,149,154,159,163,163,158,148
MA17,01/12/08,134,117,102,091,087,089,100,116,133,150,162,167,167,162,156,149,143,138,138,140,144,148,152,152
MA17,01/12/09,147,137,124,111,102,098,100,109,122,138,154,166,172,172,166,156,145,134,127,125,127,133,142,151
MA17,01/12/10,157,157,152,142,130,119,114,115,122,136,152,167,177,181,178,169,154,137,121,111,108,112,122,137
MA17,01/12/11,152,163,168,164,154,141,130,123,123,131,143,159,173,183,185,178,163,142,120,101,090,089,097,113
MA17,01/12/12,133,153,167,173,171,161,149,136,129,128,137,150,166,181,189,187,174,153,127,102,085,076,078,092
MA17,01/12/13,114,139,163,180,187,185,176,164,154,150,154,165,181,198,213,220,215,197,169,138,110,092,086,094
MA17,01/12/14,112,138,166,190,205,208,202,189,173,162,158,160,171,186,200,208,206,193,168,136,104,078,064,063
MA17,01/12/15,076,098,127,156,179,193,195,187,174,160,151,148,154,167,182,194,198,192,174,145,113,082,059,049
MA17,01/12/16,054,071,097,127,155,175,184,182,173,160,149,142,143,152,166,181,191,192,181,159,129,097,070,053
MA17,01/12/17,050,060,081,108,138,163,180,185,181,170,157,147,145,151,164,179,192,198,193,178,153,123,094,071
MA17,01/12/18,059,061,075,098,124,150,170,181,181,173,161,149,141,141,148,160,173,183,185,176,158,133,104,078
MA17,01/12/19,061,055,062,078,101,126,149,165,172,170,161,149,138,134,137,147,160,170,175,173,163,145,121,097
MA17,01/12/20,076,065,065,075,092,115,138,156,166,169,163,153,142,135,134,138,146,156,163,166,161,150,132,112
MA17,01/12/21,093,080,075,079,090,108,129,149,164,172,173,167,158,149,144,144,149,157,164,169,172,168,159,146
MA17,01/12/22,131,116,107,105,110,122,137,154,169,179,183,180,172,163,155,148,146,146,149,152,155,156,153,145
MA17,01/12/23,135,122,112,106,105,110,120,133,147,159,167,169,166,159,150,141,134,129,128,130,135,139,142,142
MA17,01/12/24,138,132,124,117,113,113,117,125,137,150,160,166,166,163,157,147,135,124,117,115,118,125,134,141
MA17,01/12/25,145,145,142,137,131,127,125,129,137,147,158,167,173,175,171,161,147,132,120,112,112,118,128,140
MA17,01/12/26,151,158,161,160,156,149,142,139,141,148,158,168,176,181,181,174,159,139,119,103,096,097,106,121
MA17,01/12/27,137,152,164,169,167,161,152,145,142,144,151,161,172,182,186,182,169,149,124,102,086,080,085,100
MA17,01/12/28,122,145,164,176,180,176,167,157,149,145,148,156,168,181,190,191,181,161,133,105,081,066,065,075
MA17,01/12/29,095,121,147,167,179,182,177,165,154,145,143,147,158,173,187,195,192,177,152,122,093,070,060,064
MA17,01/12/30,081,108,140,169,191,203,204,195,182,169,162,161,168,181,197,208,209,199,177,145,110,078,055,047
MA17,01/12/31,056,077,108,140,169,188,195,191,179,164,151,144,147,158,174,190,199,198,185,159,126,090,060,042
