MA17,61/01/01,091,114,140,164,182,192,188,175,162,151,142,143,151,166,184,198,199,187,168,139,108,077,058,053
MA17,61/01/02,065,087,115,143,168,182,184,177,165,151,138,133,138,152,169,186,196,192,176,151,123,090,065,053
MA17,61/01/03,059,077,102,133,162,179,186,184,173,159,145,133,130,142,157,178,199,199,192,172,148,118,089,069
MA17,61/01/04,064,074,096,127,161,187,202,211,201,190,175,160,151,155,169,186,202,209,207,193,169,138,108,083
MA17,61/01/05,070,072,085,110,138,165,182,188,188,177,160,144,134,132,142,156,174,187,190,183,167,143,112,088
MA17,61/01/06,072,068,077,098,125,151,175,187,190,183,171,152,140,135,139,152,166,179,187,186,174,157,134,107
MA17,61/01/07,088,078,079,091,113,138,160,177,184,181,168,153,138,128,125,132,143,155,164,168,166,155,136,115
MA17,61/01/08,094,080,075,082,098,120,143,160,170,173,166,154,139,126,120,120,127,136,148,154,158,156,145,132
MA17,61/01/09,115,100,091,089,097,114,131,151,168,177,176,167,153,138,129,123,123,127,133,140,146,149,146,139
MA17,61/01/10,130,118,107,104,105,113,128,146,160,172,177,172,163,151,137,127,123,123,124,130,139,148,154,156
MA17,61/01/11,153,148,140,133,129,133,140,153,165,178,185,189,186,176,164,148,135,126,120,119,121,129,140,149
MA17,61/01/12,155,159,155,148,140,134,134,141,150,157,168,174,178,174,165,150,135,118,102,093,092,099,112,128
MA17,61/01/13,141,153,159,159,154,147,142,137,138,145,153,165,175,179,175,163,148,127,105,087,077,076,088,106
MA17,61/01/14,127,150,166,176,177,172,163,152,147,148,153,166,177,187,191,185,171,148,120,095,073,063,067,081
MA17,61/01/15,105,134,160,177,187,186,176,163,149,142,143,150,165,181,195,200,190,169,140,103,075,054,046,053
MA17,61/01/16,076,104,140,170,187,197,193,176,162,145,137,139,153,171,188,200,202,188,163,130,096,060,041,037
MA17,61/01/17,050,078,113,148,175,195,200,190,172,153,139,130,136,152,174,193,207,208,191,159,121,087,056,039
MA17,61/01/18,040,060,089,125,158,187,203,205,191,171,150,136,131,139,158,182,198,210,203,184,153,116,081,054
MA17,61/01/19,043,048,066,096,132,167,189,200,194,181,159,138,125,123,136,157,178,196,204,198,177,147,116,083
MA17,61/01/20,060,053,064,087,117,150,177,191,192,181,161,140,124,115,119,135,155,175,188,193,186,165,135,105
MA17,61/01/21,080,069,069,083,108,137,164,183,193,192,181,161,140,126,124,129,142,160,176,188,189,181,162,138
MA17,61/01/22,116,100,092,097,114,136,161,181,194,201,193,177,152,136,125,126,133,144,159,171,178,176,167,151
MA17,61/01/23,135,121,113,113,122,137,156,176,188,194,191,180,161,143,128,120,118,122,132,142,152,157,156,151
MA17,61/01/24,141,131,124,121,125,133,146,161,172,181,185,180,170,157,142,129,120,116,119,125,135,146,154,158
MA17,61/01/25,160,157,153,151,150,155,163,174,185,195,201,205,201,192,180,165,150,140,131,129,133,140,150,160
MA17,61/01/26,168,173,173,170,165,162,164,168,173,181,187,190,191,187,179,165,147,130,116,107,103,107,116,129
MA17,61/01/27,142,154,161,164,163,159,153,150,152,155,161,166,172,175,173,166,149,131,111,096,086,085,093,108
MA17,61/01/28,125,142,159,169,173,170,164,155,150,152,157,164,173,180,186,184,175,154,132,108,091,081,083,096
MA17,61/01/29,115,137,158,175,182,183,177,167,159,153,154,160,169,181,192,198,195,178,158,127,103,087,080,088
MA17,61/01/30,106,132,157,178,194,199,196,185,171,158,152,156,165,178,193,203,206,194,173,145,115,093,079,079
MA17,61/01/31,095,120,146,174,193,204,204,191,177,163,151,147,154,169,187,201,210,205,189,163,131,102,082,074
MA17,61/02/01,080,099,129,155,183,199,202,196,180,161,147,138,138,150,169,188,203,207,198,178,147,117,090,074
MA17,61/02/02,071,085,110,139,168,188,201,198,185,167,148,134,128,136,154,175,196,208,206,194,167,143,103,084
MA17,61/02/03,073,079,100,128,159,184,198,203,195,174,154,135,125,126,137,158,178,195,201,193,175,150,120,092
MA17,61/02/04,077,075,087,110,137,162,180,192,186,169,150,130,114,110,120,138,157,175,186,185,175,155,125,100
MA17,61/02/05,081,072,080,100,125,150,172,187,185,173,155,133,116,109,112,125,144,161,176,183,179,165,143,121
MA17,61/02/06,102,091,090,103,126,150,173,189,194,190,174,156,136,122,115,121,135,154,168,183,188,183,173,156
MA17,61/02/07,142,128,120,127,143,163,184,207,218,220,210,193,175,158,145,142,148,160,173,184,191,192,187,175
MA17,61/02/08,160,145,137,135,142,155,171,187,200,206,199,185,168,150,135,127,127,130,140,150,160,167,170,167
MA17,61/02/09,162,153,145,140,142,148,159,173,184,193,196,188,178,162,149,136,124,120,122,128,138,149,159,165
MA17,61/02/10,170,171,167,161,154,152,158,165,170,178,183,187,183,172,157,140,125,111,102,098,100,111,125,139
MA17,61/02/11,151,162,165,162,158,154,150,149,155,161,170,177,181,180,173,159,141,120,102,089,085,090,104,123
MA17,61/02/12,145,165,181,188,188,181,173,167,162,164,172,181,189,197,197,188,168,147,120,095,078,071,076,092
MA17,61/02/13,114,141,167,182,189,187,177,163,150,142,143,151,164,178,187,190,182,164,137,106,079,061,054,066
MA17,61/02/14,087,121,150,176,194,200,193,177,160,144,139,143,155,173,188,202,205,187,159,130,100,069,050,049
MA17,61/02/15,065,092,125,159,184,197,198,187,168,141,126,123,132,150,173,190,205,205,188,162,122,088,060,048
MA17,61/02/16,052,074,103,142,172,194,204,197,175,153,130,117,115,126,150,175,198,209,202,182,151,118,085,061
MA17,61/02/17,053,065,088,124,155,186,201,203,188,166,139,120,107,112,130,153,180,202,208,202,178,148,117,085
MA17,61/02/18,069,067,083,109,138,167,191,197,190,171,144,118,099,093,100,123,148,172,188,192,182,159,132,104
MA17,61/02/19,082,075,079,098,124,153,178,191,189,177,153,128,107,092,093,103,125,147,166,176,176,164,145,123
MA17,61/02/20,103,090,089,100,120,145,166,179,183,177,162,138,118,098,089,094,107,127,146,160,169,168,158,142
MA17,61/02/21,128,118,112,118,130,147,167,183,190,190,181,164,145,125,112,106,114,124,140,155,168,175,174,167
MA17,61/02/22,157,146,140,140,147,159,173,185,192,197,190,177,161,144,130,119,114,118,124,135,145,153,160,162
MA17,61/02/23,159,155,150,146,147,152,159,168,177,179,180,174,166,153,138,123,112,107,108,112,121,131,140,148
MA17,61/02/24,153,156,154,152,150,151,153,159,162,167,172,174,170,161,150,138,127,117,108,104,108,115,125,139
MA17,61/02/25,150,160,164,165,164,163,161,158,160,162,166,171,174,172,166,160,148,132,115,105,102,103,110,125
MA17,61/02/26,142,157,171,179,181,178,171,164,161,159,164,169,177,183,187,182,170,154,135,116,103,099,102,113
MA17,61/02/27,131,152,170,183,188,185,176,165,157,151,150,157,170,180,188,193,185,165,140,114,100,090,088,093
MA17,61/02/28,110,134,157,176,186,188,176,162,148,139,132,136,147,160,173,185,187,176,158,132,108,086,074,078
MA17,61/03/01,093,116,140,160,178,191,188,176,148,133,124,125,135,149,167,183,190,187,170,143,116,090,075,074
MA17,61/03/02,083,102,132,162,181,192,190,178,151,132,119,115,122,136,155,177,194,203,195,170,143,112,089,077
MA17,61/03/03,079,097,127,157,182,197,203,190,169,149,130,118,117,130,151,173,193,204,203,183,157,126,098,084
MA17,61/03/04,081,092,117,148,175,195,203,194,176,153,129,113,106,116,137,160,184,202,205,194,171,145,116,095
MA17,61/03/05,088,097,118,144,170,194,204,202,186,164,138,119,108,113,129,151,176,193,204,201,187,161,134,112
MA17,61/03/06,100,102,116,137,165,188,199,201,190,168,144,120,104,102,110,130,155,175,190,196,188,172,150,130
MA17,61/03/07,113,108,115,132,156,178,193,201,199,182,162,138,118,106,105,115,133,155,175,189,191,184,172,153
MA17,61/03/08,135,124,123,131,146,165,181,193,195,187,169,149,126,108,100,101,115,130,146,162,174,177,173,164
MA17,61/03/09,150,139,135,138,146,160,174,186,191,188,178,161,142,124,110,105,106,116,127,142,154,163,167,165
MA17,61/03/10,159,153,146,142,145,151,162,173,181,183,177,167,153,135,118,107,100,101,108,117,129,140,150,157
MA17,61/03/11,161,160,155,152,150,149,152,158,164,167,168,164,157,145,130,116,104,094,090,094,103,114,127,142
MA17,61/03/12,154,161,164,162,158,151,147,147,149,153,157,163,162,155,145,132,114,095,082,075,078,088,104,123
MA17,61/03/13,143,158,167,170,167,157,149,141,136,137,143,151,158,163,163,156,142,124,102,081,069,067,077,097
MA17,61/03/14,121,145,165,177,184,175,163,152,135,128,131,140,153,166,174,177,167,150,125,098,075,062,062,078
MA17,61/03/15,100,128,152,170,183,183,168,152,131,116,110,118,132,150,170,183,184,170,149,122,092,068,059,062
MA17,61/03/16,078,112,138,163,182,188,178,160,138,117,103,102,117,136,158,181,193,191,177,154,124,094,077,071
MA17,61/03/17,081,102,132,158,183,194,190,174,150,123,101,089,095,111,137,163,185,195,189,173,145,115,088,070
MA17,61/03/18,071,088,114,145,171,188,191,178,157,130,102,085,080,093,118,146,174,192,198,186,166,138,111,093
MA17,61/03/19,086,094,115,140,167,190,201,191,173,146,116,094,082,084,098,127,153,177,194,197,184,160,138,116
MA17,61/03/20,105,105,121,140,162,183,198,199,183,160,132,106,088,079,084,104,132,157,175,187,185,173,154,134
MA17,61/03/21,119,114,121,136,152,168,188,198,184,166,142,120,098,084,081,090,112,135,157,170,176,171,158,142
MA17,61/03/22,130,124,126,132,146,163,178,187,184,172,153,133,112,093,086,088,098,117,138,155,167,169,165,156
MA17,61/03/23,146,138,137,141,150,163,174,183,185,176,163,149,129,113,102,097,101,111,123,137,148,159,164,151
MA17,61/03/24,155,147,140,138,142,148,158,164,167,166,156,144,131,117,105,095,092,093,100,111,123,133,141,147
MA17,61/03/25,150,151,149,148,146,149,150,156,158,161,159,155,150,151,130,120,111,104,102,107,114,123,133,143
MA17,61/03/26,152,158,159,159,155,153,150,150,151,153,155,158,159,154,148,141,131,121,112,107,106,110,122,140
MA17,61/03/27,154,166,178,181,177,170,161,153,147,147,152,159,165,171,171,165,153,140,123,110,105,108,118,131
MA17,61/03/28,148,164,176,181,180,173,161,147,140,135,137,144,152,160,167,169,162,146,128,109,097,091,093,101
MA17,61/03/29,119,140,155,166,169,163,151,136,120,111,111,120,132,156,161,166,164,151,130,106,087,078,077,088
MA17,61/03/30,108,132,153,168,174,171,157,138,124,112,103,108,123,139,157,170,178,171,155,132,108,088,079,082
MA17,61/03/31,098,123,147,168,181,180,167,149,126,105,095,094,105,126,150,172,185,185,175,153,127,103,086,084
MA17,61/04/01,095,116,141,164,183,188,180,159,135,109,090,083,092,111,136,162,181,193,189,173,146,120,097,087
MA17,61/04/02,091,110,136,151,185,197,191,175,150,119,097,082,080,094,119,148,171,188,192,181,160,132,109,093
MA17,61/04/03,088,104,123,144,165,182,187,170,150,118,089,070,063,071,090,119,150,170,184,183,171,148,122,101
MA17,61/04/04,090,097,114,137,160,178,187,181,163,137,107,080,067,064,078,100,127,155,177,185,180,166,145,126
MA17,61/04/05,111,110,120,140,162,182,196,196,180,155,126,100,080,067,069,089,115,142,162,179,186,181,165,150
MA17,61/04/06,136,128,129,142,159,175,190,195,189,171,145,118,093,076,070,077,092,112,136,154,166,171,164,153
MA17,61/04/07,138,128,124,126,133,147,163,170,168,159,141,120,097,079,065,063,068,082,100,117,134,147,153,153
MA17,61/04/08,147,137,129,127,131,140,142,158,163,162,154,141,124,106,095,078,076,084,094,108,126,140,154,164
MA17,61/04/09,169,171,166,159,155,157,160,165,170,173,170,163,152,137,121,106,095,086,086,092,102,114,129,145
MA17,61/04/10,157,161,160,154,144,136,131,127,127,133,138,143,142,138,129,116,101,085,071,068,066,080,099,117
MA17,61/04/11,133,149,158,158,150,137,125,116,109,111,119,130,138,143,143,137,123,105,088,073,066,068,080,098
MA17,61/04/12,123,145,161,167,163,151,136,117,102,099,104,117,133,148,161,164,157,140,119,097,080,072,077,093
MA17,61/04/13,115,142,166,178,181,172,153,137,112,099,095,105,123,146,166,180,182,172,152,126,104,088,084,092
MA17,61/04/14,111,136,161,182,190,185,167,144,119,097,084,087,103,128,153,174,188,190,176,154,126,102,089,089
MA17,61/04/15,106,128,155,179,196,198,186,162,133,105,084,079,091,115,147,175,196,207,201,181,155,130,110,101
MA17,61/04/16,109,127,153,176,196,203,183,175,144,113,086,070,074,091,116,146,174,191,195,184,165,140,115,104
MA17,61/04/17,104,114,132,152,174,190,186,173,147,115,085,064,058,065,088,117,149,173,188,188,176,158,137,121
MA17,61/04/18,114,120,133,151,170,185,190,177,155,127,098,072,056,055,069,095,122,150,168,177,174,161,143,124
MA17,61/04/19,110,110,122,139,156,172,181,178,163,139,114,087,069,058,065,081,104,130,153,167,171,166,154,140
MA17,61/04/20,128,122,125,135,148,164,175,175,168,150,128,105,084,069,065,073,088,111,132,150,161,163,156,146
MA17,61/04/21,136,129,128,133,143,155,164,168,165,153,138,120,099,085,076,077,087,100,119,138,150,158,160,155
MA17,61/04/22,149,144,140,141,147,154,158,166,166,161,149,137,121,105,093,088,088,095,109,123,135,145,152,153
MA17,61/04/23,151,147,140,136,137,140,144,152,154,154,150,142,131,121,108,099,093,094,101,111,123,134,142,150
MA17,61/04/24,158,161,160,156,149,145,140,143,148,150,151,151,149,144,136,126,116,107,099,101,110,120,132,145
MA17,61/04/25,155,161,163,160,151,141,135,132,126,130,134,142,146,146,143,134,124,114,104,099,102,113,126,138
MA17,61/04/26,149,159,166,168,162,152,141,124,116,118,124,133,142,150,155,152,143,130,118,104,099,103,114,130
MA17,61/04/27,150,170,185,189,185,176,160,139,126,118,123,135,148,163,176,183,176,155,135,117,104,100,112,127
MA17,61/04/28,143,159,177,187,179,159,138,120,100,088,087,097,115,134,153,165,168,160,142,120,104,092,090,101
MA17,61/04/29,120,143,162,176,181,165,143,121,098,080,071,078,092,116,142,164,177,174,162,141,121,103,093,098
MA17,61/04/30,115,138,160,177,184,179,163,134,104,080,067,067,082,106,134,161,179,187,182,165,144,124,105,101
MA17,61/05/01,114,134,157,177,190,187,169,150,117,087,064,054,062,084,112,144,171,186,189,178,160,137,116,105
MA17,61/05/02,109,125,144,165,183,189,180,164,132,100,072,053,049,062,087,120,152,175,188,189,177,157,137,121
MA17,61/05/03,115,123,138,160,177,187,183,174,148,118,086,066,048,052,067,094,127,154,175,186,183,171,154,138
MA17,61/05/04,129,131,142,158,176,191,196,188,170,143,114,088,068,061,067,085,112,142,168,185,192,189,176,161
MA17,61/05/05,148,142,144,155,169,183,189,196,191,163,138,110,086,071,068,076,094,117,144,164,177,181,173,162
MA17,61/05/06,151,143,138,141,150,161,171,173,169,158,138,113,091,072,061,059,066,082,104,125,141,153,157,155
MA17,61/05/07,148,140,133,130,133,140,148,150,153,150,142,127,110,092,078,069,068,075,087,106,125,141,152,158
MA17,61/05/08,160,156,149,142,138,137,142,144,151,154,153,148,139,127,113,101,092,088,093,103,117,133,148,160
MA17,61/05/09,167,167,161,152,143,135,128,125,128,133,139,142,143,139,131,118,105,094,088,087,094,109,127,134
MA17,61/05/10,157,165,166,160,146,133,123,113,108,114,124,137,147,157,163,156,144,130,116,106,105,111,125,143
MA17,61/05/11,162,176,185,183,170,153,133,118,105,104,116,132,150,165,176,177,168,154,138,122,112,112,122,139
MA17,61/05/12,160,178,191,195,187,169,147,129,109,097,099,114,134,157,176,192,195,185,161,141,125,113,114,128
MA17,61/05/13,146,165,183,195,191,175,147,118,090,071,066,075,093,120,146,164,174,173,158,139,121,106,096,101
MA17,61/05/14,118,137,155,169,172,163,143,118,084,059,046,046,061,087,116,141,161,171,167,152,134,118,103,099
MA17,61/05/15,111,129,151,170,182,180,162,142,109,081,059,048,057,079,105,137,167,184,189,180,166,143,126,117
MA17,61/05/16,120,134,151,172,186,192,187,159,130,096,068,052,048,062,087,120,149,173,185,186,173,156,138,125
MA17,61/05/17,120,130,145,164,180,191,190,173,145,115,084,061,051,055,073,099,130,154,172,181,174,161,146,132
MA17,61/05/18,124,127,138,152,168,181,185,178,157,131,103,078,059,053,062,085,111,140,162,179,185,176,162,152
MA17,61/05/19,142,138,145,156,169,184,193,190,177,158,131,107,087,075,077,087,106,130,151,170,180,181,173,162
MA17,61/05/20,151,142,139,143,152,166,176,179,174,160,141,122,098,083,077,083,098,118,138,158,172,180,180,171
MA17,61/05/21,158,150,145,146,155,165,175,181,182,172,158,142,125,111,102,098,105,121,138,156,172,184,190,186
MA17,61/05/22,177,167,159,156,157,162,167,171,175,174,168,156,144,130,116,108,106,112,124,138,151,168,173,176
MA17,61/05/23,172,165,155,148,143,139,143,144,149,152,153,150,143,135,125,118,106,104,109,121,134,149,162,170
MA17,61/05/24,174,172,166,157,148,140,136,135,137,142,147,153,155,152,146,137,128,120,116,119,127,139,153,165
MA17,61/05/25,174,176,171,162,150,137,127,120,118,126,131,140,149,155,154,148,139,128,117,112,116,125,138,154
MA17,61/05/26,168,176,176,168,155,140,122,109,101,103,112,123,140,155,165,166,159,147,133,121,114,117,129,145
MA17,61/05/27,163,176,184,180,167,150,127,118,096,089,094,109,130,150,167,177,177,167,152,135,123,115,122,136
MA17,61/05/28,156,173,185,189,180,162,137,115,093,078,077,089,111,138,163,182,190,187,175,158,140,128,127,136
MA17,61/05/29,151,170,190,201,199,187,165,135,104,081,069,075,097,125,154,181,200,206,196,180,159,142,132,132
MA17,61/05/30,144,164,182,197,201,190,168,140,108,077,057,053,064,090,121,152,180,196,200,189,171,152,137,130
MA17,61/05/31,139,155,175,193,205,207,191,165,133,099,070,053,056,074,101,136,171,195,208,208,195,177,160,148
MA17,61/06/01,144,153,169,187,203,212,205,186,158,122,088,062,052,057,079,107,142,171,190,200,195,182,165,150
MA17,61/06/02,139,139,149,165,185,198,200,190,168,138,106,074,053,047,057,080,110,141,169,185,190,187,174,159
MA17,61/06/03,146,138,142,155,170,186,195,194,181,160,133,103,080,062,061,072,094,123,149,172,186,192,186,173
MA17,61/06/04,160,149,145,148,159,173,186,196,188,175,158,136,113,092,080,078,090,108,132,155,176,190,194,186
MA17,61/06/05,175,164,154,147,150,161,172,179,184,181,171,156,138,118,100,090,093,103,120,141,159,177,187,190
MA17,61/06/06,183,173,160,149,142,144,149,154,163,169,169,164,154,140,124,111,102,103,112,126,144,163,178,185
MA17,61/06/07,186,181,171,156,144,136,133,136,141,150,158,163,165,160,150,138,127,119,118,124,135,152,167,180
MA17,61/06/08,189,189,182,167,151,134,124,117,119,129,141,153,164,169,167,160,149,138,130,129,132,145,160,174
MA17,61/06/09,186,193,190,177,159,139,119,108,102,108,121,138,157,173,182,184,177,166,153,145,143,150,161,176
MA17,61/06/10,191,203,210,208,191,158,132,104,099,093,102,118,139,162,180,190,191,181,177,154,144,141,147,159
MA17,61/06/11,176,192,202,203,191,171,145,120,099,086,087,101,124,152,176,195,204,205,196,182,167,157,156,168
MA17,61/06/12,179,195,210,215,209,193,169,140,110,089,080,087,104,131,161,187,204,209,206,189,177,163,155,158
MA17,61/06/13,170,188,205,216,218,209,187,161,134,110,092,086,099,118,144,171,193,207,213,204,189,173,163,157
MA17,61/06/14,161,171,187,201,211,209,195,170,140,107,082,070,074,093,121,151,180,198,209,207,205,180,166,156
MA17,61/06/15,156,169,186,201,213,217,207,190,159,128,102,081,071,076,099,131,160,184,201,206,200,186,169,154
MA17,61/06/16,145,150,164,178,194,206,203,185,165,137,107,082,068,068,083,107,137,164,185,197,196,185,170,157
MA17,61/06/17,147,147,156,169,185,197,202,198,185,159,131,107,088,080,087,106,131,158,183,198,205,201,187,173
MA17,61/06/18,162,155,157,164,178,191,200,199,189,170,149,129,103,089,086,095,115,138,160,177,188,189,180,166
MA17,61/06/19,154,144,141,145,155,166,175,180,177,164,147,128,108,093,086,090,102,120,144,162,175,183,181,171
MA17,61/06/20,158,145,138,137,143,153,162,166,174,174,164,151,139,127,118,109,109,120,134,151,168,178,182,181
MA17,61/06/21,175,165,152,140,133,139,147,156,161,165,162,155,144,133,120,111,108,113,126,142,158,172,180,183
MA17,61/06/22,176,165,153,142,133,128,130,135,142,148,153,155,152,144,135,125,118,115,121,132,147,161,173,178
MA17,61/06/23,178,173,162,148,135,125,119,118,123,131,141,150,156,157,153,145,136,129,125,129,139,152,167,178
MA17,61/06/24,183,182,178,159,143,126,114,107,105,113,126,140,156,166,170,167,158,147,138,135,138,147,160,174
MA17,61/06/25,184,189,186,173,156,138,118,103,095,094,104,121,142,160,173,180,179,170,159,148,142,143,151,164
MA17,61/06/26,178,190,194,188,173,154,127,103,085,077,082,098,122,146,167,181,189,187,175,162,149,142,144,155
MA17,61/06/27,171,186,197,198,188,167,140,110,085,073,063,069,088,115,145,170,188,196,194,181,166,150,141,141
MA17,61/06/28,152,170,187,199,203,194,173,134,098,070,053,052,065,091,123,154,180,192,195,185,170,153,138,134
MA17,61/06/29,142,158,176,192,199,196,176,148,113,077,050,037,041,061,091,125,158,182,193,190,178,160,142,131
MA17,61/06/30,135,145,162,181,196,201,192,170,138,102,070,046,037,046,069,103,139,169,189,196,190,175,155,140
MA17,61/07/01,132,134,148,168,186,199,199,188,163,132,096,065,047,047,059,085,119,150,177,192,197,185,168,150
MA17,61/07/02,137,131,137,152,170,186,195,194,180,157,126,096,072,057,059,062,097,126,155,176,188,186,177,159
MA17,61/07/03,145,132,128,135,150,166,181,187,184,169,149,125,100,082,074,080,097,121,147,171,187,195,188,175
MA17,61/07/04,158,146,135,131,139,153,165,172,181,181,170,153,134,114,100,096,101,116,136,159,178,190,195,187
MA17,61/07/05,174,158,144,136,130,136,146,156,166,173,174,168,157,143,128,119,114,121,132,149,167,183,192,193
MA17,61/07/06,186,173,157,141,130,125,126,131,142,153,161,165,165,158,149,141,135,134,139,148,160,174,185,191
MA17,61/07/07,191,183,170,154,137,123,115,114,121,131,143,157,165,166,164,158,151,145,142,145,153,163,174,184
MA17,61/07/08,188,187,177,161,145,127,109,103,099,107,120,136,150,165,170,171,167,160,153,149,150,154,164,176
MA17,61/07/09,187,191,188,178,159,137,116,101,091,091,101,118,137,155,169,177,178,173,166,157,151,152,158,167
MA17,61/07/10,179,188,196,188,174,154,130,108,091,080,085,100,121,144,165,181,187,184,175,164,155,150,150,159
MA17,61/07/11,172,184,195,197,190,171,147,124,097,081,075,084,103,128,155,176,190,193,187,177,167,157,150,151
MA17,61/07/12,164,178,192,200,200,187,165,140,111,086,071,072,085,110,139,164,183,194,195,187,176,161,152,148
MA17,61/07/13,157,170,186,199,207,201,185,160,131,102,081,073,078,100,127,156,180,197,203,196,182,167,153,144
MA17,61/07/14,147,159,174,192,204,205,194,172,143,119,100,084,080,090,115,142,167,186,198,200,191,174,162,152
MA17,61/07/15,150,159,176,191,200,204,198,185,161,132,102,082,069,076,095,120,150,173,190,197,189,174,158,143
MA17,61/07/16,135,138,148,162,179,193,198,188,171,145,118,094,078,075,086,107,136,162,183,193,193,183,169,152
MA17,61/07/17,140,136,143,155,171,186,195,194,184,166,142,122,106,098,104,126,133,155,177,194,198,192,179,164
MA17,61/07/18,149,139,138,146,158,172,184,189,185,172,154,130,111,096,095,104,120,143,166,184,193,191,180,165
MA17,61/07/19,150,138,132,135,144,155,168,177,180,175,162,146,130,116,109,109,118,136,155,174,188,193,186,174
MA17,61/07/20,160,147,137,133,136,144,154,164,171,172,168,158,145,133,124,119,125,135,150,168,183,190,192,185
MA17,61/07/21,173,158,143,131,126,126,134,143,154,161,164,162,155,146,137,131,129,134,144,156,169,180,188,186
MA17,61/07/22,178,165,150,136,124,118,116,120,130,140,150,157,161,161,154,147,141,139,141,147,159,171,180,185
MA17,61/07/23,185,176,161,146,130,117,106,105,109,120,133,149,160,167,172,167,159,152,148,149,155,163,173,182
MA17,61/07/24,188,186,176,161,144,125,106,093,090,098,112,129,149,166,175,180,177,169,157,150,148,152,164,177
MA17,61/07/25,186,193,190,177,158,134,118,094,080,078,086,105,130,155,175,190,195,187,176,163,152,149,153,165
MA17,61/07/26,178,191,200,196,181,157,130,103,083,066,065,076,099,129,158,182,196,202,193,176,160,149,143,148
MA17,61/07/27,164,181,196,205,202,185,157,124,093,065,053,056,074,104,140,171,193,207,205,191,172,155,143,141
MA17,61/07/28,154,173,190,207,215,207,186,153,117,083,058,047,053,075,110,145,175,196,205,198,183,163,144,134
MA17,61/07/29,135,149,170,191,205,208,197,173,137,098,064,044,039,052,080,115,151,180,191,197,187,166,144,128
MA17,61/07/30,120,127,148,171,193,208,208,189,166,135,099,068,052,052,070,098,130,166,192,205,203,188,165,143
MA17,61/07/31,128,122,130,149,174,195,210,209,195,170,140,110,085,076,083,102,130,163,189,205,207,196,179,158
MA17,61/08/01,139,126,125,139,160,184,199,208,202,189,167,140,113,096,092,102,120,143,170,187,198,195,183,161
MA17,61/08/02,140,125,115,116,129,150,169,182,190,189,177,159,141,124,115,115,127,143,163,182,197,201,194,177
MA17,61/08/03,158,139,123,114,119,131,145,160,170,179,175,165,153,142,134,129,135,146,160,175,189,198,199,192
MA17,61/08/04,176,156,141,126,118,120,129,142,153,162,171,174,170,164,158,153,151,154,162,175,187,192,203,200
MA17,61/08/05,191,177,161,146,132,123,123,128,136,148,160,169,173,176,174,171,168,166,167,171,181,192,200,205
MA17,61/08/06,202,195,183,168,151,136,127,122,123,134,148,162,175,183,191,191,189,185,183,180,182,190,198,206
MA17,61/08/07,210,210,203,191,174,155,138,124,116,119,129,133,160,176,187,194,196,192,186,179,173,174,179,187
MA17,61/08/08,196,200,200,192,178,158,136,117,105,097,103,118,139,161,180,192,199,197,186,175,165,161,163,171
MA17,61/08/09,181,192,200,200,190,173,148,124,101,094,087,097,115,138,163,184,195,197,189,175,161,152,149,154
MA17,61/08/10,166,180,183,201,197,183,161,134,109,086,074,080,097,119,146,171,186,194,188,174,160,146,137,138
MA17,61/08/11,151,168,182,196,202,196,177,150,124,095,076,071,081,103,131,160,181,194,196,186,171,157,141,134
MA17,61/08/12,141,156,174,192,204,206,190,166,137,112,086,073,076,092,120,151,176,195,201,196,178,161,142,130
MA17,61/08/13,139,143,161,182,198,206,203,184,157,127,104,083,075,085,107,136,165,188,200,199,186,167,148,132
MA17,61/08/14,122,138,146,168,189,205,208,198,177,150,123,099,087,090,107,133,162,188,203,205,195,177,157,138
MA17,61/08/15,125,125,138,157,178,194,202,198,187,163,137,114,097,092,104,124,149,176,195,205,202,189,169,148
MA17,61/08/16,131,123,127,141,159,179,194,202,195,177,150,135,115,105,106,120,142,165,185,198,203,190,172,151
MA17,61/08/17,133,122,117,124,140,157,173,183,187,183,168,149,132,119,112,120,135,155,175,190,199,194,180,162
MA17,61/08/18,142,127,118,116,127,130,156,171,183,183,176,163,148,137,129,130,141,154,171,186,196,198,190,174
MA17,61/08/19,157,141,127,120,123,131,145,159,168,175,178,175,168,159,152,147,149,158,170,184,195,199,197,188
MA17,61/08/20,173,156,142,128,122,124,131,141,153,163,175,180,180,178,173,168,164,167,172,181,192,201,204,204
MA17,61/08/21,194,180,166,152,138,127,124,128,133,147,161,174,185,190,192,189,183,178,172,174,181,191,198,201
MA17,61/08/22,201,193,181,166,149,131,119,109,110,120,137,156,174,190,200,204,200,191,179,173,173,179,186,195
MA17,61/08/23,203,207,202,190,171,148,125,116,097,096,108,129,153,176,195,209,213,207,193,180,168,166,173,184
MA17,61/08/24,198,210,216,209,195,173,145,115,090,078,080,095,121,151,180,201,213,216,206,189,171,156,152,161
MA17,61/08/25,173,195,210,208,211,195,170,135,102,075,069,075,092,122,156,187,208,217,213,197,173,151,136,137
MA17,61/08/26,155,176,197,218,226,218,199,167,121,105,092,088,096,111,139,170,198,213,215,205,179,156,134,124
MA17,61/08/27,132,152,178,204,222,225,218,190,154,124,105,094,091,099,118,147,184,205,216,210,192,165,141,123
MA17,61/08/28,117,129,155,185,208,221,224,212,184,151,118,098,089,092,112,139,169,197,211,212,199,176,147,126
MA17,61/08/29,111,113,131,158,184,203,214,212,198,168,142,118,105,101,104,135,164,188,206,215,207,187,161,137
MA17,61/08/30,120,111,118,138,163,187,203,210,201,184,162,141,124,117,125,146,173,195,208,215,210,194,173,149
MA17,61/08/31,128,115,115,126,145,167,184,193,195,182,167,153,139,132,135,149,167,184,200,208,210,198,180,160
MA17,61/09/01,139,123,113,120,130,146,162,176,185,189,183,173,162,155,150,152,160,177,194,204,210,213,202,183
MA17,61/09/02,167,150,135,125,122,131,142,158,170,179,185,186,180,174,170,169,171,178,187,197,203,206,203,196
MA17,61/09/03,183,166,151,138,128,125,131,135,146,159,167,175,179,180,178,175,174,174,176,179,185,192,195,195
MA17,61/09/04,191,180,167,151,138,126,120,123,127,138,150,162,172,179,184,188,186,179,175,172,173,179,185,189
MA17,61/09/05,189,184,175,163,149,134,121,113,112,118,130,136,161,175,184,189,189,182,173,166,162,164,168,176
MA17,61/09/06,182,186,187,180,166,148,129,114,105,104,112,128,146,169,182,193,194,187,176,165,156,152,156,163
MA17,61/09/07,180,191,201,202,186,165,145,125,106,094,099,112,132,155,175,190,195,192,181,167,152,143,141,150
MA17,61/09/08,164,179,193,199,196,184,163,140,116,103,098,103,120,145,169,190,200,201,192,171,159,144,136,138
MA17,61/09/09,152,170,189,201,206,197,179,156,130,104,091,093,107,132,160,185,201,206,200,180,165,144,128,125
MA17,61/09/10,135,155,177,195,206,204,188,165,134,105,086,083,094,116,143,170,191,202,198,183,164,141,122,114
MA17,61/09/11,120,140,164,185,202,208,199,182,156,125,100,085,085,103,129,157,180,194,195,184,165,142,119,105
MA17,61/09/12,102,114,135,162,183,195,196,187,165,138,112,090,082,092,117,144,170,190,198,194,177,152,127,106
MA17,61/09/13,093,101,118,143,169,188,197,194,181,158,133,112,098,100,113,136,161,186,199,198,184,162,137,111
MA17,61/09/14,096,095,109,129,152,176,191,9999,9999,9999,9999,9999,9999,9999,9999,9999,9999,9999,9999,9999,9999,9999,9999,9999
MA17,61/09/15,9999,9999,9999,9999,9999,9999,9999,9999,9999,9999,9999,9999,9999,9999,9999,9999,9999,9999,9999,9999,9999,9999,9999,9999
MA17,61/09/16,9999,9999,9999,9999,9999,9999,9999,9999,9999,9999,9999,9999,9999,9999,9999,9999,9999,9999,9999,9999,9999,9999,9999,9999
MA17,61/09/17,9999,9999,9999,9999,9999,9999,9999,9999,9999,9999,9999,9999,9999,9999,9999,9999,9999,9999,9999,9999,9999,9999,9999,9999
MA17,61/09/18,9999,9999,9999,9999,9999,9999,9999,9999,9999,9999,9999,9999,9999,9999,9999,9999,9999,9999,9999,9999,9999,9999,9999,9999
MA17,61/09/19,9999,9999,9999,9999,9999,9999,9999,9999,9999,9999,9999,9999,9999,9999,9999,9999,9999,9999,9999,9999,9999,9999,9999,9999
MA17,61/09/20,9999,9999,9999,9999,9999,9999,9999,9999,9999,9999,9999,9999,9999,9999,9999,9999,9999,9999,9999,9999,9999,9999,9999,9999
MA17,61/09/21,9999,9999,9999,9999,9999,9999,9999,9999,9999,9999,9999,9999,9999,9999,9999,9999,9999,9999,9999,9999,9999,9999,9999,9999
MA17,61/09/22,9999,9999,9999,9999,9999,9999,9999,9999,9999,9999,9999,9999,9999,9999,9999,9999,9999,9999,9999,9999,9999,9999,9999,9999
MA17,61/09/23,9999,9999,9999,9999,9999,9999,9999,9999,9999,9999,9999,9999,9999,9999,9999,9999,9999,9999,9999,9999,9999,9999,9999,9999
MA17,61/09/24,9999,9999,9999,9999,9999,9999,9999,9999,9999,9999,9999,9999,9999,9999,9999,9999,9999,9999,9999,9999,9999,9999,9999,9999
MA17,61/09/25,9999,9999,9999,9999,9999,9999,9999,9999,9999,9999,9999,9999,9999,9999,9999,9999,9999,9999,9999,9999,9999,9999,9999,9999
MA17,61/09/26,9999,9999,9999,9999,9999,9999,9999,9999,9999,9999,9999,9999,9999,9999,9999,9999,9999,9999,9999,9999,9999,9999,9999,9999
MA17,61/09/27,9999,9999,9999,9999,9999,9999,9999,9999,9999,9999,9999,9999,9999,9999,9999,9999,9999,9999,9999,9999,9999,9999,9999,9999
MA17,61/09/28,9999,9999,9999,9999,9999,9999,9999,9999,9999,9999,9999,9999,9999,9999,9999,9999,9999,9999,9999,9999,9999,9999,9999,9999
MA17,61/09/29,9999,9999,9999,9999,9999,9999,9999,9999,9999,9999,9999,9999,9999,9999,9999,9999,9999,9999,9999,9999,9999,9999,9999,9999
MA17,61/09/30,9999,9999,9999,9999,9999,9999,9999,9999,9999,9999,9999,9999,9999,9999,9999,9999,9999,9999,9999,9999,9999,9999,9999,9999
MA17,61/10/01,9999,9999,9999,9999,9999,9999,9999,9999,9999,9999,9999,9999,9999,9999,9999,9999,9999,9999,9999,9999,9999,9999,9999,9999
MA17,61/10/02,9999,9999,9999,9999,9999,9999,9999,9999,9999,9999,9999,9999,9999,9999,9999,9999,9999,9999,9999,9999,9999,9999,9999,9999
MA17,61/10/03,9999,9999,9999,9999,9999,9999,9999,9999,9999,9999,9999,9999,9999,9999,9999,9999,9999,9999,9999,9999,9999,9999,9999,9999
MA17,61/10/04,9999,9999,9999,9999,9999,9999,9999,9999,9999,9999,9999,9999,9999,9999,9999,9999,9999,9999,9999,9999,9999,9999,9999,9999
MA17,61/10/05,9999,9999,9999,9999,9999,9999,9999,9999,9999,9999,9999,9999,9999,9999,9999,9999,9999,9999,9999,9999,9999,9999,9999,9999
MA17,61/10/06,9999,9999,9999,9999,9999,9999,9999,9999,9999,9999,9999,9999,9999,9999,9999,9999,9999,9999,9999,9999,9999,9999,9999,9999
MA17,61/10/07,9999,9999,9999,9999,9999,9999,9999,9999,9999,9999,9999,9999,9999,9999,9999,9999,9999,9999,9999,9999,9999,9999,9999,9999
MA17,61/10/08,9999,9999,9999,9999,9999,9999,9999,9999,9999,9999,9999,9999,9999,9999,9999,9999,9999,9999,9999,9999,9999,9999,9999,9999
MA17,61/10/09,9999,9999,9999,9999,9999,9999,9999,9999,9999,9999,9999,9999,9999,9999,9999,9999,9999,9999,9999,9999,9999,9999,9999,9999
MA17,61/10/10,9999,9999,9999,9999,9999,9999,9999,9999,9999,9999,9999,9999,9999,9999,9999,9999,9999,9999,9999,9999,9999,9999,9999,9999
MA17,61/10/11,9999,9999,9999,9999,9999,9999,9999,9999,9999,9999,9999,9999,9999,9999,9999,9999,9999,9999,9999,9999,9999,9999,9999,9999
MA17,61/10/12,9999,9999,9999,9999,9999,9999,9999,9999,9999,9999,9999,9999,9999,9999,9999,9999,9999,9999,9999,9999,9999,9999,9999,9999
MA17,61/10/13,9999,9999,9999,9999,9999,9999,9999,9999,9999,9999,9999,9999,9999,9999,9999,9999,9999,9999,9999,9999,9999,9999,9999,9999
MA17,61/10/14,9999,9999,9999,9999,9999,9999,9999,9999,9999,9999,9999,9999,9999,9999,9999,9999,9999,9999,9999,9999,9999,9999,9999,9999
MA17,61/10/15,9999,9999,9999,9999,9999,9999,9999,9999,9999,9999,9999,9999,9999,9999,9999,9999,9999,9999,9999,9999,9999,9999,9999,9999
MA17,61/10/16,9999,9999,9999,9999,9999,9999,9999,9999,9999,9999,9999,9999,9999,9999,9999,9999,9999,9999,9999,9999,9999,9999,9999,9999
MA17,61/10/17,9999,9999,9999,9999,9999,9999,9999,9999,9999,9999,9999,9999,9999,9999,9999,9999,9999,9999,9999,9999,9999,9999,9999,9999
MA17,61/10/18,9999,9999,9999,9999,9999,9999,9999,9999,9999,9999,9999,9999,9999,9999,9999,9999,9999,9999,9999,9999,9999,9999,9999,9999
MA17,61/10/19,9999,9999,9999,9999,9999,9999,9999,9999,9999,9999,9999,9999,9999,9999,9999,9999,9999,9999,9999,9999,9999,9999,9999,9999
MA17,61/10/20,9999,9999,9999,9999,9999,9999,9999,9999,9999,9999,9999,9999,9999,9999,9999,9999,9999,9999,9999,9999,9999,9999,9999,9999
MA17,61/10/21,9999,9999,9999,9999,9999,9999,9999,9999,9999,9999,9999,9999,9999,9999,9999,9999,9999,9999,9999,9999,9999,9999,9999,9999
MA17,61/10/22,9999,9999,9999,9999,9999,9999,9999,9999,9999,9999,9999,9999,9999,9999,9999,9999,9999,9999,9999,9999,9999,9999,9999,9999
MA17,61/10/23,9999,9999,9999,9999,9999,9999,9999,9999,9999,9999,9999,9999,9999,9999,9999,9999,9999,9999,9999,9999,9999,9999,9999,9999
MA17,61/10/24,9999,9999,9999,9999,9999,9999,9999,9999,9999,9999,9999,9999,9999,9999,9999,9999,9999,9999,9999,9999,9999,9999,9999,9999
MA17,61/10/25,9999,9999,9999,9999,9999,9999,9999,9999,9999,9999,9999,9999,9999,9999,9999,9999,9999,9999,9999,9999,9999,9999,9999,9999
MA17,61/10/26,9999,9999,9999,9999,9999,9999,9999,9999,9999,9999,9999,9999,9999,9999,9999,9999,9999,9999,9999,9999,9999,9999,9999,9999
MA17,61/10/27,9999,9999,9999,9999,9999,9999,9999,9999,9999,9999,9999,9999,9999,9999,9999,9999,9999,9999,9999,9999,9999,9999,9999,9999
MA17,61/10/28,9999,9999,9999,9999,9999,9999,9999,9999,9999,9999,9999,9999,9999,9999,9999,9999,9999,9999,9999,9999,9999,9999,9999,9999
MA17,61/10/29,9999,9999,9999,9999,9999,9999,9999,9999,9999,9999,9999,9999,9999,9999,9999,9999,9999,9999,9999,9999,9999,9999,9999,9999
MA17,61/10/30,9999,9999,9999,9999,9999,9999,9999,9999,9999,9999,9999,9999,9999,9999,9999,9999,9999,9999,9999,9999,9999,9999,9999,9999
MA17,61/10/31,9999,9999,9999,9999,9999,9999,9999,9999,9999,9999,9999,9999,9999,9999,9999,9999,9999,9999,9999,9999,9999,9999,9999,9999
MA17,61/11/01,9999,9999,9999,9999,9999,9999,9999,9999,9999,9999,9999,9999,9999,9999,9999,9999,9999,9999,9999,9999,9999,9999,9999,9999
MA17,61/11/02,9999,9999,9999,9999,9999,9999,9999,9999,9999,9999,9999,9999,9999,9999,9999,9999,9999,9999,9999,9999,9999,9999,9999,9999
MA17,61/11/03,9999,9999,9999,9999,9999,9999,9999,9999,9999,9999,9999,9999,9999,9999,9999,9999,9999,9999,9999,9999,9999,9999,9999,9999
MA17,61/11/04,9999,9999,9999,9999,9999,9999,9999,9999,9999,9999,9999,9999,9999,9999,9999,9999,9999,9999,9999,9999,9999,9999,9999,9999
MA17,61/11/05,9999,9999,9999,9999,9999,9999,9999,9999,9999,9999,9999,9999,9999,9999,9999,9999,9999,9999,9999,9999,9999,9999,9999,9999
MA17,61/11/06,9999,9999,9999,9999,9999,9999,9999,9999,9999,9999,9999,9999,9999,9999,9999,9999,9999,9999,9999,9999,9999,9999,9999,9999
MA17,61/11/07,9999,9999,9999,9999,9999,9999,9999,9999,9999,9999,9999,9999,9999,9999,9999,9999,9999,9999,9999,9999,9999,9999,9999,9999
MA17,61/11/08,9999,9999,9999,9999,9999,9999,9999,9999,9999,9999,9999,9999,9999,9999,9999,9999,9999,9999,9999,9999,9999,9999,9999,9999
MA17,61/11/09,9999,9999,9999,9999,9999,9999,9999,9999,9999,9999,9999,9999,9999,9999,9999,9999,9999,9999,9999,9999,9999,9999,9999,9999
MA17,61/11/10,9999,9999,9999,9999,9999,9999,9999,9999,9999,9999,9999,9999,9999,9999,9999,9999,9999,9999,9999,9999,9999,9999,9999,9999
MA17,61/11/11,9999,9999,9999,9999,9999,9999,9999,9999,9999,9999,9999,9999,9999,9999,9999,9999,9999,9999,9999,9999,9999,9999,9999,9999
MA17,61/11/12,9999,9999,9999,9999,9999,9999,9999,9999,9999,9999,9999,9999,9999,9999,9999,9999,9999,9999,9999,9999,9999,9999,9999,9999
MA17,61/11/13,9999,9999,9999,9999,9999,9999,9999,9999,9999,9999,9999,9999,9999,9999,9999,9999,9999,9999,9999,9999,9999,9999,9999,9999
MA17,61/11/14,9999,9999,9999,9999,9999,9999,9999,9999,9999,9999,9999,9999,9999,9999,9999,9999,9999,9999,9999,9999,9999,9999,9999,9999
MA17,61/11/15,9999,9999,9999,9999,9999,9999,9999,9999,9999,9999,9999,9999,9999,9999,9999,9999,9999,9999,9999,9999,9999,9999,9999,9999
MA17,61/11/16,9999,9999,9999,9999,9999,9999,9999,9999,9999,9999,9999,9999,9999,9999,9999,9999,9999,9999,9999,9999,9999,9999,9999,9999
MA17,61/11/17,9999,9999,9999,9999,9999,9999,9999,9999,9999,9999,9999,9999,9999,9999,9999,9999,9999,9999,9999,9999,9999,9999,9999,9999
MA17,61/11/18,9999,9999,9999,9999,9999,9999,9999,9999,9999,9999,9999,9999,9999,9999,9999,9999,9999,9999,9999,9999,9999,9999,9999,9999
MA17,61/11/19,9999,9999,9999,9999,9999,9999,9999,9999,9999,9999,9999,9999,9999,9999,9999,9999,9999,9999,9999,9999,9999,9999,9999,9999
MA17,61/11/20,9999,9999,9999,9999,9999,9999,9999,9999,9999,9999,9999,9999,9999,9999,9999,9999,9999,9999,9999,9999,9999,9999,9999,9999
MA17,61/11/21,9999,9999,9999,9999,9999,9999,9999,9999,9999,9999,9999,9999,9999,9999,9999,9999,9999,9999,9999,9999,9999,9999,9999,9999
MA17,61/11/22,9999,9999,9999,9999,9999,9999,9999,9999,9999,9999,9999,9999,9999,9999,9999,9999,9999,9999,9999,9999,9999,9999,9999,9999
MA17,61/11/23,9999,9999,9999,9999,9999,9999,9999,9999,9999,9999,9999,9999,9999,9999,9999,9999,9999,9999,9999,9999,9999,9999,9999,9999
MA17,61/11/24,9999,9999,9999,9999,9999,9999,9999,9999,9999,9999,9999,9999,9999,9999,9999,9999,9999,9999,9999,9999,9999,9999,9999,9999
MA17,61/11/25,9999,9999,9999,9999,9999,9999,9999,9999,9999,9999,9999,9999,9999,9999,9999,9999,9999,9999,9999,9999,9999,9999,9999,9999
MA17,61/11/26,9999,9999,9999,9999,9999,9999,9999,9999,9999,9999,9999,9999,9999,9999,9999,9999,9999,9999,9999,9999,9999,9999,9999,9999
MA17,61/11/27,9999,9999,9999,9999,9999,9999,9999,9999,9999,9999,9999,9999,9999,9999,9999,9999,9999,9999,9999,9999,9999,9999,9999,9999
MA17,61/11/28,9999,9999,9999,9999,9999,9999,9999,9999,9999,9999,9999,9999,9999,9999,9999,9999,9999,9999,9999,9999,9999,9999,9999,9999
MA17,61/11/29,9999,9999,9999,9999,9999,9999,9999,9999,9999,9999,9999,9999,9999,9999,9999,9999,9999,9999,9999,9999,9999,9999,9999,9999
MA17,61/11/30,9999,9999,9999,9999,9999,9999,9999,9999,9999,9999,9999,9999,9999,9999,9999,9999,9999,9999,9999,9999,9999,9999,9999,9999
MA17,61/12/01,9999,9999,9999,9999,9999,9999,9999,9999,9999,9999,9999,9999,9999,9999,9999,9999,9999,9999,9999,9999,9999,9999,9999,9999
MA17,61/12/02,9999,9999,9999,9999,9999,9999,9999,9999,9999,9999,9999,9999,9999,9999,9999,9999,9999,9999,9999,9999,9999,9999,9999,9999
MA17,61/12/03,9999,9999,9999,9999,9999,9999,9999,9999,9999,9999,9999,9999,9999,9999,9999,9999,9999,9999,9999,9999,9999,9999,9999,9999
MA17,61/12/04,9999,9999,9999,9999,9999,9999,9999,9999,9999,9999,9999,9999,9999,9999,9999,9999,9999,9999,9999,9999,9999,9999,9999,9999
MA17,61/12/05,9999,9999,9999,9999,9999,9999,9999,9999,9999,9999,9999,9999,9999,9999,9999,9999,9999,9999,9999,9999,9999,9999,9999,9999
MA17,61/12/06,9999,9999,9999,9999,9999,9999,9999,9999,9999,9999,9999,9999,9999,9999,9999,9999,9999,9999,9999,9999,9999,9999,9999,9999
MA17,61/12/07,9999,9999,9999,9999,9999,9999,9999,9999,9999,9999,9999,9999,9999,9999,9999,9999,9999,9999,9999,9999,9999,9999,9999,9999
MA17,61/12/08,9999,9999,9999,9999,9999,9999,9999,9999,9999,9999,9999,9999,9999,9999,9999,9999,9999,9999,9999,9999,9999,9999,9999,9999
MA17,61/12/09,9999,9999,9999,9999,9999,9999,9999,9999,9999,9999,9999,9999,9999,9999,9999,9999,9999,9999,9999,9999,9999,9999,9999,9999
MA17,61/12/10,9999,9999,9999,9999,9999,9999,9999,9999,9999,9999,9999,9999,9999,9999,9999,9999,9999,9999,9999,9999,9999,9999,9999,9999
MA17,61/12/11,9999,9999,9999,9999,9999,9999,9999,9999,9999,9999,9999,9999,9999,9999,9999,9999,9999,9999,9999,9999,9999,9999,9999,9999
MA17,61/12/12,9999,9999,9999,9999,9999,9999,9999,9999,9999,9999,9999,9999,9999,9999,9999,9999,9999,9999,9999,9999,9999,9999,9999,9999
MA17,61/12/13,9999,9999,9999,9999,9999,9999,9999,9999,9999,9999,9999,9999,9999,9999,9999,9999,9999,9999,9999,9999,9999,9999,9999,9999
MA17,61/12/14,9999,9999,9999,9999,9999,9999,9999,9999,9999,9999,9999,9999,9999,9999,9999,9999,9999,9999,9999,9999,9999,9999,9999,9999
MA17,61/12/15,9999,9999,9999,9999,9999,9999,9999,9999,9999,9999,9999,9999,9999,9999,9999,9999,9999,9999,9999,9999,9999,9999,9999,9999
MA17,61/12/16,9999,9999,9999,9999,9999,9999,9999,9999,9999,9999,9999,9999,9999,9999,9999,9999,9999,9999,9999,9999,9999,9999,9999,9999
MA17,61/12/17,9999,9999,9999,9999,9999,9999,9999,9999,9999,9999,9999,9999,9999,9999,9999,9999,9999,9999,9999,9999,9999,9999,9999,9999
MA17,61/12/18,9999,9999,9999,9999,9999,9999,9999,9999,9999,9999,9999,9999,9999,9999,9999,9999,9999,9999,9999,9999,9999,9999,9999,9999
MA17,61/12/19,9999,9999,9999,9999,9999,9999,9999,9999,9999,9999,9999,9999,9999,9999,9999,9999,9999,9999,9999,9999,9999,9999,9999,9999
MA17,61/12/20,9999,9999,9999,9999,9999,9999,9999,9999,9999,9999,9999,9999,9999,9999,9999,9999,9999,9999,9999,9999,9999,9999,9999,9999
MA17,61/12/21,9999,9999,9999,9999,9999,9999,9999,9999,9999,9999,9999,9999,9999,9999,9999,9999,9999,9999,9999,9999,9999,9999,9999,9999
MA17,61/12/22,9999,9999,9999,9999,9999,9999,9999,9999,9999,9999,9999,9999,9999,9999,9999,9999,9999,9999,9999,9999,9999,9999,9999,9999
MA17,61/12/23,9999,9999,9999,9999,9999,9999,9999,9999,9999,9999,9999,9999,9999,9999,9999,9999,9999,9999,9999,9999,9999,9999,9999,9999
MA17,61/12/24,9999,9999,9999,9999,9999,9999,9999,9999,9999,9999,9999,9999,9999,9999,9999,9999,9999,9999,9999,9999,9999,9999,9999,9999
MA17,61/12/25,9999,9999,9999,9999,9999,9999,9999,9999,9999,9999,9999,9999,9999,9999,9999,9999,9999,9999,9999,9999,9999,9999,9999,9999
MA17,61/12/26,9999,9999,9999,9999,9999,9999,9999,9999,9999,9999,9999,9999,9999,9999,9999,9999,9999,9999,9999,9999,9999,9999,9999,9999
MA17,61/12/27,9999,9999,9999,9999,9999,9999,9999,9999,9999,9999,9999,9999,9999,9999,9999,9999,9999,9999,9999,9999,9999,9999,9999,9999
MA17,61/12/28,9999,9999,9999,9999,9999,9999,9999,9999,9999,9999,9999,9999,9999,9999,9999,9999,9999,9999,9999,9999,9999,9999,9999,9999
MA17,61/12/29,9999,9999,9999,9999,9999,9999,9999,9999,9999,9999,9999,9999,9999,9999,9999,9999,9999,9999,9999,9999,9999,9999,9999,9999
MA17,61/12/30,9999,9999,9999,9999,9999,9999,9999,9999,9999,9999,9999,9999,9999,9999,9999,9999,9999,9999,9999,9999,9999,9999,9999,9999
MA17,61/12/31,9999,9999,9999,9999,9999,9999,9999,9999,9999,9999,9999,9999,9999,9999,9999,9999,9999,9999,9999,9999,9999,9999,9999,9999
