MA17,86/01/01,092,079,079,090,112,140,164,183,196,197,188,174,162,154,153,161,170,181,191,196,191,180,159,136
MA17,86/01/02,115,098,089,093,109,129,154,175,189,195,193,182,168,157,150,147,151,157,165,172,174,168,157,142
MA17,86/01/03,124,106,094,088,094,109,127,148,166,176,177,172,162,148,138,130,128,131,139,146,155,160,159,155
MA17,86/01/04,144,131,120,113,112,116,131,149,168,185,193,192,187,178,164,150,139,133,135,141,152,164,171,175
MA17,86/01/05,174,168,161,152,145,144,148,160,173,187,196,201,196,186,173,156,139,124,115,113,119,130,143,157
MA17,86/01/06,165,172,172,166,159,153,150,153,160,172,182,190,193,186,178,162,142,121,103,090,088,094,110,128
MA17,86/01/07,148,163,174,178,174,167,159,154,156,163,170,179,186,188,186,174,153,129,104,081,069,068,076,095
MA17,86/01/08,119,144,166,181,187,186,179,171,165,163,166,175,185,195,198,191,178,154,125,097,074,063,063,073
MA17,86/01/09,094,123,152,176,188,195,192,180,171,163,160,163,174,184,194,198,189,167,139,105,075,051,041,041
MA17,86/01/10,055,083,118,149,172,188,190,186,174,163,154,153,159,172,186,196,198,187,164,132,098,068,044,035
MA17,86/01/11,042,062,092,126,157,179,193,193,184,172,160,152,153,162,178,194,204,202,186,160,127,093,063,042
MA17,86/01/12,039,049,072,103,137,167,186,192,189,176,162,148,142,148,162,178,192,199,194,177,150,117,085,059
MA17,86/01/13,046,047,063,090,122,154,180,194,196,189,174,158,148,148,158,175,194,208,211,203,184,157,126,098
MA17,86/01/14,077,069,076,093,118,148,175,193,200,194,183,166,151,145,148,158,175,190,199,200,189,170,144,117
MA17,86/01/15,095,081,081,092,111,136,161,180,191,192,182,165,149,139,136,142,155,169,180,186,184,173,155,133
MA17,86/01/16,114,100,096,101,115,137,157,177,188,192,186,174,159,146,138,137,143,155,166,174,180,177,169,155
MA17,86/01/17,139,126,120,121,128,142,161,177,190,197,196,185,171,157,146,139,139,144,152,161,170,173,171,164
MA17,86/01/18,154,145,138,136,139,147,161,175,185,194,194,188,177,162,149,137,130,129,133,138,144,152,154,156
MA17,86/01/19,154,149,144,141,142,146,154,163,174,183,186,183,176,166,152,140,129,122,117,119,125,133,142,149
MA17,86/01/20,155,158,159,159,157,157,160,165,173,180,186,187,184,178,166,155,140,128,118,111,112,119,129,142
MA17,86/01/21,153,163,170,173,174,174,173,173,176,180,184,188,190,188,182,171,158,141,123,110,105,107,115,130
MA17,86/01/22,146,162,176,186,192,190,188,184,181,182,185,190,195,198,198,192,180,160,137,118,104,097,101,113
MA17,86/01/23,130,154,171,186,194,195,192,186,180,176,176,180,187,195,199,198,190,172,146,120,100,085,081,090
MA17,86/01/24,106,130,156,178,191,197,194,186,175,166,164,166,173,184,193,198,195,181,157,127,100,078,065,066
MA17,86/01/25,078,103,132,160,181,192,196,189,176,165,156,155,160,171,186,199,202,196,175,146,117,088,067,060
MA17,86/01/26,067,085,113,146,173,192,201,199,187,172,159,151,152,165,180,198,209,209,197,169,136,102,077,060
MA17,86/01/27,060,076,102,134,166,191,205,206,196,180,166,153,150,160,174,192,207,212,206,186,159,123,091,068
MA17,86/01/28,059,067,084,116,148,176,194,200,194,180,163,147,139,143,155,174,192,206,208,198,174,143,110,080
MA17,86/01/29,063,061,073,097,127,158,182,194,192,179,163,143,129,126,132,149,168,187,198,198,186,163,135,106
MA17,86/01/30,083,072,075,094,118,150,176,191,196,190,173,152,135,124,126,136,153,174,189,198,197,184,164,139
MA17,86/01/31,116,100,098,106,123,150,174,194,203,201,188,168,146,130,123,126,136,154,168,181,188,186,174,157
MA17,86/02/01,137,122,114,114,125,144,165,185,196,198,190,175,155,135,122,115,117,126,140,155,164,172,170,163
MA17,86/02/02,152,140,132,128,132,143,159,176,190,196,194,182,164,147,131,118,111,112,119,130,142,155,164,167
MA17,86/02/03,166,162,159,153,153,157,167,179,189,197,200,196,184,168,150,133,119,110,106,110,117,130,142,156
MA17,86/02/04,163,167,170,170,168,167,169,174,180,185,189,188,185,174,160,144,126,111,097,090,092,099,112,130
MA17,86/02/05,146,160,172,180,182,180,178,177,179,181,185,188,190,188,181,167,150,130,108,093,081,081,088,107
MA17,86/02/06,127,150,170,184,193,194,190,184,177,174,176,180,187,192,192,186,170,149,123,100,078,067,068,080
MA17,86/02/07,100,129,156,177,190,197,195,186,176,167,164,167,175,186,196,197,190,172,146,116,088,069,058,062
MA17,86/02/08,079,106,136,164,184,197,200,192,180,166,157,157,164,177,190,201,202,192,171,143,111,081,063,054
MA17,86/02/09,063,084,114,146,174,191,199,193,180,166,153,147,149,162,180,196,205,205,191,166,134,100,072,057
MA17,86/02/10,057,071,096,127,158,180,192,192,180,162,144,132,129,136,155,175,192,201,197,179,151,119,088,069
MA17,86/02/11,060,068,088,116,146,174,189,195,187,169,151,136,127,131,145,166,189,202,206,198,178,150,121,096
MA17,86/02/12,082,082,094,118,144,170,189,196,192,176,157,138,122,117,126,146,167,186,196,197,185,163,137,113
MA17,86/02/13,098,091,099,116,139,164,183,195,193,180,161,141,126,116,118,132,150,170,184,192,189,175,155,136
MA17,86/02/14,119,110,111,123,142,163,184,197,199,190,174,153,134,121,116,124,139,156,172,182,186,180,167,150
MA17,86/02/15,135,127,125,132,146,164,182,194,200,194,183,164,146,131,123,122,130,142,156,168,175,176,170,161
MA17,86/02/16,152,144,141,144,153,165,178,188,192,190,180,165,149,133,119,111,111,118,127,137,146,150,154,150
MA17,86/02/17,146,141,138,139,144,153,163,172,177,178,172,161,148,135,120,110,106,104,110,115,125,132,138,143
MA17,86/02/18,144,144,145,146,149,154,160,167,170,173,170,164,156,146,136,124,116,110,108,110,117,126,136,148
MA17,86/02/19,156,165,171,176,177,180,182,183,186,187,187,184,180,172,162,152,138,127,114,109,107,112,121,133
MA17,86/02/20,146,160,170,176,180,180,178,177,174,172,173,174,175,175,171,164,151,135,120,106,098,097,104,117
MA17,86/02/21,135,153,169,180,187,188,184,178,171,168,167,171,176,180,184,180,171,156,134,113,096,084,084,094
MA17,86/02/22,113,136,160,178,189,193,188,180,169,160,156,160,165,176,186,190,186,172,149,123,097,077,070,077
MA17,86/02/23,093,118,146,171,190,197,195,185,170,159,149,150,159,172,188,198,201,194,173,146,115,089,074,071
MA17,86/02/24,083,107,137,166,190,203,203,194,176,158,145,142,147,160,181,199,210,209,192,168,136,102,079,069
MA17,86/02/25,072,088,118,149,177,195,202,194,179,158,139,129,130,140,160,183,204,212,205,186,157,124,093,075
MA17,86/02/26,069,080,104,132,164,188,200,196,180,159,137,120,114,120,137,162,187,204,209,200,177,149,116,092
MA17,86/02/27,078,081,099,124,155,183,200,201,190,170,144,123,110,109,120,143,170,193,208,208,198,175,146,122
MA17,86/02/28,103,098,108,127,154,182,202,210,202,184,160,131,111,104,107,122,146,170,190,200,198,186,164,141
MA17,86/03/01,122,111,112,126,148,170,190,201,200,184,160,134,110,094,087,097,114,136,160,175,183,180,171,156
MA17,86/03/02,140,131,128,136,151,170,189,203,205,197,179,157,133,113,101,099,108,121,141,160,172,179,179,174
MA17,86/03/03,165,157,153,154,163,175,189,200,204,200,189,172,151,130,112,102,101,105,114,127,141,151,159,162
MA17,86/03/04,163,161,160,160,161,166,172,180,185,185,178,167,152,135,118,105,095,091,092,098,108,122,135,147
MA17,86/03/05,158,165,171,174,175,176,177,181,185,186,185,181,174,164,151,136,122,109,099,094,096,103,116,132
MA17,86/03/06,148,162,174,179,180,179,174,170,168,166,166,167,166,163,158,147,131,113,096,082,073,074,081,097
MA17,86/03/07,120,140,161,174,181,181,174,166,159,154,154,160,167,173,174,169,158,141,119,097,081,071,072,084
MA17,86/03/08,105,130,155,173,185,187,182,167,153,144,139,144,154,166,177,183,177,163,138,111,084,067,060,067
MA17,86/03/09,081,108,136,163,181,189,184,170,152,136,126,127,138,154,174,188,194,188,167,140,110,084,068,066
MA17,86/03/10,078,101,133,161,184,196,195,182,160,141,126,121,130,148,170,190,206,209,196,171,140,111,087,078
MA17,86/03/11,082,101,130,158,183,200,202,192,170,146,126,114,115,132,157,182,205,217,214,197,170,140,113,096
MA17,86/03/12,094,105,128,156,184,201,210,201,180,155,128,111,106,115,135,161,186,204,210,201,179,151,124,104
MA17,86/03/13,095,101,120,143,170,190,201,196,180,154,128,106,095,096,114,139,169,191,203,202,188,166,140,120
MA17,86/03/14,106,107,119,139,164,184,199,199,187,164,136,111,093,087,096,116,143,167,187,195,191,176,156,138
MA17,86/03/15,124,121,130,145,167,186,201,207,198,178,153,129,107,097,098,112,135,156,177,192,197,188,174,161
MA17,86/03/16,148,144,147,159,176,194,208,216,210,196,173,148,128,113,108,116,133,150,171,186,193,191,183,173
MA17,86/03/17,162,155,155,161,173,188,200,206,204,194,175,155,134,118,108,108,116,129,146,160,171,175,175,172
MA17,86/03/18,166,163,162,166,172,182,192,198,199,194,181,164,147,130,118,111,112,119,128,141,152,162,168,171
MA17,86/03/19,172,172,173,175,180,184,191,196,197,194,188,179,166,153,142,132,127,126,128,135,146,157,166,173
MA17,86/03/20,181,187,191,193,197,198,198,198,196,192,190,184,177,168,157,144,133,122,116,113,117,125,135,147
MA17,86/03/21,160,171,180,183,184,181,180,175,172,170,169,170,170,167,162,151,139,125,112,102,099,102,113,128
MA17,86/03/22,146,162,178,184,187,182,177,169,161,158,159,163,170,174,176,172,160,145,126,108,096,092,100,115
MA17,86/03/23,138,162,181,198,206,203,196,186,177,170,170,178,190,202,214,217,208,191,169,145,122,108,107,117
MA17,86/03/24,139,166,190,209,218,217,205,188,170,154,148,154,166,182,200,210,211,201,178,151,124,101,090,095
MA17,86/03/25,114,140,170,194,210,211,202,184,160,141,127,127,138,159,180,200,211,208,192,164,134,106,087,082
MA17,86/03/26,094,116,147,173,196,204,198,179,153,126,106,099,106,124,152,179,200,210,204,185,157,127,101,085
MA17,86/03/27,087,105,132,162,187,201,201,186,160,131,103,086,086,100,125,156,185,204,211,202,181,153,126,106
MA17,86/03/28,100,110,130,156,185,203,207,198,173,144,114,090,078,081,100,128,161,190,205,210,201,180,158,140
MA17,86/03/29,128,129,143,165,191,210,221,213,195,169,137,108,088,082,090,112,141,169,192,206,207,198,179,160
MA17,86/03/30,147,141,147,162,183,200,213,213,201,179,149,119,095,082,083,094,117,143,166,187,199,199,191,180
MA17,86/03/31,170,163,164,173,187,201,212,218,210,192,167,142,115,096,085,090,102,116,135,154,168,176,177,172
MA17,86/04/01,166,163,162,167,173,184,192,197,195,184,168,147,126,105,090,083,086,093,106,124,139,153,162,168
MA17,86/04/02,171,171,172,173,176,180,186,188,188,183,175,162,146,130,113,101,095,092,096,103,114,127,140,151
MA17,86/04/03,161,168,171,172,171,171,170,170,170,168,165,161,154,145,131,119,108,098,090,089,095,104,118,134
MA17,86/04/04,150,166,175,180,179,176,171,165,162,162,163,167,170,167,164,156,142,127,113,105,100,105,116,132
MA17,86/04/05,155,175,190,200,200,195,185,172,162,159,161,166,175,182,187,183,173,156,134,115,102,096,101,112
MA17,86/04/06,133,156,176,187,192,187,173,159,145,137,137,144,158,173,186,193,188,176,157,135,115,103,101,109
MA17,86/04/07,128,152,174,192,201,196,182,162,141,125,119,125,139,158,176,189,192,184,165,141,117,100,089,094
MA17,86/04/08,109,131,155,175,187,187,175,155,129,110,099,099,113,133,158,181,192,193,180,161,137,115,100,098
MA17,86/04/09,108,128,152,173,190,193,182,164,137,111,092,087,097,115,143,169,189,197,193,178,155,132,116,108
MA17,86/04/10,113,130,152,176,195,202,195,177,152,123,100,088,093,107,134,162,188,204,207,199,181,160,141,127
MA17,86/04/11,127,139,158,178,198,207,207,192,166,138,110,095,090,098,121,146,174,196,207,205,192,174,154,138
MA17,86/04/12,132,138,150,167,186,196,198,187,165,138,110,086,074,075,092,115,144,168,186,192,186,174,155,141
MA17,86/04/13,134,136,145,159,176,188,193,185,166,143,115,091,076,071,078,097,121,146,166,177,178,172,159,147
MA17,86/04/14,139,138,144,156,169,183,189,186,173,153,126,103,083,072,072,083,101,122,143,159,166,166,158,150
MA17,86/04/15,142,140,142,150,163,174,182,183,176,160,142,119,099,087,083,087,100,119,139,156,172,179,179,176
MA17,86/04/16,170,168,168,170,178,184,192,193,187,176,160,141,124,108,098,095,098,108,123,136,150,159,162,162
MA17,86/04/17,162,160,160,162,164,168,170,174,170,166,156,144,129,116,104,096,094,096,104,115,127,139,149,156
MA17,86/04/18,162,164,165,165,165,164,166,166,166,164,161,154,146,136,126,114,105,100,099,101,112,123,136,148
MA17,86/04/19,158,166,170,170,167,163,159,156,153,152,154,155,155,151,144,133,121,109,099,096,099,108,122,138
MA17,86/04/20,154,167,176,177,174,166,155,147,140,140,144,150,158,162,162,155,144,128,112,098,093,096,107,124
MA17,86/04/21,146,164,180,184,180,170,156,141,128,124,128,137,150,164,176,176,168,150,130,108,093,090,095,111
MA17,86/04/22,133,157,176,186,186,175,157,137,119,107,108,118,136,156,175,187,186,176,156,133,113,098,098,111
MA17,86/04/23,132,159,182,199,202,194,174,149,124,104,097,102,121,144,172,193,203,200,184,160,134,112,102,105
MA17,86/04/24,122,145,170,188,197,192,175,147,116,090,072,071,084,110,140,171,191,200,195,177,152,129,112,108
MA17,86/04/25,117,137,162,184,200,200,184,159,126,093,068,059,065,085,114,149,180,200,206,200,181,160,140,127
MA17,86/04/26,130,141,160,181,199,205,198,177,145,110,080,060,053,064,087,118,151,179,196,201,194,178,159,144
MA17,86/04/27,139,144,157,174,192,204,204,190,164,131,099,072,055,054,068,092,124,157,180,196,198,194,181,169
MA17,86/04/28,161,160,166,179,196,206,211,204,186,156,126,096,072,060,061,074,096,122,147,167,177,180,174,166
MA17,86/04/29,157,154,156,163,173,184,190,190,180,160,135,107,083,066,060,064,077,096,119,139,156,165,168,167
MA17,86/04/30,162,158,155,158,163,169,176,177,172,160,146,126,105,086,072,067,070,078,092,109,127,142,151,158
MA17,86/05/01,160,158,156,155,156,158,161,165,166,160,154,142,128,112,098,087,082,082,089,100,114,128,143,155
MA17,86/05/02,164,166,166,163,160,158,156,157,158,159,158,156,152,142,129,116,105,099,097,098,105,118,132,147
MA17,86/05/03,159,166,169,166,158,150,142,137,136,137,141,146,149,149,143,134,123,109,101,097,098,106,119,136
MA17,86/05/04,152,164,172,171,163,152,137,127,120,120,127,137,148,156,159,155,145,131,116,104,099,104,112,128
MA17,86/05/05,147,163,174,177,170,157,138,122,110,106,112,124,139,154,165,169,164,152,136,120,110,107,113,126
MA17,86/05/06,145,164,178,183,179,166,147,126,109,098,101,113,131,152,170,183,186,180,167,151,136,128,128,139
MA17,86/05/07,155,174,190,198,198,186,165,139,115,099,094,101,118,141,164,183,192,190,180,163,145,132,127,131
MA17,86/05/08,144,161,178,190,193,183,164,139,112,089,078,081,094,117,144,168,186,191,187,176,160,144,134,133
MA17,86/05/09,140,157,175,188,194,192,178,153,125,098,079,075,082,105,132,161,183,197,200,193,179,162,149,144
MA17,86/05/10,147,159,174,190,198,197,184,163,132,102,078,066,069,082,106,135,162,180,190,188,177,163,148,140
MA17,86/05/11,140,150,164,178,191,195,189,171,146,116,088,070,064,073,094,120,148,174,188,193,188,176,164,154
MA17,86/05/12,149,154,164,177,191,198,195,181,158,130,101,079,066,065,079,099,126,152,171,179,179,173,163,151
MA17,86/05/13,145,146,151,162,175,184,185,177,160,137,111,088,070,063,067,081,104,128,151,165,173,173,166,157
MA17,86/05/14,152,148,151,159,170,179,187,185,174,157,135,113,094,083,081,087,104,125,147,168,180,187,186,182
MA17,86/05/15,176,172,170,175,182,189,196,196,190,179,162,144,124,109,101,099,106,120,140,157,172,181,187,187
MA17,86/05/16,182,177,172,170,172,177,180,183,182,176,167,153,137,121,110,104,102,108,119,135,150,163,172,176
MA17,86/05/17,178,175,170,166,162,160,161,163,164,163,160,155,145,133,122,111,103,102,106,116,129,146,158,168
MA17,86/05/18,174,174,171,165,156,149,144,143,145,148,152,154,152,148,139,127,116,106,101,105,114,130,146,160
MA17,86/05/19,172,179,178,172,161,150,140,131,131,136,143,152,162,165,162,154,141,126,116,111,115,126,142,161
MA17,86/05/20,178,191,196,190,179,164,148,134,126,127,136,150,164,177,185,182,173,156,139,126,118,124,137,154
MA17,86/05/21,173,188,196,192,180,162,139,119,103,096,103,121,143,166,183,193,190,177,159,141,127,124,131,143
MA17,86/05/22,161,180,192,194,185,167,140,113,090,078,077,091,114,144,170,190,198,194,181,163,145,135,132,139
MA17,86/05/23,156,175,191,199,195,179,154,121,090,066,055,059,078,107,139,169,190,198,195,181,163,146,136,136
MA17,86/05/24,148,165,183,197,203,192,170,137,103,071,049,043,053,078,111,147,177,197,205,201,188,173,159,154
MA17,86/05/25,157,170,186,201,211,208,193,166,133,096,065,047,047,061,085,121,157,183,200,206,200,189,174,163
MA17,86/05/26,159,164,176,192,203,207,200,182,152,116,083,056,043,044,059,085,116,148,172,188,193,188,179,168
MA17,86/05/27,161,161,167,178,191,199,200,190,168,140,110,080,059,050,052,068,092,120,147,167,181,184,181,172
MA17,86/05/28,164,160,161,167,176,187,192,191,180,159,135,107,084,066,060,066,080,101,125,148,164,177,180,177
MA17,86/05/29,171,164,162,163,168,176,183,186,183,173,158,135,116,097,085,081,086,099,117,137,158,173,183,186
MA17,86/05/30,184,179,174,172,172,175,180,185,187,185,179,168,154,138,123,114,110,114,126,141,157,173,184,191
MA17,86/05/31,191,187,180,171,165,163,164,166,170,172,173,169,162,152,138,126,117,115,117,126,138,152,166,176
MA17,86/06/01,181,181,174,164,154,145,139,138,141,148,153,160,161,159,151,142,131,124,122,123,131,143,157,170
MA17,86/06/02,177,181,177,167,154,140,129,123,122,127,137,148,157,164,164,158,150,140,134,130,133,141,153,166
MA17,86/06/03,176,183,183,175,163,146,128,116,109,111,120,135,151,164,173,175,170,161,151,144,140,144,152,164
MA17,86/06/04,177,187,190,185,173,155,135,114,100,096,102,116,135,153,169,179,180,172,163,151,143,141,145,155
MA17,86/06/05,168,180,188,187,177,160,136,111,093,081,082,094,113,136,157,175,182,182,175,163,152,145,145,151
MA17,86/06/06,163,176,187,191,187,172,151,123,098,080,075,080,100,124,148,174,188,195,192,182,171,160,154,160
MA17,86/06/07,169,181,194,200,200,189,169,143,115,091,077,077,089,112,139,165,187,198,200,194,182,170,160,158
MA17,86/06/08,163,173,188,199,203,196,181,156,128,099,078,069,074,091,117,146,172,190,198,195,186,174,162,155
MA17,86/06/09,156,166,179,192,199,200,189,168,141,112,087,071,069,079,100,129,157,180,195,199,192,181,168,158
MA17,86/06/10,155,160,171,183,192,198,192,175,151,121,095,073,063,065,079,104,131,156,175,186,186,177,166,157
MA17,86/06/11,150,151,158,169,186,195,195,181,162,138,109,084,068,062,070,087,113,139,161,175,180,176,167,157
MA17,86/06/12,149,145,149,158,169,179,184,179,167,146,123,096,077,064,064,075,094,117,142,160,172,173,169,158
MA17,86/06/13,150,144,143,147,157,168,174,177,171,157,138,115,095,078,071,074,085,104,125,147,163,171,171,165
MA17,86/06/14,156,148,144,142,145,155,163,168,170,164,153,136,117,100,088,084,088,099,118,139,158,172,178,175
MA17,86/06/15,168,160,152,145,142,146,151,159,164,165,162,153,142,127,113,103,098,103,114,130,149,164,176,179
MA17,86/06/16,176,170,158,146,137,133,133,140,149,156,162,163,159,149,138,125,115,112,117,127,142,160,173,183
MA17,86/06/17,184,178,169,153,140,129,123,123,128,139,151,161,168,168,163,153,141,133,129,135,146,160,176,188
MA17,86/06/18,195,193,186,170,151,133,120,113,113,121,136,153,168,180,185,180,169,157,147,140,146,158,171,185
MA17,86/06/19,195,201,195,180,160,136,114,098,090,093,107,128,150,171,186,194,192,181,170,160,154,157,166,180
MA17,86/06/20,193,203,205,196,177,150,122,096,080,073,079,098,123,151,176,192,200,199,189,175,165,159,164,172
MA17,86/06/21,185,198,206,205,192,171,141,108,081,064,9999,9999,9999,9999,9999,9999,9999,9999,9999,9999,9999,9999,9999,9999
MA17,86/06/22,9999,9999,9999,9999,9999,9999,9999,9999,9999,9999,9999,9999,9999,9999,9999,9999,9999,9999,9999,9999,9999,9999,9999,9999
MA17,86/06/23,9999,9999,9999,9999,9999,9999,9999,9999,9999,9999,9999,9999,9999,9999,9999,9999,9999,9999,9999,9999,9999,9999,9999,9999
MA17,86/06/24,9999,9999,9999,9999,9999,9999,9999,9999,9999,121,087,063,051,053,071,097,131,160,184,197,201,194,184,170
MA17,86/06/25,165,167,177,189,203,213,214,206,184,154,120,092,072,066,069,089,116,144,173,192,206,206,199,187
MA17,86/06/26,177,172,175,185,199,211,217,217,208,187,162,132,108,094,090,099,117,141,164,183,198,204,198,188
MA17,86/06/27,175,164,160,162,171,183,192,199,196,186,168,146,123,106,098,098,108,125,146,167,184,194,196,191
MA17,86/06/28,179,166,156,152,156,165,176,185,190,189,179,164,147,131,119,114,118,128,146,163,179,190,198,194
MA17,86/06/29,186,174,162,154,150,152,158,166,175,179,179,173,164,152,141,134,130,134,146,158,173,187,196,197
MA17,86/06/30,191,181,166,153,144,139,139,145,152,161,167,169,168,165,156,148,143,142,147,157,168,179,189,194
MA17,86/07/01,194,186,174,159,145,134,126,126,132,140,151,161,168,171,169,164,159,155,155,158,164,174,183,191
MA17,86/07/02,195,191,183,169,151,135,121,114,114,119,130,144,159,169,174,175,172,167,163,160,163,169,179,187
MA17,86/07/03,193,195,191,181,163,146,127,112,104,105,114,130,147,163,177,182,184,180,173,167,164,167,172,178
MA17,86/07/04,188,194,195,187,172,153,129,108,094,087,092,104,124,145,164,178,186,186,180,172,164,162,165,172
MA17,86/07/05,181,191,197,194,184,168,143,119,096,084,078,088,106,128,153,173,187,193,191,182,174,167,165,171
MA17,86/07/06,181,193,203,208,203,188,165,140,113,092,080,081,097,121,148,172,191,202,204,195,185,174,166,165
MA17,86/07/07,172,184,195,203,205,195,178,150,122,093,075,069,077,096,123,152,175,191,200,196,185,172,162,156
MA17,86/07/08,162,171,185,196,204,203,189,167,137,105,080,067,067,082,106,136,163,183,196,198,186,175,161,154
MA17,86/07/09,153,162,175,187,197,204,196,178,152,122,092,070,062,070,091,116,146,170,191,199,194,185,172,160
MA17,86/07/10,154,159,170,184,198,207,207,197,177,149,120,094,078,074,084,106,135,163,182,194,198,189,176,163
MA17,86/07/11,150,148,154,166,180,193,203,198,185,162,136,109,090,079,083,098,120,149,172,187,195,192,180,167
MA17,86/07/12,153,146,146,153,164,178,191,196,189,175,155,131,109,095,087,095,113,136,163,181,193,196,187,173
MA17,86/07/13,159,148,142,144,151,163,176,186,190,184,172,153,133,117,105,103,114,132,155,175,191,200,195,183
MA17,86/07/14,168,154,143,136,137,144,155,167,177,183,177,167,152,139,126,120,121,132,149,168,184,194,198,191
MA17,86/07/15,177,162,146,133,126,128,136,147,158,168,173,173,168,159,149,141,137,141,149,164,179,193,200,198
MA17,86/07/16,189,175,158,141,125,119,118,124,135,147,159,169,175,175,168,162,155,151,155,163,174,187,197,203
MA17,86/07/17,197,187,173,152,133,117,109,103,109,122,136,152,168,177,183,181,176,171,167,167,174,182,193,201
MA17,86/07/18,207,202,191,173,153,133,115,101,093,098,113,132,157,179,194,203,205,199,191,185,180,185,193,200
MA17,86/07/19,206,210,207,193,171,147,119,096,081,072,081,097,123,150,174,194,202,204,199,191,181,177,178,184
MA17,86/07/20,194,203,209,204,191,169,140,109,083,065,059,068,088,116,150,176,196,206,206,197,185,175,169,173
MA17,86/07/21,181,193,206,212,208,194,167,135,103,075,057,051,064,088,120,153,181,200,208,205,192,181,167,163
MA17,86/07/22,170,182,196,209,217,213,195,168,131,099,072,055,055,070,100,133,167,191,206,208,201,187,171,159
MA17,86/07/23,160,171,186,203,216,223,216,198,166,130,099,075,064,071,091,119,151,179,200,210,207,195,179,162
MA17,86/07/24,152,156,167,182,200,214,217,206,185,156,123,093,074,070,082,104,132,161,186,199,202,194,177,159
MA17,86/07/25,147,141,147,159,176,196,206,208,195,174,148,121,099,087,089,104,128,155,181,196,204,199,187,169
MA17,86/07/26,150,139,138,144,158,176,192,201,198,186,166,144,121,108,103,111,127,149,172,192,201,201,191,175
MA17,86/07/27,157,141,131,131,139,153,169,183,189,183,173,157,140,127,119,120,130,148,166,184,196,200,194,182
MA17,86/07/28,166,147,133,124,126,137,150,163,171,176,174,165,158,145,138,135,141,153,168,181,191,196,193,183
MA17,86/07/29,171,155,140,127,121,123,131,141,152,160,165,166,162,157,153,149,152,157,167,180,189,195,197,190
MA17,86/07/30,181,168,153,137,126,120,120,126,134,145,154,160,165,167,166,166,165,167,173,178,185,191,193,192
MA17,86/07/31,183,174,162,147,132,120,116,113,118,126,137,148,157,167,172,173,173,173,173,174,177,182,184,188
MA17,86/08/01,187,184,175,161,146,130,116,107,104,109,119,133,149,163,174,179,181,180,178,175,173,176,181,184
MA17,86/08/02,189,191,186,176,163,145,125,108,098,097,103,118,135,156,173,183,189,189,184,180,177,173,178,183
MA17,86/08/03,192,198,200,196,184,166,145,123,105,095,097,107,125,147,170,188,199,201,199,193,185,182,181,184
MA17,86/08/04,194,204,212,216,209,195,174,149,123,107,099,105,121,146,171,194,214,224,224,216,207,198,192,195
MA17,86/08/05,204,217,228,237,238,227,206,177,148,126,109,103,113,137,163,188,210,222,226,217,205,191,178,175
MA17,86/08/06,181,193,206,217,227,223,207,182,152,120,097,084,090,106,133,162,188,206,214,208,197,182,167,158
MA17,86/08/07,159,171,185,201,216,220,213,195,166,136,107,088,083,094,116,143,173,197,209,210,200,185,166,153
MA17,86/08/08,149,156,169,186,205,217,219,206,182,151,120,097,085,088,104,130,159,184,201,205,199,184,163,145
MA17,86/08/09,137,140,149,165,183,201,211,209,193,169,139,113,093,089,097,117,144,170,191,202,199,185,165,144
MA17,86/08/10,128,123,127,139,158,177,193,199,195,177,153,129,108,098,101,113,136,161,183,196,199,193,173,153
MA17,86/08/11,133,121,119,126,141,159,176,189,193,187,173,153,135,121,117,123,139,160,182,198,206,202,189,168
MA17,86/08/12,147,131,120,118,125,139,158,173,184,189,184,173,159,147,141,141,149,165,182,197,206,207,201,185
MA17,86/08/13,165,145,129,119,117,125,137,152,165,173,180,179,174,167,161,157,161,168,179,193,203,206,203,193
MA17,86/08/14,176,158,140,123,112,110,114,123,134,147,159,167,173,175,173,170,169,171,177,185,192,198,199,195
MA17,86/08/15,186,171,154,135,118,107,101,101,107,118,133,149,162,174,181,184,183,182,182,184,188,191,194,196
MA17,86/08/16,194,187,175,158,140,120,103,092,091,094,106,124,146,166,180,191,195,194,190,187,184,184,186,191
MA17,86/08/17,196,199,196,186,166,143,119,098,081,076,081,096,120,146,171,189,200,205,200,190,180,175,173,177
MA17,86/08/18,186,197,204,203,193,171,143,116,092,074,069,077,098,125,156,181,201,209,207,196,181,170,163,166
MA17,86/08/19,177,191,204,212,211,199,177,147,111,085,070,067,081,108,139,170,195,209,211,200,184,168,157,154
MA17,86/08/20,163,180,197,212,222,218,200,173,139,108,081,072,076,096,126,159,189,208,216,209,193,174,157,149
MA17,86/08/21,151,164,184,204,220,228,220,202,170,135,106,086,081,096,120,148,180,203,215,213,199,179,155,138
MA17,86/08/22,134,140,158,180,203,217,220,211,188,156,125,102,089,094,110,135,165,190,205,208,199,179,156,134
MA17,86/08/23,122,122,134,154,179,198,210,209,196,173,145,123,106,104,114,134,160,184,202,206,201,187,163,140
MA17,86/08/24,120,113,119,133,156,177,194,200,195,182,161,139,121,114,120,134,154,177,195,204,204,192,171,146
MA17,86/08/25,124,110,107,116,132,153,170,182,186,180,167,151,136,126,127,136,151,170,186,197,200,192,177,156
MA17,86/08/26,133,116,106,108,119,133,151,166,175,175,169,160,149,142,141,146,156,169,183,195,200,196,186,167
MA17,86/08/27,148,131,116,112,114,124,139,153,163,170,172,169,163,159,157,159,165,175,186,194,200,199,191,179
MA17,86/08/28,164,148,134,124,118,121,128,138,148,156,163,167,169,169,168,168,172,177,183,190,194,196,193,185
MA17,86/08/29,175,162,148,136,125,119,118,124,131,138,150,159,167,172,177,178,180,184,186,187,190,192,190,188
MA17,86/08/30,184,176,167,156,141,130,120,116,117,122,132,147,160,172,182,188,190,188,184,181,181,181,182,183
MA17,86/08/31,184,182,177,168,155,139,123,111,104,105,114,127,147,164,180,191,194,192,186,179,175,172,174,179
MA17,86/09/01,183,188,190,184,172,155,133,114,098,092,096,108,128,150,171,187,197,197,190,179,171,166,165,170
MA17,86/09/02,179,191,200,202,195,181,158,135,111,097,095,102,120,145,172,194,207,211,205,191,178,166,159,164
MA17,86/09/03,175,191,205,214,216,206,186,160,132,110,095,096,110,134,164,190,207,214,210,196,177,161,148,145
MA17,86/09/04,153,170,189,206,216,211,194,169,138,108,088,081,090,110,139,168,194,204,205,194,174,153,136,128
MA17,86/09/05,132,146,168,190,207,210,203,184,154,120,094,080,081,096,124,154,182,200,203,192,174,150,130,118
MA17,86/09/06,118,128,149,173,198,210,211,198,171,140,113,092,089,099,120,149,179,197,204,198,181,157,134,118
MA17,86/09/07,111,116,134,160,185,205,212,207,190,164,136,123,108,108,120,143,170,194,210,210,199,178,153,128
MA17,86/09/08,109,104,112,129,156,180,199,208,202,188,166,144,126,121,130,146,170,192,207,212,204,187,162,138
MA17,86/09/09,116,102,103,113,135,160,183,196,201,196,182,163,150,141,144,156,174,190,206,213,212,201,176,150
MA17,86/09/10,126,107,100,104,117,134,156,176,187,192,189,180,168,162,161,168,180,194,206,215,217,209,190,168
MA17,86/09/11,143,122,110,105,110,122,140,156,169,179,181,181,178,173,174,176,181,190,198,205,208,205,194,176
MA17,86/09/12,158,138,121,110,104,104,112,122,135,148,160,169,176,178,180,183,185,187,193,194,197,198,193,184
MA17,86/09/13,173,158,143,127,115,106,102,104,111,122,137,153,167,179,187,190,190,190,188,186,185,186,187,186
MA17,86/09/14,185,177,167,152,136,119,105,096,093,096,110,126,149,168,182,192,194,191,185,178,173,171,174,179
MA17,86/09/15,185,190,189,180,164,144,122,103,088,085,091,106,128,155,178,192,199,195,183,171,163,156,158,164
MA17,86/09/16,176,188,196,198,188,170,146,120,096,081,080,090,111,137,166,186,198,196,187,172,155,142,138,144
MA17,86/09/17,157,176,194,205,205,193,169,143,113,091,081,086,102,128,158,185,204,209,200,181,158,140,130,131
MA17,86/09/18,145,166,190,208,218,214,196,170,138,111,092,088,098,120,150,179,202,211,202,186,161,136,120,112
MA17,86/09/19,120,138,164,188,208,215,206,185,154,126,104,092,097,113,140,167,191,206,205,190,163,137,115,102
MA17,86/09/20,104,117,142,170,194,208,208,194,170,144,121,110,107,117,138,163,187,204,207,197,174,147,120,101
MA17,86/09/21,095,101,121,147,173,194,205,201,186,163,140,126,120,125,140,164,187,203,213,208,190,163,135,113
MA17,86/09/22,102,100,113,138,164,187,202,206,199,184,166,151,143,143,154,172,192,208,215,213,197,173,147,121
MA17,86/09/23,103,097,103,119,140,162,181,191,191,181,166,153,146,144,155,169,184,199,206,206,195,177,153,130
MA17,86/09/24,112,104,103,114,131,130,169,181,186,184,176,168,160,158,161,172,184,196,206,210,206,191,172,150
MA17,86/09/25,130,117,110,112,122,134,152,166,174,178,177,172,169,165,167,174,181,189,195,198,197,188,176,160
MA17,86/09/26,142,126,115,110,113,121,131,143,153,161,164,167,168,169,170,173,177,183,188,192,191,187,177,168
MA17,86/09/27,156,143,131,123,118,117,121,129,137,148,155,165,171,175,176,178,179,181,183,183,183,183,179,175
MA17,86/09/28,169,160,151,139,128,122,117,117,122,133,143,157,168,177,184,187,186,183,180,177,175,173,175,178
MA17,86/09/29,179,178,171,161,151,135,124,117,115,123,135,152,169,185,195,199,196,189,181,173,169,166,169,175
MA17,86/09/30,183,187,188,179,165,146,129,115,107,107,115,132,152,170,187,197,198,189,175,163,153,148,150,159
MA17,86/10/01,169,183,193,194,184,165,144,124,107,099,104,119,140,166,187,202,205,197,181,167,152,141,139,147
MA17,86/10/02,161,181,197,206,204,190,167,142,117,103,099,107,127,157,180,201,211,209,192,169,150,131,121,125
MA17,86/10/03,141,164,187,204,212,207,189,161,133,109,098,098,113,139,168,193,209,210,197,174,148,125,111,106
MA17,86/10/04,117,140,167,193,211,215,207,183,155,129,111,103,112,133,159,187,205,209,202,181,153,121,101,091
MA17,86/10/05,096,117,143,173,197,210,211,197,173,143,123,114,117,131,156,183,203,211,205,187,160,127,100,085
MA17,86/10/06,080,093,120,152,180,201,213,210,193,173,149,132,127,136,154,178,200,216,217,203,178,146,115,089
MA17,86/10/07,075,078,094,123,153,181,200,208,200,183,165,149,142,143,154,173,195,211,219,211,190,162,130,103
MA17,86/10/08,085,079,089,108,133,160,185,200,206,200,188,176,167,164,173,185,202,217,223,219,207,185,157,130
MA17,86/10/09,106,092,090,101,119,140,163,180,189,192,190,183,177,173,173,183,193,204,211,213,206,192,173,152
MA17,86/10/10,130,112,101,100,105,117,133,150,165,176,181,183,184,186,186,190,193,199,202,205,204,197,186,170
MA17,86/10/11,155,139,125,117,113,115,121,134,149,163,178,187,193,197,201,203,204,203,203,202,202,199,197,190
MA17,86/10/12,178,165,151,137,127,120,117,120,127,141,157,173,188,197,201,206,204,198,193,189,187,185,187,188
MA17,86/10/13,186,185,176,165,148,133,121,116,116,124,139,157,174,189,199,204,201,192,184,175,167,166,170,178
MA17,86/10/14,186,192,192,184,171,152,132,117,110,112,122,141,161,183,200,206,205,194,178,164,152,147,152,161
MA17,86/10/15,176,190,199,199,193,174,153,131,115,108,114,129,151,176,195,207,207,196,178,157,140,127,127,137
MA17,86/10/16,155,176,195,205,203,193,172,149,129,116,113,122,141,166,190,210,215,208,189,165,140,120,114,120
MA17,86/10/17,137,162,186,205,213,208,192,169,147,129,121,126,139,162,186,205,212,207,187,161,132,108,095,095
MA17,86/10/18,111,135,161,185,200,204,195,175,153,132,119,118,127,146,168,190,204,204,189,164,135,107,089,083
MA17,86/10/19,089,112,139,170,193,205,202,191,171,148,133,127,133,149,170,192,207,208,197,174,144,113,088,076
MA17,86/10/20,076,092,118,148,174,191,198,191,175,160,142,131,131,142,161,181,197,205,199,183,158,128,102,083
MA17,86/10/21,074,082,102,130,158,181,194,195,185,173,158,148,146,152,166,184,198,208,208,196,176,147,121,098
MA17,86/10/22,085,085,102,125,150,175,194,204,202,194,183,172,166,166,174,189,204,212,213,204,186,162,136,110
MA17,86/10/23,092,084,088,101,122,146,166,176,181,177,171,161,156,154,160,168,179,187,192,189,179,163,141,118
MA17,86/10/24,100,089,086,092,106,125,144,158,166,171,170,165,160,159,161,168,178,186,190,191,186,174,159,141
MA17,86/10/25,123,111,103,102,108,121,136,151,164,171,176,175,173,171,170,174,179,184,188,190,187,180,170,157
MA17,86/10/26,143,129,119,112,111,116,124,137,150,160,169,176,180,181,180,180,182,183,184,183,182,180,176,170
MA17,86/10/27,161,151,140,129,120,118,120,127,137,150,161,170,178,184,185,184,181,175,170,166,163,164,165,166
MA17,86/10/28,165,159,152,141,129,119,112,111,116,126,140,156,169,179,184,183,178,166,157,150,146,147,152,160
MA17,86/10/29,167,173,170,164,151,135,120,113,111,118,131,150,168,182,190,192,185,171,156,143,131,130,137,151
MA17,86/10/30,165,178,187,188,176,158,139,120,110,109,118,136,160,181,198,204,198,181,160,138,120,110,112,126
MA17,86/10/31,145,166,181,190,183,171,150,127,110,105,110,123,146,170,188,199,195,179,156,130,106,093,090,102
MA17,86/11/01,124,150,175,193,199,192,174,153,133,119,115,125,141,167,189,203,207,195,172,144,113,093,081,087
MA17,86/11/02,104,135,169,196,211,217,205,188,166,144,132,132,145,167,193,211,218,209,189,156,122,093,072,067
MA17,86/11/03,082,110,144,180,205,219,219,206,187,168,153,146,153,170,193,215,227,225,209,180,144,110,085,070
MA17,86/11/04,073,092,124,159,191,213,224,221,209,194,179,169,169,177,193,211,226,231,222,200,167,130,096,073
MA17,86/11/05,063,069,090,117,150,181,200,210,205,194,181,170,166,170,180,196,212,218,218,204,180,149,116,087
MA17,86/11/06,068,063,071,090,117,147,170,186,194,193,189,180,172,171,175,184,197,207,211,204,188,165,139,111
MA17,86/11/07,087,072,069,078,097,123,146,167,180,183,183,182,178,177,177,181,187,197,202,202,196,182,160,137
MA17,86/11/08,116,099,090,089,095,110,128,148,165,177,182,184,182,181,180,177,178,181,186,188,187,182,172,159
MA17,86/11/09,142,125,111,103,099,103,110,124,142,157,170,178,184,186,185,184,181,181,181,181,186,187,186,184
MA17,86/11/10,173,161,151,138,128,123,124,130,141,155,171,181,192,198,198,194,185,176,169,164,165,169,174,176
MA17,86/11/11,177,173,165,155,141,130,124,124,129,140,154,171,184,194,197,192,183,167,153,140,137,140,147,156
MA17,86/11/12,166,172,172,165,153,139,127,118,117,121,134,149,166,182,187,185,174,157,140,124,115,114,124,140
MA17,86/11/13,158,172,182,182,175,162,146,132,126,128,137,152,170,186,199,201,193,174,152,129,112,105,110,124
MA17,86/11/14,146,168,185,196,197,189,175,158,145,141,143,156,175,193,208,215,208,193,168,140,118,103,103,115
MA17,86/11/15,134,163,188,205,213,210,199,181,165,153,150,157,171,191,207,218,218,202,178,145,117,096,089,097
MA17,86/11/16,115,141,171,195,210,215,208,193,175,159,152,154,165,183,201,215,218,206,186,155,123,097,080,079
MA17,86/11/17,093,116,146,176,197,209,210,199,182,166,154,150,157,173,190,208,216,212,196,169,136,105,082,074
MA17,86/11/18,079,097,125,156,182,200,208,205,192,175,159,153,153,165,182,199,211,211,199,177,149,116,089,073
MA17,86/11/19,071,084,107,138,168,192,205,209,201,191,178,166,163,170,183,199,209,215,206,191,165,136,108,086
MA17,86/11/20,076,077,091,116,143,169,187,198,200,191,179,168,162,164,172,184,198,207,207,198,180,157,129,105
MA17,86/11/21,087,077,083,100,123,148,169,183,189,188,179,172,161,161,166,176,187,196,199,194,180,160,135,111
MA17,86/11/22,091,080,079,089,106,128,149,166,177,180,178,173,166,161,161,166,175,182,187,184,177,163,144,124
MA17,86/11/23,105,088,080,083,093,111,131,148,162,168,170,167,163,159,156,156,160,164,168,170,168,161,151,136
MA17,86/11/24,121,105,095,092,096,107,123,141,155,168,175,177,175,172,167,164,164,166,171,173,174,175,171,165
MA17,86/11/25,155,143,132,124,122,126,135,149,163,179,190,198,202,200,195,186,180,175,174,175,177,179,181,181
MA17,86/11/26,178,171,161,147,136,131,131,139,150,164,178,188,194,194,188,178,166,155,145,141,142,147,9999,9999
MA17,86/11/27,9999,9999,9999,9999,9999,9999,9999,9999,9999,9999,9999,162,184,189,188,180,166,149,132,120,116,120,131,147
MA17,86/11/28,163,175,180,175,166,153,139,130,129,136,151,168,186,198,201,196,181,161,138,118,108,108,120,137
MA17,86/11/29,160,183,199,204,200,190,174,159,149,149,159,175,191,207,215,214,200,176,149,119,098,087,090,107
MA17,86/11/30,133,160,188,205,211,206,192,176,160,152,153,165,183,201,216,219,211,191,160,127,096,079,075,084
MA17,86/12/01,108,140,175,203,221,224,217,203,185,169,162,166,180,199,217,227,225,207,181,143,107,077,059,060
MA17,86/12/02,076,106,142,177,205,220,223,216,200,182,168,164,170,185,205,219,224,216,193,158,119,085,058,046
MA17,86/12/03,052,072,106,142,178,205,219,222,216,204,189,180,180,190,205,221,234,234,222,197,162,126,092,069
MA17,86/12/04,062,069,092,124,160,194,219,229,229,224,213,201,196,197,207,224,237,244,240,224,197,165,128,097
MA17,86/12/05,078,073,080,101,131,161,191,209,217,219,211,199,189,186,189,199,212,221,224,218,201,175,143,113
MA17,86/12/06,088,075,071,081,104,128,158,180,195,202,199,191,181,174,173,179,187,198,205,206,198,183,163,138
MA17,86/12/07,115,098,088,089,101,120,144,167,185,200,9999,9999,9999,9999,9999,177,182,187,192,196,196,193,182,164
MA17,86/12/08,146,125,111,103,103,112,128,146,164,178,188,190,188,179,171,163,158,158,161,166,172,176,174,168
MA17,86/12/09,159,146,131,120,116,119,126,140,157,173,185,192,193,189,180,170,159,150,147,149,155,163,168,172
MA17,86/12/10,171,168,160,149,140,136,138,144,156,170,183,194,200,200,191,180,166,152,141,136,138,147,159,171
MA17,86/12/11,179,183,182,176,167,159,153,152,156,165,177,188,197,200,197,186,169,151,134,121,116,120,132,147
MA17,86/12/12,162,175,183,184,179,170,163,159,158,164,174,185,196,204,205,198,182,161,137,117,106,104,113,126
MA17,86/12/13,147,166,182,190,191,184,176,167,161,161,168,177,188,199,203,200,188,168,143,118,099,089,092,106
MA17,86/12/14,127,153,174,192,201,200,194,185,176,169,172,179,190,203,213,216,208,192,166,138,113,098,095,104
MA17,86/12/15,122,152,180,203,220,227,222,213,201,188,183,186,194,206,217,224,221,206,182,152,123,097,083,083
MA17,86/12/16,097,121,150,178,199,211,214,204,191,179,172,171,178,191,204,216,220,212,193,163,132,103,083,076
MA17,86/12/17,083,103,131,164,190,208,215,213,203,191,180,173,175,185,199,211,220,217,201,176,145,113,087,070
MA17,86/12/18,070,084,109,139,169,193,204,208,202,189,175,167,164,173,190,206,218,223,216,198,173,142,113,092
MA17,86/12/19,083,091,112,141,173,199,219,232,228,219,206,194,186,189,200,215,228,236,234,220,197,169,139,112
MA17,86/12/20,096,092,102,121,148,174,195,208,210,202,189,178,168,163,169,182,196,205,209,201,185,164,137,109
MA17,86/12/21,089,079,081,094,118,144,171,189,199,199,190,180,171,167,169,178,191,204,211,211,204,187,164,140
MA17,86/12/22,118,104,100,106,123,145,169,186,198,202,198,187,177,168,162,164,170,176,184,188,186,179,165,145
MA17,86/12/23,125,107,098,098,108,125,146,168,185,194,196,190,181,172,164,160,162,170,178,185,189,188,182,170
MA17,86/12/24,156,140,130,123,125,134,151,170,187,200,206,204,197,186,177,166,160,158,162,168,174,179,182,177
MA17,86/12/25,170,160,148,138,134,136,146,161,177,191,200,204,200,190,179,167,154,147,143,147,155,164,172,179
MA17,86/12/26,182,178,173,164,155,152,153,161,173,186,198,205,206,200,188,173,156,139,128,122,125,136,150,165
MA17,86/12/27,178,186,188,183,176,168,163,162,167,178,191,202,208,209,202,186,165,144,124,110,103,110,125,146
MA17,86/12/28,169,188,200,207,205,196,186,179,177,182,194,207,218,224,222,212,192,166,140,113,098,094,100,117
MA17,86/12/29,143,170,193,209,214,211,204,193,183,180,184,193,206,218,223,218,205,180,148,115,089,073,070,083
MA17,86/12/30,105,137,171,197,216,224,221,209,199,190,187,190,201,214,225,230,223,203,173,137,103,074,057,057
MA17,86/12/31,073,101,137,171,199,217,222,219,208,194,186,184,192,207,222,234,240,229,207,174,136,102,074,063
