MA17,90/01/01,091,085,092,110,138,166,194,210,218,212,201,184,170,162,162,174,190,204,214,215,206,187,161,135
MA17,90/01/02,110,097,096,107,126,151,177,198,210,210,202,186,170,158,153,158,167,181,195,203,204,196,180,158
MA17,90/01/03,138,120,114,118,128,148,175,195,211,218,214,201,185,168,156,152,156,165,179,189,196,197,190,178
MA17,90/01/04,161,145,135,130,136,148,166,185,199,210,209,202,188,170,153,142,136,139,146,156,168,175,180,177
MA17,90/01/05,169,159,149,143,144,149,160,175,189,201,206,203,194,178,161,143,132,124,124,130,142,154,165,173
MA17,90/01/06,175,174,170,164,162,163,168,177,188,199,208,210,206,196,180,163,143,127,118,114,119,132,145,160
MA17,90/01/07,172,180,185,182,180,176,176,177,182,188,194,200,201,196,186,168,146,123,101,086,083,087,101,121
MA17,90/01/08,141,161,174,183,184,182,179,174,172,174,180,186,192,195,192,180,159,135,106,083,069,064,071,089
MA17,90/01/09,114,141,165,183,194,195,191,184,177,174,176,181,190,201,204,203,190,167,139,106,080,063,060,069
MA17,90/01/10,092,120,153,180,198,206,208,202,190,182,180,182,193,204,218,225,224,210,183,152,118,091,075,073
MA17,90/01/11,086,112,143,176,201,216,220,215,204,189,178,173,176,188,203,215,221,214,193,162,124,090,066,052
MA17,90/01/12,054,074,104,140,171,194,206,206,196,184,171,163,166,175,193,212,226,229,219,197,167,133,100,078
MA17,90/01/13,073,081,107,141,174,202,220,226,219,203,187,172,164,169,181,200,217,226,224,208,185,152,119,092
MA17,90/01/14,077,078,092,120,150,181,203,211,209,197,180,161,150,150,157,175,197,212,218,214,197,174,143,114
MA17,90/01/15,095,084,094,113,137,169,195,206,208,200,182,166,149,141,145,159,173,190,204,206,199,183,160,135
MA17,90/01/16,115,102,104,116,138,164,190,207,214,209,197,179,160,149,149,152,164,179,194,200,199,192,176,157
MA17,90/01/17,138,126,122,127,141,161,183,200,208,206,196,179,160,145,135,135,142,154,166,174,178,178,170,158
MA17,90/01/18,145,134,128,131,139,153,172,190,200,203,195,183,167,150,137,131,131,135,145,154,162,167,167,163
MA17,90/01/19,156,148,9999,9999,9999,9999,9999,9999,9999,9999,9999,9999,9999,9999,147,138,131,130,131,138,145,155,159,163
MA17,90/01/20,164,163,161,160,161,166,173,182,189,195,195,190,179,167,155,141,131,124,121,121,125,133,141,149
MA17,90/01/21,158,164,165,166,167,169,171,177,183,188,190,190,185,180,168,158,144,130,120,114,115,121,128,142
MA17,90/01/22,155,166,177,181,184,184,184,185,186,189,193,196,196,195,188,178,164,148,129,115,108,108,114,127
MA17,90/01/23,145,165,180,193,197,198,196,191,186,186,187,190,195,198,197,192,180,161,140,120,105,098,101,112
MA17,90/01/24,130,153,176,193,204,208,205,199,191,186,186,189,196,204,209,208,198,180,155,130,108,092,086,094
MA17,90/01/25,110,135,162,185,199,205,203,195,183,174,168,170,176,188,200,205,202,189,164,137,106,083,069,069
MA17,90/01/26,082,106,135,164,187,200,203,196,183,170,160,156,162,175,191,204,209,202,183,155,122,091,069,060
MA17,90/01/27,067,087,116,148,176,195,202,197,185,169,154,145,146,158,175,193,205,208,194,171,139,104,076,058
MA17,90/01/28,056,068,094,124,157,182,196,196,185,167,150,136,128,136,153,173,193,204,201,184,157,124,092,068
MA17,90/01/29,058,064,084,114,146,177,197,206,199,182,162,143,134,136,151,172,196,215,224,216,200,171,139,112
MA17,90/01/30,094,093,102,123,151,181,204,216,214,198,176,154,135,127,131,147,168,189,202,204,196,176,150,122
MA17,90/01/31,100,091,095,110,135,161,186,200,203,194,175,152,128,115,113,122,141,162,181,192,194,186,168,146
MA17,90/02/01,128,117,115,124,142,164,187,203,210,204,190,168,142,124,113,115,124,140,158,174,183,184,176,162
MA17,90/02/02,148,136,130,133,143,159,177,190,198,197,187,170,147,125,110,101,103,110,123,138,151,158,162,160
MA17,90/02/03,153,146,142,142,147,157,170,184,193,196,192,182,164,145,127,111,103,103,108,120,132,145,156,162
MA17,90/02/04,166,166,166,165,167,171,178,187,192,196,196,188,178,163,146,129,113,102,096,096,103,115,128,141
MA17,90/02/05,154,163,170,172,172,173,175,177,181,184,186,184,180,171,159,143,125,106,090,080,076,081,093,112
MA17,90/02/06,130,148,162,170,174,174,172,170,168,169,171,174,177,178,174,164,147,126,103,084,073,068,074,090
MA17,90/02/07,112,137,158,174,184,186,183,175,168,163,163,168,176,184,188,187,177,157,131,104,081,065,063,072
MA17,90/02/08,093,120,148,171,186,193,189,181,169,159,155,157,168,179,192,197,195,183,159,130,100,075,062,063
MA17,90/02/09,076,102,134,161,183,193,193,185,170,155,145,143,149,163,179,194,200,195,176,147,113,081,060,052
MA17,90/02/10,058,080,110,141,167,184,189,183,167,149,134,127,130,144,165,186,200,205,195,175,146,113,086,069
MA17,90/02/11,070,084,113,144,172,195,205,203,188,167,148,134,132,142,163,185,205,218,215,201,176,145,114,092
MA17,90/02/12,083,091,111,139,168,194,207,207,194,174,151,133,124,127,142,164,187,203,209,204,186,160,130,105
MA17,90/02/13,089,088,103,125,153,178,194,196,190,170,146,126,112,109,118,135,158,178,191,194,186,167,144,121
MA17,90/02/14,104,101,109,127,152,174,192,198,193,176,154,131,113,104,106,118,139,159,173,182,179,169,152,134
MA17,90/02/15,118,111,115,128,147,169,186,197,197,184,164,142,122,109,107,115,130,146,163,174,179,174,163,149
MA17,90/02/16,138,129,130,139,152,171,189,200,202,194,178,158,138,122,112,113,120,133,146,158,167,168,165,157
MA17,90/02/17,148,142,140,146,155,168,181,191,194,189,176,161,144,125,114,108,109,116,125,136,144,150,152,151
MA17,90/02/18,149,146,146,147,154,163,171,179,183,182,174,163,149,133,120,110,105,104,107,113,121,128,136,141
MA17,90/02/19,145,148,149,151,154,159,164,169,173,174,171,164,154,143,130,120,111,104,100,102,105,113,122,134
MA17,90/02/20,145,155,162,167,169,171,173,175,176,178,179,178,176,170,163,152,140,126,114,106,103,107,115,128
MA17,90/02/21,143,160,171,178,182,181,178,174,170,168,170,171,174,173,170,163,149,133,114,098,088,084,089,102
MA17,90/02/22,119,141,160,172,180,181,177,168,160,155,155,160,167,174,178,176,168,150,128,106,086,074,073,085
MA17,90/02/23,104,128,155,174,187,192,186,174,161,150,146,150,159,173,185,190,187,174,151,126,098,080,072,077
MA17,90/02/24,094,121,152,179,197,207,205,193,176,159,151,151,161,177,194,208,214,205,184,155,125,097,078,074
MA17,90/02/25,084,107,137,168,191,202,202,189,170,148,132,127,134,152,175,199,211,211,198,174,142,110,086,075
MA17,90/02/26,078,097,125,157,185,204,207,197,176,151,129,115,116,130,155,180,202,213,208,193,168,133,105,086
MA17,90/02/27,081,092,115,146,174,197,208,200,181,157,129,109,100,106,124,153,180,200,208,201,180,152,123,100
MA17,90/02/28,089,093,108,134,165,189,201,200,186,161,130,104,088,086,099,123,151,177,195,199,190,169,146,125
MA17,90/03/01,108,104,116,136,162,186,203,205,196,174,148,120,098,087,092,107,132,159,181,195,196,185,171,152
MA17,90/03/02,140,134,138,150,172,193,208,216,211,195,170,142,115,098,092,098,114,135,157,173,184,183,176,165
MA17,90/03/03,155,150,149,157,170,186,201,210,211,199,180,160,135,114,100,096,102,118,136,152,169,178,182,181
MA17,90/03/04,178,174,175,179,187,199,210,219,221,216,204,187,167,145,128,118,113,114,122,135,150,162,172,177
MA17,90/03/05,181,184,186,189,192,197,203,207,211,209,204,197,185,169,152,138,126,119,116,119,127,140,154,166
MA17,90/03/06,177,187,193,196,198,200,201,200,200,199,199,198,194,185,175,161,145,130,117,109,109,114,125,142
MA17,90/03/07,159,176,189,196,199,197,194,190,185,184,186,189,194,196,195,188,172,152,132,115,103,102,108,122
MA17,90/03/08,143,166,185,197,201,200,190,181,171,164,164,168,178,188,194,194,184,166,141,117,096,083,082,092
MA17,90/03/09,113,138,164,182,189,190,183,168,153,142,136,142,154,169,184,193,192,180,158,132,106,086,077,083
MA17,90/03/10,100,126,154,177,189,191,184,168,148,131,121,122,132,152,172,190,199,194,177,152,122,096,080,079
MA17,90/03/11,091,115,142,170,188,197,192,176,154,133,117,112,121,139,165,188,204,209,199,178,151,124,103,093
MA17,90/03/12,100,118,147,177,200,213,212,200,179,156,135,123,126,140,166,192,215,228,225,212,185,156,131,115
MA17,90/03/13,113,126,149,173,195,210,211,200,177,148,124,107,103,112,131,157,183,202,208,200,181,156,133,115
MA17,90/03/14,107,116,132,156,178,196,203,192,173,146,118,099,089,091,106,131,157,180,192,193,184,166,145,128
MA17,90/03/15,118,122,136,159,182,201,212,209,195,172,144,122,107,104,112,131,156,178,195,201,198,185,166,150
MA17,90/03/16,139,135,143,158,176,194,204,204,192,171,146,121,102,092,094,108,127,149,168,181,184,180,168,155
MA17,90/03/17,144,140,144,154,170,186,197,201,194,177,156,133,113,098,093,101,114,132,151,165,172,174,171,162
MA17,90/03/18,155,150,150,157,168,182,195,200,197,185,169,149,130,116,107,108,114,126,142,157,166,173,174,173
MA17,90/03/19,168,167,167,169,176,182,191,197,195,189,177,160,143,129,116,110,110,116,124,135,146,156,163,168
MA17,90/03/20,170,173,175,176,178,182,188,192,192,190,184,174,161,149,137,127,121,117,119,123,130,140,148,158
MA17,90/03/21,166,173,177,178,178,177,178,178,177,177,176,173,168,160,148,137,125,115,106,102,105,112,123,137
MA17,90/03/22,151,163,173,178,178,174,170,166,164,164,165,168,170,170,166,156,144,129,114,103,098,102,112,127
MA17,90/03/23,147,165,181,190,190,185,176,166,157,153,156,163,173,180,183,179,168,152,131,112,097,092,098,113
MA17,90/03/24,136,160,182,197,202,197,185,170,157,148,149,159,174,190,203,208,202,186,164,140,119,103,102,110
MA17,90/03/25,130,157,183,203,210,206,193,170,148,132,125,132,147,170,192,205,207,198,178,150,121,099,087,091
MA17,90/03/26,109,136,164,188,204,204,193,171,145,121,107,107,124,148,176,201,215,214,200,176,146,118,098,095
MA17,90/03/27,105,128,158,186,204,210,202,180,150,118,095,086,094,117,147,181,207,220,216,199,173,143,120,106
MA17,90/03/28,108,125,151,180,204,216,213,194,165,130,099,078,076,089,118,152,185,208,217,212,196,173,150,131
MA17,90/03/29,127,138,157,183,208,226,230,218,193,156,120,092,080,080,099,129,164,194,214,220,214,197,176,158
MA17,90/03/30,147,149,161,180,200,215,225,216,197,165,130,100,076,068,076,096,124,156,181,195,200,194,181,164
MA17,90/03/31,155,153,158,171,188,206,217,217,206,185,155,126,100,084,081,093,113,138,164,186,198,200,197,190
MA17,90/04/01,182,179,179,186,198,209,218,222,216,202,181,154,128,107,094,093,101,116,136,154,169,180,185,185
MA17,90/04/02,183,181,180,183,189,198,206,209,206,200,187,170,150,129,113,103,101,105,115,128,144,160,169,176
MA17,90/04/03,180,181,182,182,182,185,188,190,192,191,186,179,167,154,138,125,115,110,109,114,124,139,153,166
MA17,90/04/04,178,186,188,190,190,189,188,187,186,188,190,191,190,184,176,166,152,142,136,132,135,145,158,174
MA17,90/04/05,190,201,207,208,205,198,190,181,176,177,179,185,190,193,191,182,167,152,134,121,115,118,128,144
MA17,90/04/06,164,179,192,197,194,185,173,161,153,150,153,163,176,187,193,192,182,166,145,126,112,108,114,127
MA17,90/04/07,147,169,186,195,195,186,170,153,137,128,128,139,154,170,186,194,193,182,162,140,122,112,112,124
MA17,90/04/08,142,166,188,204,208,202,186,167,146,132,129,136,153,170,192,209,216,210,196,173,148,129,120,123
MA17,90/04/09,137,160,183,201,208,204,186,164,137,114,103,104,117,139,166,190,207,210,202,183,161,138,126,123
MA17,90/04/10,134,154,175,196,208,208,195,172,144,116,094,089,097,116,143,170,192,204,202,188,169,146,129,122
MA17,90/04/11,127,144,164,186,200,205,194,172,143,113,090,078,080,094,118,148,173,190,198,191,174,154,135,124
MA17,90/04/12,124,135,152,173,189,197,194,177,151,121,093,076,072,080,101,130,157,181,195,196,188,172,155,140
MA17,90/04/13,136,141,156,175,192,204,204,192,170,142,114,091,080,083,097,122,149,173,193,202,199,190,174,161
MA17,90/04/14,153,155,167,183,199,212,215,207,190,165,139,115,097,093,101,119,143,167,188,200,203,198,187,177
MA17,90/04/15,166,165,169,181,195,207,216,212,200,180,156,131,111,100,100,109,128,150,170,184,192,192,184,177
MA17,90/04/16,170,165,168,174,184,196,204,205,197,183,162,142,120,104,099,103,114,131,149,164,174,182,183,180
MA17,90/04/17,177,174,172,174,180,188,195,198,194,186,172,154,136,120,111,108,112,121,136,149,163,174,181,183
MA17,90/04/18,183,183,181,180,181,184,186,189,190,184,176,166,152,138,126,116,112,114,120,128,140,152,163,170
MA17,90/04/19,176,178,178,176,174,171,171,170,171,172,170,167,159,150,140,129,119,112,112,115,121,135,148,160
MA17,90/04/20,173,180,184,181,175,168,161,158,156,158,162,166,168,166,158,148,134,124,117,113,115,122,136,154
MA17,90/04/21,170,185,192,192,185,173,161,151,144,146,154,165,176,183,186,180,169,153,136,122,118,120,132,150
MA17,90/04/22,169,188,202,204,198,182,163,146,133,130,136,151,171,189,200,203,198,183,163,144,129,125,131,147
MA17,90/04/23,170,193,212,222,218,205,182,159,138,126,129,142,165,192,214,230,230,219,196,171,149,133,129,138
MA17,90/04/24,158,184,206,219,221,210,184,154,122,100,093,100,120,149,178,204,217,217,203,181,158,136,125,125
MA17,90/04/25,138,160,183,202,208,201,179,147,110,080,061,057,072,098,132,166,192,206,205,192,172,151,134,131
MA17,90/04/26,138,156,178,200,212,212,197,170,130,094,064,049,052,071,102,138,174,198,208,206,192,174,158,147
MA17,90/04/27,146,156,174,193,207,214,207,186,152,114,080,055,043,051,072,103,138,170,190,198,193,181,167,154
MA17,90/04/28,149,152,164,181,197,207,207,194,171,137,101,071,052,048,059,081,112,144,170,186,191,187,178,168
MA17,90/04/29,163,162,169,177,192,203,209,206,192,166,139,108,083,070,069,081,099,125,150,169,182,185,182,175
MA17,90/04/30,168,164,165,171,180,190,198,199,193,176,155,132,107,089,079,079,090,109,131,151,167,179,183,182
MA17,90/05/01,178,175,172,174,178,185,192,195,193,187,174,159,138,119,103,096,096,102,118,135,152,166,175,178
MA17,90/05/02,178,177,173,173,170,172,176,180,182,182,177,170,159,144,131,118,111,110,115,126,141,157,169,177
MA17,90/05/03,182,182,179,175,170,167,163,164,168,169,172,173,171,164,152,141,130,122,120,123,132,145,160,172
MA17,90/05/04,181,185,183,180,171,162,155,150,150,154,160,168,175,176,173,164,152,142,131,127,130,139,153,167
MA17,90/05/05,182,191,194,192,182,169,157,146,141,141,148,159,171,180,185,183,174,161,147,136,132,136,144,158
MA17,90/05/06,173,186,189,187,177,161,143,126,112,107,112,124,141,158,172,177,174,166,152,139,128,127,132,145
MA17,90/05/07,159,176,185,188,180,164,144,123,106,095,096,107,124,147,168,183,186,181,170,155,141,135,137,145
MA17,90/05/08,162,180,194,199,198,183,160,137,115,099,095,101,120,143,167,188,200,201,195,180,165,153,147,151
MA17,90/05/09,161,177,193,201,201,190,170,143,117,093,082,082,094,117,143,169,188,195,193,183,167,154,145,143
MA17,90/05/10,152,167,183,195,200,194,178,152,122,097,079,073,081,099,125,155,179,193,197,191,179,165,153,146
MA17,90/05/11,150,162,178,192,200,199,185,164,136,106,084,072,073,087,110,138,164,184,195,195,187,173,160,152
MA17,90/05/12,152,160,173,189,201,205,197,178,154,124,099,081,072,078,095,122,149,173,190,197,194,185,174,162
MA17,90/05/13,158,160,171,183,194,202,202,191,169,142,115,091,079,077,087,108,134,160,183,193,197,193,182,172
MA17,90/05/14,166,165,171,182,194,204,208,201,185,161,136,113,094,086,092,103,127,150,173,188,197,199,193,184
MA17,90/05/15,178,172,173,180,190,201,208,207,199,178,154,133,113,098,092,100,112,132,153,170,182,188,188,182
MA17,90/05/16,174,169,166,168,174,181,190,191,187,176,160,141,121,105,097,095,102,115,132,150,165,177,181,179
MA17,90/05/17,175,170,163,161,162,166,170,175,178,173,165,154,138,123,111,104,103,109,120,135,151,166,175,179
MA17,90/05/18,178,176,168,162,158,156,156,160,165,167,168,164,157,146,132,121,114,111,116,126,140,157,172,183
MA17,90/05/19,187,188,181,172,162,153,148,149,154,160,167,174,176,172,162,152,139,132,127,129,138,152,168,181
MA17,90/05/20,191,195,190,178,164,147,135,129,129,136,148,162,174,178,178,170,158,146,134,129,132,142,157,174
MA17,90/05/21,189,200,200,192,175,155,134,119,112,116,129,148,168,186,196,197,190,175,160,149,145,149,159,174
MA17,90/05/22,191,205,211,206,190,165,139,116,098,094,103,122,149,173,194,204,206,198,184,168,157,153,156,168
MA17,90/05/23,184,199,209,209,199,176,144,115,088,072,071,084,108,140,170,193,205,206,196,181,167,156,152,159
MA17,90/05/24,170,186,200,207,205,188,159,124,092,067,054,058,076,107,142,174,197,209,209,200,186,173,162,162
MA17,90/05/25,172,185,202,214,218,208,186,155,117,085,059,051,057,079,112,146,176,199,208,207,198,185,172,165
MA17,90/05/26,166,175,190,204,213,213,199,174,140,101,071,050,044,054,076,108,144,173,192,199,196,186,174,164
MA17,90/05/27,160,163,176,191,202,209,204,188,161,128,094,066,050,048,059,083,115,148,172,186,191,186,176,165
MA17,90/05/28,157,158,163,174,188,197,200,195,178,153,122,094,070,058,059,073,097,123,152,171,180,182,177,166
MA17,90/05/29,157,152,153,160,169,181,189,190,184,168,146,120,097,080,072,075,090,110,136,157,174,182,181,174
MA17,90/05/30,165,159,153,153,158,166,174,180,180,174,161,143,124,105,093,089,094,107,125,146,164,176,178,178
MA17,90/05/31,172,163,153,148,146,150,156,162,167,167,166,156,141,126,114,105,102,109,121,137,154,168,177,180
MA17,90/06/01,176,170,158,150,142,140,140,144,150,155,160,160,157,149,139,128,123,123,126,138,152,167,178,185
MA17,90/06/02,185,180,171,161,150,142,140,140,143,151,158,165,171,171,167,160,152,146,143,147,156,169,180,189
MA17,90/06/03,193,191,184,171,155,140,130,122,122,128,137,150,160,170,173,169,163,155,149,147,150,160,172,183
MA17,90/06/04,191,194,190,179,164,148,131,118,113,113,124,140,157,172,182,187,184,178,172,164,160,167,176,185
MA17,90/06/05,197,202,204,197,183,164,142,124,111,105,111,125,147,167,182,194,197,193,183,174,166,164,168,177
MA17,90/06/06,186,197,201,198,186,167,145,120,099,089,087,100,120,143,165,184,194,195,188,176,164,157,156,162
MA17,90/06/07,174,186,196,199,192,177,153,124,100,082,075,080,098,121,148,174,190,197,196,188,176,165,160,160
MA17,90/06/08,168,181,193,202,201,189,168,143,114,090,077,074,085,107,134,163,186,199,202,197,186,174,165,162
MA17,90/06/09,169,180,195,206,211,207,191,167,139,111,089,081,084,101,126,156,182,201,211,210,200,187,176,167
MA17,90/06/10,167,176,187,202,213,212,203,181,153,122,095,078,073,083,103,130,159,183,199,204,198,188,175,163
MA17,90/06/11,160,164,174,187,201,207,203,190,165,135,109,085,074,075,088,112,140,166,186,198,198,192,181,170
MA17,90/06/12,161,162,169,181,195,205,208,199,181,157,129,104,089,083,089,107,132,159,182,196,203,202,192,182
MA17,90/06/13,170,164,166,174,186,200,209,207,196,177,153,127,107,093,091,101,119,142,166,185,197,199,194,184
MA17,90/06/14,172,163,161,163,170,182,192,197,193,182,164,143,122,108,100,102,113,134,155,174,190,197,196,189
MA17,90/06/15,179,168,159,155,158,165,177,183,189,186,177,163,147,130,117,115,119,130,147,167,183,197,200,197
MA17,90/06/16,188,176,163,154,149,152,161,170,181,186,185,180,169,155,142,133,129,134,145,160,176,192,201,201
MA17,90/06/17,196,186,169,154,142,135,135,142,150,162,171,175,174,168,158,149,140,139,142,152,163,177,189,195
MA17,90/06/18,195,188,176,157,138,125,115,114,121,133,149,164,173,176,174,169,161,155,152,154,162,173,187,196
MA17,90/06/19,202,200,188,171,149,127,110,101,101,110,125,147,167,181,189,189,184,178,171,167,169,175,183,195
MA17,90/06/20,205,210,206,192,171,145,120,100,088,088,100,121,147,168,189,200,200,196,188,181,177,177,180,190
MA17,90/06/21,201,210,212,205,190,165,135,105,084,072,075,090,116,146,174,196,206,209,205,196,187,181,180,186
MA17,90/06/22,194,206,215,216,211,191,163,127,095,072,061,065,086,116,150,180,200,211,212,205,194,182,173,172
MA17,90/06/23,181,193,208,214,215,204,179,145,110,076,053,046,054,078,111,146,176,195,203,200,192,181,167,163
MA17,90/06/24,167,177,192,205,217,216,202,177,142,107,077,056,052,065,089,122,156,186,204,209,205,194,181,170
MA17,90/06/25,166,170,182,197,212,223,220,204,177,143,108,081,066,066,083,109,141,172,196,207,208,200,185,172
MA17,90/06/26,161,159,167,182,199,214,220,214,197,171,138,110,088,078,082,101,130,159,187,204,212,208,195,180
MA17,90/06/27,168,162,163,172,185,201,211,214,207,190,168,141,117,102,098,107,125,148,173,194,206,207,199,186
MA17,90/06/28,171,160,155,157,165,179,191,200,200,194,180,162,142,123,112,113,123,141,162,181,195,200,197,186
MA17,90/06/29,171,158,147,143,146,155,168,177,184,184,179,169,155,141,131,126,130,142,9999,9999,9999,9999,9999,9999
MA17,90/06/30,9999,9999,150,140,136,138,144,154,163,170,172,171,165,157,147,141,141,146,157,171,183,196,200,197
MA17,90/07/01,190,176,163,148,139,135,135,140,149,157,166,172,174,171,167,163,158,158,163,171,184,195,202,203
MA17,90/07/02,199,188,175,160,146,134,126,127,130,139,152,163,172,177,179,178,176,173,173,177,183,190,199,204
MA17,90/07/03,204,199,189,174,157,142,130,121,121,126,136,151,166,178,186,190,189,187,183,181,183,188,196,201
MA17,90/07/04,206,206,201,189,173,155,137,122,114,114,121,136,153,172,187,197,201,201,197,191,188,188,193,200
MA17,90/07/05,208,213,213,205,192,175,152,132,115,107,110,122,141,161,182,199,207,208,205,197,189,183,184,188
MA17,90/07/06,196,206,211,209,202,186,162,137,114,101,096,103,121,142,169,190,204,212,212,203,194,184,179,181
MA17,90/07/07,188,200,209,214,212,200,179,152,123,101,090,090,102,124,151,177,196,208,209,203,193,183,175,170
MA17,90/07/08,174,186,201,210,215,208,190,164,135,108,087,080,086,104,130,160,184,201,209,208,198,185,174,169
MA17,90/07/09,170,177,191,205,215,215,201,181,150,118,091,074,072,086,109,139,167,190,205,207,202,188,175,164
MA17,90/07/10,159,165,180,194,210,217,212,197,171,140,110,088,079,085,102,130,160,186,203,211,207,196,181,167
MA17,90/07/11,158,160,169,184,200,214,219,209,190,163,134,109,093,089,100,123,150,176,198,210,210,201,187,171
MA17,90/07/12,156,152,158,170,187,206,215,216,204,184,157,132,111,101,104,118,140,167,191,209,215,211,198,183
MA17,90/07/13,167,157,155,160,175,193,208,215,214,202,181,158,138,121,116,125,140,163,187,204,214,215,205,190
MA17,90/07/14,170,155,145,145,152,166,183,193,198,196,184,167,148,135,127,127,138,154,173,192,205,212,206,194
MA17,90/07/15,175,157,141,133,134,143,155,170,183,190,187,180,169,157,147,145,148,158,172,187,200,209,210,201
MA17,90/07/16,187,167,148,133,124,124,131,144,158,170,178,181,179,174,167,163,161,166,175,184,196,206,210,207
MA17,90/07/17,198,183,164,144,127,118,114,120,131,144,158,170,179,183,183,180,178,176,178,183,191,200,208,210
MA17,90/07/18,206,199,180,160,141,121,107,102,105,115,132,150,168,183,191,195,194,192,191,188,190,195,200,207
MA17,90/07/19,210,208,200,184,162,138,114,097,089,091,102,122,145,169,187,198,203,202,198,192,187,186,189,195
MA17,90/07/20,204,209,210,202,184,160,133,104,083,072,073,086,112,139,166,188,201,205,201,193,185,179,176,181
MA17,90/07/21,190,202,211,211,204,187,159,126,096,075,064,072,089,116,150,177,197,207,207,202,190,179,172,172
MA17,90/07/22,181,195,210,224,225,214,190,160,125,093,071,065,076,100,130,165,190,207,214,209,196,182,169,162
MA17,90/07/23,167,177,195,210,220,222,210,184,150,115,085,068,069,081,110,143,174,199,212,213,204,189,171,161
MA17,90/07/24,156,163,180,200,217,228,227,210,182,149,117,093,081,084,105,135,167,192,210,212,205,191,173,156
MA17,90/07/25,147,148,159,180,200,217,224,217,199,172,142,116,099,094,104,127,157,183,205,215,212,199,181,160
MA17,90/07/26,146,143,150,162,182,202,213,217,209,190,167,141,121,111,114,130,152,177,203,216,218,209,192,172
MA17,90/07/27,152,140,138,146,160,177,194,203,204,193,176,156,136,123,122,131,147,170,190,205,210,206,193,173
MA17,90/07/28,153,138,131,129,139,153,168,183,189,187,179,166,151,141,134,139,150,167,187,201,208,208,196,180
MA17,90/07/29,162,146,133,127,128,136,149,162,172,177,177,170,162,155,150,150,156,169,184,197,206,209,202,190
MA17,90/07/30,175,159,144,134,129,131,138,146,156,165,169,171,170,168,166,165,168,173,184,194,203,206,205,199
MA17,90/07/31,186,172,157,142,132,129,129,133,140,149,159,165,172,174,175,176,176,178,184,189,196,201,204,200
MA17,90/08/01,194,183,170,157,143,131,126,124,129,135,145,157,169,178,185,188,188,188,189,190,193,195,198,199
MA17,90/08/02,198,194,184,171,156,141,128,118,114,118,127,142,160,174,187,194,198,196,192,188,187,189,190,194
MA17,90/08/03,197,199,196,186,175,156,136,119,108,104,111,123,142,163,182,195,203,206,203,196,189,187,190,194
MA17,90/08/04,201,208,212,209,199,180,159,136,117,108,108,117,136,160,185,202,214,218,213,203,194,188,187,191
MA17,90/08/05,200,210,220,224,219,202,180,154,129,111,101,107,121,149,177,203,219,227,228,220,206,192,182,183
MA17,90/08/06,192,206,223,235,235,224,204,179,149,123,104,101,112,135,162,191,212,228,233,225,211,195,181,175
MA17,90/08/07,181,196,216,234,241,239,224,200,168,138,116,102,104,123,151,181,208,226,234,229,215,196,176,162
MA17,90/08/08,163,175,196,219,235,243,236,217,188,155,128,109,100,110,135,166,196,217,228,227,215,195,172,154
MA17,90/08/09,144,151,169,194,215,229,230,220,199,170,140,113,099,100,119,147,177,203,223,231,224,209,187,165
MA17,90/08/10,150,149,158,181,208,232,246,246,232,210,183,154,136,130,138,157,182,207,227,238,232,216,192,166
MA17,90/08/11,141,128,133,144,171,194,212,220,216,201,181,160,142,131,134,147,167,191,211,222,222,209,188,164
MA17,90/08/12,138,123,117,123,139,163,185,201,209,204,191,176,158,149,145,153,167,186,205,217,222,218,204,182
MA17,90/08/13,158,136,120,118,123,137,156,175,187,191,190,184,178,172,167,169,178,193,207,220,225,224,216,198
MA17,90/08/14,177,157,138,126,121,126,138,154,167,177,184,190,189,187,183,183,185,191,202,211,219,225,220,209
MA17,90/08/15,192,174,154,135,120,113,114,124,136,150,164,174,181,187,190,192,194,195,197,203,208,211,216,214
MA17,90/08/16,205,194,175,157,137,120,111,107,111,122,138,155,172,186,197,204,205,203,198,198,199,204,208,213
MA17,90/08/17,215,212,202,185,166,145,125,109,101,102,115,134,157,179,197,208,213,210,207,200,196,195,198,205
MA17,90/08/18,213,220,220,212,197,176,147,124,105,096,100,115,138,164,188,204,214,216,210,201,190,181,181,186
MA17,90/08/19,198,212,219,222,216,198,170,142,112,094,088,095,117,146,172,198,212,216,210,200,187,176,170,174
MA17,90/08/20,184,200,217,230,230,221,199,171,140,112,094,091,103,130,162,191,213,223,220,207,190,173,162,158
MA17,90/08/21,165,182,201,222,233,233,217,192,161,131,108,097,100,119,148,178,204,217,219,209,191,173,153,144
MA17,90/08/22,146,156,180,204,225,235,229,212,185,154,127,108,107,119,143,172,200,220,228,219,201,177,155,140
MA17,90/08/23,134,141,158,184,208,224,230,222,202,175,148,126,118,123,139,163,194,215,228,225,208,186,163,142
MA17,90/08/24,131,132,142,161,185,206,219,219,207,188,165,144,132,132,141,162,186,208,223,224,214,193,169,145
MA17,90/08/25,128,122,126,140,160,183,202,207,202,190,173,157,145,141,147,160,180,200,214,219,213,199,177,154
MA17,90/08/26,137,124,122,131,147,166,185,196,199,193,183,170,158,153,155,166,181,199,213,219,220,209,189,167
MA17,90/08/27,144,128,124,126,136,150,166,180,187,188,183,175,166,161,163,168,178,190,203,212,213,206,192,174
MA17,90/08/28,156,139,128,124,124,131,144,156,166,171,173,173,170,169,168,170,177,184,192,200,203,203,195,182
MA17,90/08/29,168,152,140,131,124,125,129,138,148,158,165,170,174,175,177,180,183,186,188,193,197,197,195,190
MA17,90/08/30,180,167,158,145,135,128,126,128,133,142,154,164,174,183,188,190,192,192,191,192,193,194,192,192
MA17,90/08/31,191,186,176,163,148,138,126,122,121,126,138,152,166,181,192,197,199,198,191,185,182,182,183,188
MA17,90/09/01,193,193,187,178,164,146,128,115,108,107,114,130,148,168,185,197,200,198,189,178,170,166,167,175
MA17,90/09/02,187,196,198,197,184,166,144,126,109,101,104,117,137,161,182,200,205,205,197,184,172,163,160,165
MA17,90/09/03,179,194,205,211,206,188,167,142,118,103,098,105,125,151,178,200,211,213,204,189,173,158,151,155
MA17,90/09/04,166,187,204,217,218,206,186,159,130,108,096,099,113,138,166,192,212,217,208,193,172,150,136,135
MA17,90/09/05,144,166,189,209,220,216,201,173,145,118,097,089,097,120,151,180,204,216,211,197,177,152,131,125
MA17,90/09/06,130,148,175,202,222,228,221,202,173,143,120,107,109,125,153,183,208,223,222,208,184,158,133,119
MA17,90/09/07,114,129,154,187,213,228,228,215,193,165,140,121,116,127,150,175,202,221,223,214,192,165,138,113
MA17,90/09/08,103,110,131,159,188,211,223,220,207,186,163,143,133,136,150,174,200,220,228,223,206,180,150,124
MA17,90/09/09,105,102,112,135,163,189,208,216,210,196,182,166,154,152,162,181,202,221,233,232,220,200,172,145
MA17,90/09/10,122,110,110,121,142,167,190,203,206,203,192,182,172,169,173,184,199,216,229,232,228,212,191,167
MA17,90/09/11,142,122,113,114,124,142,164,181,191,197,196,191,185,183,185,190,199,212,222,230,229,220,205,186
MA17,90/09/12,164,144,128,119,118,127,142,158,173,183,189,192,192,192,195,198,201,207,212,218,221,219,213,202
MA17,90/09/13,185,166,146,131,121,117,119,126,138,153,165,176,185,190,194,197,198,198,198,198,199,200,198,195
MA17,90/09/14,188,177,162,145,131,116,108,106,109,120,137,152,166,179,187,192,191,189,184,181,181,182,186,191
MA17,90/09/15,196,195,190,179,162,145,127,114,109,112,124,142,163,184,197,203,202,196,187,177,172,170,173,180
MA17,90/09/16,189,198,199,194,181,160,136,115,101,096,100,115,137,161,184,194,197,190,176,164,152,146,149,156
MA17,90/09/17,169,187,198,204,198,183,160,133,110,098,097,106,128,154,179,199,208,206,192,173,155,142,136,142
MA17,90/09/18,156,178,200,214,216,206,188,162,134,113,107,110,127,153,179,202,217,216,204,183,160,142,130,130
MA17,90/09/19,142,164,190,210,224,223,211,189,161,135,117,115,125,147,174,202,223,227,219,197,172,150,133,130
MA17,90/09/20,138,157,183,209,229,238,232,213,187,161,138,128,133,146,169,195,219,227,218,198,171,140,119,105
MA17,90/09/21,105,118,141,168,192,207,208,200,182,159,137,122,121,131,151,177,198,207,207,194,171,143,116,100
MA17,90/09/22,096,105,124,148,174,194,203,202,189,170,152,139,133,142,157,178,200,212,212,203,184,157,131,109
MA17,90/09/23,099,097,109,132,157,180,198,203,196,183,166,152,145,146,158,176,193,210,218,212,198,175,150,124
MA17,90/09/24,108,103,108,124,144,166,187,196,195,187,178,165,158,157,161,174,190,206,216,216,205,188,166,144
MA17,90/09/25,126,115,113,120,134,155,173,187,193,193,188,181,174,170,172,179,190,202,208,211,208,196,178,157
MA17,90/09/26,137,122,114,115,122,134,151,165,175,180,181,180,176,173,171,175,183,189,195,200,200,192,179,167
MA17,90/09/27,148,133,124,120,122,129,139,150,160,168,173,176,175,177,177,179,184,190,194,195,198,196,190,180
MA17,90/09/28,168,157,146,137,132,132,135,142,153,163,173,181,189,192,194,195,195,193,193,194,194,195,195,191
MA17,90/09/29,186,178,168,157,148,139,134,135,138,147,161,174,187,195,200,202,199,194,188,182,181,184,188,191
MA17,90/09/30,192,191,185,175,164,148,134,127,125,133,145,163,183,196,210,216,215,207,196,184,176,173,178,186
MA17,90/10/01,198,204,206,201,187,170,152,135,124,123,133,150,172,194,209,217,216,204,188,171,156,150,154,169
MA17,90/10/02,184,199,208,211,202,186,163,141,124,113,116,131,152,177,197,209,211,203,187,167,147,134,134,147
MA17,90/10/03,169,189,206,216,214,200,180,155,131,114,107,117,140,165,189,209,213,206,188,164,139,119,107,111
MA17,90/10/04,131,161,190,212,222,217,202,182,154,131,116,117,134,161,187,209,220,219,205,180,148,120,102,101
MA17,90/10/05,119,146,180,206,226,231,223,203,179,158,139,127,136,155,183,212,232,235,222,199,168,135,107,092
MA17,90/10/06,093,115,146,179,207,225,230,221,204,183,163,149,148,163,187,212,232,237,233,214,182,146,114,087
MA17,90/10/07,079,093,118,151,180,204,218,218,207,192,175,159,154,164,185,206,225,241,240,229,203,170,137,110
MA17,90/10/08,090,089,105,134,170,203,227,236,232,220,208,195,190,196,208,232,249,259,256,248,227,197,168,138
MA17,90/10/09,114,103,104,119,142,168,192,205,212,210,203,193,188,187,192,203,215,227,234,233,220,201,178,152
MA17,90/10/10,128,112,105,108,122,142,162,177,189,195,195,191,189,189,193,197,204,212,218,218,212,201,186,166
MA17,90/10/11,144,127,114,108,111,119,133,148,163,172,180,184,184,186,187,190,193,197,201,205,203,198,190,178
MA17,90/10/12,163,149,135,123,116,115,120,130,141,157,168,177,183,186,189,189,188,188,187,188,188,189,189,187
MA17,90/10/13,182,176,164,150,137,128,125,126,134,147,161,176,190,196,200,200,195,188,182,179,178,180,186,192
MA17,90/10/14,197,198,191,180,165,150,138,130,129,137,151,169,185,200,206,206,199,188,176,165,159,159,166,176
MA17,90/10/15,187,198,199,194,182,165,146,131,123,123,132,149,170,187,199,203,196,181,166,151,140,134,138,152
MA17,90/10/16,170,187,198,203,198,185,165,146,131,125,130,144,163,183,199,207,202,188,170,150,131,121,121,131
MA17,90/10/17,150,171,190,204,206,198,180,160,142,130,127,136,154,175,195,206,207,196,177,153,127,112,104,108
MA17,90/10/18,127,152,178,200,211,210,198,178,159,142,134,140,156,177,198,215,219,210,190,163,134,112,099,100
MA17,90/10/19,112,135,164,189,207,213,206,189,169,151,140,138,149,166,188,207,217,212,195,169,142,115,095,087
MA17,90/10/20,092,114,143,172,196,209,207,195,177,161,148,142,147,160,181,199,212,213,202,180,151,122,099,084
MA17,90/10/21,082,096,118,146,172,195,205,200,187,172,157,147,146,156,171,190,205,209,205,189,163,133,107,087
MA17,90/10/22,081,090,108,132,159,183,195,200,193,180,166,157,153,159,171,190,205,212,211,199,179,151,125,103
MA17,90/10/23,090,091,101,120,144,167,185,195,195,188,179,170,163,165,172,187,201,212,215,207,193,171,146,124
MA17,90/10/24,104,098,103,116,134,157,175,189,192,192,187,179,175,172,174,186,196,206,210,209,199,181,160,140
MA17,90/10/25,122,112,108,112,126,143,163,178,187,191,189,186,182,180,182,187,193,199,206,207,203,192,179,162
MA17,90/10/26,146,135,127,127,133,146,161,177,188,197,200,201,200,197,197,198,199,201,204,207,205,200,192,180
MA17,90/10/27,167,154,142,132,130,131,138,150,161,172,181,187,191,191,188,186,181,178,176,177,178,179,177,172
MA17,90/10/28,164,155,144,134,127,124,126,131,140,153,164,177,184,187,187,182,174,166,161,158,157,161,165,169
MA17,90/10/29,170,168,161,151,140,131,124,123,128,139,152,168,182,192,193,191,182,169,157,150,146,148,158,168
MA17,90/10/30,176,182,183,175,162,148,135,126,125,132,147,164,180,193,199,197,189,170,153,138,131,133,144,160
MA17,90/10/31,176,192,198,197,190,174,156,142,134,135,145,163,184,202,213,214,204,184,162,138,122,115,122,139
MA17,90/11/01,162,186,204,211,208,195,179,161,147,140,144,158,178,200,215,220,216,197,172,143,120,105,104,118
MA17,90/11/02,142,172,200,219,225,220,206,188,170,156,154,160,178,200,219,230,229,212,187,155,123,098,088,089
MA17,90/11/03,110,143,175,205,223,228,220,203,186,170,159,159,170,191,212,229,234,224,202,171,136,103,081,077
MA17,90/11/04,089,116,150,186,215,232,234,227,214,199,185,183,188,205,226,247,259,257,240,212,177,140,110,089
MA17,90/11/05,088,103,132,166,199,224,237,237,227,212,197,187,183,190,204,223,237,241,234,215,185,147,113,086
MA17,90/11/06,073,073,090,118,151,180,202,211,212,204,192,184,179,181,191,206,221,230,230,221,201,172,140,109
MA17,90/11/07,087,079,084,102,128,156,182,200,207,207,201,193,187,187,192,201,211,222,227,223,212,195,170,141
MA17,90/11/08,115,097,091,098,112,133,156,175,190,195,194,189,183,180,179,183,191,199,205,207,203,193,179,159
MA17,90/11/09,137,119,106,103,109,120,136,156,173,186,191,191,187,186,184,183,186,189,197,202,204,206,204,196
MA17,90/11/10,184,167,156,146,141,142,151,164,180,193,205,208,209,204,197,191,184,180,180,181,184,186,189,186
MA17,90/11/11,181,170,158,144,133,128,128,133,144,158,172,182,188,189,184,176,167,157,149,146,149,153,161,168
MA17,90/11/12,171,172,167,157,145,135,130,128,134,145,158,171,181,186,186,177,165,151,137,129,126,130,139,153
MA17,90/11/13,164,173,177,172,163,150,138,131,128,134,146,160,175,185,187,182,168,150,130,115,105,106,114,130
MA17,90/11/14,147,165,177,182,178,169,155,143,136,137,145,159,175,188,197,196,185,167,144,123,107,101,105,118
MA17,90/11/15,138,161,180,193,195,189,178,164,152,146,149,159,174,190,201,205,198,181,156,127,103,088,087,096
MA17,90/11/16,114,140,166,186,194,194,185,171,156,145,143,149,161,179,193,201,200,186,163,135,108,089,079,083
MA17,90/11/17,099,124,153,179,196,203,200,187,171,156,151,150,159,174,192,206,208,199,179,151,120,095,076,073
MA17,90/11/18,082,104,132,162,184,197,201,194,180,165,153,152,157,169,187,202,209,203,187,163,133,104,082,071
MA17,90/11/19,075,091,116,143,172,190,199,196,186,171,160,153,155,165,179,192,204,205,196,175,147,118,093,077
MA17,90/11/20,075,082,103,130,158,179,193,196,191,180,168,160,160,165,178,195,205,211,209,196,173,145,117,100
MA17,90/11/21,089,090,107,130,156,181,198,209,208,199,186,172,164,165,172,185,197,206,206,197,179,153,126,102
MA17,90/11/22,086,082,088,103,127,150,171,185,189,186,176,167,159,158,162,172,180,190,194,191,180,162,140,118
MA17,90/11/23,099,089,089,098,115,136,159,174,184,189,184,175,165,160,159,162,169,178,184,184,179,165,147,127
MA17,90/11/24,108,095,088,091,099,113,132,150,162,171,172,168,160,152,149,150,152,159,166,169,168,164,154,141
MA17,90/11/25,124,110,102,099,101,111,127,140,157,167,175,175,171,164,157,153,151,152,156,161,165,167,166,160
MA17,90/11/26,147,135,125,118,117,119,129,140,155,167,178,183,184,177,168,159,151,145,143,145,149,156,160,162
MA17,90/11/27,158,153,144,135,127,123,124,130,141,153,167,177,182,181,172,161,147,134,124,123,126,133,143,153
MA17,90/11/28,163,166,163,155,146,137,134,133,139,151,164,180,188,192,188,175,157,138,120,111,109,115,128,147
MA17,90/11/29,164,176,183,179,171,160,148,144,144,150,161,176,188,198,197,188,172,144,121,102,091,091,104,123
MA17,90/11/30,148,172,188,197,196,187,175,165,160,161,169,183,201,216,225,224,209,185,157,129,106,095,097,114
MA17,90/12/01,143,172,201,218,226,222,212,196,184,174,173,180,195,211,222,225,214,193,160,123,090,067,060,067
MA17,90/12/02,088,120,154,185,207,214,212,198,183,170,162,165,174,191,206,219,218,202,174,137,097,066,043,041
MA17,90/12/03,050,077,112,150,181,199,204,200,187,174,162,157,161,171,188,203,210,207,188,157,119,081,049,031
MA17,90/12/04,028,046,075,110,144,168,185,188,183,170,157,148,148,155,170,188,201,205,197,176,147,110,077,050
MA17,90/12/05,037,040,057,087,119,150,174,185,185,177,165,154,147,152,163,177,193,202,203,194,171,141,108,078
MA17,90/12/06,057,048,057,075,101,131,157,175,182,181,173,161,154,150,153,165,177,189,195,193,182,163,137,110
MA17,90/12/07,086,070,068,075,094,120,146,166,179,182,177,167,157,150,148,152,161,172,181,184,182,172,156,136
MA17,90/12/08,114,097,086,086,095,113,134,157,172,180,180,173,162,152,145,144,146,153,161,169,172,172,165,155
MA17,90/12/09,139,123,112,105,107,119,134,153,169,180,184,181,173,162,153,143,142,144,148,156,162,167,169,168
MA17,90/12/10,160,151,142,135,130,134,145,157,170,183,190,191,187,178,168,155,146,140,138,138,143,150,157,161
MA17,90/12/11,163,161,157,151,145,142,144,152,161,173,183,190,191,188,181,169,158,148,141,137,140,146,159,170
MA17,90/12/12,178,184,185,182,177,168,166,165,167,174,183,190,195,194,186,176,160,140,124,113,108,112,122,136
MA17,90/12/13,152,164,174,177,175,169,162,158,158,164,171,180,187,191,190,183,165,145,125,105,095,092,100,113
MA17,90/12/14,131,152,166,177,180,177,171,162,157,159,163,171,180,189,193,189,177,158,135,111,093,084,087,098
MA17,90/12/15,117,142,164,180,190,190,184,174,165,159,159,166,176,188,195,196,189,172,147,120,095,080,074,082
MA17,90/12/16,100,122,148,171,187,193,191,183,171,162,157,161,170,185,197,205,202,190,168,139,112,088,075,075
MA17,90/12/17,086,109,137,165,185,195,196,189,177,164,157,157,162,175,188,201,203,194,177,150,121,093,074,067
MA17,90/12/18,075,095,123,152,177,195,203,202,193,181,168,164,166,177,192,206,215,213,199,175,148,116,090,075
MA17,90/12/19,075,086,110,137,164,185,197,199,192,180,166,155,152,159,172,189,200,204,196,178,151,120,093,072
MA17,90/12/20,065,070,087,113,142,167,185,191,189,178,164,153,145,148,159,175,188,198,198,186,166,138,110,088
MA17,90/12/21,072,070,082,102,127,156,178,192,192,185,171,156,146,144,152,164,176,192,196,190,176,155,128,106
MA17,90/12/22,086,079,083,096,119,145,169,185,191,189,179,166,152,145,145,152,165,178,188,189,184,169,149,127
MA17,90/12/23,107,095,092,099,116,136,159,180,191,194,188,176,162,149,144,146,153,164,175,181,182,176,162,144
MA17,90/12/24,125,108,102,103,112,128,148,169,182,189,188,180,165,152,141,136,137,143,151,160,168,169,164,154
MA17,90/12/25,140,126,116,112,116,126,143,158,173,184,185,182,170,156,142,131,124,124,128,137,148,156,161,159
MA17,90/12/26,154,146,138,132,128,133,143,157,171,187,193,197,192,180,164,149,136,126,124,128,137,148,159,167
MA17,90/12/27,171,170,166,159,152,150,152,157,167,177,188,193,190,183,169,151,130,111,097,091,093,104,117,133
MA17,90/12/28,148,158,163,162,157,153,148,148,152,162,172,180,184,184,175,161,140,114,093,078,073,079,093,112
MA17,90/12/29,134,155,171,179,179,175,169,163,162,163,171,179,187,193,193,184,165,139,110,084,066,060,066,084
MA17,90/12/30,110,137,162,180,189,190,184,175,165,161,161,167,177,189,195,195,184,162,131,097,067,049,044,053
MA17,90/12/31,075,107,141,169,189,196,195,186,176,166,161,163,173,186,199,209,208,192,164,128,091,063,045,043
