MA17,79/01/01,050,055,078,110,146,179,203,211,207,195,177,159,147,145,156,175,195,210,215,205,185,152,119,086
MA17,79/01/02,066,060,068,092,121,155,184,204,207,200,184,165,147,140,143,156,174,193,203,204,194,174,146,113
MA17,79/01/03,089,073,073,084,109,136,164,187,200,199,191,175,158,144,140,144,156,172,187,194,193,185,167,144
MA17,79/01/04,120,103,096,099,112,134,159,180,197,204,201,189,173,158,147,144,148,157,170,182,189,188,180,165
MA17,79/01/05,150,134,123,118,124,140,158,179,196,206,211,205,195,179,165,155,150,151,157,166,174,179,179,174
MA17,79/01/06,164,153,141,135,133,139,149,163,178,188,193,192,185,173,158,144,134,126,124,128,136,146,155,161
MA17,79/01/07,161,158,153,149,143,143,148,158,168,181,191,196,194,188,178,162,146,131,122,119,123,133,145,156
MA17,79/01/08,164,170,171,166,162,157,155,157,162,171,180,188,193,192,185,173,155,135,118,106,103,108,118,134
MA17,79/01/09,149,164,172,175,173,166,161,157,155,159,168,178,186,191,190,182,167,145,120,101,090,088,094,110
MA17,79/01/10,129,150,167,176,180,176,169,161,155,155,159,169,180,191,198,197,188,168,142,115,096,086,088,101
MA17,79/01/11,122,147,168,188,199,198,191,180,168,161,159,164,174,190,202,208,202,187,161,133,108,087,069,085
MA17,79/01/12,103,128,155,180,195,202,199,188,175,162,157,157,166,184,201,213,216,207,187,157,127,100,084,081
MA17,79/01/13,093,116,146,176,198,211,212,205,194,178,165,160,166,180,197,212,219,215,199,174,143,111,090,079
MA17,79/01/14,082,100,126,156,183,200,207,201,188,171,156,146,147,158,175,194,208,211,202,180,151,118,091,074
MA17,79/01/15,069,083,107,137,167,190,202,202,190,173,156,143,137,143,160,178,194,206,204,187,165,133,102,079
MA17,79/01/16,069,073,091,118,147,175,192,198,193,177,162,143,132,134,145,160,180,195,200,192,175,149,121,095
MA17,79/01/17,078,073,084,108,134,161,182,194,193,181,166,146,132,125,132,145,163,182,193,193,184,163,138,113
MA17,79/01/18,091,081,084,102,124,152,179,196,205,197,184,167,152,144,143,152,168,184,199,204,199,185,164,138
MA17,79/01/19,118,104,100,108,125,147,171,190,200,198,186,172,154,138,132,135,143,154,167,176,178,172,160,141
MA17,79/01/20,124,111,105,106,118,137,158,178,189,193,188,174,159,144,133,129,132,141,152,162,169,172,168,158
MA17,79/01/21,145,134,124,122,126,139,156,173,188,196,196,188,175,159,145,136,131,131,135,143,153,162,165,163
MA17,79/01/22,159,150,140,134,132,136,146,158,171,182,186,184,174,163,149,135,124,117,115,119,127,138,148,156
MA17,79/01/23,161,161,158,153,148,145,148,156,165,177,186,190,188,179,167,151,136,123,113,109,111,120,132,146
MA17,79/01/24,158,168,172,170,165,159,155,155,160,167,176,184,188,188,181,167,149,128,108,095,089,092,101,118
MA17,79/01/25,139,158,171,179,178,172,164,156,154,156,164,174,185,193,195,188,173,149,124,099,085,079,085,102
MA17,79/01/26,127,155,179,197,204,201,193,178,166,161,163,173,188,202,212,214,205,183,154,123,096,078,074,084
MA17,79/01/27,106,135,167,193,209,213,207,192,177,162,156,157,169,190,208,222,222,207,180,144,110,079,061,060
MA17,79/01/28,076,104,136,172,197,211,212,200,180,159,143,138,144,161,183,203,215,211,192,161,124,088,060,046
MA17,79/01/29,048,070,100,137,170,195,205,202,185,163,143,129,127,140,161,186,206,216,210,189,156,119,086,064
MA17,79/01/30,055,067,092,128,165,198,220,226,216,199,175,154,145,148,164,188,212,230,233,224,199,165,128,097
MA17,79/01/31,078,078,093,115,148,182,207,218,215,199,176,152,133,126,134,152,176,199,215,218,208,185,156,125
MA17,79/02/01,104,097,101,120,150,181,208,226,230,221,201,178,154,140,137,146,166,187,206,219,216,201,180,156
MA17,79/02/02,132,114,109,120,137,161,185,204,213,209,198,176,151,132,121,121,130,147,164,178,185,183,172,154
MA17,79/02/03,136,119,112,112,124,140,162,180,192,198,191,176,158,138,122,115,117,126,140,154,165,172,171,164
MA17,79/02/04,154,143,136,133,139,150,165,181,192,199,197,188,173,156,139,126,119,119,125,134,144,153,158,160
MA17,79/02/05,157,153,147,141,140,144,152,162,170,178,182,179,171,160,146,132,120,111,108,112,119,130,143,154
MA17,79/02/06,160,166,167,167,166,169,176,184,192,196,200,201,198,191,181,166,150,135,122,117,116,121,131,144
MA17,79/02/07,156,167,174,176,174,170,166,164,165,170,174,180,183,182,180,171,156,139,121,108,100,101,109,123
MA17,79/02/08,139,157,171,179,181,178,173,166,161,160,164,172,181,188,192,188,177,159,138,116,101,094,096,109
MA17,79/02/09,125,148,165,179,186,185,178,167,156,151,151,156,164,176,186,189,184,169,146,120,099,084,078,086
MA17,79/02/10,104,128,153,174,186,189,184,172,157,145,140,144,155,170,188,198,199,189,170,143,117,094,083,086
MA17,79/02/11,103,127,154,178,196,206,204,190,174,158,147,144,153,169,189,205,214,209,193,166,136,106,086,080
MA17,79/02/12,087,108,134,163,186,201,203,192,176,156,139,132,137,149,170,192,206,209,200,178,149,119,092,078
MA17,79/02/13,079,096,120,149,177,197,205,198,182,160,141,128,126,137,156,179,197,208,206,189,164,133,106,085
MA17,79/02/14,078,089,112,142,171,197,208,208,196,176,155,138,129,134,150,175,198,214,219,210,190,162,134,109
MA17,79/02/15,097,098,114,140,169,195,212,216,208,188,167,146,130,128,138,160,184,204,216,215,200,176,149,122
MA17,79/02/16,102,099,108,128,154,179,198,207,204,187,166,142,124,117,122,135,155,177,195,201,195,179,156,131
MA17,79/02/17,115,105,107,122,143,168,191,202,204,195,176,153,133,121,119,129,146,166,183,197,199,192,176,156
MA17,79/02/18,138,124,121,128,144,165,185,201,206,201,184,163,141,125,115,116,126,140,156,171,179,179,171,159
MA17,79/02/19,146,134,129,132,140,156,174,189,198,197,189,173,155,135,119,111,112,121,134,148,158,165,166,161
MA17,79/02/20,154,147,140,137,140,148,160,173,184,188,185,174,160,142,128,117,110,109,113,123,134,145,154,159
MA17,79/02/21,160,158,155,150,148,151,156,164,173,180,183,180,172,160,145,131,118,108,103,104,112,124,137,152
MA17,79/02/22,163,171,174,173,168,164,161,161,163,169,174,179,179,174,164,149,132,114,100,091,090,097,111,130
MA17,79/02/23,148,168,179,184,184,178,170,164,160,164,171,181,190,195,194,186,170,148,128,110,099,097,108,127
MA17,79/02/24,151,179,201,215,219,215,204,190,178,172,174,182,196,210,218,218,206,184,157,126,103,087,086,100
MA17,79/02/25,125,156,186,209,220,220,210,192,174,157,150,157,171,190,208,220,220,204,179,147,116,091,081,084
MA17,79/02/26,102,131,164,196,218,224,218,202,180,158,143,142,156,180,207,227,237,232,214,184,150,117,093,086
MA17,79/02/27,096,121,155,190,218,236,237,224,203,177,157,146,147,161,186,214,236,245,237,214,181,143,114,095
MA17,79/02/28,093,110,136,171,201,227,235,228,208,181,153,131,124,133,153,184,214,234,238,226,200,166,135,110
MA17,79/03/01,097,102,119,148,180,210,226,227,214,188,158,132,115,114,127,153,181,206,222,223,209,184,156,127
MA17,79/03/02,110,107,115,135,163,190,212,220,213,194,164,137,115,104,109,125,149,176,196,207,205,190,169,144
MA17,79/03/03,125,116,118,132,153,178,200,213,213,199,177,152,128,110,106,114,130,152,174,191,197,192,181,164
MA17,79/03/04,149,138,136,145,157,177,194,209,212,206,191,170,147,127,116,115,123,138,155,172,184,188,184,175
MA17,79/03/05,163,154,148,149,157,170,183,194,199,197,188,172,153,134,122,114,114,121,133,146,160,170,174,174
MA17,79/03/06,170,163,159,158,161,169,179,187,196,200,196,187,175,161,147,136,126,124,127,136,146,155,164,171
MA17,79/03/07,173,173,172,169,168,170,173,176,179,183,184,181,176,167,155,143,131,122,115,116,120,130,140,152
MA17,79/03/08,162,170,172,174,172,170,168,168,170,173,174,178,179,176,170,160,149,135,123,115,113,116,127,140
MA17,79/03/09,154,168,178,181,180,175,169,162,159,159,162,169,177,180,180,175,165,148,130,114,103,101,109,123
MA17,79/03/10,141,160,177,186,190,185,177,166,157,153,155,164,176,187,196,198,192,177,157,138,122,112,115,128
MA17,79/03/11,146,170,191,205,213,210,199,183,169,157,153,159,171,185,200,207,206,195,173,147,123,104,096,105
MA17,79/03/12,120,143,169,189,200,201,192,175,156,139,130,133,145,164,183,200,206,202,186,158,133,109,095,095
MA17,79/03/13,107,132,158,182,200,207,201,185,164,143,128,125,134,153,174,197,208,210,199,175,145,116,096,088
MA17,79/03/14,097,118,143,173,194,205,204,190,168,142,123,113,116,132,155,181,202,213,210,195,171,141,118,106
MA17,79/03/15,107,123,148,178,204,220,223,212,191,163,140,122,120,131,151,179,204,221,224,214,193,162,135,116
MA17,79/03/16,108,116,134,161,188,207,216,208,190,162,134,111,101,106,121,147,176,197,206,206,194,170,144,123
MA17,79/03/17,110,110,124,147,172,198,211,211,197,174,147,124,108,106,115,138,162,187,205,212,209,192,172,150
MA17,79/03/18,133,129,135,151,172,194,211,214,205,185,159,132,112,100,102,116,136,160,180,194,196,187,172,153
MA17,79/03/19,136,126,127,136,153,174,190,198,196,181,161,136,112,096,091,097,113,131,154,171,184,184,178,167
MA17,79/03/20,153,144,140,144,155,170,185,197,202,194,180,160,137,119,106,105,112,125,143,161,173,182,186,181
MA17,79/03/21,173,164,159,157,160,170,182,192,197,195,186,172,156,139,142,110,106,110,120,133,150,163,174,182
MA17,79/03/22,183,180,175,170,167,169,175,180,187,191,192,186,176,164,148,134,124,118,118,121,131,142,157,169
MA17,79/03/23,178,184,185,180,173,169,165,163,166,170,175,178,177,170,159,145,130,115,103,100,102,109,126,144
MA17,79/03/24,162,177,186,188,184,176,167,160,157,160,167,177,187,191,191,183,169,151,133,120,112,116,128,145
MA17,79/03/25,168,192,208,216,216,206,191,174,161,156,160,170,185,197,207,206,194,174,145,121,104,094,096,111
MA17,79/03/26,133,161,184,202,207,201,185,165,144,132,130,139,159,177,198,208,207,194,170,140,114,095,087,094
MA17,79/03/27,114,141,171,194,210,209,195,172,145,124,113,114,130,153,179,202,213,209,191,164,132,105,086,083
MA17,79/03/28,095,119,149,176,198,205,197,175,146,118,099,093,101,120,151,180,203,211,203,183,156,126,100,090
MA17,79/03/29,094,112,140,171,197,210,208,194,166,134,107,089,089,103,129,160,190,209,215,206,184,157,130,113
MA17,79/03/30,109,118,140,167,196,216,222,212,188,162,131,108,098,104,122,149,180,208,226,226,214,194,173,153
MA17,79/03/31,138,140,154,173,195,216,226,219,200,177,142,115,095,090,102,121,149,176,198,207,203,190,167,148
MA17,79/04/01,133,128,135,151,168,188,202,203,192,170,142,115,094,080,082,096,117,141,164,180,186,182,169,153
MA17,79/04/02,142,134,138,149,165,183,198,204,200,186,166,143,123,107,102,106,121,139,162,180,191,194,190,180
MA17,79/04/03,171,164,162,168,178,193,205,211,210,201,186,168,149,132,121,116,121,134,149,164,177,183,185,182
MA17,79/04/04,176,170,165,164,167,173,181,188,190,186,177,165,149,133,120,112,110,113,122,133,146,158,165,167
MA17,79/04/05,167,165,162,159,157,158,161,165,168,168,165,158,150,139,126,117,110,107,108,114,124,135,146,154
MA17,79/04/06,161,164,164,161,158,156,155,154,155,156,156,157,156,150,144,136,126,116,110,108,111,120,130,143
MA17,79/04/07,154,164,169,168,164,158,150,144,141,141,146,151,156,160,159,153,141,128,116,108,104,108,118,133
MA17,79/04/08,150,164,176,180,176,167,157,147,140,138,141,151,163,175,182,182,176,164,147,133,124,122,128,140
MA17,79/04/09,159,180,193,200,199,188,175,159,144,135,135,142,155,170,184,190,188,176,157,136,119,109,108,116
MA17,79/04/10,135,155,175,186,189,182,166,146,125,110,104,110,125,143,163,178,182,176,159,138,115,100,093,097
MA17,79/04/11,113,135,160,177,188,185,171,151,128,108,097,099,114,134,160,181,194,194,183,163,138,118,105,104
MA17,79/04/12,115,137,162,183,196,196,185,162,137,113,096,092,101,120,146,171,191,198,191,173,149,126,106,099
MA17,79/04/13,105,122,146,169,187,193,184,164,137,110,087,075,079,094,120,149,177,193,195,185,166,142,121,108
MA17,79/04/14,108,121,144,168,190,201,198,185,157,128,100,086,080,089,111,140,171,193,205,203,191,170,147,129
MA17,79/04/15,122,128,144,165,186,200,202,193,171,142,112,089,074,077,094,117,146,173,193,200,194,180,160,141
MA17,79/04/16,130,130,139,157,178,194,203,201,184,162,134,110,093,088,095,112,140,167,192,207,213,205,190,173
MA17,79/04/17,160,154,157,167,182,197,209,212,202,182,156,130,109,095,090,099,116,139,163,180,191,193,185,173
MA17,79/04/18,161,153,149,152,163,174,187,193,189,178,160,136,114,095,085,084,093,110,130,150,167,178,180,177
MA17,79/04/19,170,162,155,154,158,166,175,182,185,182,171,157,138,121,107,098,097,104,118,136,154,170,182,186
MA17,79/04/20,185,184,178,172,170,172,175,181,186,188,185,180,168,153,138,124,115,112,116,125,139,156,171,184
MA17,79/04/21,193,197,194,187,178,170,164,166,170,174,180,182,179,173,163,149,138,125,116,115,123,134,149,166
MA17,79/04/22,181,190,193,187,176,165,152,144,140,144,152,163,171,174,171,162,147,131,116,105,103,110,123,140
MA17,79/04/23,162,180,190,192,184,168,151,136,126,124,130,143,159,172,180,180,171,154,136,118,106,104,110,125
MA17,79/04/24,149,171,190,199,196,183,163,141,122,112,112,125,145,167,187,199,198,187,168,147,129,117,117,128
MA17,79/04/25,149,173,195,211,215,204,183,157,130,110,102,110,129,154,181,201,212,210,195,174,151,132,123,126
MA17,79/04/26,141,164,188,208,216,211,194,167,136,108,091,090,105,130,161,189,209,215,208,191,170,149,134,130
MA17,79/04/27,140,160,185,209,223,225,213,191,159,128,104,092,098,117,146,178,204,220,223,214,194,170,152,141
MA17,79/04/28,140,151,171,191,207,214,208,189,161,128,099,079,074,083,108,138,169,192,205,203,190,175,156,140
MA17,79/04/29,135,143,157,177,196,208,209,196,175,145,114,090,076,078,095,121,150,177,197,203,199,187,170,156
MA17,79/04/30,148,148,158,174,192,206,214,209,193,167,141,116,097,088,094,113,137,163,187,198,202,196,182,168
MA17,79/05/01,155,149,153,164,179,192,200,201,192,173,148,124,102,088,086,096,115,137,160,178,188,188,181,171
MA17,79/05/02,160,153,151,157,166,178,188,193,189,177,168,136,116,101,092,094,106,123,142,159,173,179,177,171
MA17,79/05/03,162,155,149,150,156,163,170,176,175,169,157,143,126,110,100,094,096,104,119,135,150,161,166,166
MA17,79/05/04,161,156,150,148,146,149,153,159,161,159,153,145,135,123,113,103,098,101,110,122,135,148,158,164
MA17,79/05/05,165,163,158,152,147,143,142,144,146,149,151,150,146,138,130,119,111,107,107,113,122,136,148,157
MA17,79/05/06,165,167,164,156,148,140,134,131,132,136,142,147,150,149,144,137,126,116,109,107,111,123,137,150
MA17,79/05/07,162,170,171,167,159,146,135,126,121,124,130,142,152,160,164,160,151,139,126,118,117,124,137,154
MA17,79/05/08,169,182,190,188,180,166,150,136,126,125,132,145,160,174,186,190,183,170,155,140,132,132,140,155
MA17,79/05/09,174,192,204,205,197,183,162,140,122,113,116,129,148,170,187,198,198,188,171,152,135,127,128,140
MA17,79/05/10,158,176,194,202,199,185,162,137,114,098,094,104,124,149,175,192,201,198,185,167,146,131,127,134
MA17,79/05/11,151,171,191,206,208,198,177,150,120,098,086,091,109,133,163,190,210,215,207,192,171,150,136,136
MA17,79/05/12,147,166,188,206,216,210,192,164,132,103,082,078,088,110,140,170,196,210,211,201,181,162,145,135
MA17,79/05/13,137,150,171,193,207,209,197,174,141,110,082,067,069,084,110,142,174,195,207,204,191,172,151,137
MA17,79/05/14,135,145,162,183,202,211,208,192,166,132,102,081,071,080,100,130,163,192,214,226,221,208,188,172
MA17,79/05/15,162,164,175,193,213,225,229,219,197,168,135,108,088,085,094,113,142,169,193,209,213,205,190,176
MA17,79/05/16,162,157,161,172,189,205,214,213,198,177,150,121,098,085,085,097,120,147,174,195,207,209,202,190
MA17,79/05/17,177,168,165,170,181,198,210,216,210,197,176,152,127,109,098,101,113,133,157,178,195,206,208,202
MA17,79/05/18,191,180,170,165,166,175,184,194,196,191,179,162,142,123,107,099,100,108,124,144,164,181,191,193
MA17,79/05/19,189,180,169,161,154,155,161,168,174,178,176,169,158,143,128,114,105,105,113,127,144,162,179,189
MA17,79/05/20,192,188,180,167,155,148,143,148,154,163,168,172,170,162,151,137,125,117,114,119,130,146,164,178
MA17,79/05/21,188,193,187,176,162,147,134,130,132,139,149,161,171,175,171,161,148,135,125,120,124,135,150,167
MA17,79/05/22,183,194,196,188,172,153,135,120,115,118,129,147,164,178,186,184,175,160,145,134,130,133,146,163
MA17,79/05/23,180,196,205,203,191,170,146,123,107,103,111,127,149,172,189,198,197,185,171,153,140,136,140,154
MA17,79/05/24,173,191,204,210,203,184,157,129,106,090,089,105,125,154,180,200,209,205,192,173,156,143,140,147
MA17,79/05/25,163,186,203,213,213,200,174,144,115,092,081,085,104,130,159,187,203,209,203,189,171,153,144,144
MA17,79/05/26,156,173,193,209,216,210,193,163,129,100,081,075,086,111,140,171,198,213,215,205,190,172,158,153
MA17,79/05/27,158,173,192,211,222,225,213,191,161,128,099,086,087,102,127,160,189,211,219,217,205,187,171,162
MA17,79/05/28,160,169,182,201,215,222,217,200,171,139,107,086,078,087,107,135,165,194,211,218,212,198,182,167
MA17,79/05/29,161,162,174,189,205,216,218,209,188,159,129,105,091,090,102,126,154,184,207,221,220,209,195,179
MA17,79/05/30,168,163,169,181,196,209,216,210,196,173,146,120,100,091,093,107,130,155,179,196,201,197,188,173
MA17,79/05/31,162,154,155,162,173,188,198,200,191,176,157,132,112,097,093,101,118,140,163,184,196,198,194,182
MA17,79/06/01,171,162,159,160,166,177,185,191,190,181,167,149,132,115,104,105,113,129,147,166,181,189,190,184
MA17,79/06/02,176,166,159,155,156,162,169,175,178,176,171,159,143,129,119,113,113,121,135,151,167,180,187,186
MA17,79/06/03,180,172,163,155,152,150,153,158,162,166,166,163,157,145,135,126,121,122,129,140,154,167,178,183
MA17,79/06/04,183,177,169,159,148,141,137,140,142,150,155,159,159,155,148,138,130,125,126,131,143,157,170,180
MA17,79/06/05,186,184,178,168,154,144,135,130,132,137,148,158,168,172,168,162,154,144,138,137,140,153,166,177
MA17,79/06/06,188,193,191,182,167,150,135,124,120,124,135,148,164,175,183,181,175,163,153,146,144,149,160,175
MA17,79/06/07,189,198,200,196,182,162,142,123,112,110,116,133,153,173,187,195,192,184,170,158,152,152,162,175
MA17,79/06/08,190,206,215,213,202,184,159,133,113,102,103,118,140,163,185,201,205,201,188,169,156,147,148,158
MA17,79/06/09,174,191,206,212,206,188,162,133,104,085,078,086,106,134,163,187,202,207,199,183,168,151,143,147
MA17,79/06/10,160,177,195,208,208,197,176,145,110,081,068,067,081,109,140,172,197,210,210,203,186,166,155,152
MA17,79/06/11,158,175,194,211,223,220,203,176,144,109,084,073,079,099,126,160,192,215,225,222,208,190,171,159
MA17,79/06/12,159,168,187,206,221,226,220,198,165,131,098,076,068,077,100,130,165,196,215,222,215,202,184,166
MA17,79/06/13,158,162,172,190,209,221,222,209,184,151,116,087,069,066,080,103,135,168,194,209,211,203,188,171
MA17,79/06/14,158,153,158,171,187,203,211,210,194,168,139,109,085,072,073,087,113,141,170,191,203,204,192,177
MA17,79/06/15,161,151,149,154,165,179,192,197,193,178,155,129,102,084,076,082,097,121,146,170,187,195,192,183
MA17,79/06/16,171,158,147,144,148,157,170,180,184,180,169,151,129,111,097,091,097,111,131,152,172,187,192,187
MA17,79/06/17,177,165,152,143,139,143,154,162,171,177,175,166,153,138,123,114,110,115,127,142,161,176,189,193
MA17,79/06/18,189,180,164,151,139,134,136,142,151,162,170,174,172,164,153,142,133,130,133,142,157,173,188,197
MA17,79/06/19,199,195,184,168,150,139,130,128,133,143,156,168,177,179,175,167,156,148,144,146,154,165,179,191
MA17,79/06/20,200,204,197,184,164,144,127,117,115,121,134,150,167,179,187,186,178,168,158,153,152,160,171,185
MA17,79/06/21,198,207,208,199,181,158,134,114,102,101,110,127,149,168,185,193,193,185,174,162,154,155,162,174
MA17,79/06/22,189,201,208,203,191,171,144,120,097,088,092,106,128,152,177,193,200,197,186,174,161,154,154,161
MA17,79/06/23,176,192,204,208,203,186,161,132,103,084,076,085,105,131,160,186,202,206,202,191,176,163,158,160
MA17,79/06/24,172,188,205,214,215,9999,9999,9999,9999,9999,9999,9999,9999,9999,9999,9999,9999,9999,9999,9999,9999,9999,9999,9999
MA17,79/06/25,9999,9999,9999,9999,9999,9999,9999,9999,9999,9999,9999,077,082,099,129,159,187,205,213,210,195,180,165,156
MA17,79/06/26,157,168,185,203,215,220,213,193,162,130,101,081,078,090,112,140,171,194,208,211,202,189,174,160
MA17,79/06/27,155,161,176,192,208,218,217,203,180,151,122,098,086,088,102,128,157,185,205,214,211,201,185,171
MA17,79/06/28,161,161,170,181,197,212,217,212,193,169,141,116,099,092,100,118,145,170,193,207,211,203,190,174
MA17,79/06/29,160,155,158,167,182,196,205,205,195,178,152,128,108,096,096,110,132,157,181,199,207,206,194,180
MA17,79/06/30,167,154,152,157,168,181,193,200,197,184,166,144,126,112,106,111,126,147,170,188,201,206,201,188
MA17,79/07/01,174,162,156,155,161,171,182,191,195,191,180,165,149,134,124,121,129,144,163,182,195,206,206,196
MA17,79/07/02,184,172,160,154,153,157,165,175,182,185,182,174,163,150,140,132,133,142,157,173,190,201,207,205
MA17,79/07/03,197,185,172,160,153,151,156,164,172,178,183,183,178,170,160,153,148,150,157,168,183,196,206,208
MA17,79/07/04,204,196,182,167,154,146,140,141,149,160,169,177,181,181,176,169,163,158,159,164,174,186,198,206
MA17,79/07/05,208,204,194,180,162,147,137,131,132,140,154,168,181,190,193,190,182,175,168,165,169,180,190,202
MA17,79/07/06,210,212,208,194,177,157,137,121,116,120,132,150,169,186,196,201,196,187,178,169,164,168,177,189
MA17,79/07/07,202,210,212,205,187,165,139,118,102,097,103,121,145,169,190,204,208,203,193,179,168,166,170,181
MA17,79/07/08,196,211,219,218,206,186,157,129,104,090,088,100,124,153,182,205,218,219,212,199,182,171,167,173
MA17,79/07/09,188,205,219,228,223,207,179,147,113,089,077,080,098,125,160,190,213,223,223,211,193,176,164,163
MA17,79/07/10,171,189,209,223,230,222,202,171,134,101,078,069,077,098,131,167,197,220,226,221,208,188,171,159
MA17,79/07/11,161,173,195,216,231,233,223,200,166,130,096,076,071,086,114,147,184,212,233,236,225,210,190,173
MA17,79/07/12,166,170,184,206,227,239,240,229,200,166,129,102,086,088,103,130,164,195,219,231,229,216,197,177
MA17,79/07/13,162,156,163,179,202,221,230,228,211,186,152,120,096,086,093,109,138,169,197,216,222,220,205,186
MA17,79/07/14,169,155,153,162,178,198,215,222,217,204,179,152,125,108,101,109,128,152,179,201,215,222,214,198
MA17,79/07/15,179,163,151,149,159,174,192,207,213,209,195,175,155,136,124,123,132,149,173,194,210,219,218,209
MA17,79/07/16,193,175,159,150,149,155,169,183,194,200,198,189,176,160,146,137,138,148,165,183,199,212,218,216
MA17,79/07/17,205,189,172,157,147,145,150,160,174,185,190,194,190,182,173,166,9999,9999,9999,9999,9999,9999,9999,9999
MA17,79/07/18,9999,9999,9999,9999,9999,9999,9999,9999,9999,9999,9999,9999,9999,9999,9999,9999,9999,9999,9999,9999,9999,9999,9999,9999
MA17,79/07/19,9999,9999,9999,9999,9999,9999,9999,9999,9999,9999,9999,9999,9999,9999,9999,9999,9999,9999,9999,9999,9999,9999,9999,9999
MA17,79/07/20,9999,9999,9999,9999,9999,9999,9999,9999,9999,9999,126,143,161,178,192,199,199,193,186,178,175,175,181,194
MA17,79/07/21,204,214,216,208,194,173,150,126,110,102,108,123,142,165,185,198,204,202,193,184,176,171,172,178
MA17,79/07/22,191,205,214,215,208,188,164,137,115,100,094,105,123,150,173,193,205,209,202,190,179,169,165,169
MA17,79/07/23,180,195,208,216,215,201,180,150,122,100,087,089,103,127,155,180,199,208,207,196,183,170,160,158
MA17,79/07/24,165,182,200,213,220,213,197,170,140,111,093,085,094,115,141,172,196,211,215,206,191,176,162,156
MA17,79/07/25,158,172,190,207,218,220,212,190,160,128,103,088,087,102,126,157,184,204,214,212,200,184,168,155
MA17,79/07/26,153,161,177,195,212,221,217,202,176,146,119,097,089,097,115,143,170,192,206,208,199,184,167,152
MA17,79/07/27,146,150,160,178,195,209,214,205,185,158,130,106,092,091,104,127,154,181,199,207,205,194,176,161
MA17,79/07/28,148,146,153,167,186,203,213,212,199,179,154,130,111,104,111,129,153,180,200,212,214,205,190,171
MA17,79/07/29,155,148,148,158,174,191,204,210,205,189,169,148,128,117,117,128,147,170,191,208,213,208,195,178
MA17,79/07/30,161,148,143,144,154,169,184,194,196,189,176,158,140,128,122,128,139,160,179,197,206,206,198,182
MA17,79/07/31,167,152,141,136,141,151,163,175,182,183,176,164,9999,9999,9999,9999,9999,9999,9999,9999,9999,9999,9999,9999
MA17,79/08/01,9999,9999,9999,9999,9999,9999,9999,9999,9999,9999,9999,9999,9999,9999,9999,9999,9999,9999,9999,9999,9999,9999,9999,9999
MA17,79/08/02,9999,9999,9999,9999,9999,9999,9999,9999,9999,154,163,168,169,166,161,156,152,153,157,166,175,185,192,192
MA17,79/08/03,186,174,160,146,132,120,114,115,122,133,144,156,166,172,172,168,164,160,158,160,167,176,184,191
MA17,79/08/04,193,189,179,164,145,128,113,105,105,112,127,143,161,176,184,188,184,176,170,166,166,172,180,191
MA17,79/08/05,200,204,199,186,169,148,127,110,098,097,108,127,149,171,189,200,203,195,185,173,166,163,167,178
MA17,79/08/06,190,201,207,201,187,164,139,111,089,077,081,095,119,148,174,195,206,205,195,181,167,157,155,162
MA17,79/08/07,176,192,205,215,209,190,164,131,102,080,069,074,092,122,154,183,203,209,203,191,174,158,148,150
MA17,79/08/08,161,180,200,216,222,213,191,158,123,091,071,064,074,096,128,163,191,208,212,202,184,164,148,138
MA17,79/08/09,143,159,180,202,218,221,209,184,151,115,086,069,068,081,109,144,175,201,212,211,197,177,156,139
MA17,79/08/10,133,142,159,185,206,221,221,208,180,147,113,090,076,080,100,129,162,192,210,217,207,190,167,146
MA17,79/08/11,133,133,144,166,188,208,220,219,205,176,147,119,098,094,102,122,150,179,200,214,212,198,176,153
MA17,79/08/12,134,124,126,140,160,182,201,210,205,190,166,141,121,110,110,122,142,168,191,206,211,205,188,164
MA17,79/08/13,144,128,121,125,138,158,178,192,198,192,178,160,143,130,124,130,144,163,182,199,208,208,197,179
MA17,79/08/14,159,140,126,122,126,139,156,170,183,188,183,174,162,151,144,144,151,162,178,192,203,207,203,190
MA17,79/08/15,174,155,140,128,122,128,137,150,162,170,176,176,172,164,158,155,157,164,174,186,195,200,201,196
MA17,79/08/16,185,171,155,140,130,124,125,130,140,152,164,171,176,178,175,172,169,170,174,181,189,194,197,198
MA17,79/08/17,193,185,173,157,143,130,122,121,126,135,149,162,174,183,188,190,189,186,183,183,186,192,196,200
MA17,79/08/18,203,200,196,183,167,150,136,124,122,128,138,154,172,186,196,201,202,196,188,182,180,182,186,193
MA17,79/08/19,200,205,205,197,184,162,142,124,112,110,116,130,150,170,188,200,206,200,190,180,171,167,169,177
MA17,79/08/20,187,199,206,206,197,178,156,131,114,101,101,111,130,154,179,196,206,206,197,183,169,160,157,162
MA17,79/08/21,172,188,201,207,206,193,171,144,117,097,086,092,110,137,162,187,203,207,201,187,171,156,148,149
MA17,79/08/22,160,176,194,209,213,206,190,161,133,106,088,085,099,124,152,180,200,210,208,196,180,160,146,141
MA17,79/08/23,148,162,182,202,215,215,204,182,154,123,100,090,095,114,141,173,200,217,219,208,189,169,151,141
MA17,79/08/24,142,155,176,200,217,224,217,200,173,144,116,098,095,108,133,163,190,210,216,210,195,175,151,135
MA17,79/08/25,128,135,156,180,201,216,220,211,190,165,136,114,104,109,126,152,181,204,218,218,205,185,161,141
MA17,79/08/26,130,131,144,165,188,206,216,215,201,181,156,132,114,111,124,146,172,197,214,221,214,196,173,152
MA17,79/08/27,134,128,134,150,171,192,209,216,209,191,170,148,129,121,126,141,164,188,210,218,216,203,181,159
MA17,79/08/28,140,129,129,136,155,175,194,205,205,195,180,160,144,133,132,139,156,176,196,208,210,203,184,163
MA17,79/08/29,143,127,119,122,133,149,167,180,189,189,180,166,152,141,136,140,151,167,184,197,205,203,192,176
MA17,79/08/30,156,138,125,120,125,136,150,165,178,184,182,175,167,159,151,149,155,163,176,188,198,201,196,185
MA17,79/08/31,169,153,137,126,122,126,134,146,159,170,177,181,180,178,174,170,168,171,178,186,196,202,202,198
MA17,79/09/01,188,172,155,140,127,120,120,130,140,153,165,176,183,187,186,183,178,174,171,175,182,190,196,200
MA17,79/09/02,196,187,175,161,142,128,117,112,117,127,144,160,175,187,195,197,192,184,178,172,172,178,183,189
MA17,79/09/03,197,197,190,179,162,141,122,107,099,103,118,138,163,184,200,209,208,201,189,174,162,160,167,181
MA17,79/09/04,195,205,210,205,189,167,143,119,100,092,097,114,140,170,194,214,223,216,199,181,163,153,154,164
MA17,79/09/05,183,202,217,223,217,198,169,140,111,090,084,093,116,148,178,204,220,221,209,190,169,150,138,142
MA17,79/09/06,158,179,204,220,225,214,191,160,127,099,080,078,091,120,156,185,209,222,217,200,177,154,135,126
MA17,79/09/07,137,160,188,212,227,230,218,194,162,130,102,087,094,116,148,178,205,223,226,212,190,162,135,117
MA17,79/09/08,117,134,164,194,222,237,233,215,188,156,126,106,099,106,130,163,195,220,230,223,205,178,149,128
MA17,79/09/09,116,120,137,165,195,219,230,224,206,179,151,130,116,118,131,155,185,211,227,226,211,189,161,136
MA17,79/09/10,118,114,122,143,172,198,215,224,215,199,177,154,137,131,138,154,178,200,219,227,221,205,178,151
MA17,79/09/11,128,116,112,121,141,165,185,201,205,199,184,166,152,143,142,151,167,186,203,213,215,204,186,163
MA17,79/09/12,139,121,111,113,123,140,160,176,186,190,184,173,163,155,151,155,165,177,190,201,206,202,190,174
MA17,79/09/13,154,136,121,114,115,124,140,155,169,179,180,177,171,167,162,162,168,175,183,190,197,199,193,183
MA17,79/09/14,169,153,140,129,122,122,128,139,151,163,173,180,182,182,180,178,177,177,180,185,190,194,194,192
MA17,79/09/15,185,174,161,148,136,128,126,130,138,149,160,173,182,188,191,190,186,184,180,178,180,182,186,190
MA17,79/09/16,190,185,176,164,149,134,124,117,118,124,136,151,166,177,185,189,187,182,173,166,161,162,167,174
MA17,79/09/17,181,188,188,179,164,146,131,119,112,113,123,138,156,174,188,195,195,188,177,166,160,155,158,166
MA17,79/09/18,179,189,198,196,185,168,147,130,115,109,115,127,149,170,190,202,206,198,186,172,158,150,150,158
MA17,79/09/19,172,189,204,210,206,190,170,149,127,113,111,120,140,163,187,204,210,207,194,175,157,143,134,140
MA17,79/09/20,156,176,194,206,208,199,180,157,131,111,101,106,123,149,176,198,211,212,200,183,163,144,132,132
MA17,79/09/21,142,162,188,208,216,212,197,177,152,128,111,106,118,142,171,196,213,219,209,194,171,149,131,122
MA17,79/09/22,130,148,174,199,218,225,216,197,172,148,123,113,116,132,160,189,210,223,219,203,182,158,132,117
MA17,79/09/23,117,133,157,186,210,226,223,210,191,167,139,120,114,126,148,176,201,216,218,209,186,160,134,114
MA17,79/09/24,106,115,137,165,191,210,218,212,195,172,146,126,116,120,138,165,191,212,220,213,197,172,147,124
MA17,79/09/25,110,112,127,150,176,201,216,217,206,190,171,152,136,133,145,165,188,208,219,219,208,189,165,140
MA17,79/09/26,122,116,123,140,165,187,207,218,218,209,194,178,164,157,159,174,193,210,222,226,218,203,182,157
MA17,79/09/27,139,127,129,139,157,179,199,213,220,217,210,196,182,171,167,174,187,205,220,228,227,215,198,175
MA17,79/09/28,155,138,130,130,139,155,174,191,202,206,205,201,193,183,178,178,186,196,207,213,215,211,199,184
MA17,79/09/29,167,151,135,127,129,139,153,171,183,195,201,202,199,196,192,188,189,192,199,208,214,219,213,205
MA17,79/09/30,193,178,164,152,143,141,147,158,171,185,199,209,216,222,221,216,211,205,205,210,215,220,223,221
MA17,79/10/01,218,210,200,184,167,153,146,148,156,167,185,202,214,224,228,224,216,206,196,188,188,195,201,206
MA17,79/10/02,210,208,201,188,171,152,134,120,118,126,142,162,183,202,215,222,215,203,188,174,164,165,172,184
MA17,79/10/03,198,209,214,209,192,171,148,129,114,111,122,142,167,193,214,226,229,219,200,178,161,152,155,168
MA17,79/10/04,187,209,226,233,226,209,185,159,137,123,123,136,161,193,222,242,250,242,226,198,167,147,140,151
MA17,79/10/05,169,196,225,243,248,240,220,191,162,135,122,127,144,170,202,227,243,243,229,204,169,140,120,116
MA17,79/10/06,134,162,195,224,241,244,231,226,178,149,128,117,127,151,181,210,232,242,231,211,182,147,120,106
MA17,79/10/07,112,137,172,205,229,241,242,230,209,185,163,148,148,166,192,221,247,260,259,241,215,184,155,131
MA17,79/10/08,122,134,157,191,223,247,258,251,234,210,183,163,154,160,177,202,224,241,245,236,217,186,149,119
MA17,79/10/09,102,102,121,149,180,208,225,230,221,204,185,163,147,146,159,180,203,223,234,233,218,196,167,137
MA17,79/10/10,117,105,112,131,157,185,208,223,226,218,206,193,178,170,173,184,200,216,227,230,222,206,183,160
MA17,79/10/11,136,119,115,124,140,161,184,202,212,213,209,199,189,180,178,184,195,207,217,223,218,209,191,170
MA17,79/10/12,148,130,120,118,125,140,157,176,190,196,197,195,190,186,182,183,187,193,200,205,205,201,192,178
MA17,79/10/13,161,144,130,122,122,129,140,152,166,176,184,191,192,189,185,181,178,180,183,186,191,192,189,182
MA17,79/10/14,174,162,149,138,130,127,133,140,151,163,174,182,188,191,189,185,181,177,175,174,177,180,182,182
MA17,79/10/15,178,173,167,155,143,133,127,128,135,145,156,169,180,189,193,191,185,179,171,166,162,163,168,173
MA17,79/10/16,178,181,178,171,160,147,135,127,124,132,145,162,178,191,198,199,195,185,169,157,151,149,155,164
MA17,79/10/17,175,185,191,188,179,164,148,133,125,126,133,149,169,186,199,207,202,191,175,157,146,140,142,154
MA17,79/10/18,169,186,198,203,198,188,171,151,135,127,130,144,163,186,208,219,217,206,187,168,151,136,135,149
MA17,79/10/19,166,188,209,224,230,221,202,183,163,149,148,162,184,209,234,254,271,258,228,198,168,146,129,128
MA17,79/10/20,147,169,192,212,222,215,196,176,153,132,118,120,135,160,185,204,214,207,191,166,140,116,103,104
MA17,79/10/21,117,139,168,194,210,215,204,185,162,140,124,122,131,153,179,203,217,218,206,182,152,126,104,096
MA17,79/10/22,102,122,148,176,200,214,211,198,176,153,134,125,126,141,164,186,206,213,204,184,155,125,102,087
MA17,79/10/23,085,099,125,154,182,205,212,206,191,169,148,132,128,136,155,178,201,212,209,194,169,139,111,090
MA17,79/10/24,079,084,104,133,162,188,202,205,197,179,160,142,130,133,148,171,191,206,213,206,185,155,127,101
MA17,79/10/25,082,080,092,114,141,167,188,200,199,190,172,159,147,143,150,163,182,198,207,206,193,169,138,112
MA17,79/10/26,088,078,079,094,115,140,165,182,190,188,178,165,155,148,148,158,173,188,198,203,197,179,156,131
MA17,79/10/27,110,096,088,093,107,129,150,168,182,188,188,183,174,166,161,163,171,181,190,198,198,190,176,156
MA17,79/10/28,137,120,107,101,107,118,134,151,169,182,188,188,186,180,175,172,170,172,177,183,187,186,182,170
MA17,79/10/29,157,143,130,119,114,116,126,137,152,169,182,191,198,198,192,185,178,169,165,168,173,176,180,178
MA17,79/10/30,174,164,151,138,125,116,115,122,132,147,166,180,195,202,202,196,185,172,164,159,162,168,180,186
MA17,79/10/31,191,191,184,171,156,140,128,121,124,134,153,173,191,206,214,212,201,183,166,151,142,144,154,171
MA17,79/11/01,183,195,198,191,178,159,140,126,119,120,134,152,174,194,205,207,200,181,159,136,119,111,120,141
MA17,79/11/02,162,183,199,203,198,182,162,142,125,113,120,139,166,191,210,218,213,196,172,143,117,100,097,111
MA17,79/11/03,137,167,190,205,209,199,182,158,137,119,112,120,142,171,196,213,215,202,180,150,119,093,078,081
MA17,79/11/04,103,135,166,190,209,211,203,184,164,142,128,128,143,169,194,215,225,218,202,172,141,110,089,081
MA17,79/11/05,094,122,158,191,218,231,230,218,202,180,161,151,158,175,198,222,236,239,228,203,174,140,110,089
MA17,79/11/06,084,103,134,166,198,218,227,223,209,188,170,154,151,159,177,200,218,226,223,204,176,141,110,086
MA17,79/11/07,075,080,098,128,159,184,199,204,197,184,170,158,149,151,163,180,198,211,212,203,182,153,123,099
MA17,79/11/08,081,078,087,108,137,164,187,198,198,187,175,163,155,155,162,174,188,202,208,204,189,167,140,114
MA17,79/11/09,095,084,087,099,120,145,169,183,187,184,175,165,158,154,157,166,177,190,196,197,189,175,156,134
MA17,79/11/10,116,102,099,104,118,139,160,177,189,194,189,180,174,170,169,172,180,190,199,204,204,196,186,172
MA17,79/11/11,156,145,135,133,142,156,172,189,202,209,210,206,200,194,189,188,189,193,198,202,204,200,194,186
MA17,79/11/12,175,164,152,142,138,141,153,166,180,192,199,202,202,199,194,189,184,181,181,182,184,186,186,184
MA17,79/11/13,179,171,161,150,142,139,142,150,161,172,182,192,197,198,195,189,181,171,163,161,160,163,167,171
MA17,79/11/14,174,173,167,155,145,134,128,128,136,144,157,169,178,182,182,178,168,155,143,133,129,131,139,149
MA17,79/11/15,158,166,168,161,151,139,127,122,122,128,139,155,170,182,186,183,173,158,143,128,119,119,126,139
MA17,79/11/16,155,168,178,181,176,164,148,137,130,132,141,156,173,189,198,199,190,174,153,133,117,110,112,128
MA17,79/11/17,146,166,181,190,190,181,166,150,138,131,137,150,168,186,200,208,201,184,161,138,120,105,104,117
MA17,79/11/18,137,161,184,203,208,206,195,178,162,152,152,160,177,197,214,224,224,211,188,159,133,112,103,108
MA17,79/11/19,126,149,178,201,215,216,206,191,171,154,146,148,160,178,196,210,214,204,185,155,124,099,080,077
MA17,79/11/20,090,114,141,170,191,202,200,186,165,150,138,132,139,158,178,197,206,202,186,159,128,098,077,068
MA17,79/11/21,072,092,120,151,178,196,202,196,180,161,146,137,139,153,169,190,204,207,196,173,144,113,086,070
MA17,79/11/22,066,079,102,131,162,188,202,203,193,179,165,152,148,156,171,190,207,218,215,200,175,144,115,093
MA17,79/11/23,081,086,103,129,159,189,211,222,219,207,194,182,171,169,177,191,206,218,221,212,194,166,135,106
MA17,79/11/24,085,079,085,101,123,151,176,191,196,191,179,166,156,149,150,160,172,186,195,194,184,167,143,117
MA17,79/11/25,095,083,080,086,103,127,151,171,185,190,187,179,168,161,159,162,170,182,190,196,193,182,167,149
MA17,79/11/26,128,113,103,103,111,125,145,166,183,193,197,194,186,178,170,166,165,170,175,181,184,182,174,162
MA17,79/11/27,147,130,116,106,105,112,125,141,158,173,184,187,184,178,171,163,155,150,152,159,165,170,172,168
MA17,79/11/28,162,152,140,130,120,117,122,134,148,166,180,191,196,196,190,181,170,159,153,152,157,167,176,184
MA17,79/11/29,188,187,180,170,160,150,145,147,155,168,184,200,210,215,210,198,181,164,149,137,134,140,152,165
MA17,79/11/30,180,189,190,184,171,157,145,137,137,144,157,174,190,202,206,199,183,159,136,115,103,101,112,131
MA17,79/12/01,153,174,187,191,186,174,160,146,138,138,148,164,182,200,212,212,200,178,152,126,106,094,098,115
MA17,79/12/02,139,167,189,203,208,200,188,172,158,146,149,161,178,198,212,220,212,194,166,135,108,086,079,090
MA17,79/12/03,111,140,170,192,203,206,197,182,166,154,146,150,165,185,204,216,216,203,178,147,114,085,070,070
MA17,79/12/04,084,113,144,173,193,203,202,190,176,162,152,149,158,174,194,212,219,213,196,168,136,102,079,068
MA17,79/12/05,075,097,127,161,190,207,214,208,197,181,168,159,161,175,192,212,223,227,218,195,165,131,100,081
MA17,79/12/06,075,089,113,147,176,200,215,220,212,199,184,171,164,170,184,202,217,227,222,207,183,151,119,093
MA17,79/12/07,080,084,100,126,155,183,203,212,210,200,186,174,164,164,173,188,202,215,218,210,193,168,140,114
MA17,79/12/08,095,090,098,117,142,170,194,210,214,208,199,186,176,171,174,185,198,210,218,216,206,189,164,141
MA17,79/12/09,121,110,110,118,138,162,183,201,210,211,204,194,183,175,173,178,187,196,204,210,207,197,180,160
MA17,79/12/10,141,126,121,123,136,153,175,194,205,210,208,200,192,183,178,178,183,190,196,200,199,193,182,169
MA17,79/12/11,153,138,127,123,127,138,154,170,185,194,195,190,184,177,168,162,159,160,163,167,170,171,168,162
MA17,79/12/12,154,144,134,126,124,128,139,153,166,179,188,190,187,182,174,167,160,154,152,156,161,166,170,172
MA17,79/12/13,170,165,158,149,143,141,146,154,166,179,189,195,198,195,187,179,168,158,150,146,148,153,160,168
MA17,79/12/14,174,176,174,168,161,154,150,151,158,169,181,191,199,200,196,187,174,158,144,134,130,134,142,156
MA17,79/12/15,168,178,184,182,177,169,161,156,157,164,176,190,200,206,207,200,186,167,148,130,118,118,128,142
MA17,79/12/16,159,176,189,194,192,184,173,161,156,157,165,178,190,203,207,205,192,172,148,123,105,097,100,115
MA17,79/12/17,135,158,178,190,194,189,178,167,154,149,151,163,177,193,204,207,198,180,155,127,103,086,082,092
MA17,79/12/18,112,139,167,190,201,202,194,181,168,156,152,157,172,188,203,212,210,197,172,142,113,089,076,078
MA17,79/12/19,093,120,150,179,199,209,207,198,184,168,158,158,167,184,202,217,222,214,194,164,131,100,080,072
MA17,79/12/20,081,106,138,172,200,217,224,218,206,189,175,166,168,182,199,218,229,229,216,190,156,122,090,072
MA17,79/12/21,070,084,108,142,174,200,215,220,212,196,178,166,161,167,183,204,222,231,228,211,186,152,122,095
MA17,79/12/22,082,086,105,132,163,194,217,229,229,218,201,184,171,171,180,195,212,225,228,219,198,168,135,105
MA17,79/12/23,082,076,084,104,133,164,191,209,217,214,203,188,174,164,165,178,195,210,219,219,210,189,163,136
MA17,79/12/24,112,096,092,103,122,150,176,196,210,215,207,194,178,164,158,159,169,183,196,203,202,194,177,154
MA17,79/12/25,131,110,100,101,112,131,155,179,196,206,206,199,185,173,163,156,157,166,176,186,192,191,184,170
MA17,79/12/26,153,134,120,113,113,123,139,157,175,189,195,193,185,174,161,148,140,140,144,152,162,170,174,172
MA17,79/12/27,165,154,140,131,125,126,135,150,167,182,192,197,197,189,176,161,148,138,133,135,142,152,162,170
MA17,79/12/28,173,170,165,156,146,141,141,146,157,170,183,191,196,194,187,172,153,135,121,113,114,123,136,151
MA17,79/12/29,164,173,176,173,166,158,152,149,154,165,178,192,201,205,202,192,175,152,131,114,106,108,121,138
MA17,79/12/30,157,174,187,193,190,181,172,164,160,163,170,182,194,204,208,202,188,165,139,113,096,088,091,109
MA17,79/12/31,131,156,176,188,193,190,182,173,164,160,164,173,187,201,210,211,204,183,157,126,099,083,079,087
