MA17,07/01/01,111,133,152,165,171,170,165,159,155,155,161,168,176,183,186,182,168,144,117,090,070,059,060,072
MA17,07/01/02,096,124,150,172,185,190,187,180,172,168,167,171,179,189,198,201,193,174,147,115,086,064,053,056
MA17,07/01/03,072,099,130,160,182,194,196,189,179,169,162,161,168,180,193,202,203,192,169,138,104,074,054,047
MA17,07/01/04,056,079,110,144,174,195,204,201,191,178,167,161,164,174,189,204,212,210,195,169,135,100,071,054
MA17,07/01/05,053,067,092,124,156,182,197,199,193,180,166,155,152,159,175,193,207,212,204,185,156,122,089,065
MA17,07/01/06,056,063,083,113,146,177,200,209,208,198,185,172,166,170,183,202,220,232,234,224,203,175,142,113
MA17,07/01/07,095,091,102,124,154,185,208,220,220,211,195,177,162,157,163,177,193,206,211,207,193,170,142,114
MA17,07/01/08,093,083,085,098,121,149,174,191,196,192,179,162,147,139,140,148,162,176,186,189,184,170,148,124
MA17,07/01/09,104,090,087,096,114,138,161,179,188,187,177,162,146,134,129,131,140,153,165,173,175,170,157,139
MA17,07/01/10,122,108,101,103,114,132,152,170,182,186,181,169,154,140,130,127,131,139,149,158,164,164,157,147
MA17,07/01/11,135,123,115,113,118,130,147,165,179,185,183,174,161,146,133,125,122,124,129,136,144,150,151,148
MA17,07/01/12,143,136,130,126,127,134,146,160,172,181,183,179,169,157,144,132,124,119,119,123,131,141,149,153
MA17,07/01/13,155,154,152,150,149,152,159,167,176,184,189,188,181,171,158,145,132,122,116,114,116,124,133,143
MA17,07/01/14,152,158,161,162,160,160,161,164,169,175,181,183,181,175,166,153,137,122,109,100,098,103,113,127
MA17,07/01/15,142,157,167,173,174,172,169,167,167,170,175,180,182,181,176,165,150,130,110,093,084,083,090,104
MA17,07/01/16,123,144,163,175,181,181,177,171,166,164,167,173,179,185,186,181,168,148,124,100,082,073,075,087
MA17,07/01/17,108,134,159,179,191,196,193,185,175,169,167,171,179,189,196,196,188,170,145,115,089,070,062,066
MA17,07/01/18,083,110,139,166,187,198,198,191,180,169,161,161,168,180,193,201,200,189,166,136,104,076,058,053
MA17,07/01/19,062,084,114,146,173,190,196,192,180,165,153,148,152,163,178,191,197,193,175,147,113,079,053,038
MA17,07/01/20,039,055,083,117,150,174,187,188,178,162,146,136,135,143,158,176,189,193,185,164,134,100,067,044
MA17,07/01/21,036,044,065,096,130,160,180,187,181,166,148,132,123,126,139,157,175,189,191,180,158,127,094,067
MA17,07/01/22,051,050,063,088,120,151,175,188,190,179,161,141,127,122,129,145,165,183,193,193,180,157,127,097
MA17,07/01/23,075,065,069,085,112,141,168,184,189,182,166,145,127,116,115,124,140,160,176,184,182,169,147,121
MA17,07/01/24,098,084,082,091,110,135,160,179,189,187,174,155,134,118,110,112,122,137,155,169,176,174,162,144
MA17,07/01/25,125,112,105,108,119,138,159,177,188,190,182,166,146,126,112,104,106,114,128,142,154,159,158,151
MA17,07/01/26,140,130,123,122,127,139,155,170,181,186,183,172,155,136,118,105,099,099,106,118,132,144,153,157
MA17,07/01/27,156,153,148,146,148,154,163,174,183,189,189,183,172,156,138,120,106,096,093,095,103,114,127,138
MA17,07/01/28,146,150,152,153,153,155,159,164,171,177,180,179,173,164,150,134,116,100,087,080,082,090,104,120
MA17,07/01/29,136,149,160,165,168,168,167,168,170,174,177,179,179,177,170,158,141,120,099,083,074,074,082,097
MA17,07/01/30,117,138,156,169,175,176,173,168,164,163,165,169,174,179,179,173,160,140,116,093,075,066,066,078
MA17,07/01/31,099,124,149,169,182,188,186,179,171,166,165,168,176,185,192,194,187,171,146,117,091,071,063,067
MA17,07/02/01,084,109,138,165,185,195,195,188,177,166,159,159,167,179,192,201,202,192,170,140,109,082,064,058
MA17,07/02/02,067,089,119,149,173,188,192,185,173,159,148,144,149,161,177,192,201,200,185,160,127,095,069,056
MA17,07/02/03,057,074,101,132,160,181,190,187,175,158,143,134,134,143,161,181,197,203,196,177,149,118,089,069
MA17,07/02/04,064,074,096,126,156,180,194,194,183,164,144,129,123,128,142,162,182,196,197,184,160,129,098,073
MA17,07/02/05,060,061,077,103,133,160,178,184,176,160,138,119,109,110,122,142,165,184,193,190,175,151,123,098
MA17,07/02/06,082,079,090,111,139,166,188,198,194,180,160,139,123,117,122,137,157,177,190,194,186,169,145,121
MA17,07/02/07,103,094,098,113,135,161,182,194,194,182,163,141,122,111,110,120,136,155,170,179,178,168,152,132
MA17,07/02/08,115,105,105,115,133,155,175,189,192,184,168,148,128,113,108,112,124,140,156,168,174,172,163,151
MA17,07/02/09,138,129,127,132,145,163,181,196,202,198,186,168,149,131,120,118,123,135,149,162,171,175,173,168
MA17,07/02/10,160,153,150,152,159,172,187,200,207,207,198,184,167,150,138,130,128,131,138,148,159,166,170,171
MA17,07/02/11,170,168,166,166,168,174,183,191,197,198,194,184,171,155,141,129,120,116,116,119,126,134,142,149
MA17,07/02/12,154,158,161,163,164,167,172,177,180,182,182,178,170,160,148,135,123,112,105,102,105,112,123,136
MA17,07/02/13,148,159,168,173,174,174,173,173,173,174,175,175,174,169,161,149,135,119,104,093,088,090,099,114
MA17,07/02/14,132,151,168,179,185,186,185,181,179,179,182,186,191,194,193,185,172,155,135,117,102,095,098,112
MA17,07/02/15,134,158,181,200,210,211,205,195,184,176,174,177,184,193,198,197,187,168,142,113,088,071,064,071
MA17,07/02/16,089,116,146,172,190,198,194,182,167,154,147,150,159,173,187,196,195,182,158,126,093,066,051,050
MA17,07/02/17,064,091,124,156,182,195,196,186,169,150,137,133,141,158,178,196,206,203,185,156,121,087,063,053
MA17,07/02/18,060,084,118,155,188,210,218,211,194,173,155,144,144,157,179,203,222,228,219,196,163,127,095,074
MA17,07/02/19,069,081,108,142,175,202,215,213,197,172,146,126,116,122,142,171,200,219,222,210,185,151,116,089
MA17,07/02/20,076,079,097,126,159,189,207,210,198,174,145,118,101,099,111,136,166,191,207,209,196,171,140,111
MA17,07/02/21,093,089,099,122,151,181,203,212,204,184,155,125,100,089,093,110,136,164,186,197,195,182,160,135
MA17,07/02/22,116,107,110,124,147,172,193,204,202,188,164,134,106,087,081,090,109,133,156,174,184,181,170,154
MA17,07/02/23,139,130,130,139,156,177,196,209,212,204,187,162,135,113,100,099,107,123,141,160,174,180,179,173
MA17,07/02/24,165,159,156,159,168,180,194,204,207,202,189,169,146,124,107,097,095,100,111,125,140,152,159,162
MA17,07/02/25,162,161,161,163,168,175,184,192,195,193,186,175,160,143,126,112,102,097,098,103,112,124,135,147
MA17,07/02/26,156,162,167,171,174,178,181,184,186,186,184,180,172,161,148,133,118,104,094,090,092,100,112,126
MA17,07/02/27,141,155,166,174,177,178,177,175,174,175,176,177,177,175,168,158,144,126,109,097,090,091,100,116
MA17,07/02/28,135,156,174,186,192,193,189,182,176,172,171,175,181,186,188,184,173,154,131,109,091,081,082,094
MA17,07/03/01,114,138,160,177,186,188,182,171,160,153,150,155,165,176,186,191,186,170,147,120,095,078,073,080
MA17,07/03/02,097,122,150,173,188,192,186,175,160,147,140,142,152,167,183,195,198,190,170,143,113,089,075,075
MA17,07/03/03,089,113,142,168,188,197,193,180,161,143,130,127,135,152,173,193,204,204,190,165,135,105,084,077
MA17,07/03/04,085,105,133,162,185,199,199,186,166,144,126,117,121,137,159,182,200,208,201,182,154,124,099,085
MA17,07/03/05,085,101,127,157,184,203,208,199,178,154,133,119,119,131,153,179,204,219,221,210,188,158,131,112
MA17,07/03/06,107,116,137,164,191,212,221,214,196,171,145,126,118,123,139,163,189,208,217,212,195,169,142,120
MA17,07/03/07,109,111,126,149,174,196,207,205,190,167,142,120,107,107,119,141,166,188,202,205,196,177,154,133
MA17,07/03/08,120,118,128,147,170,192,206,207,196,175,149,124,106,099,105,121,143,166,183,191,189,177,160,142
MA17,07/03/09,128,122,127,141,160,180,194,199,191,174,151,126,105,093,093,103,121,141,160,173,178,174,164,151
MA17,07/03/10,140,134,136,145,160,177,190,196,192,180,160,138,117,102,095,099,110,125,143,158,168,172,170,165
MA17,07/03/11,159,156,158,165,177,192,206,214,214,207,192,171,151,134,123,119,122,129,140,152,162,168,171,170
MA17,07/03/12,169,167,167,169,174,182,190,196,197,193,182,168,152,136,124,116,113,115,120,128,138,148,157,164
MA17,07/03/13,169,172,174,177,179,182,186,190,192,190,185,178,168,156,144,132,122,115,113,114,120,128,139,151
MA17,07/03/14,162,172,179,183,184,184,183,181,179,178,177,175,171,164,155,143,129,116,104,097,095,100,111,127
MA17,07/03/15,144,162,175,183,185,182,177,170,165,163,164,167,171,172,170,162,148,130,111,095,083,081,089,106
MA17,07/03/16,129,153,173,187,193,190,180,168,157,151,151,158,168,179,186,185,176,158,133,108,087,075,076,089
MA17,07/03/17,112,140,167,188,199,198,188,172,154,141,136,142,157,174,190,199,198,185,161,132,104,082,073,077
MA17,07/03/18,096,125,156,184,201,206,197,178,155,134,122,123,136,158,183,203,212,207,189,160,127,097,078,074
MA17,07/03/19,085,110,141,172,196,206,201,183,156,128,107,100,109,130,159,188,209,216,209,187,157,125,099,085
MA17,07/03/20,088,105,133,164,191,206,206,191,163,131,102,086,085,100,127,160,190,210,213,202,179,149,121,102
MA17,07/03/21,096,106,127,155,182,202,208,198,174,141,107,082,070,075,096,127,161,190,206,207,194,173,149,128
MA17,07/03/22,117,120,135,157,181,202,212,207,188,158,124,094,075,070,080,103,134,165,188,199,197,186,169,152
MA17,07/03/23,140,137,145,160,179,197,207,207,193,169,138,107,082,067,066,079,102,129,156,175,184,183,174,164
MA17,07/03/24,155,151,155,165,179,194,205,209,202,186,163,136,111,092,084,087,099,118,140,160,175,182,184,181
MA17,07/03/25,177,175,177,183,193,205,215,221,220,211,194,173,150,130,116,109,111,119,132,147,161,172,178,181
MA17,07/03/26,182,182,183,185,188,193,198,201,200,194,186,173,158,141,126,113,106,104,107,114,126,138,149,159
MA17,07/03/27,167,173,177,179,180,181,183,185,185,184,181,176,168,159,147,134,122,113,108,108,113,122,136,150
MA17,07/03/28,165,178,186,189,189,186,183,180,177,175,175,176,177,175,169,159,145,131,118,109,107,111,120,135
MA17,07/03/29,152,169,181,187,187,182,175,168,162,160,162,167,173,178,180,176,165,149,131,115,104,101,107,120
MA17,07/03/30,140,162,179,189,192,189,181,170,160,153,152,159,170,181,190,192,185,171,150,127,109,099,098,108
MA17,07/03/31,126,148,168,182,187,183,170,154,137,125,122,127,140,158,176,188,192,186,170,147,125,110,106,113
MA17,07/04/01,129,153,178,197,206,204,193,174,152,134,124,125,137,157,178,195,205,203,189,167,142,120,107,106
MA17,07/04/02,118,140,164,185,198,199,188,167,143,120,106,103,112,131,156,180,196,202,196,179,156,133,116,111
MA17,07/04/03,119,137,161,184,200,206,198,179,155,128,107,098,102,118,142,168,191,203,203,190,170,146,127,117
MA17,07/04/04,120,133,153,175,193,201,196,180,155,127,102,088,087,099,122,151,178,196,202,196,180,158,137,123
MA17,07/04/05,120,128,144,165,183,194,193,180,156,126,098,077,069,074,092,117,145,168,181,183,174,158,139,125
MA17,07/04/06,118,123,135,153,171,184,187,179,159,133,104,081,068,068,080,101,127,153,171,179,178,168,154,141
MA17,07/04/07,132,132,141,155,171,185,190,186,171,149,122,098,080,073,078,093,116,140,161,175,180,177,168,158
MA17,07/04/08,150,147,152,162,175,187,195,194,183,165,141,117,097,086,084,092,107,126,146,161,171,173,170,164
MA17,07/04/09,158,155,156,162,172,181,189,190,184,171,153,132,112,097,089,089,096,110,126,141,153,161,164,163
MA17,07/04/10,161,159,159,160,165,172,178,180,178,170,158,143,126,110,099,093,093,100,110,123,137,148,158,164
MA17,07/04/11,168,169,169,168,169,171,173,175,174,170,164,156,145,132,119,108,101,098,099,105,114,126,139,151
MA17,07/04/12,161,167,170,168,165,162,159,158,158,158,158,157,154,147,137,125,112,102,094,092,096,106,121,138
MA17,07/04/13,155,169,176,177,172,163,154,148,145,146,150,157,162,164,161,153,139,123,108,097,094,099,112,131
MA17,07/04/14,154,175,189,195,192,182,168,154,145,142,147,158,172,184,190,187,175,156,134,114,100,096,102,118
MA17,07/04/15,141,165,185,196,195,183,164,142,124,115,117,130,150,171,189,197,195,181,158,133,112,100,099,111
MA17,07/04/16,133,159,182,198,202,193,173,146,120,102,097,107,127,155,182,203,212,207,191,166,141,122,114,119
MA17,07/04/17,136,162,189,210,219,213,193,163,130,101,086,086,101,127,160,189,209,215,207,188,162,138,122,118
MA17,07/04/18,127,148,173,195,209,209,195,168,133,099,074,064,070,092,124,158,188,207,212,204,186,163,144,134
MA17,07/04/19,137,151,172,194,211,217,209,187,154,115,082,060,055,066,092,125,157,184,199,201,191,173,154,141
MA17,07/04/20,137,143,158,177,194,204,202,187,160,124,089,060,045,045,060,085,117,149,174,186,186,178,165,153
MA17,07/04/21,147,148,158,172,188,200,204,196,177,149,117,086,063,052,055,071,096,125,150,169,178,179,173,164
MA17,07/04/22,158,158,163,172,184,194,201,200,189,169,144,117,093,077,072,077,091,110,133,154,170,178,179,177
MA17,07/04/23,173,171,172,177,185,193,200,202,197,186,168,146,124,106,093,089,092,101,117,134,150,162,167,169
MA17,07/04/24,169,169,168,168,171,175,180,183,183,178,169,156,141,124,111,102,098,101,110,121,135,149,161,169
MA17,07/04/25,175,177,176,175,174,175,177,179,181,181,180,176,169,157,145,133,123,117,117,121,129,141,154,165
MA17,07/04/26,174,179,180,177,171,165,159,157,156,158,161,164,165,162,156,146,133,120,112,109,112,120,131,145
MA17,07/04/27,158,168,172,170,162,152,141,133,129,130,135,143,151,157,158,153,143,130,117,107,105,109,120,136
MA17,07/04/28,153,167,175,176,170,158,144,132,123,121,126,137,151,164,173,174,167,155,139,125,115,113,120,133
MA17,07/04/29,151,168,181,184,179,165,147,128,112,104,105,116,134,154,171,181,181,172,157,140,125,117,119,129
MA17,07/04/30,146,166,182,189,185,173,153,131,110,096,092,100,118,140,163,180,188,184,172,155,137,124,120,126
MA17,07/05/01,141,161,179,190,192,182,163,138,112,091,081,084,099,122,149,174,190,194,188,174,157,142,134,136
MA17,07/05/02,148,168,188,203,208,202,186,161,133,109,093,090,101,122,149,177,198,209,208,198,181,162,149,145
MA17,07/05/03,151,166,184,200,208,205,191,167,138,110,089,080,084,100,126,155,181,198,205,199,186,170,156,148
MA17,07/05/04,150,160,176,193,204,206,197,177,150,119,094,078,076,086,108,136,165,188,201,203,196,182,168,156
MA17,07/05/05,154,160,174,190,205,211,206,191,167,137,110,089,078,081,096,121,150,175,194,203,202,194,181,170
MA17,07/05/06,164,166,175,188,202,211,212,201,181,155,128,106,091,087,096,115,141,167,188,202,207,204,197,188
MA17,07/05/07,182,181,185,194,205,215,219,214,200,178,152,127,108,097,097,107,124,146,168,185,196,199,196,189
MA17,07/05/08,182,178,177,182,190,198,204,204,197,181,161,139,119,104,097,099,109,126,145,164,180,189,192,190
MA17,07/05/09,185,181,177,177,180,185,190,193,192,184,171,154,136,120,108,103,104,112,125,142,159,173,183,187
MA17,07/05/10,188,185,181,178,176,178,183,187,190,190,187,179,166,152,139,129,124,124,130,141,156,171,184,194
MA17,07/05/11,199,200,196,189,181,175,172,173,176,179,182,182,177,168,156,143,130,121,117,121,131,146,163,178
MA17,07/05/12,190,195,193,186,174,162,153,149,150,156,165,175,182,183,178,168,155,141,131,127,131,142,158,176
MA17,07/05/13,193,204,207,201,188,170,153,141,136,139,151,167,183,195,200,196,185,169,152,139,134,137,149,166
MA17,07/05/14,185,201,208,205,192,171,147,125,110,107,116,134,156,179,195,202,199,187,170,153,140,137,143,157
MA17,07/05/15,177,196,210,213,204,184,157,128,104,092,094,110,136,166,192,210,218,213,199,180,163,152,150,157
MA17,07/05/16,173,192,208,216,212,195,166,133,100,075,064,070,090,120,154,183,203,210,206,194,178,164,156,158
MA17,07/05/17,170,187,206,219,223,214,192,162,126,095,077,073,085,110,144,178,206,224,229,223,211,196,183,177
MA17,07/05/18,180,192,207,222,229,226,210,183,147,110,079,061,060,074,100,133,166,193,208,212,206,195,182,174
MA17,07/05/19,173,181,195,210,222,225,218,199,170,136,102,076,064,066,084,112,145,176,199,210,210,203,192,181
MA17,07/05/20,176,178,187,199,211,219,219,207,185,156,124,095,074,066,071,088,113,141,166,184,191,191,185,176
MA17,07/05/21,169,167,170,178,189,199,204,200,188,168,142,115,092,076,072,079,096,118,143,164,177,183,182,176
MA17,07/05/22,170,165,164,168,175,184,192,195,191,180,163,141,120,102,090,089,096,110,130,149,166,177,182,180
MA17,07/05/23,175,169,164,163,165,171,177,181,182,179,170,157,141,125,111,104,103,110,123,139,156,170,179,182
MA17,07/05/24,180,175,169,162,158,159,162,166,170,172,171,166,157,145,132,122,116,115,121,132,146,161,173,180
MA17,07/05/25,182,180,173,165,158,153,152,154,158,164,170,174,174,170,162,153,145,140,141,147,158,171,185,196
MA17,07/05/26,202,202,196,186,174,163,154,149,150,155,164,173,181,184,182,176,166,158,152,150,155,164,176,188
MA17,07/05/27,197,200,197,188,175,160,146,136,133,136,145,158,171,182,187,187,181,172,162,155,153,157,166,177
MA17,07/05/28,188,195,196,188,174,156,137,120,110,108,115,129,146,163,175,181,179,171,160,149,143,144,151,162
MA17,07/05/29,175,186,192,189,177,160,138,117,101,094,098,110,129,152,172,186,191,188,179,167,158,154,156,165
MA17,07/05/30,178,192,202,205,197,180,157,132,110,096,093,102,120,145,170,191,203,205,199,188,176,166,163,168
MA17,07/05/31,178,192,204,210,206,193,170,143,116,096,086,089,103,127,154,179,197,205,204,194,181,169,162,162
MA17,07/06/01,170,183,196,206,208,199,180,155,126,099,081,075,083,102,129,157,181,197,202,197,186,173,163,158
MA17,07/06/02,161,172,185,197,203,199,186,162,133,103,079,065,065,079,103,132,160,181,192,194,188,178,166,157
MA17,07/06/03,156,163,175,188,197,199,192,174,148,118,090,070,062,068,086,113,141,166,185,193,192,184,172,161
MA17,07/06/04,156,158,167,179,191,198,197,185,164,137,108,084,069,067,078,098,125,151,172,186,191,189,181,169
MA17,07/06/05,160,158,162,172,185,196,200,195,179,156,129,103,084,075,077,089,110,134,158,178,189,192,187,177
MA17,07/06/06,167,161,160,166,175,186,194,195,188,172,150,126,105,089,083,086,099,119,141,162,178,186,187,181
MA17,07/06/07,172,163,157,157,161,170,179,185,185,178,164,146,126,107,095,091,096,108,126,146,164,177,183,182
MA17,07/06/08,175,166,155,148,146,149,156,164,171,172,168,158,144,129,114,105,102,106,117,134,152,168,180,184
MA17,07/06/09,183,175,163,151,141,138,140,147,155,162,167,168,163,153,141,129,120,117,121,130,145,161,175,184
MA17,07/06/10,187,182,171,157,141,130,124,125,132,143,155,165,171,171,165,156,146,138,134,137,145,157,171,184
MA17,07/06/11,191,191,183,167,147,128,113,104,105,114,129,146,161,172,175,172,165,155,147,143,144,153,165,177
MA17,07/06/12,188,193,189,175,155,131,108,090,081,083,096,117,140,162,177,184,183,176,168,159,155,157,164,176
MA17,07/06/13,188,198,200,192,175,151,122,096,077,069,074,091,118,146,171,188,196,196,189,180,171,167,169,177
MA17,07/06/14,189,201,209,209,198,178,149,118,088,069,063,072,094,123,154,181,200,209,208,201,191,183,179,181
MA17,07/06/15,190,203,216,222,220,206,182,150,115,086,068,066,078,102,133,166,193,209,215,210,200,188,180,177
MA17,07/06/16,181,192,205,216,220,214,196,168,134,100,074,060,061,076,102,134,166,189,202,203,196,184,173,165
MA17,07/06/17,164,171,183,197,207,210,201,181,152,120,089,066,056,062,080,109,140,167,187,195,194,186,174,163
MA17,07/06/18,158,161,170,183,197,206,205,194,172,143,111,083,065,060,068,089,117,147,171,185,190,187,177,166
MA17,07/06/19,157,154,158,168,180,192,198,195,182,160,133,105,082,068,068,080,101,127,151,170,179,180,173,161
MA17,07/06/20,150,144,142,147,157,168,178,182,178,165,146,123,102,086,080,084,099,120,143,163,177,182,179,170
MA17,07/06/21,159,149,143,142,147,156,167,176,178,174,164,148,131,115,104,102,108,123,142,161,177,187,188,182
MA17,07/06/22,172,161,151,145,145,150,158,166,171,173,171,163,151,139,128,123,123,132,146,162,177,188,193,189
MA17,07/06/23,181,169,156,145,139,137,140,146,153,159,162,161,156,148,140,132,129,131,139,150,163,174,182,184
MA17,07/06/24,180,172,160,147,136,128,125,126,132,140,149,156,159,158,154,149,144,142,144,151,161,173,182,188
MA17,07/06/25,189,183,172,158,144,131,122,118,120,128,138,150,160,166,168,166,162,158,156,157,163,171,180,188
MA17,07/06/26,192,190,182,169,153,136,121,111,107,111,121,135,151,165,175,179,178,173,167,163,164,168,175,183
MA17,07/06/27,190,192,189,180,164,144,124,107,096,094,101,115,135,155,172,183,186,183,177,169,165,166,170,177
MA17,07/06/28,186,193,195,190,177,157,133,110,092,083,083,094,115,139,162,180,189,191,186,178,171,166,166,171
MA17,07/06/29,180,191,199,200,191,175,152,125,101,084,078,083,101,125,152,176,193,201,201,195,186,176,171,172
MA17,07/06/30,180,191,202,208,205,193,172,144,114,089,074,071,082,103,130,158,182,196,200,196,186,175,165,161
MA17,07/07/01,165,176,189,200,205,201,185,158,126,096,073,062,066,082,108,139,169,190,200,201,194,183,170,162
MA17,07/07/02,162,171,184,199,211,213,203,182,153,122,094,075,068,076,098,128,159,185,201,208,206,196,182,170
MA17,07/07/03,164,167,177,191,206,215,213,199,175,145,114,089,074,073,086,111,140,169,191,204,207,201,188,174
MA17,07/07/04,164,162,167,180,195,209,216,212,196,170,141,114,094,084,087,103,128,157,183,201,210,208,198,184
MA17,07/07/05,171,163,162,169,181,197,209,213,206,189,164,138,114,098,093,101,118,142,167,188,200,203,197,184
MA17,07/07/06,168,153,146,146,155,169,183,194,197,191,176,156,136,118,107,107,116,135,158,179,195,203,201,191
MA17,07/07/07,177,161,147,140,141,150,164,177,187,190,186,175,160,144,132,127,130,140,157,175,193,204,206,200
MA17,07/07/08,187,170,153,139,131,132,140,152,165,174,179,178,172,163,154,146,144,148,158,172,187,199,205,203
MA17,07/07/09,194,180,162,143,127,119,119,125,136,150,162,172,177,177,173,168,163,161,165,173,184,194,203,206
MA17,07/07/10,203,194,177,156,135,119,109,106,110,122,137,154,169,178,183,183,181,178,176,177,182,191,200,207
MA17,07/07/11,210,207,197,179,157,134,114,100,094,099,111,130,152,170,184,193,196,194,189,184,183,187,193,199
MA17,07/07/12,205,208,205,192,173,148,120,096,080,075,081,097,120,146,170,187,197,200,196,190,184,181,183,189
MA17,07/07/13,197,205,210,207,194,171,143,113,086,068,063,071,091,120,150,176,193,202,202,195,187,179,176,178
MA17,07/07/14,186,198,209,214,210,196,172,140,107,079,063,062,075,100,130,160,186,201,206,203,194,184,178,177
MA17,07/07/15,183,196,211,224,231,226,210,185,155,125,101,089,094,112,139,168,195,215,225,224,215,202,188,180
MA17,07/07/16,180,189,202,217,228,231,220,198,167,134,103,082,075,083,105,135,165,191,207,211,206,193,177,164
MA17,07/07/17,159,165,179,195,211,220,219,206,184,156,126,101,088,088,102,127,157,185,204,212,209,197,181,164
MA17,07/07/18,154,154,163,178,196,211,216,211,196,172,143,117,100,094,099,116,140,166,188,201,203,195,178,160
MA17,07/07/19,147,142,145,155,170,187,200,203,196,180,157,133,113,103,104,115,135,158,180,196,202,198,184,166
MA17,07/07/20,150,140,137,141,152,168,183,193,194,185,170,151,133,121,118,123,136,154,175,192,202,201,192,177
MA17,07/07/21,161,147,138,136,141,152,165,177,183,182,175,164,151,139,133,135,143,156,172,187,198,202,197,185
MA17,07/07/22,170,155,142,135,134,139,148,159,168,173,175,171,165,158,153,151,155,163,174,187,197,201,200,192
MA17,07/07/23,181,167,152,139,131,130,134,141,149,157,163,167,168,167,164,161,162,165,172,181,190,196,196,192
MA17,07/07/24,182,169,155,140,128,121,118,120,125,133,143,153,162,167,169,169,168,169,171,176,182,187,190,190
MA17,07/07/25,186,180,169,154,138,123,114,109,110,117,127,141,155,167,176,182,183,181,179,178,180,182,186,190
MA17,07/07/26,192,190,183,171,155,138,122,110,104,106,115,128,146,165,181,192,196,194,189,184,180,180,183,188
MA17,07/07/27,194,197,196,188,174,154,133,114,100,094,097,109,129,152,174,191,200,202,198,190,183,177,176,181
MA17,07/07/28,189,197,202,200,191,173,149,123,101,087,084,093,112,137,165,189,205,213,212,204,193,182,176,178
MA17,07/07/29,186,199,211,216,211,197,174,145,115,091,077,077,091,116,146,174,196,209,212,205,192,177,165,162
MA17,07/07/30,169,183,200,212,217,211,193,165,132,100,075,065,072,092,122,154,183,204,213,211,200,185,171,163
MA17,07/07/31,163,174,191,210,223,225,213,191,160,126,095,075,071,083,109,141,173,197,211,214,206,188,166,148
MA17,07/08/01,142,152,171,193,212,223,223,208,182,148,115,088,075,078,096,125,156,183,203,213,209,194,172,153
MA17,07/08/02,141,139,150,169,192,211,218,213,196,169,138,108,087,080,090,112,140,169,192,205,206,194,173,149
MA17,07/08/03,130,121,125,140,163,187,205,212,205,187,162,135,114,103,105,118,141,169,194,210,214,207,190,168
MA17,07/08/04,145,129,123,129,145,166,188,202,204,196,180,160,141,128,124,130,145,166,187,205,214,211,197,176
MA17,07/08/05,153,133,120,116,122,136,154,171,183,187,182,171,158,147,142,145,154,168,184,200,210,211,202,186
MA17,07/08/06,165,143,125,113,110,115,128,143,158,168,171,169,164,159,156,157,162,171,182,193,203,207,203,192
MA17,07/08/07,177,158,137,119,108,106,110,119,131,145,156,165,169,169,169,169,172,176,182,189,195,200,200,195
MA17,07/08/08,185,171,154,135,118,105,098,097,104,116,131,146,160,170,176,179,182,184,185,186,189,193,195,196
MA17,07/08/09,193,187,176,160,140,120,104,093,090,095,108,126,147,166,181,190,194,193,190,186,184,184,188,192
MA17,07/08/10,196,198,194,184,167,145,122,102,087,082,088,104,127,151,174,190,198,198,194,187,180,176,176,182
MA17,07/08/11,190,199,204,202,191,172,147,119,096,081,078,086,105,131,159,182,196,201,196,187,177,169,164,167
MA17,07/08/12,177,191,204,211,209,195,173,144,114,089,076,076,090,114,144,172,193,203,202,193,179,166,158,156
MA17,07/08/13,164,179,196,211,216,210,194,168,136,106,085,077,084,104,132,162,189,206,210,201,185,167,153,147
MA17,07/08/14,151,164,182,202,216,220,210,190,160,128,101,085,085,098,122,151,180,200,208,202,187,167,149,138
MA17,07/08/15,137,145,163,184,204,216,215,202,178,149,121,100,091,097,117,144,172,195,207,205,192,172,152,135
MA17,07/08/16,128,131,144,165,187,204,210,205,189,164,137,114,101,102,116,139,166,190,205,208,199,182,160,141
MA17,07/08/17,128,124,133,150,171,191,204,207,199,181,158,137,123,118,125,143,167,191,208,215,209,193,172,151
MA17,07/08/18,134,124,125,137,155,174,190,199,197,185,169,151,137,130,132,144,163,183,200,209,207,195,175,154
MA17,07/08/19,136,123,119,124,137,154,171,184,188,184,174,162,151,143,144,151,164,181,197,208,209,201,186,167
MA17,07/08/20,147,131,122,121,127,139,154,168,176,179,177,170,163,156,154,157,166,178,190,200,204,201,191,176
MA17,07/08/21,158,141,127,119,119,124,134,147,157,164,168,169,167,165,165,167,172,179,188,196,200,200,195,184
MA17,07/08/22,170,155,141,129,122,120,123,130,139,147,156,163,168,171,174,175,177,180,183,187,190,192,190,185
MA17,07/08/23,176,164,150,136,124,115,111,110,115,123,134,146,157,167,173,175,175,174,173,172,172,173,173,173
MA17,07/08/24,170,164,155,143,129,114,102,095,093,097,107,121,138,155,168,176,180,178,174,170,166,166,168,173
MA17,07/08/25,177,178,175,165,150,131,111,095,084,082,089,104,124,146,166,180,187,185,179,170,162,157,157,161
MA17,07/08/26,169,178,184,182,172,152,128,104,084,073,073,086,107,133,159,180,192,193,186,174,162,152,149,152
MA17,07/08/27,163,177,191,197,193,178,154,125,097,077,068,074,092,119,149,175,193,200,195,183,167,151,142,143
MA17,07/08/28,153,170,190,205,209,203,184,154,122,094,076,072,083,108,139,170,194,207,205,192,173,151,135,130
MA17,07/08/29,137,154,177,199,213,215,203,179,146,113,086,074,078,096,125,157,185,203,207,197,176,152,129,116
MA17,07/08/30,117,131,153,180,203,217,217,202,175,143,113,093,088,098,121,151,181,203,213,208,189,162,135,115
MA17,07/08/31,106,112,131,157,185,207,217,212,194,168,141,119,107,109,126,152,179,203,216,217,204,179,150,124
MA17,07/09/01,106,101,111,134,161,186,204,210,202,184,162,141,126,122,130,148,171,194,209,212,204,185,159,130
MA17,07/09/02,106,093,093,107,130,155,176,189,193,188,176,159,145,139,143,155,172,190,205,213,211,197,174,148
MA17,07/09/03,123,104,096,098,110,129,150,168,179,183,180,173,165,159,159,165,175,189,202,211,212,203,186,165
MA17,07/09/04,141,120,105,100,103,113,128,145,159,169,174,175,173,171,172,175,182,190,198,205,207,203,194,179
MA17,07/09/05,162,144,127,114,108,108,114,124,137,149,160,170,176,180,183,186,189,194,198,201,204,204,200,193
MA17,07/09/06,182,169,154,139,125,115,112,114,122,135,150,165,180,192,200,205,208,210,213,216,221,224,228,231
MA17,07/09/07,230,221,204,184,162,141,125,115,112,118,132,150,170,186,197,202,201,196,191,187,184,182,182,185
MA17,07/09/08,190,192,190,181,165,144,123,105,093,090,096,112,134,157,176,188,193,191,183,173,166,162,162,168
MA17,07/09/09,177,186,192,192,183,165,141,117,098,087,086,097,118,144,169,186,195,194,186,173,161,151,147,152
MA17,07/09/10,165,181,195,203,201,189,168,142,115,095,087,092,108,133,160,183,197,198,189,173,156,140,131,132
MA17,07/09/11,144,162,182,198,204,199,184,160,133,107,091,089,100,123,151,177,194,201,195,178,157,138,124,121
MA17,07/09/12,131,149,173,195,208,211,203,183,156,129,109,100,104,121,147,174,195,204,200,184,161,136,116,107
MA17,07/09/13,110,124,147,172,193,204,202,187,163,137,114,102,102,115,137,163,185,198,199,188,167,142,118,102
MA17,07/09/14,098,107,126,150,174,192,199,193,176,153,132,116,111,117,135,159,182,198,203,194,175,150,125,105
MA17,07/09/15,095,098,112,135,160,182,195,195,183,166,147,130,121,124,137,157,179,196,204,200,184,161,135,112
MA17,07/09/16,098,095,104,122,145,168,185,192,187,175,158,143,134,133,141,156,174,191,201,201,191,170,146,122
MA17,07/09/17,104,095,097,108,127,148,168,180,182,176,164,152,143,141,145,157,172,187,197,199,193,177,156,133
MA17,07/09/18,114,102,099,104,116,131,149,164,172,173,168,160,152,148,149,156,166,178,187,191,188,177,161,142
MA17,07/09/19,123,108,099,098,104,115,128,141,151,157,160,159,157,156,158,163,169,175,181,186,187,181,170,155
MA17,07/09/20,139,125,114,108,107,110,117,125,134,142,149,155,158,161,164,168,172,175,178,181,181,177,171,163
MA17,07/09/21,153,140,128,118,110,105,104,107,114,124,135,146,155,162,167,170,171,171,170,170,170,170,169,167
MA17,07/09/22,163,156,146,135,122,111,102,098,099,106,118,134,149,163,173,178,178,174,168,163,160,160,162,166
MA17,07/09/23,169,170,165,156,142,125,108,095,087,089,099,117,137,158,174,182,182,176,167,156,148,146,150,158
MA17,07/09/24,167,176,180,177,165,146,124,103,088,082,087,103,127,154,176,190,194,188,175,160,146,137,138,148
MA17,07/09/25,164,182,196,201,195,178,154,127,104,089,087,099,122,151,178,198,207,202,188,168,146,129,123,129
MA17,07/09/26,146,169,190,204,207,197,175,146,117,095,084,087,104,131,161,187,202,201,186,163,137,114,100,099
MA17,07/09/27,113,139,168,193,208,209,196,172,143,116,098,092,101,124,155,185,205,210,200,177,147,118,096,087
MA17,07/09/28,095,116,147,179,204,218,216,199,174,147,126,114,116,131,157,186,209,219,214,194,164,130,099,079
MA17,07/09/29,075,087,111,143,175,198,207,201,183,159,137,123,119,126,144,168,191,205,207,193,167,135,103,077
MA17,07/09/30,063,066,083,110,141,170,190,197,190,174,156,143,137,140,154,174,194,209,214,207,187,158,126,098
MA17,07/10/01,078,071,078,096,120,147,170,185,189,183,172,162,156,155,163,177,192,206,213,212,200,179,154,126
MA17,07/10/02,102,087,083,090,106,126,148,166,176,179,176,170,165,165,170,178,189,199,206,208,201,188,169,146
MA17,07/10/03,124,105,094,089,093,104,119,136,151,160,164,165,165,165,167,172,179,187,193,195,193,186,174,160
MA17,07/10/04,144,127,113,102,097,098,105,116,129,142,151,158,163,168,172,175,177,179,182,185,185,184,179,173
MA17,07/10/05,164,153,140,128,116,109,107,110,119,131,144,157,168,177,182,185,184,181,178,176,174,173,174,175
MA17,07/10/06,175,171,163,150,136,122,111,105,106,113,126,141,157,170,179,182,180,174,166,159,154,154,158,165
MA17,07/10/07,172,177,175,167,154,139,122,108,101,103,113,130,148,166,178,184,181,172,160,149,140,138,142,152
MA17,07/10/08,165,178,186,186,178,162,143,125,112,107,112,127,149,171,189,199,198,188,172,154,138,129,129,138
MA17,07/10/09,155,174,190,198,195,183,162,140,120,108,106,116,136,159,180,194,196,187,169,148,128,113,107,113
MA17,07/10/10,128,151,173,188,195,190,174,151,130,113,106,111,128,151,174,193,200,193,175,152,128,108,097,099
MA17,07/10/11,113,135,161,183,197,198,187,169,148,129,117,117,128,148,172,193,204,202,188,164,137,112,096,092
MA17,07/10/12,101,121,146,173,193,201,197,183,163,142,126,121,127,144,165,186,200,201,188,165,137,110,089,079
MA17,07/10/13,082,098,122,150,174,190,192,183,166,147,132,125,127,138,157,178,194,199,191,172,146,119,095,080
MA17,07/10/14,076,086,107,133,159,180,189,187,176,160,145,137,136,142,157,175,193,201,197,182,159,132,107,088
MA17,07/10/15,079,084,099,121,146,169,184,188,183,171,157,147,144,147,158,173,188,197,198,188,168,142,116,095
MA17,07/10/16,081,078,086,102,124,147,165,176,178,172,163,155,151,151,158,170,183,193,197,192,179,159,136,114
MA17,07/10/17,097,089,090,100,116,135,154,167,174,175,170,165,162,162,165,173,182,190,193,191,183,169,150,129
MA17,07/10/18,112,101,096,098,106,119,136,151,162,167,168,167,166,166,169,172,177,182,186,187,183,174,161,144
MA17,07/10/19,128,115,106,101,102,110,121,133,146,156,164,169,171,173,174,176,177,180,182,184,184,181,175,165
MA17,07/10/20,153,141,130,121,116,115,119,127,138,151,164,174,181,186,189,189,186,183,180,179,179,179,178,175
MA17,07/10/21,169,160,149,137,125,116,111,111,117,129,143,158,170,179,184,184,179,169,160,154,152,154,159,164
MA17,07/10/22,168,167,161,149,135,121,109,101,101,109,123,142,160,175,183,184,177,165,151,140,133,135,142,154
MA17,07/10/23,165,173,175,170,158,140,122,106,098,099,110,128,150,171,184,187,180,163,143,124,111,107,112,126
MA17,07/10/24,144,163,175,179,171,154,133,113,097,090,095,111,134,158,177,186,182,166,141,115,093,082,083,097
MA17,07/10/25,121,148,172,186,189,180,160,137,116,103,101,112,132,157,180,194,195,181,157,127,097,075,067,076
MA17,07/10/26,098,129,160,185,200,201,190,171,149,131,120,123,140,164,188,207,214,206,183,150,115,084,066,064
MA17,07/10/27,078,106,140,173,201,216,214,199,181,164,151,147,155,172,195,219,234,233,214,182,144,107,077,061
MA17,07/10/28,064,084,114,148,179,200,208,205,194,178,162,152,152,161,179,198,213,217,208,185,153,119,087,063
MA17,07/10/29,054,063,084,114,146,175,193,200,197,188,176,166,163,168,181,196,210,216,213,199,175,143,111,084
MA17,07/10/30,066,062,071,090,117,146,169,182,184,180,172,164,159,161,168,180,192,201,204,197,181,158,129,100
MA17,07/10/31,077,064,063,073,092,114,137,157,169,172,169,163,158,158,162,170,179,189,195,194,185,170,150,128
MA17,07/11/01,107,090,081,082,091,107,126,145,161,171,174,174,172,172,173,176,181,187,192,194,192,185,174,158
MA17,07/11/02,141,124,111,103,101,106,117,132,147,160,168,172,172,171,170,169,168,168,169,170,170,169,166,160
MA17,07/11/03,150,138,126,115,107,104,106,115,127,141,154,165,171,172,170,166,161,156,152,151,152,154,157,158
MA17,07/11/04,158,153,146,134,122,112,107,108,115,126,140,153,164,169,169,164,156,145,136,129,127,130,137,145
MA17,07/11/05,153,158,156,148,136,124,114,108,110,118,132,147,161,171,175,172,161,145,130,119,113,114,122,134
MA17,07/11/06,148,161,169,168,161,149,135,125,121,125,136,152,168,183,191,190,180,163,143,125,113,110,115,127
MA17,07/11/07,145,163,179,186,183,173,160,145,134,132,138,151,167,185,198,202,195,177,155,132,113,104,106,117
MA17,07/11/08,136,159,180,194,199,195,184,169,155,147,147,155,171,189,204,211,206,190,167,141,117,100,094,101
MA17,07/11/09,119,145,171,190,200,201,193,179,162,150,146,151,165,184,201,212,210,198,177,150,123,101,088,089
MA17,07/11/10,104,129,157,182,198,205,202,192,178,164,157,157,166,182,199,212,216,208,189,163,134,108,092,088
MA17,07/11/11,097,118,147,176,200,216,220,214,201,187,176,173,179,194,211,226,234,231,216,191,162,133,109,097
MA17,07/11/12,098,111,134,163,190,210,220,221,214,201,188,179,180,189,204,219,230,231,221,201,174,145,118,098
MA17,07/11/13,090,098,118,144,170,191,205,209,206,197,187,177,173,178,190,204,216,220,215,200,177,149,122,099
MA17,07/11/14,085,084,096,118,145,169,187,196,197,193,185,177,174,177,185,196,209,217,217,208,191,167,142,118
MA17,07/11/15,101,094,099,114,135,159,179,192,199,199,194,187,182,181,186,194,202,210,213,209,197,179,157,134
MA17,07/11/16,115,103,099,104,117,136,155,172,182,187,187,185,181,177,176,180,186,193,198,198,194,185,170,152
MA17,07/11/17,135,121,113,112,119,131,147,162,176,186,192,194,192,190,188,188,190,193,196,199,200,196,189,178
MA17,07/11/18,165,152,141,134,133,138,148,162,176,189,199,205,206,203,197,190,185,182,181,182,184,185,185,181
MA17,07/11/19,172,160,147,135,126,123,125,133,145,158,172,182,187,188,185,177,166,156,150,148,151,159,167,174
MA17,07/11/20,175,172,165,154,143,135,131,134,142,155,171,185,195,200,199,191,178,161,146,138,136,142,154,168
MA17,07/11/21,180,187,188,181,169,155,144,137,138,146,160,176,191,200,202,195,179,157,134,116,107,109,121,140
MA17,07/11/22,160,178,189,191,184,171,157,144,137,139,149,166,184,198,205,202,187,162,134,107,088,081,088,107
MA17,07/11/23,134,161,183,195,197,190,177,162,150,144,147,159,175,193,205,207,196,172,141,108,079,061,058,070
MA17,07/11/24,094,126,158,184,199,201,192,178,163,152,148,154,169,187,202,211,208,191,162,126,090,063,047,048
MA17,07/11/25,064,093,129,163,188,200,200,192,178,164,155,154,162,177,194,207,211,202,180,147,109,073,047,036
MA17,07/11/26,040,061,093,129,163,187,198,199,192,181,171,164,166,176,192,209,220,219,207,182,149,113,081,060
MA17,07/11/27,053,062,085,116,149,177,195,204,202,193,182,173,170,175,186,201,214,219,214,199,174,142,108,079
MA17,07/11/28,062,060,071,092,121,150,176,193,198,194,184,174,169,169,175,186,199,209,211,203,186,163,134,106
MA17,07/11/29,084,073,074,085,105,131,156,176,186,189,184,176,169,166,168,174,182,191,197,196,190,176,156,133
MA17,07/11/30,111,095,087,089,101,120,142,162,177,183,183,177,169,163,159,160,164,171,178,183,182,176,164,148
MA17,07/12/01,130,114,102,099,103,115,131,149,165,177,181,179,173,166,161,158,157,159,163,167,170,171,168,160
MA17,07/12/02,150,137,125,117,114,117,126,140,155,169,177,180,177,171,164,156,149,145,144,145,149,153,157,159
MA17,07/12/03,157,152,144,135,128,125,129,138,151,165,176,183,185,181,174,164,154,144,137,133,135,141,148,155
MA17,07/12/04,160,162,160,153,146,139,137,139,145,155,166,175,181,181,176,165,151,136,123,114,111,115,124,137
MA17,07/12/05,150,160,164,162,157,149,143,140,142,149,159,170,179,184,182,174,159,140,121,106,098,099,106,120
MA17,07/12/06,136,153,165,170,168,161,152,144,140,142,150,161,172,181,185,180,168,149,127,105,090,084,089,102
MA17,07/12/07,122,144,164,177,182,180,172,162,155,152,155,163,174,186,194,193,183,164,139,113,093,081,079,089
MA17,07/12/08,108,133,158,177,187,188,181,171,159,152,150,155,166,178,189,194,189,174,150,122,095,076,068,073
MA17,07/12/09,090,114,141,165,182,190,189,179,167,157,150,151,159,172,185,193,194,183,162,133,102,076,059,056
MA17,07/12/10,066,087,114,142,165,180,185,180,169,155,146,143,149,160,174,186,192,186,169,143,113,085,063,053
MA17,07/12/11,056,072,097,127,155,176,186,187,178,166,154,147,149,159,173,188,199,199,189,167,139,110,085,068
MA17,07/12/12,065,075,095,122,150,175,192,199,195,184,171,160,156,162,174,188,200,206,201,185,161,133,104,082
MA17,07/12/13,070,072,086,110,138,165,187,199,202,196,185,174,166,167,175,188,202,212,214,206,188,163,135,110
MA17,07/12/14,093,087,092,107,130,155,178,194,202,200,191,179,167,162,163,171,182,192,197,195,185,166,142,117
MA17,07/12/15,096,084,082,090,107,129,152,172,185,189,185,175,163,154,151,154,162,172,180,183,181,170,153,132
MA17,07/12/16,112,097,090,091,100,116,136,156,171,179,179,172,161,149,141,137,139,145,152,160,163,162,154,140
MA17,07/12/17,124,108,096,091,093,103,119,138,156,169,175,174,167,156,144,136,131,132,137,145,153,158,159,155
MA17,07/12/18,147,135,124,116,112,115,124,138,154,167,177,180,177,169,157,143,131,122,119,122,130,141,149,155
MA17,07/12/19,155,150,143,134,125,121,123,131,142,154,166,173,174,169,158,143,124,108,098,095,100,110,124,138
MA17,07/12/20,150,156,156,152,145,138,134,135,141,151,162,173,179,179,172,157,135,112,091,077,074,080,095,114
MA17,07/12/21,135,152,163,166,163,156,150,144,143,147,154,164,172,177,176,165,145,119,092,069,055,052,061,080
MA17,07/12/22,104,130,151,165,171,168,161,153,146,144,148,156,167,177,182,179,166,141,111,080,056,043,043,057
MA17,07/12/23,082,113,143,169,185,191,188,180,170,164,162,166,175,186,197,202,197,179,150,117,084,058,045,047
MA17,07/12/24,064,093,126,158,183,198,202,196,185,172,164,162,168,179,192,201,204,194,172,140,103,068,044,033
MA17,07/12/25,038,058,087,120,151,175,186,187,179,168,157,150,151,161,176,190,200,200,187,163,130,094,063,042
MA17,07/12/26,036,045,068,099,132,160,179,187,183,172,159,147,142,146,158,173,187,194,191,176,150,118,085,058
MA17,07/12/27,042,041,055,080,110,140,164,177,179,171,159,146,137,136,144,158,174,186,191,186,170,146,117,089
MA17,07/12/28,069,061,066,083,108,135,160,178,186,184,175,163,152,147,149,159,173,187,196,198,191,176,156,133
MA17,07/12/29,113,101,098,108,127,152,177,197,208,211,204,192,178,169,165,169,178,190,200,206,206,198,184,166
MA17,07/12/30,147,133,125,126,136,153,173,192,206,212,209,199,186,173,164,161,162,168,176,184,189,189,183,172
MA17,07/12/31,159,147,138,134,138,149,166,182,195,203,204,198,186,173,161,152,147,147,152,158,165,170,171,168
