MA17,10/01/01,67,92,125,159,186,204,210,205,193,178,168,164,169,181,196,211,218,214,196,166,129,92,64,49
MA17,10/01/02,50,66,95,131,165,191,206,207,198,183,167,156,155,163,178,195,209,215,208,189,158,121,86,59
MA17,10/01/03,49,55,76,108,143,175,198,208,205,191,174,158,148,149,159,176,193,205,207,199,178,148,113,83
MA17,10/01/04,62,56,66,88,118,150,176,192,195,187,171,153,139,132,136,149,166,183,194,196,187,169,143,116
MA17,10/01/05,94,81,82,96,120,149,176,195,204,202,189,171,152,139,135,139,151,165,179,187,188,179,162,140
MA17,10/01/06,118,101,95,99,113,135,158,179,191,194,187,173,155,139,129,127,132,142,155,167,174,175,169,157
MA17,10/01/07,142,128,119,118,125,139,157,176,189,195,192,182,166,150,135,126,123,126,133,142,152,159,161,159
MA17,10/01/08,153,144,137,133,135,142,154,167,180,187,188,182,171,156,141,127,117,113,113,118,127,137,145,151
MA17,10/01/09,154,153,150,146,145,147,154,163,172,180,184,183,177,167,154,139,124,112,105,103,106,115,126,138
MA17,10/01/10,148,156,160,160,160,160,161,164,168,174,179,180,178,172,163,149,132,115,100,90,88,93,102,115
MA17,10/01/11,130,145,158,165,167,166,164,162,162,167,172,176,179,179,176,167,152,134,114,98,88,86,92,105
MA17,10/01/12,124,145,163,176,184,186,183,179,175,174,177,182,188,194,196,194,184,166,143,121,104,95,95,104
MA17,10/01/13,122,145,169,188,200,205,202,194,184,176,172,174,181,190,197,199,193,177,154,127,102,84,76,79
MA17,10/01/14,93,115,141,165,182,191,191,183,172,162,156,156,162,173,185,193,194,184,163,136,108,83,67,64
MA17,10/01/15,73,93,119,147,170,184,189,184,171,158,147,144,148,160,175,189,196,192,176,152,123,95,73,62
MA17,10/01/16,65,81,105,133,158,177,185,182,172,157,143,134,134,144,159,177,189,192,183,163,135,105,79,61
MA17,10/01/17,58,68,89,116,145,168,182,184,175,160,144,131,126,132,146,164,180,189,186,171,148,119,91,69
MA17,10/01/18,60,65,82,107,135,161,178,183,177,164,147,130,121,122,133,151,170,183,188,180,163,139,111,87
MA17,10/01/19,72,70,81,101,127,153,172,182,180,169,152,134,120,116,121,135,152,167,177,177,166,147,123,99
MA17,10/01/20,82,76,82,97,120,145,167,180,183,175,160,142,126,116,117,127,143,160,173,179,176,164,147,127
MA17,10/01/21,110,101,103,114,133,156,178,194,201,197,185,167,149,136,130,133,143,157,169,176,178,172,160,143
MA17,10/01/22,127,115,111,115,126,142,160,175,183,183,175,160,142,126,115,112,118,128,141,152,160,163,159,150
MA17,10/01/23,140,131,126,127,134,146,161,175,184,187,181,169,152,136,122,114,111,115,124,134,144,151,153,151
MA17,10/01/24,146,141,137,136,139,146,157,167,175,179,177,169,157,143,128,114,105,101,101,107,115,126,135,142
MA17,10/01/25,146,148,148,147,148,152,158,166,173,178,180,178,171,160,146,131,116,104,96,94,98,108,121,134
MA17,10/01/26,145,154,160,161,161,160,159,160,162,165,168,169,167,163,153,139,120,101,83,70,66,71,82,99
MA17,10/01/27,118,137,151,160,164,163,159,156,154,154,157,162,167,170,169,160,144,122,97,75,61,56,62,79
MA17,10/01/28,103,130,154,172,183,185,180,173,166,162,162,168,177,188,195,195,186,165,136,104,77,60,55,65
MA17,10/01/29,86,115,145,171,188,195,191,181,168,157,151,153,161,175,189,197,196,182,155,121,87,59,42,41
MA17,10/01/30,56,84,118,151,177,192,194,184,167,150,137,133,138,152,172,189,199,195,177,148,112,77,50,37
MA17,10/01/31,42,62,93,128,161,184,193,188,173,153,134,123,123,135,155,179,198,206,199,178,147,112,79,55
MA17,10/02/01,47,57,82,116,152,180,197,198,186,166,143,124,117,123,140,165,190,207,214,207,186,155,120,91
MA17,10/02/02,75,74,88,114,146,175,196,203,196,177,152,128,112,109,119,139,164,187,201,203,193,173,145,118
MA17,10/02/03,98,91,98,116,143,172,194,205,201,186,164,138,116,104,105,117,136,158,175,183,183,172,154,132
MA17,10/02/04,114,103,103,114,134,157,179,192,195,187,169,145,122,104,97,101,113,130,148,162,169,169,160,147
MA17,10/02/05,133,122,120,126,138,156,174,188,194,190,177,158,137,118,106,103,107,117,129,142,152,158,159,155
MA17,10/02/06,148,143,140,142,150,162,175,187,194,193,186,172,154,134,118,107,103,104,109,117,126,134,140,143
MA17,10/02/07,144,143,143,144,148,153,162,170,176,178,175,167,156,142,127,113,104,99,97,99,105,114,123,132
MA17,10/02/08,140,146,150,152,154,157,161,165,169,171,171,168,162,153,142,130,118,107,99,94,95,99,108,120
MA17,10/02/09,134,148,159,165,169,170,171,171,172,173,174,175,175,173,167,158,145,129,114,101,93,92,99,112
MA17,10/02/10,129,148,164,176,181,182,179,174,169,167,168,172,176,180,181,177,166,148,128,108,93,86,88,98
MA17,10/02/11,114,135,156,172,182,185,180,172,163,156,155,159,167,176,183,187,182,169,149,126,105,90,85,91
MA17,10/02/12,107,129,153,174,188,193,189,179,167,155,150,151,160,172,184,192,192,183,164,138,110,88,77,78
MA17,10/02/13,91,113,139,164,182,192,191,182,166,150,140,138,146,160,177,191,197,193,177,153,124,97,78,72
MA17,10/02/14,79,98,124,151,174,187,189,181,165,146,130,124,128,141,160,179,192,195,185,164,137,108,85,73
MA17,10/02/15,74,90,115,143,169,187,194,189,173,153,134,123,123,135,155,178,198,208,206,192,168,139,112,95
MA17,10/02/16,91,100,122,148,173,193,202,199,185,164,142,124,116,121,138,161,183,198,201,192,172,146,120,100
MA17,10/02/17,91,96,112,135,159,180,193,194,183,163,140,119,106,106,118,139,162,181,191,189,177,156,133,113
MA17,10/02/18,101,101,113,133,157,180,196,200,193,177,154,131,113,107,113,130,152,173,188,194,188,174,154,135
MA17,10/02/19,121,116,121,136,157,179,196,204,201,186,165,142,122,109,108,118,135,155,172,183,185,177,164,149
MA17,10/02/20,135,128,129,139,155,173,190,199,199,188,170,147,126,110,103,105,116,132,149,164,172,172,165,155
MA17,10/02/21,144,138,136,141,151,165,178,188,191,185,171,152,131,113,100,95,98,107,120,134,146,153,155,152
MA17,10/02/22,148,144,143,145,151,160,171,180,184,182,175,162,145,128,114,104,99,101,107,118,130,140,149,155
MA17,10/02/23,159,160,161,162,164,168,173,179,182,183,179,173,162,149,134,119,108,99,95,97,104,115,128,141
MA17,10/02/24,152,160,165,168,168,168,168,168,169,170,171,171,168,160,149,135,119,102,88,79,77,84,97,115
MA17,10/02/25,133,151,164,171,173,171,166,161,157,157,160,165,170,173,170,161,145,123,100,80,68,67,76,94
MA17,10/02/26,118,144,165,180,186,185,177,167,157,152,153,160,172,183,190,190,179,158,131,103,80,66,65,78
MA17,10/02/27,102,132,163,186,199,202,196,180,162,149,143,147,158,175,192,202,200,187,162,129,97,72,59,61
MA17,10/02/28,79,108,141,171,192,199,194,179,158,137,123,122,133,152,175,194,203,201,185,157,122,87,64,58
MA17,10/03/01,68,93,125,158,184,198,197,182,159,133,112,103,108,127,153,181,203,213,208,189,159,126,98,80
MA17,10/03/02,80,95,122,153,181,200,205,194,171,141,112,94,90,100,123,153,180,200,206,198,177,148,118,94
MA17,10/03/03,85,93,115,144,173,195,205,200,181,152,122,97,84,85,100,125,153,177,191,193,183,162,137,113
MA17,10/03/04,99,98,110,132,157,179,192,191,177,153,124,96,77,70,77,96,121,147,168,181,182,173,157,140
MA17,10/03/05,127,124,130,145,166,188,202,205,197,178,153,126,103,89,87,96,113,134,154,170,176,173,164,151
MA17,10/03/06,139,133,134,144,159,177,192,199,196,183,163,140,118,100,91,92,100,114,131,146,156,161,160,155
MA17,10/03/07,148,143,142,146,154,166,179,186,187,180,166,148,128,110,98,92,94,100,110,122,133,141,145,147
MA17,10/03/08,147,146,146,147,152,159,166,172,174,171,163,151,137,121,108,99,94,92,95,101,110,119,129,137
MA17,10/03/09,143,147,151,154,156,159,163,167,168,168,165,159,153,144,135,125,117,111,107,107,112,120,132,145
MA17,10/03/10,158,169,177,181,182,182,181,180,180,180,182,182,181,177,171,162,150,137,124,116,112,114,122,134
MA17,10/03/11,148,162,173,178,178,174,167,159,154,151,153,156,161,164,163,158,147,131,114,99,89,85,89,101
MA17,10/03/12,118,137,154,165,170,167,158,147,137,131,132,138,148,158,164,166,159,145,126,106,90,81,81,91
MA17,10/03/13,109,131,152,168,176,175,166,152,137,127,125,130,143,157,171,179,178,167,148,125,103,87,81,86
MA17,10/03/14,101,122,144,163,174,175,166,150,130,113,104,106,118,136,155,171,176,171,154,132,107,85,73,73
MA17,10/03/15,84,105,131,154,171,177,170,154,134,113,100,98,108,128,152,173,185,186,177,158,134,111,95,91
MA17,10/03/16,99,120,148,175,194,201,196,180,157,132,112,104,108,125,149,174,194,203,198,182,158,130,106,94
MA17,10/03/17,95,109,131,155,176,187,185,170,146,119,95,80,79,91,114,142,167,183,187,177,158,135,113,98
MA17,10/03/18,95,105,123,147,170,185,187,177,155,127,100,81,73,80,100,128,155,177,188,187,175,155,134,118
MA17,10/03/19,110,115,129,150,173,190,196,188,169,142,113,89,74,73,85,107,135,160,176,181,176,162,145,128
MA17,10/03/20,118,118,127,144,164,182,192,190,177,154,126,100,82,74,79,95,118,143,164,177,179,173,161,148
MA17,10/03/21,137,134,140,153,171,190,203,206,197,179,154,127,103,87,82,89,105,125,145,161,170,170,163,154
MA17,10/03/22,145,138,138,144,154,165,175,179,175,163,144,122,100,82,72,70,78,92,109,126,140,149,152,151
MA17,10/03/23,148,145,145,148,154,163,172,177,177,172,161,146,128,110,95,87,84,89,98,111,125,137,146,152
MA17,10/03/24,154,155,155,154,156,159,163,166,167,165,160,153,142,128,113,98,87,81,81,87,99,113,128,142
MA17,10/03/25,153,162,166,167,166,164,163,163,165,167,168,169,168,163,153,139,123,109,98,93,95,105,120,138
MA17,10/03/26,156,169,178,180,176,169,161,153,148,149,153,160,166,170,168,158,142,122,102,86,78,79,90,109
MA17,10/03/27,131,151,167,174,172,162,148,134,123,119,122,132,146,160,169,169,159,141,116,92,74,66,72,89
MA17,10/03/28,114,141,164,178,181,172,156,135,116,105,104,114,131,152,172,184,185,173,150,123,97,80,76,86
MA17,10/03/29,107,136,163,183,192,189,173,149,122,102,93,98,115,139,165,187,199,197,181,156,127,101,86,86
MA17,10/03/30,99,122,149,172,186,187,174,149,118,89,71,67,77,100,130,159,182,192,187,169,143,116,96,88
MA17,10/03/31,95,114,140,166,185,192,185,163,133,101,75,62,63,80,107,138,168,189,196,189,171,147,124,110
MA17,10/04/01,109,120,142,166,187,199,198,182,154,121,90,67,58,66,88,118,149,176,193,196,187,170,151,135
MA17,10/04/02,130,136,152,173,195,211,215,206,186,156,123,96,79,77,88,110,138,166,187,197,196,185,169,153
MA17,10/04/03,143,141,148,162,180,195,202,197,181,157,128,100,80,70,73,87,109,134,156,171,176,173,164,153
MA17,10/04/04,144,140,143,152,166,180,188,188,179,161,137,113,92,77,73,77,90,109,130,148,160,164,162,158
MA17,10/04/05,152,149,150,155,164,175,185,190,187,176,159,140,122,106,97,96,102,113,127,143,157,166,170,170
MA17,10/04/06,169,167,167,167,170,176,182,186,185,179,168,155,141,126,115,108,107,111,118,129,141,152,160,165
MA17,10/04/07,170,171,171,171,171,172,175,177,179,178,175,169,159,147,135,125,118,113,112,116,123,133,143,152
MA17,10/04/08,160,166,168,167,164,160,157,155,155,155,156,156,154,149,142,132,122,113,106,104,106,113,124,136
MA17,10/04/09,148,158,164,165,161,153,145,139,136,136,140,145,150,153,152,147,137,126,114,106,104,108,118,132
MA17,10/04/10,148,162,172,176,172,164,152,141,133,131,134,144,155,164,169,169,162,150,135,120,111,110,115,128
MA17,10/04/11,146,165,180,187,185,176,161,144,129,122,123,133,147,164,177,184,181,169,153,134,118,109,109,119
MA17,10/04/12,136,157,175,186,186,177,160,139,118,104,101,109,126,147,167,181,185,179,165,146,128,116,114,121
MA17,10/04/13,138,161,183,198,203,196,179,156,131,111,103,108,124,148,174,195,206,206,195,177,156,138,127,127
MA17,10/04/14,139,158,180,198,206,201,184,158,128,102,85,82,93,115,144,171,190,197,193,177,156,135,121,116
MA17,10/04/15,124,141,161,180,193,194,181,157,127,98,76,66,70,88,115,145,170,186,189,180,163,144,127,117
MA17,10/04/16,119,131,149,169,184,190,183,163,135,103,76,60,58,70,95,125,155,177,188,187,176,160,143,131
MA17,10/04/17,129,137,152,171,187,196,194,179,154,124,94,70,59,62,79,105,135,162,180,186,181,169,154,140
MA17,10/04/18,133,135,145,160,175,186,188,180,160,133,103,76,58,53,62,82,108,134,157,171,174,169,159,147
MA17,10/04/19,138,136,142,153,167,179,185,183,171,150,123,97,74,61,60,70,90,114,138,157,168,171,167,159
MA17,10/04/20,152,148,149,155,165,176,185,189,184,171,151,128,106,88,79,79,88,104,126,146,163,174,177,176
MA17,10/04/21,173,168,165,165,170,177,184,189,189,183,172,155,137,118,103,95,94,101,114,131,148,162,171,175
MA17,10/04/22,175,173,169,165,163,164,168,172,175,175,172,166,156,142,127,114,106,104,108,117,131,148,162,173
MA17,10/04/23,181,184,182,177,171,165,163,164,167,170,175,178,176,170,159,145,130,117,111,111,118,132,149,164
MA17,10/04/24,177,185,185,179,170,158,148,141,140,144,152,162,171,175,173,163,148,131,117,108,107,114,129,146
MA17,10/04/25,164,177,183,180,170,154,136,122,113,113,121,136,152,167,176,176,168,152,134,117,107,107,116,133
MA17,10/04/26,153,172,184,185,176,159,138,116,99,90,93,108,130,153,172,183,183,172,155,135,118,109,112,124
MA17,10/04/27,143,165,183,191,187,172,149,122,98,81,77,86,107,135,163,184,195,194,182,165,146,131,125,131
MA17,10/04/28,147,169,191,206,209,199,178,149,119,94,81,81,96,121,153,183,205,215,212,198,178,159,146,144
MA17,10/04/29,153,170,190,207,215,210,193,166,134,104,82,74,79,99,128,160,187,206,213,207,193,175,160,151
MA17,10/04/30,153,165,183,201,213,215,204,182,151,119,92,75,72,84,108,138,168,192,206,208,201,187,171,159
MA17,10/05/01,156,162,175,191,205,211,207,192,167,136,106,83,72,74,89,113,141,167,186,196,195,187,174,162
MA17,10/05/02,156,157,165,179,192,202,204,195,176,150,121,96,78,72,78,95,118,143,165,179,185,182,173,163
MA17,10/05/03,156,154,158,167,179,190,195,192,180,160,136,111,91,80,79,89,105,126,148,165,176,179,177,170
MA17,10/05/04,163,159,159,164,173,183,190,192,186,173,155,136,117,102,96,97,107,121,138,155,168,176,178,175
MA17,10/05/05,169,164,159,160,164,171,177,181,180,174,163,148,131,116,106,102,103,111,124,138,151,162,168,169
MA17,10/05/06,167,163,159,155,155,156,161,165,168,166,161,153,142,130,119,111,108,110,117,128,141,153,162,169
MA17,10/05/07,172,172,168,162,157,155,154,157,160,163,165,165,162,155,147,138,131,127,128,133,143,155,167,177
MA17,10/05/08,183,185,182,175,165,155,148,145,146,150,156,161,165,165,160,153,143,134,129,128,132,141,153,165
MA17,10/05/09,176,182,183,176,165,151,138,130,127,130,138,148,159,167,169,166,158,147,136,130,128,133,142,155
MA17,10/05/10,168,179,183,179,169,153,135,121,112,112,119,133,148,163,173,176,173,163,151,139,132,132,139,152
MA17,10/05/11,167,181,189,189,180,164,142,122,106,100,104,118,137,158,176,187,189,183,171,158,148,143,146,156
MA17,10/05/12,171,187,200,204,197,182,159,134,112,99,98,108,128,152,175,194,202,200,190,175,160,149,145,151
MA17,10/05/13,164,181,196,204,202,188,166,137,109,88,79,84,102,127,155,180,196,202,198,185,170,155,146,147
MA17,10/05/14,156,171,188,200,204,195,176,147,116,88,70,67,78,100,129,159,184,198,200,192,178,162,149,144
MA17,10/05/15,149,162,177,192,200,198,184,159,127,95,69,56,58,75,101,133,162,185,196,194,185,171,156,147
MA17,10/05/16,146,154,168,185,197,202,195,176,147,114,84,62,54,61,81,110,141,169,188,195,192,182,168,156
MA17,10/05/17,150,152,162,176,191,200,200,189,166,136,104,77,60,56,67,89,117,146,171,186,191,186,176,164
MA17,10/05/18,155,153,157,168,181,193,199,196,182,159,132,104,80,67,65,76,98,125,152,174,187,190,185,176
MA17,10/05/19,167,160,159,165,174,185,194,197,192,178,157,133,109,90,80,80,91,111,135,158,176,186,188,184
MA17,10/05/20,176,167,161,160,164,172,181,189,192,189,179,163,143,123,108,100,101,110,126,146,167,183,191,192
MA17,10/05/21,186,178,169,161,157,158,163,170,176,180,179,174,163,148,133,121,114,114,122,135,153,170,182,189
MA17,10/05/22,190,185,176,164,153,146,144,146,152,159,166,171,171,165,154,142,131,123,121,126,138,154,169,180
MA17,10/05/23,187,186,179,166,151,137,127,122,124,132,144,156,167,172,170,163,152,140,132,130,136,147,162,178
MA17,10/05/24,189,195,192,181,164,144,127,114,109,113,126,144,164,180,189,191,185,175,163,154,152,156,167,182
MA17,10/05/25,196,206,208,200,184,160,135,114,100,96,104,121,144,167,186,197,199,192,181,167,158,155,161,173
MA17,10/05/26,188,203,212,210,196,175,149,121,98,86,85,98,121,149,175,195,205,205,196,183,170,161,160,167
MA17,10/05/27,180,196,209,213,206,189,163,132,103,81,72,77,95,122,154,182,202,211,209,199,184,171,163,164
MA17,10/05/28,173,188,205,216,217,207,186,156,124,96,77,72,83,104,133,164,190,205,210,205,193,179,167,161
MA17,10/05/29,165,178,194,209,217,214,199,174,142,110,83,69,69,82,107,138,168,191,205,207,200,187,173,163
MA17,10/05/30,162,169,182,197,208,212,204,185,158,126,97,75,65,70,89,118,148,176,194,202,200,191,179,167
MA17,10/05/31,160,162,172,187,201,210,209,197,176,148,118,93,78,75,86,107,135,162,185,198,200,194,183,170
MA17,10/06/01,160,156,161,172,186,199,205,201,186,164,137,112,92,83,87,101,123,148,171,188,197,197,190,179
MA17,10/06/02,167,159,158,164,175,188,196,197,191,176,155,132,112,98,94,101,117,138,159,178,190,194,191,183
MA17,10/06/03,172,162,156,156,162,173,183,189,188,181,168,150,132,117,108,108,117,131,150,169,184,193,195,190
MA17,10/06/04,181,169,160,155,156,162,171,179,183,182,175,164,151,137,126,122,125,134,147,162,177,188,193,192
MA17,10/06/05,185,176,166,157,153,153,157,164,171,175,176,172,164,154,144,137,135,137,145,157,170,182,191,194
MA17,10/06/06,191,184,173,160,149,143,141,143,149,156,163,166,167,163,156,149,144,141,143,150,161,173,184,191
MA17,10/06/07,192,188,178,164,149,136,128,125,128,136,147,158,166,169,169,165,159,152,148,149,155,164,175,184
MA17,10/06/08,190,190,184,171,153,135,120,110,108,115,127,142,158,170,176,176,171,164,157,152,153,159,169,180
MA17,10/06/09,191,197,196,186,169,147,125,107,96,95,105,122,144,165,179,186,187,182,174,166,160,160,166,177
MA17,10/06/10,189,198,202,198,184,162,135,110,91,83,88,104,128,154,177,193,201,199,190,178,168,162,163,171
MA17,10/06/11,184,197,206,207,197,177,149,118,90,72,68,78,98,125,155,180,196,201,197,186,172,161,156,159
MA17,10/06/12,169,184,198,205,202,189,164,132,98,70,53,53,69,96,128,160,185,200,203,197,184,170,159,157
MA17,10/06/13,163,176,192,205,210,204,186,157,122,87,60,48,53,74,106,141,172,193,204,204,194,181,168,160
MA17,10/06/14,160,169,184,200,213,216,207,185,153,117,83,61,54,64,88,120,153,181,201,207,202,191,177,165
MA17,10/06/15,160,164,175,190,206,216,215,202,177,145,109,79,61,58,70,95,127,159,185,200,203,197,184,170
MA17,10/06/16,159,156,161,174,191,208,217,216,202,179,148,117,92,77,78,92,117,146,174,193,203,201,192,177
MA17,10/06/17,163,153,150,154,165,179,193,199,196,183,162,137,112,94,86,89,105,128,155,177,192,198,195,183
MA17,10/06/18,169,155,147,144,148,159,172,183,188,186,176,160,140,122,109,105,111,126,146,167,186,197,199,194
MA17,10/06/19,182,166,152,144,141,144,152,162,172,179,181,176,164,148,133,124,122,127,140,157,174,188,195,195
MA17,10/06/20,187,174,158,142,131,126,127,135,146,157,166,171,171,166,157,149,143,141,145,156,170,185,195,199
MA17,10/06/21,196,186,172,154,137,125,118,118,124,135,149,162,172,176,175,169,162,157,156,159,167,178,189,195
MA17,10/06/22,196,191,181,165,145,125,109,100,100,108,122,139,156,171,179,181,178,173,167,165,166,172,181,191
MA17,10/06/23,198,199,194,182,163,142,120,103,95,95,104,122,144,167,184,194,196,192,185,178,173,173,178,186
MA17,10/06/24,195,202,203,196,181,159,133,108,89,79,82,96,118,142,165,184,195,197,191,182,173,167,168,174
MA17,10/06/25,183,193,201,201,192,175,149,120,94,76,69,75,92,117,145,169,186,193,191,182,171,161,156,159
MA17,10/06/26,168,180,192,199,198,187,165,136,106,80,65,63,74,96,124,153,176,190,193,187,177,165,155,153
MA17,10/06/27,159,170,184,196,202,197,181,156,127,98,77,67,71,88,113,143,171,190,200,199,190,177,164,157
MA17,10/06/28,157,165,180,195,206,209,202,182,154,124,97,80,76,86,106,133,162,186,201,204,198,186,172,161
MA17,10/06/29,156,159,170,186,201,209,207,194,172,143,115,93,82,84,99,122,149,175,194,203,202,193,178,163
MA17,10/06/30,153,152,159,172,188,202,208,202,186,162,135,111,95,90,97,115,139,165,187,200,202,196,183,168
MA17,10/07/01,155,149,151,161,175,190,200,201,192,175,152,128,109,98,98,110,131,155,178,194,200,197,187,172
MA17,10/07/02,157,146,143,148,160,175,188,194,191,180,163,144,125,112,108,114,130,150,172,189,200,201,195,182
MA17,10/07/03,167,153,145,144,150,163,175,185,189,185,175,161,146,132,125,125,134,150,169,188,201,208,205,195
MA17,10/07/04,182,168,157,150,150,156,166,177,185,188,185,178,168,158,150,147,150,160,174,189,201,209,210,203
MA17,10/07/05,191,176,161,149,142,142,147,156,166,174,179,179,177,171,165,161,160,164,173,184,195,205,209,207
MA17,10/07/06,200,187,171,155,142,135,133,137,146,157,168,175,179,179,176,172,170,170,173,178,186,195,202,205
MA17,10/07/07,202,194,179,162,144,129,119,115,119,130,143,157,168,176,180,180,177,174,172,173,177,185,193,200
MA17,10/07/08,202,198,189,173,153,132,113,101,97,102,114,132,152,168,179,185,185,182,177,173,172,174,180,188
MA17,10/07/09,196,200,197,187,169,146,122,101,87,84,91,109,132,156,176,190,197,196,192,185,180,178,180,186
MA17,10/07/10,195,203,207,204,191,169,140,110,85,71,70,83,106,134,163,186,201,205,200,189,176,167,163,167
MA17,10/07/11,178,193,205,210,205,188,162,130,99,74,61,63,80,108,142,174,198,211,212,203,190,177,168,167
MA17,10/07/12,175,190,206,219,224,215,195,164,127,93,69,59,65,87,119,154,186,208,216,212,199,182,167,158
MA17,10/07/13,159,170,188,207,222,225,215,191,157,119,85,62,56,68,94,128,163,192,209,212,203,186,167,151
MA17,10/07/14,145,150,165,185,205,219,221,208,182,147,111,81,65,65,82,110,145,177,201,212,210,196,176,156
MA17,10/07/15,142,140,149,166,188,208,220,219,205,179,146,114,90,81,88,107,136,166,193,209,213,205,187,165
MA17,10/07/16,145,132,131,142,160,182,201,210,208,194,172,144,118,102,99,108,128,153,179,200,211,208,195,174
MA17,10/07/17,151,132,122,123,134,151,170,185,193,191,181,163,142,125,115,116,128,147,170,191,204,207,199,182
MA17,10/07/18,161,140,124,115,116,125,141,157,170,177,177,172,161,149,139,136,140,151,168,185,198,205,203,192
MA17,10/07/19,175,156,138,123,116,118,125,137,151,164,173,176,176,171,165,160,159,162,171,183,195,204,207,202
MA17,10/07/20,191,175,156,138,124,116,114,118,127,139,153,164,172,177,178,176,173,173,176,182,190,198,203,204
MA17,10/07/21,199,190,175,156,138,122,112,107,109,118,132,149,164,177,186,189,188,185,183,182,184,190,196,201
MA17,10/07/22,203,200,192,177,159,138,120,106,100,102,112,129,150,171,187,197,200,198,192,185,181,181,185,192
MA17,10/07/23,199,204,204,196,181,160,137,115,99,92,95,109,130,155,177,195,205,206,200,191,181,176,177,184
MA17,10/07/24,194,204,210,209,199,181,156,130,107,92,88,95,114,140,168,192,208,214,211,201,188,176,171,173
MA17,10/07/25,183,195,208,215,213,201,179,151,122,99,87,87,100,122,151,179,200,211,212,203,188,173,162,159
MA17,10/07/26,167,181,197,211,216,210,193,167,136,109,91,85,92,110,138,167,192,207,212,207,195,179,164,156
MA17,10/07/27,158,171,189,206,219,220,208,186,156,125,99,84,83,98,123,152,181,202,211,209,198,180,162,148
MA17,10/07/28,145,155,172,192,209,218,214,198,172,141,112,92,85,93,113,141,170,195,210,212,203,186,167,150
MA17,10/07/29,142,145,158,178,199,215,220,212,193,167,139,115,101,103,116,138,166,193,211,218,212,197,176,155
MA17,10/07/30,141,137,144,161,183,202,212,212,200,179,154,129,113,107,115,134,159,184,204,214,213,201,182,160
MA17,10/07/31,142,132,133,145,163,183,198,204,200,186,165,143,125,116,119,131,151,174,194,207,209,201,186,166
MA17,10/08/01,146,132,128,133,146,164,181,192,194,187,174,158,143,132,130,137,152,170,189,204,210,207,194,177
MA17,10/08/02,157,140,130,128,135,149,165,178,186,187,180,170,159,150,146,147,156,171,188,203,212,212,203,189
MA17,10/08/03,171,152,137,129,128,134,145,158,169,176,178,177,172,165,161,161,165,173,184,196,204,208,204,194
MA17,10/08/04,179,161,144,131,122,120,125,135,147,157,164,168,169,168,166,165,165,169,175,182,191,197,198,193
MA17,10/08/05,184,171,154,137,122,112,108,110,118,129,141,153,162,168,172,173,173,173,175,177,182,187,190,190
MA17,10/08/06,187,180,167,150,131,114,100,93,94,102,116,133,150,164,174,180,181,179,176,173,174,176,181,186
MA17,10/08/07,190,190,184,171,152,130,109,93,84,85,96,115,137,159,177,189,194,191,184,178,173,171,174,182
MA17,10/08/08,191,200,203,197,182,159,131,104,84,74,77,90,114,143,171,192,201,201,193,183,172,165,163,168
MA17,10/08/09,180,195,207,212,205,187,160,128,98,76,66,72,91,120,152,180,198,204,199,187,171,157,150,152
MA17,10/08/10,163,180,200,216,221,212,190,158,124,92,69,61,72,99,133,167,192,205,205,195,179,160,144,138
MA17,10/08/11,144,160,183,206,222,226,215,190,157,121,92,75,74,90,119,155,187,210,219,213,196,173,150,135
MA17,10/08/12,132,142,162,188,213,228,229,216,191,160,128,102,91,96,117,147,181,208,223,223,209,186,159,137
MA17,10/08/13,124,124,138,161,188,210,222,220,205,179,150,123,106,104,116,139,166,192,210,215,207,188,162,137
MA17,10/08/14,118,111,116,132,155,178,197,205,202,187,165,143,126,118,122,137,160,183,202,212,210,196,172,147
MA17,10/08/15,125,110,105,112,127,148,168,182,187,183,172,157,143,135,133,140,154,173,192,205,208,201,185,162
MA17,10/08/16,138,119,107,104,110,124,142,158,170,175,173,166,157,150,147,151,160,173,187,199,205,202,191,174
MA17,10/08/17,153,134,119,110,108,113,122,135,147,157,163,165,163,160,158,159,165,174,183,192,199,201,196,185
MA17,10/08/18,170,153,136,123,114,110,112,118,127,137,147,155,161,165,166,167,168,170,175,180,186,189,188,183
MA17,10/08/19,176,164,151,136,123,112,105,103,106,114,125,137,150,160,167,170,170,168,167,167,170,174,177,179
MA17,10/08/20,178,173,164,152,137,121,107,97,93,96,106,120,136,153,166,174,175,172,166,161,160,162,165,170
MA17,10/08/21,176,179,178,170,157,139,120,102,90,86,91,104,123,144,163,176,181,178,170,161,155,152,154,160
MA17,10/08/22,170,180,186,184,174,157,135,113,94,83,83,92,110,134,158,176,186,186,178,165,154,147,146,150
MA17,10/08/23,161,175,188,195,192,179,157,131,106,88,80,85,100,123,148,171,186,191,184,170,154,140,133,134
MA17,10/08/24,144,160,178,192,197,190,173,148,121,98,84,82,92,112,138,165,185,194,190,175,156,139,127,123
MA17,10/08/25,130,146,166,185,198,199,187,165,137,109,90,82,87,103,128,155,178,191,191,179,160,138,121,112
MA17,10/08/26,114,127,148,172,190,198,193,176,151,124,101,88,88,99,121,148,173,190,194,187,169,145,123,109
MA17,10/08/27,106,114,132,155,178,193,195,185,165,139,115,98,93,100,119,143,168,188,196,191,176,153,128,109
MA17,10/08/28,100,103,117,139,162,181,191,189,175,153,130,111,102,104,118,138,162,183,194,193,181,160,136,115
MA17,10/08/29,101,97,105,123,146,168,183,187,180,166,147,128,116,114,122,138,160,180,193,196,189,172,149,125
MA17,10/08/30,107,97,99,111,130,152,170,180,180,171,156,141,130,126,130,141,158,177,192,197,192,180,161,139
MA17,10/08/31,118,103,98,103,116,134,152,166,172,169,161,150,141,136,138,145,157,173,186,193,192,183,167,147
MA17,10/09/01,127,110,99,96,101,113,128,143,153,157,156,151,145,141,140,143,150,161,172,180,184,181,171,156
MA17,10/09/02,137,120,105,95,92,96,106,117,129,138,146,151,151,150,149,149,152,158,166,172,177,178,175,166
MA17,10/09/03,154,139,123,109,98,93,94,101,111,122,135,147,155,161,163,163,163,163,166,169,173,176,177,175
MA17,10/09/04,171,163,150,134,117,101,92,89,93,102,117,133,149,162,171,174,172,167,163,161,162,165,169,174
MA17,10/09/05,178,177,170,158,139,118,98,85,78,81,94,115,138,159,175,183,184,178,168,158,152,152,156,165
MA17,10/09/06,176,185,189,183,167,143,117,93,77,70,76,93,120,148,172,188,193,188,175,160,149,142,141,149
MA17,10/09/07,165,183,197,204,199,182,155,124,96,79,75,86,108,138,168,191,203,202,189,170,151,134,127,131
MA17,10/09/08,146,169,193,211,217,208,186,153,120,93,79,79,96,125,158,189,208,213,202,182,157,132,115,111
MA17,10/09/09,122,145,174,200,216,219,207,183,151,120,96,86,92,113,143,174,197,207,203,186,162,136,112,99
MA17,10/09/10,101,117,144,174,200,215,217,205,180,152,126,110,106,118,142,170,195,211,213,201,178,150,123,102
MA17,10/09/11,95,102,122,150,178,200,211,208,194,174,152,134,126,131,148,172,196,212,217,210,193,167,137,111
MA17,10/09/12,95,93,105,127,155,180,197,202,196,184,169,154,141,138,147,167,189,208,216,214,201,180,154,127
MA17,10/09/13,107,96,98,111,132,156,178,192,197,194,184,171,161,157,160,171,186,205,219,223,215,198,175,149
MA17,10/09/14,126,109,102,105,117,134,153,169,178,181,178,171,163,158,160,167,178,191,202,208,207,197,180,159
MA17,10/09/15,138,119,107,103,106,115,129,144,156,164,168,168,166,163,161,164,172,180,188,195,198,195,186,174
MA17,10/09/16,158,142,129,121,116,117,122,132,143,154,164,171,174,175,176,177,180,183,187,190,191,193,192,187
MA17,10/09/17,179,167,155,142,132,125,123,125,131,140,152,163,173,179,182,183,183,182,180,180,181,182,184,185
MA17,10/09/18,185,179,170,158,145,132,122,117,116,121,132,146,160,173,180,182,180,175,169,165,164,164,168,174
MA17,10/09/19,180,184,182,175,162,147,132,120,113,113,121,136,154,171,183,190,189,182,173,164,158,156,159,167
MA17,10/09/20,178,188,194,192,182,166,148,131,117,111,114,126,145,166,184,194,196,189,178,165,153,145,145,154
MA17,10/09/21,167,183,196,202,198,184,165,144,125,113,111,120,137,159,182,197,203,199,185,167,149,136,132,138
MA17,10/09/22,153,173,192,206,209,200,183,161,140,123,115,120,134,156,180,200,211,209,195,173,150,132,122,123
MA17,10/09/23,135,157,181,200,210,209,196,175,152,131,118,117,128,148,172,194,208,210,198,176,151,127,111,108
MA17,10/09/24,117,136,161,184,202,207,200,183,160,137,121,116,122,140,163,186,203,208,201,183,158,131,110,101
MA17,10/09/25,106,124,150,179,202,216,217,207,187,165,145,133,133,144,164,187,206,216,212,196,171,142,117,101
MA17,10/09/26,99,109,131,158,183,201,208,202,186,166,149,136,132,140,157,178,198,209,210,199,178,151,125,104
MA17,10/09/27,95,99,115,139,164,186,198,199,190,177,162,150,144,147,158,176,195,209,213,205,187,163,137,115
MA17,10/09/28,100,98,108,128,152,177,196,206,205,196,184,173,165,163,168,180,196,212,222,221,208,187,161,136
MA17,10/09/29,117,104,101,109,127,150,170,184,189,186,177,167,160,158,161,169,181,194,204,207,201,187,167,145
MA17,10/09/30,124,109,101,101,110,127,146,163,174,179,178,173,167,165,167,171,179,189,197,201,198,190,177,159
MA17,10/10/01,140,124,111,105,106,113,125,140,153,163,169,170,169,168,168,169,171,175,181,185,187,185,180,170
MA17,10/10/02,156,141,127,115,106,104,109,117,130,145,158,167,172,175,176,175,174,172,171,171,174,177,179,178
MA17,10/10/03,174,167,155,139,124,113,108,108,115,129,146,163,176,185,189,188,183,177,171,166,165,169,176,183
MA17,10/10/04,188,189,184,172,154,136,121,112,111,120,136,156,175,192,201,202,197,186,172,161,156,157,164,177
MA17,10/10/05,190,201,203,197,183,162,140,120,108,107,118,138,162,184,200,206,202,190,173,154,138,132,137,151
MA17,10/10/06,170,190,206,211,204,186,161,135,114,103,106,121,144,171,193,206,206,194,173,150,126,109,105,114
MA17,10/10/07,135,162,188,206,210,201,182,156,130,112,105,113,131,157,182,200,205,198,179,152,123,100,87,90
MA17,10/10/08,107,134,164,190,206,208,199,180,157,135,120,118,130,152,178,199,210,207,190,165,135,107,87,82
MA17,10/10/09,92,112,140,170,195,208,209,199,180,159,142,135,142,157,178,198,213,217,208,187,160,130,103,88
MA17,10/10/10,88,101,125,154,184,206,216,213,203,188,171,160,159,169,185,205,223,232,228,210,182,149,118,95
MA17,10/10/11,84,88,104,129,157,183,201,206,199,187,175,164,158,160,170,187,204,215,217,208,189,162,132,106
MA17,10/10/12,89,83,90,108,131,156,176,189,193,189,179,168,162,162,169,182,197,208,213,210,197,178,154,129
MA17,10/10/13,109,98,97,105,121,140,159,174,183,185,182,176,171,170,173,181,191,202,210,212,205,192,174,153
MA17,10/10/14,133,118,110,111,118,131,148,164,176,182,184,182,178,175,174,179,185,192,198,201,200,194,184,170
MA17,10/10/15,153,138,127,122,123,129,138,150,164,176,182,184,184,184,184,184,184,184,186,188,189,188,185,177
MA17,10/10/16,167,156,144,134,127,124,127,133,142,153,164,172,178,180,179,177,173,169,165,164,165,167,169,170
MA17,10/10/17,169,164,155,145,135,128,124,124,130,139,151,163,174,181,182,179,173,165,157,152,151,153,159,165
MA17,10/10/18,171,173,171,163,152,140,129,122,121,127,138,154,169,182,188,188,180,167,153,142,137,138,145,155
MA17,10/10/19,167,177,181,177,167,153,139,128,122,124,133,148,166,182,191,193,186,172,155,139,128,124,129,141
MA17,10/10/20,158,174,185,189,184,172,156,141,130,126,130,142,161,182,198,204,199,185,165,144,126,116,117,127
MA17,10/10/21,147,170,190,201,200,191,176,159,144,136,135,143,161,182,200,211,210,197,176,151,128,112,108,115
MA17,10/10/22,133,157,181,198,204,200,188,172,154,140,133,138,153,173,192,205,208,198,178,153,125,103,93,97
MA17,10/10/23,112,136,164,186,199,203,197,184,166,150,141,142,153,171,190,204,210,204,189,164,136,109,92,87
MA17,10/10/24,97,119,146,174,195,205,205,195,180,163,150,146,153,169,189,207,217,215,203,179,150,121,99,88
MA17,10/10/25,91,108,136,167,194,212,218,214,202,187,172,164,165,176,194,214,227,231,222,202,175,144,115,95
MA17,10/10/26,89,98,119,147,176,200,213,214,205,192,179,167,163,168,182,199,213,221,217,201,176,146,117,93
MA17,10/10/27,79,79,93,115,141,165,182,189,187,178,169,160,154,155,163,177,191,200,201,194,178,155,129,104
MA17,10/10/28,87,80,86,103,125,148,169,184,190,188,183,176,171,170,175,183,194,204,210,208,198,181,160,137
MA17,10/10/29,117,103,98,102,114,132,152,168,179,184,182,178,173,170,169,173,180,186,190,192,189,180,166,149
MA17,10/10/30,131,114,104,100,103,114,131,149,165,176,181,182,180,178,178,178,177,176,179,181,181,179,174,165
MA17,10/10/31,152,138,125,115,110,111,118,131,146,161,173,181,184,183,181,177,173,170,169,170,174,179,183,184
MA17,10/11/01,181,174,165,153,142,134,132,137,148,163,178,191,199,201,199,193,184,174,166,162,163,169,178,188
MA17,10/11/02,194,194,187,174,159,145,135,131,135,147,163,180,195,204,205,198,185,169,154,143,139,143,153,168
MA17,10/11/03,184,195,198,192,179,162,146,135,132,137,150,167,185,198,204,199,185,165,141,122,111,109,117,134
MA17,10/11/04,156,176,190,195,190,177,158,140,128,127,135,150,171,190,202,204,193,173,145,118,97,88,92,107
MA17,10/11/05,130,158,184,199,203,197,183,164,147,138,139,150,168,189,207,215,208,190,163,131,101,80,74,82
MA17,10/11/06,103,132,162,187,202,205,197,182,164,149,141,145,159,179,199,213,216,203,178,146,112,84,68,66
MA17,10/11/07,78,104,137,169,194,207,208,200,185,169,157,154,161,178,198,215,225,221,203,174,141,109,84,71
MA17,10/11/08,71,87,115,149,181,204,214,213,203,189,176,168,168,179,196,215,228,231,222,200,169,137,108,88
MA17,10/11/09,81,88,106,134,164,191,208,215,212,202,191,181,176,180,190,205,219,226,221,206,181,151,120,94
MA17,10/11/10,79,76,86,105,132,159,181,193,196,189,179,170,163,162,168,179,192,201,204,196,179,155,129,104
MA17,10/11/11,85,76,78,90,109,132,153,169,177,177,170,161,154,152,155,162,171,180,186,185,177,162,142,120
MA17,10/11/12,102,90,86,91,103,120,139,157,170,176,175,168,161,156,156,159,164,171,177,180,176,168,156,140
MA17,10/11/13,122,107,98,97,102,112,126,141,154,162,165,163,158,153,149,147,148,151,156,160,161,159,153,145
MA17,10/11/14,134,123,113,108,108,113,124,137,149,160,167,170,169,165,160,155,151,150,151,154,158,160,161,159
MA17,10/11/15,154,148,141,134,129,128,131,138,148,159,170,177,181,180,175,166,157,149,143,141,142,147,153,156
MA17,10/11/16,157,156,151,145,137,131,128,130,136,146,158,168,176,178,176,168,156,143,131,124,123,128,137,148
MA17,10/11/17,158,164,165,162,155,147,140,136,138,145,155,168,179,185,186,179,167,150,133,119,113,115,125,139
MA17,10/11/18,155,168,176,178,173,164,154,145,141,144,153,167,181,193,197,194,181,161,139,119,107,103,110,125
MA17,10/11/19,145,165,181,188,188,181,169,158,149,148,153,164,179,193,202,202,192,173,148,123,103,93,96,109
MA17,10/11/20,130,155,178,194,200,196,186,173,161,153,154,163,177,193,206,212,206,189,163,134,107,89,84,92
MA17,10/11/21,112,139,168,191,205,208,201,189,175,164,160,165,176,192,208,218,218,205,183,153,122,98,85,87
MA17,10/11/22,102,127,157,186,206,215,214,206,195,184,176,175,183,196,213,227,232,227,209,182,150,119,99,93
MA17,10/11/23,101,122,150,181,207,223,227,223,212,200,188,181,182,192,206,221,231,230,218,194,164,133,106,89
MA17,10/11/24,87,97,119,148,176,197,210,214,211,202,190,181,178,184,196,211,223,229,224,208,183,153,122,98
MA17,10/11/25,87,90,105,129,158,185,204,214,215,209,199,188,182,183,191,204,218,228,229,220,202,176,147,122
MA17,10/11/26,103,97,103,121,146,172,195,212,218,215,207,196,188,184,187,196,208,219,225,224,214,195,170,144
MA17,10/11/27,121,107,104,112,128,151,175,194,206,209,204,196,187,179,176,179,186,195,203,208,207,198,183,163
MA17,10/11/28,141,123,113,112,120,135,156,177,194,203,205,200,192,183,176,171,170,173,180,187,191,190,184,172
MA17,10/11/29,157,141,126,117,115,121,135,152,170,185,193,192,187,179,169,159,152,148,149,153,160,167,171,171
MA17,10/11/30,166,156,145,133,124,120,124,135,150,167,179,186,187,182,174,161,147,136,129,128,134,144,155,164
MA17,10/12/01,171,172,167,159,149,140,136,139,149,162,175,185,190,189,181,168,151,133,118,109,108,115,128,145
MA17,10/12/02,160,172,177,175,167,157,148,144,145,153,165,179,189,193,190,180,162,140,118,101,92,93,105,125
MA17,10/12/03,149,171,188,196,196,190,181,174,169,170,178,190,204,215,219,214,199,175,146,119,98,87,90,105
MA17,10/12/04,128,154,179,195,202,199,188,175,164,158,160,168,181,194,204,205,194,173,145,113,86,67,61,69
MA17,10/12/05,89,118,147,173,189,195,191,180,167,157,154,159,170,185,198,205,202,188,163,131,99,73,59,58
MA17,10/12/06,71,95,125,156,180,194,197,191,179,167,159,158,165,179,195,208,213,206,187,158,125,94,71,60
MA17,10/12/07,65,83,112,144,173,194,205,206,198,186,174,166,167,176,192,207,218,218,207,184,153,120,92,73
MA17,10/12/08,67,77,99,128,158,183,201,206,201,190,178,168,165,170,182,198,211,218,214,199,174,143,113,90
MA17,10/12/09,79,82,98,122,151,179,200,211,211,204,193,182,174,173,180,193,207,217,219,210,192,167,139,113
MA17,10/12/10,95,88,94,111,135,161,182,195,199,195,186,174,163,158,160,169,182,194,200,199,190,172,150,126
MA17,10/12/11,107,97,97,107,125,147,170,188,197,198,191,181,170,162,159,163,172,183,192,195,192,182,166,146
MA17,10/12/12,128,114,109,112,123,140,159,177,189,193,189,179,168,157,150,149,152,158,165,171,173,169,160,147
MA17,10/12/13,132,118,110,109,115,128,144,161,176,185,188,183,174,163,154,148,146,149,154,162,170,174,174,170
MA17,10/12/14,163,154,147,145,147,154,166,179,192,203,208,208,202,192,180,169,160,155,153,156,162,169,174,177
MA17,10/12/15,175,172,167,162,158,159,164,173,184,196,203,206,204,198,186,172,158,146,138,136,138,145,154,163
MA17,10/12/16,168,171,171,168,165,163,163,167,174,184,193,199,202,199,192,179,162,145,130,122,122,129,142,156
MA17,10/12/17,169,179,184,185,182,178,174,172,174,180,189,197,203,205,201,190,173,152,130,114,106,107,118,135
MA17,10/12/18,154,172,186,193,193,188,181,175,171,172,178,186,196,204,205,198,182,160,134,109,91,84,88,102
MA17,10/12/19,123,147,169,183,190,188,181,172,163,159,160,167,178,190,198,198,188,168,140,111,86,70,68,81
MA17,10/12/20,104,132,162,186,200,205,201,192,181,173,170,174,186,201,214,220,216,199,172,139,107,83,71,73
MA17,10/12/21,89,116,147,177,198,209,209,200,187,174,166,165,174,188,204,216,219,210,189,159,126,95,73,67
MA17,10/12/22,77,101,134,170,200,219,226,222,210,196,184,177,180,192,210,228,238,238,224,197,161,125,94,75
MA17,10/12/23,71,84,111,145,178,205,219,221,212,197,181,168,163,170,185,204,219,226,221,203,173,138,103,76
MA17,10/12/24,63,66,85,115,150,181,204,214,212,200,184,168,158,158,168,184,202,215,220,212,193,165,132,102
MA17,10/12/25,80,72,80,101,132,165,192,209,214,209,194,177,163,155,157,167,182,198,209,212,204,185,159,130
MA17,10/12/26,105,90,88,97,118,146,174,195,206,205,194,178,162,150,145,147,157,171,184,193,194,187,172,150
MA17,10/12/27,127,109,99,100,111,132,157,179,194,200,197,186,169,152,140,135,136,144,154,165,173,175,170,159
MA17,10/12/28,144,128,115,110,113,125,143,163,180,191,193,186,173,158,142,130,124,126,133,145,158,169,174,173
MA17,10/12/29,168,160,151,143,139,142,152,165,179,191,196,194,185,172,155,139,125,116,111,114,122,133,144,152
MA17,10/12/30,158,159,156,152,148,147,151,159,170,181,190,194,192,184,171,155,139,124,113,108,111,120,135,150
MA17,10/12/31,165,176,182,185,183,179,178,179,183,191,200,207,209,206,198,185,166,145,125,111,105,108,118,134
