MA17,77/01/01,151,166,174,178,177,172,167,164,165,171,179,186,192,198,198,191,174,153,131,112,102,101,107,122
MA17,77/01/02,140,158,175,184,186,182,174,168,162,160,165,173,183,193,200,198,184,164,141,118,098,089,092,104
MA17,77/01/03,126,148,171,187,195,196,189,180,171,165,166,172,184,198,209,214,208,191,164,136,109,089,083,090
MA17,77/01/04,109,132,160,182,195,201,196,187,174,162,154,158,166,183,199,209,208,196,173,144,113,088,074,076
MA17,77/01/05,089,113,143,174,196,208,208,199,185,169,157,156,162,179,199,217,222,217,197,169,135,105,082,073
MA17,77/01/06,082,101,132,162,188,203,210,204,190,172,155,147,148,161,182,200,214,216,202,178,146,112,083,066
MA17,77/01/07,064,079,106,138,170,194,208,207,197,179,161,148,143,153,172,193,212,220,216,201,173,140,107,084
MA17,77/01/08,071,077,100,128,160,188,206,213,206,189,168,150,138,139,152,172,192,207,212,193,182,154,120,092
MA17,77/01/09,073,072,084,108,137,166,191,205,204,191,172,152,137,131,140,155,175,192,202,203,191,170,144,116
MA17,77/01/10,096,083,089,105,131,160,186,205,211,203,186,168,150,139,138,147,160,176,190,199,197,186,163,139
MA17,77/01/11,117,103,099,104,121,146,172,192,205,205,192,171,152,138,129,130,138,151,166,179,185,185,175,160
MA17,77/01/12,144,128,118,118,128,147,168,189,205,211,206,192,174,156,142,134,133,140,151,164,174,182,183,177
MA17,77/01/13,167,155,145,139,142,150,164,181,197,208,210,203,189,173,156,142,132,127,130,136,146,157,166,172
MA17,77/01/14,172,169,161,154,149,150,156,166,178,190,198,197,190,179,162,145,127,115,106,106,112,122,135,151
MA17,77/01/15,161,168,168,164,159,154,153,156,163,173,185,192,192,187,178,163,143,122,104,093,091,097,111,128
MA17,77/01/16,148,165,176,182,179,174,169,163,162,167,177,186,193,198,196,184,165,142,116,094,082,080,088,107
MA17,77/01/17,130,157,179,192,199,194,185,174,165,163,169,179,192,203,210,209,197,176,145,116,091,077,075,087
MA17,77/01/18,109,139,167,189,205,208,203,189,174,165,163,168,179,195,209,216,212,196,168,135,101,078,066,067
MA17,77/01/19,083,113,146,177,201,212,212,201,185,167,157,155,164,182,204,218,227,217,194,162,127,094,072,064
MA17,77/01/20,073,097,147,161,190,207,214,207,189,171,153,144,146,160,181,202,216,218,206,181,147,113,084,069
MA17,77/01/21,066,082,109,140,174,198,213,213,200,181,162,146,141,148,167,190,209,221,220,204,175,142,109,084
MA17,77/01/22,074,080,099,127,157,185,204,209,201,184,161,141,128,130,144,163,184,202,210,202,185,158,127,101
MA17,77/01/23,084,082,096,119,148,175,199,210,207,194,174,153,137,130,135,150,171,192,208,210,201,182,158,132
MA17,77/01/24,111,101,105,118,141,168,192,205,209,201,184,162,142,129,126,134,150,167,183,192,190,180,161,140
MA17,77/01/25,121,110,108,117,134,157,178,196,203,200,187,170,151,136,129,131,140,155,170,181,189,185,174,160
MA17,77/01/26,145,132,128,129,141,159,178,195,206,208,203,189,171,153,139,135,136,147,158,169,179,184,179,169
MA17,77/01/27,160,150,144,143,150,160,175,191,201,206,204,196,182,166,152,141,138,139,143,152,161,168,172,171
MA17,77/01/28,166,162,158,156,158,163,173,182,191,197,199,195,186,175,162,149,138,133,130,134,140,149,156,163
MA17,77/01/29,167,168,169,167,166,168,172,177,183,188,192,195,191,183,172,158,145,132,122,118,120,126,137,149
MA17,77/01/30,160,168,173,175,175,173,171,172,175,180,185,191,193,191,185,173,158,142,127,116,111,113,123,138
MA17,77/01/31,156,170,181,187,190,187,182,175,173,174,179,185,190,196,195,187,174,154,134,114,101,096,099,113
MA17,77/02/01,132,152,173,184,190,188,181,173,163,160,161,168,178,189,198,197,187,169,144,119,098,086,084,093
MA17,77/02/02,114,139,163,181,194,196,188,176,164,156,151,159,169,183,198,205,202,188,165,135,108,088,077,082
MA17,77/02/03,099,124,153,178,196,201,198,188,172,157,149,150,159,173,191,203,210,202,183,154,122,094,076,072
MA17,77/02/04,082,105,135,164,187,200,202,193,175,157,142,136,142,157,178,198,213,214,201,176,144,114,086,073
MA17,77/02/05,076,094,121,155,184,205,212,205,186,165,145,133,132,144,163,186,206,216,212,194,163,129,099,078
MA17,77/02/06,071,079,102,133,164,192,207,205,192,169,144,126,118,122,136,160,184,202,208,200,179,149,117,090
MA17,77/02/07,076,076,094,119,150,178,199,206,197,176,152,129,112,109,118,136,161,183,199,203,191,169,140,114
MA17,77/02/08,095,086,094,113,141,170,194,206,205,189,166,142,120,109,109,121,142,165,184,194,195,183,161,137
MA17,77/02/09,115,102,101,113,133,159,183,201,205,198,179,156,133,114,106,110,124,141,161,178,187,187,178,163
MA17,77/02/10,146,132,128,131,144,164,187,205,214,214,203,187,164,142,129,122,123,134,148,164,177,185,185,179
MA17,77/02/11,169,159,150,147,151,162,176,191,201,205,201,189,170,151,132,118,113,113,119,129,142,155,163,168
MA17,77/02/12,168,165,161,155,153,157,166,175,185,192,195,191,179,165,148,131,118,110,107,110,119,132,146,157
MA17,77/02/13,167,173,176,175,172,170,171,176,183,190,196,199,199,192,181,165,148,132,119,111,112,118,132,150
MA17,77/02/14,167,182,194,201,198,193,188,183,183,186,191,199,205,206,204,193,176,155,133,116,105,106,115,132
MA17,77/02/15,155,178,197,210,216,212,203,191,183,180,184,193,204,215,222,219,206,185,159,133,112,100,101,113
MA17,77/02/16,135,162,187,206,216,217,207,192,176,164,160,167,180,197,212,220,217,201,176,147,118,098,088,093
MA17,77/02/17,110,137,164,190,207,214,207,190,171,154,144,145,158,174,196,211,218,211,189,160,128,098,081,077
MA17,77/02/18,087,112,142,172,197,209,208,195,173,151,132,127,133,151,174,196,212,214,201,175,143,111,086,074
MA17,77/02/19,076,094,121,152,179,198,203,194,174,150,126,112,112,124,147,172,197,206,202,185,159,127,100,082
MA17,77/02/20,077,088,112,142,171,194,205,200,182,158,134,114,106,113,131,156,182,201,205,199,179,150,123,102
MA17,77/02/21,092,107,113,140,168,195,213,216,205,183,157,134,120,119,131,153,179,199,211,212,199,175,149,124
MA17,77/02/22,109,106,116,135,159,185,201,208,201,183,160,135,116,107,112,128,150,174,191,198,194,179,160,139
MA17,77/02/23,122,116,119,134,154,176,195,204,201,187,166,143,120,107,104,112,129,150,168,180,183,176,163,148
MA17,77/02/24,133,124,123,131,147,165,183,195,196,188,172,150,131,116,107,108,118,133,150,162,171,171,165,155
MA17,77/02/25,144,135,132,136,145,159,175,188,193,189,179,164,146,129,117,111,114,123,136,150,162,167,170,167
MA17,77/02/26,162,156,152,153,159,167,179,190,197,197,191,179,164,151,137,126,122,121,125,134,143,151,157,160
MA17,77/02/27,160,158,156,155,156,160,165,170,176,178,177,172,164,152,141,129,119,112,109,113,121,130,141,148
MA17,77/02/28,155,159,162,163,161,158,158,159,161,163,164,165,163,158,149,138,124,111,102,097,098,104,116,129
MA17,77/03/01,143,155,163,167,167,163,160,157,156,157,162,166,170,173,169,162,151,134,116,103,096,097,106,120
MA17,77/03/02,138,156,169,177,179,174,165,156,148,147,151,156,167,176,185,184,174,158,136,116,102,095,101,115
MA17,77/03/03,137,160,182,196,203,197,188,174,160,150,150,158,168,182,195,202,197,180,157,130,107,090,086,096
MA17,77/03/04,117,143,172,192,205,205,195,177,160,144,138,144,159,177,199,212,219,210,190,160,130,105,091,092
MA17,77/03/05,105,129,158,185,202,210,202,185,161,139,124,123,132,151,175,195,211,209,194,167,134,102,082,072
MA17,77/03/06,081,102,131,162,186,199,197,181,158,131,110,099,102,119,144,171,193,206,201,182,154,122,094,076
MA17,77/03/07,076,093,117,149,177,197,201,189,166,138,111,091,087,096,120,149,176,198,206,197,176,145,115,093
MA17,77/03/08,082,088,107,136,166,189,202,197,180,151,121,097,083,084,100,125,155,182,199,204,193,171,146,119
MA17,77/03/09,105,104,115,138,166,191,208,211,199,176,145,118,096,087,092,112,137,164,186,201,203,192,173,152
MA17,77/03/10,133,124,128,142,163,185,203,211,206,191,164,135,111,093,087,093,110,133,156,174,184,183,173,157
MA17,77/03/11,141,131,127,134,148,165,182,193,195,184,165,143,119,098,086,084,092,108,127,144,160,168,170,166
MA17,77/03/12,158,151,146,146,152,161,175,184,189,187,177,160,140,120,104,094,092,096,105,120,134,148,157,161
MA17,77/03/13,161,159,156,153,153,157,163,170,176,180,177,170,157,143,128,113,104,100,100,107,120,133,146,159
MA17,77/03/14,167,173,175,174,169,168,168,171,174,177,180,181,175,168,156,142,128,116,106,102,105,114,128,145
MA17,77/03/15,159,174,182,182,179,174,167,160,158,161,165,171,177,180,177,168,153,136,119,107,100,101,110,126
MA17,77/03/16,146,164,178,186,186,177,165,154,145,140,145,153,166,176,183,183,172,154,133,112,097,091,094,108
MA17,77/03/17,129,151,175,191,195,189,177,158,144,133,132,141,155,170,186,193,190,177,154,130,108,093,091,100
MA17,77/03/18,119,145,170,190,201,199,186,165,144,127,119,124,141,160,182,200,206,200,182,157,130,108,096,098
MA17,77/03/19,112,136,164,188,204,208,198,178,153,130,115,113,124,146,172,194,210,212,201,178,151,124,106,101
MA17,77/03/20,108,128,155,181,200,208,203,184,158,132,110,101,106,125,149,175,198,208,203,187,160,132,108,096
MA17,77/03/21,098,113,137,164,186,199,199,185,161,132,105,089,086,100,123,151,178,195,200,191,170,143,121,105
MA17,77/03/22,100,110,130,152,177,193,197,188,165,139,110,091,080,084,104,128,156,179,191,190,177,157,136,117
MA17,77/03/23,107,110,124,144,168,189,198,193,166,151,122,097,081,080,093,115,142,166,184,192,186,173,154,136
MA17,77/03/24,126,125,136,156,178,198,212,215,203,181,154,127,107,096,101,118,140,164,184,197,198,189,176,158
MA17,77/03/25,145,138,141,152,169,185,198,203,198,181,159,136,114,100,097,105,120,140,160,173,182,179,171,160
MA17,77/03/26,149,141,140,145,156,168,181,187,187,179,163,145,125,108,098,098,107,121,138,154,167,173,172,167
MA17,77/03/27,160,154,150,151,159,171,182,192,196,193,182,167,149,134,122,114,114,122,134,147,159,170,174,174
MA17,77/03/28,170,165,160,158,160,164,170,175,179,179,175,166,155,141,137,118,113,113,117,126,137,148,158,166
MA17,77/03/29,170,171,167,163,161,160,161,163,165,166,168,165,162,154,145,132,122,115,111,113,119,130,142,155
MA17,77/03/30,165,173,177,174,169,163,158,156,155,159,162,168,174,173,168,159,147,135,126,120,120,130,144,160
MA17,77/03/31,176,190,200,203,197,188,179,169,162,162,168,176,186,195,198,195,182,166,146,130,121,121,129,148
MA17,77/04/01,169,190,205,211,207,195,180,164,150,144,146,156,173,188,199,204,196,181,158,133,117,106,108,121
MA17,77/04/02,143,167,188,202,203,195,176,156,136,121,119,128,146,167,189,202,205,196,175,148,122,104,095,102
MA17,77/04/03,122,147,174,192,201,197,180,156,130,107,096,100,117,141,170,195,209,209,194,168,140,115,099,098
MA17,77/04/04,109,133,162,186,202,204,190,165,134,104,083,076,086,109,140,172,196,209,204,187,162,133,110,099
MA17,77/04/05,105,121,148,175,196,205,197,176,146,114,086,071,071,086,114,146,179,201,208,201,182,156,130,112
MA17,77/04/06,107,118,141,164,191,207,208,196,168,136,102,076,066,073,094,122,155,184,204,207,197,179,156,135
MA17,77/04/07,125,127,141,164,190,209,216,210,190,161,129,101,078,073,082,105,136,166,191,204,205,195,175,157
MA17,77/04/08,141,136,141,155,175,193,205,208,195,172,144,114,088,074,072,086,108,134,159,178,189,192,182,168
MA17,77/04/09,157,149,147,155,169,184,197,203,199,187,166,141,116,098,090,092,103,122,142,161,176,186,187,180
MA17,77/04/10,172,163,157,158,164,175,185,192,195,187,174,156,137,118,103,094,095,104,117,133,151,165,172,176
MA17,77/04/11,174,168,162,156,154,157,163,168,172,173,168,159,146,131,116,104,098,097,102,112,126,141,152,162
MA17,77/04/12,167,170,167,162,156,153,151,154,157,160,164,164,161,152,142,129,118,110,104,109,116,129,143,159
MA17,77/04/13,172,181,183,180,172,162,155,152,153,156,163,170,174,176,173,164,151,136,124,117,116,123,134,150
MA17,77/04/14,167,181,189,188,182,169,155,142,136,136,9999,9999,9999,9999,9999,9999,9999,9999,9999,9999,9999,9999,9999,9999
MA17,77/04/15,9999,9999,9999,9999,9999,173,155,137,123,118,121,135,150,169,183,191,189,177,159,140,125,120,123,136
MA17,77/04/16,153,176,195,205,206,197,180,156,136,120,120,129,146,168,189,205,211,204,187,167,148,134,129,135
MA17,77/04/17,152,172,193,207,210,202,186,161,133,113,103,106,121,145,172,194,207,208,197,179,158,138,128,129
MA17,77/04/18,143,165,192,211,223,219,203,178,149,122,105,102,111,132,160,186,205,214,209,194,173,151,136,129
MA17,77/04/19,134,150,172,191,207,211,200,179,148,119,097,084,088,104,131,159,185,201,206,196,178,159,138,128
MA17,77/04/20,128,139,158,178,194,202,199,181,155,125,098,082,078,088,111,141,168,191,202,200,188,171,150,137
MA17,77/04/21,131,137,151,170,190,200,202,190,167,138,109,087,075,078,095,118,145,170,187,193,186,172,153,137
MA17,77/04/22,127,128,138,154,172,186,192,187,169,144,117,092,075,072,081,100,125,152,172,182,184,175,161,147
MA17,77/04/23,137,135,139,152,168,182,191,191,178,158,133,109,089,079,081,093,115,138,161,175,183,181,171,160
MA17,77/04/24,149,141,143,150,160,172,182,188,181,166,145,123,101,089,083,088,102,121,143,160,173,179,174,166
MA17,77/04/25,157,150,148,151,160,169,180,186,186,178,164,148,130,113,105,103,112,124,141,159,174,185,189,184
MA17,77/04/26,178,171,165,162,164,168,171,177,180,177,170,158,142,128,116,107,106,110,122,135,151,164,172,175
MA17,77/04/27,175,172,165,158,155,153,155,160,162,165,165,161,153,144,132,120,112,109,112,120,133,150,162,173
MA17,77/04/28,180,182,178,169,160,155,153,153,157,161,168,175,178,176,168,156,142,130,124,124,132,145,160,174
MA17,77/04/29,186,192,190,182,170,157,144,135,132,134,143,155,164,170,169,162,149,135,122,112,107,115,126,143
MA17,77/04/30,161,174,178,176,164,147,129,114,104,102,112,126,145,161,170,172,162,148,128,112,102,103,113,128
MA17,77/05/01,149,168,181,183,173,157,133,112,094,086,091,105,127,150,171,182,183,173,153,132,114,106,108,101
MA17,77/05/02,143,167,188,200,197,181,157,130,105,088,083,094,117,146,175,198,212,210,197,175,152,132,126,130
MA17,77/05/03,146,168,190,205,210,199,177,145,112,085,068,068,082,110,143,174,198,206,202,185,162,140,121,118
MA17,77/05/04,127,145,170,191,202,201,183,155,118,085,060,048,053,074,106,141,173,195,200,195,176,155,134,124
MA17,77/05/05,128,142,163,184,202,209,200,180,146,112,079,061,057,067,092,125,160,190,208,215,207,192,172,157
MA17,77/05/06,151,157,171,192,209,221,221,206,181,147,114,086,070,068,081,104,137,167,193,207,211,203,187,170
MA17,77/05/07,160,155,162,176,191,209,216,212,195,172,141,110,089,077,078,091,114,140,168,188,199,198,189,176
MA17,77/05/08,162,154,153,160,170,184,198,201,194,179,156,130,105,088,082,086,099,119,142,164,179,187,185,178
MA17,77/05/09,166,157,151,152,155,164,174,181,181,172,159,140,119,101,090,085,089,101,118,137,154,166,172,171
MA17,77/05/10,166,158,150,145,144,147,154,161,166,166,161,152,137,124,109,100,096,099,108,122,137,153,164,170
MA17,77/05/11,170,166,159,149,141,137,137,141,145,150,155,154,150,141,131,119,110,106,107,114,125,140,153,164
MA17,77/05/12,170,171,166,156,144,134,128,126,127,134,141,149,155,155,150,140,131,122,118,118,125,137,149,163
MA17,77/05/13,174,180,179,173,158,142,129,121,117,121,131,144,156,165,168,164,155,144,134,128,127,133,145,158
MA17,77/05/14,173,184,188,184,170,154,134,117,108,107,115,132,149,165,175,181,177,164,150,140,132,132,141,156
MA17,77/05/15,172,187,196,197,187,173,151,129,112,105,112,126,148,169,189,201,205,200,184,168,156,149,152,163
MA17,77/05/16,179,196,212,217,212,195,171,144,120,103,101,110,129,154,178,197,208,206,195,179,163,152,146,153
MA17,77/05/17,168,186,204,213,212,201,179,152,124,102,092,9999,9999,9999,9999,9999,9999,9999,9999,9999,9999,9999,9999,9999
MA17,77/05/18,9999,9999,9999,9999,9999,9999,9999,9999,9999,107,087,082,093,116,145,174,197,211,212,202,185,168,153,146
MA17,77/05/19,152,166,182,198,209,209,196,174,145,114,092,081,082,099,123,154,182,201,208,203,191,174,159,147
MA17,77/05/20,146,155,170,186,202,208,202,185,159,129,103,085,080,088,110,140,168,193,207,210,202,186,169,155
MA17,77/05/21,149,152,165,181,196,207,207,195,172,144,116,090,080,082,095,118,146,173,191,200,198,188,173,158
MA17,77/05/22,148,147,155,169,183,196,201,195,180,158,130,105,087,080,086,104,128,156,177,193,198,193,182,168
MA17,77/05/23,155,151,153,161,173,186,195,198,188,170,146,124,103,090,088,098,116,140,165,182,192,194,187,177
MA17,77/05/24,164,155,151,154,162,173,184,189,187,176,159,141,120,105,098,099,110,127,149,170,185,193,192,185
MA17,77/05/25,175,164,157,154,157,165,174,182,185,182,174,160,144,129,116,110,113,123,139,157,175,186,192,191
MA17,77/05/26,184,173,163,154,150,151,157,163,168,173,172,167,156,142,128,119,114,115,125,140,156,172,183,189
MA17,77/05/27,188,181,172,160,151,145,143,146,153,162,169,173,172,166,155,144,134,127,127,135,148,165,179,191
MA17,77/05/28,195,194,184,172,156,142,133,130,133,144,155,168,178,183,178,169,158,146,140,138,143,157,174,189
MA17,77/05/29,200,206,200,188,170,151,132,122,119,123,136,153,171,185,191,189,180,166,152,142,140,148,161,177
MA17,77/05/30,193,206,207,199,181,159,135,115,101,100,109,128,150,174,192,201,200,189,176,159,148,147,154,168
MA17,77/05/31,187,206,214,213,201,180,152,122,099,085,086,102,127,157,182,202,211,207,195,178,163,154,151,159
MA17,77/06/01,175,195,212,218,213,196,170,137,107,081,069,074,092,125,159,189,210,219,215,201,184,168,157,157
MA17,77/06/02,167,185,207,221,230,221,200,167,131,097,075,066,076,101,134,171,201,222,228,223,209,192,175,165
MA17,77/06/03,167,181,199,218,232,233,222,194,159,121,094,073,070,083,110,142,176,204,221,225,214,198,182,165
MA17,77/06/04,159,162,176,195,211,222,220,205,176,141,106,080,066,068,084,113,143,175,200,214,213,205,189,170
MA17,77/06/05,158,156,162,176,195,211,218,211,194,165,134,107,084,075,080,097,122,151,179,198,205,203,191,177
MA17,77/06/06,165,154,154,162,175,190,201,205,198,178,155,128,104,090,084,091,109,132,157,179,193,198,193,183
MA17,77/06/07,168,157,152,151,157,170,183,191,192,184,170,150,129,111,103,102,112,129,150,170,187,199,201,195
MA17,77/06/08,186,174,9999,9999,9999,9999,9999,9999,9999,9999,9999,9999,9999,9999,9999,9999,9999,9999,9999,9999,9999,9999,9999,9999
MA17,77/06/09,9999,9999,9999,9999,9999,9999,9999,9999,9999,9999,9999,9999,9999,9999,9999,9999,9999,9999,9999,9999,9999,9999,9999,9999
MA17,77/06/10,9999,9999,9999,9999,9999,9999,9999,9999,9999,9999,9999,9999,9999,9999,9999,9999,9999,9999,9999,9999,9999,9999,9999,9999
MA17,77/06/11,9999,9999,9999,9999,9999,9999,9999,9999,9999,9999,9999,9999,9999,9999,9999,9999,9999,9999,9999,9999,9999,9999,9999,9999
MA17,77/06/12,9999,9999,9999,9999,9999,9999,9999,9999,9999,9999,9999,9999,9999,9999,9999,9999,9999,9999,9999,9999,9999,9999,9999,9999
MA17,77/06/13,9999,9999,9999,9999,9999,9999,9999,9999,9999,9999,118,133,151,171,187,196,198,193,184,174,166,165,170,182
MA17,77/06/14,195,206,213,211,198,180,157,133,114,104,105,117,137,162,183,198,203,200,191,177,165,158,159,167
MA17,77/06/15,181,195,205,208,203,187,163,136,111,093,088,095,114,137,162,184,198,203,197,184,170,161,156,158
MA17,77/06/16,170,185,200,209,209,199,179,152,122,098,086,085,099,123,149,176,197,206,205,196,184,171,160,158
MA17,77/06/17,164,178,196,210,217,213,198,173,144,116,095,087,093,112,138,168,193,211,217,211,200,184,170,162
MA17,77/06/18,164,176,193,209,223,226,216,193,165,134,109,095,092,104,127,154,183,204,216,216,204,192,178,169
MA17,77/06/19,167,174,186,202,215,226,223,208,182,154,126,106,097,100,115,141,170,196,213,220,214,202,187,172
MA17,77/06/20,164,164,174,187,204,217,220,212,192,167,140,115,099,096,107,127,154,181,202,213,214,205,193,177
MA17,77/06/21,165,161,163,174,190,204,214,212,200,180,156,132,113,102,104,117,139,166,189,206,212,209,199,183
MA17,77/06/22,168,158,155,159,169,184,198,204,199,187,169,147,125,110,103,109,125,148,172,191,206,208,201,190
MA17,77/06/23,175,163,154,150,155,167,181,193,197,194,182,166,148,134,123,118,124,140,163,183,197,207,208,201
MA17,77/06/24,188,175,160,152,150,156,167,179,188,193,191,184,172,158,145,137,135,140,152,172,189,204,211,209
MA17,77/06/25,201,190,175,161,152,149,153,161,172,181,189,192,188,180,170,160,152,150,155,168,184,200,211,214
MA17,77/06/26,211,200,186,168,154,143,138,140,147,158,171,182,188,191,186,179,171,164,161,163,174,186,200,209
MA17,77/06/27,215,209,198,182,163,143,128,119,120,130,146,163,180,192,198,197,190,181,171,165,167,175,186,200
MA17,77/06/28,211,216,211,198,178,154,131,113,103,105,116,135,159,182,198,209,209,201,189,178,172,173,181,195
MA17,77/06/29,208,219,224,216,201,175,148,121,100,091,095,111,136,165,191,210,219,217,207,194,180,172,171,182
MA17,77/06/30,197,214,225,228,220,200,171,137,108,087,078,087,106,136,168,198,216,224,222,210,192,175,166,168
MA17,77/07/01,178,198,218,229,232,223,201,167,131,101,082,077,088,113,144,182,208,228,235,227,211,193,176,169
MA17,77/07/02,174,187,207,224,237,238,225,197,161,124,092,074,073,088,115,151,185,211,226,229,219,202,182,166
MA17,77/07/03,160,167,185,205,225,234,231,214,186,151,117,092,079,082,100,129,161,193,213,223,219,207,188,168
MA17,77/07/04,155,153,163,181,203,220,226,220,201,173,140,112,094,088,097,119,148,176,201,215,218,210,194,176
MA17,77/07/05,159,151,153,164,183,203,215,217,207,190,161,136,113,102,103,118,140,167,189,209,218,217,206,190
MA17,77/07/06,172,158,153,158,170,191,204,212,210,200,182,162,141,127,122,125,139,162,185,202,213,217,210,197
MA17,77/07/07,181,166,156,151,157,170,184,197,205,202,192,177,162,145,136,134,143,158,176,194,207,214,212,203
MA17,77/07/08,189,173,156,146,143,149,160,172,182,187,185,179,169,158,149,144,147,155,168,181,193,203,208,203
MA17,77/07/09,194,181,165,150,141,138,141,148,158,166,172,176,174,168,163,156,154,157,164,172,184,195,202,204
MA17,77/07/10,200,191,178,162,149,137,132,134,141,150,161,170,176,179,178,175,170,169,169,174,182,191,198,203
MA17,77/07/11,204,200,189,176,161,144,133,126,126,133,145,156,168,180,187,187,182,177,173,172,176,182,190,198
MA17,77/07/12,202,204,198,187,171,152,133,120,113,115,123,137,154,170,180,186,187,180,174,169,167,170,175,185
MA17,77/07/13,195,202,204,197,183,165,144,123,110,105,110,123,143,164,181,193,198,195,188,178,170,167,169,178
MA17,77/07/14,190,201,208,208,198,182,158,133,111,098,096,105,123,147,170,189,198,201,194,181,168,162,160,164
MA17,77/07/15,173,189,200,205,203,189,167,140,113,094,085,088,104,127,154,178,195,201,198,189,175,161,155,156
MA17,77/07/16,167,180,197,208,211,204,185,158,129,104,086,081,090,112,138,167,188,202,204,194,180,164,151,145
MA17,77/07/17,152,166,184,201,212,212,200,176,148,118,093,080,084,101,127,155,181,200,208,203,191,173,156,146
MA17,77/07/18,146,156,170,189,205,213,208,191,165,132,104,085,079,087,109,136,165,191,203,204,193,179,159,144
MA17,77/07/19,139,143,157,174,194,205,209,201,180,151,123,099,086,086,101,126,153,183,200,207,202,190,171,151
MA17,77/07/20,139,136,144,159,177,193,204,203,191,167,140,113,095,088,094,114,138,165,188,201,203,192,174,155
MA17,77/07/21,138,129,131,141,157,175,189,198,193,180,157,133,113,101,100,109,130,155,177,196,202,198,184,167
MA17,77/07/22,148,133,128,130,139,156,173,186,190,186,171,152,134,119,111,114,126,144,166,184,198,199,190,176
MA17,77/07/23,156,140,126,121,123,133,148,163,172,176,172,161,150,136,125,120,125,137,155,172,187,195,190,181
MA17,77/07/24,167,148,133,119,115,117,125,137,150,160,166,167,163,154,145,138,136,140,150,164,177,189,195,190
MA17,77/07/25,181,166,149,131,117,110,110,114,124,137,149,159,164,165,162,155,150,146,150,157,166,180,189,192
MA17,77/07/26,190,180,166,148,129,114,104,100,103,112,129,146,161,172,179,177,170,164,160,158,163,171,181,189
MA17,77/07/27,195,194,184,169,150,126,106,094,088,093,106,125,147,167,181,190,190,184,174,167,164,166,172,182
MA17,77/07/28,192,200,201,192,176,150,125,100,085,079,084,102,125,151,174,192,201,198,186,172,163,158,161,169
MA17,77/07/29,182,196,205,207,197,176,150,119,093,075,071,080,100,128,157,185,202,208,201,185,169,157,151,155
MA17,77/07/30,166,183,200,210,210,198,175,144,111,084,068,067,080,104,135,170,193,207,207,197,180,161,147,143
MA17,77/07/31,150,168,186,203,215,213,199,171,136,106,084,072,074,092,118,153,184,206,214,208,192,172,155,141
MA17,77/08/01,141,152,172,194,212,221,216,199,171,138,107,087,082,092,113,145,175,202,216,216,204,185,165,146
MA17,77/08/02,138,142,158,179,201,218,222,214,195,166,136,111,098,099,114,139,167,195,212,218,211,195,176,154
MA17,77/08/03,139,136,143,160,181,203,215,216,204,183,158,135,116,110,116,134,159,186,207,218,216,205,187,165
MA17,77/08/04,147,136,136,147,165,186,202,208,206,194,174,152,135,126,125,138,157,176,198,213,218,213,199,178
MA17,77/08/05,159,142,135,137,148,165,180,194,198,195,184,168,153,142,137,143,156,174,190,206,213,213,203,187
MA17,77/08/06,170,150,138,133,136,148,162,177,185,188,184,176,166,157,151,151,157,169,184,197,207,210,206,192
MA17,77/08/07,177,160,147,136,133,137,145,156,166,174,177,175,169,163,160,158,161,167,177,186,195,202,201,197
MA17,77/08/08,186,174,160,146,138,136,137,141,150,160,170,173,176,176,174,173,173,174,177,183,192,199,202,201
MA17,77/08/09,198,189,176,162,150,140,133,132,137,146,156,170,178,183,185,184,181,179,176,178,181,187,192,196
MA17,77/08/10,197,194,185,170,154,138,124,117,115,120,130,145,160,174,182,186,185,181,177,173,174,177,181,188
MA17,77/08/11,194,197,195,185,171,152,135,120,112,113,123,140,158,175,191,200,202,197,189,180,174,172,175,183
MA17,77/08/12,192,202,207,205,194,174,153,130,112,105,108,122,141,164,184,199,205,201,194,183,173,166,163,169
MA17,77/08/13,180,195,208,214,208,193,169,142,117,102,096,106,122,148,173,194,206,208,200,186,172,159,152,155
MA17,77/08/14,168,183,200,213,213,202,183,155,125,100,088,087,100,126,153,180,200,207,203,190,172,155,144,142
MA17,77/08/15,152,169,188,204,214,213,200,174,144,114,093,086,094,116,144,176,199,211,213,202,184,161,145,138
MA17,77/08/16,141,155,177,201,217,223,216,198,169,137,114,098,095,110,133,164,192,212,220,213,196,174,153,135
MA17,77/08/17,131,142,159,182,202,217,224,212,188,158,130,108,097,103,121,151,179,204,217,216,203,182,156,135
MA17,77/08/18,123,125,138,159,184,207,218,218,204,178,150,128,111,108,117,139,165,195,210,217,209,191,167,145
MA17,77/08/19,128,121,124,140,163,183,202,211,206,191,168,145,126,117,119,134,157,181,202,213,212,201,177,153
MA17,77/08/20,132,122,121,129,145,165,184,197,202,196,180,162,144,133,131,141,157,176,195,209,216,207,190,167
MA17,77/08/21,144,125,117,117,124,139,157,173,185,189,183,173,159,149,141,142,151,167,184,199,209,209,199,182
MA17,77/08/22,164,145,129,121,120,125,138,155,169,180,186,185,178,171,163,159,163,171,182,194,208,214,211,202
MA17,77/08/23,187,169,151,136,126,121,125,135,148,161,171,180,187,189,184,181,180,180,182,189,198,207,212,210
MA17,77/08/24,202,190,174,157,141,130,123,122,129,141,156,172,186,194,199,200,196,192,187,185,188,195,205,212
MA17,77/08/25,214,211,201,184,166,146,129,120,118,123,138,156,176,192,205,211,210,203,194,188,182,183,189,200
MA17,77/08/26,210,215,215,207,190,169,145,125,112,106,113,131,155,179,198,211,216,211,200,185,173,166,167,176
MA17,77/08/27,190,205,216,220,210,192,169,143,119,098,091,101,126,153,184,206,221,221,210,190,173,160,153,157
MA17,77/08/28,169,185,205,217,219,208,188,161,131,107,093,095,108,133,162,188,210,218,212,199,179,157,142,138
MA17,77/08/29,148,166,191,209,222,223,209,186,156,128,104,094,100,120,148,176,200,215,215,202,182,160,140,126
MA17,77/08/30,127,145,170,194,215,222,216,197,172,141,116,101,101,115,139,169,196,213,217,209,190,167,145,128
MA17,77/08/31,124,132,151,179,201,216,218,208,191,164,138,119,111,117,135,160,185,205,214,210,196,171,145,125
MA17,77/09/01,117,119,136,157,182,200,211,211,196,175,153,134,120,120,134,155,176,197,210,212,201,184,162,139
MA17,77/09/02,120,112,120,136,158,180,197,204,198,184,165,148,134,128,135,150,170,191,206,210,206,191,170,148
MA17,77/09/03,128,117,116,126,144,163,181,192,194,186,174,159,148,141,142,152,166,183,198,208,208,196,180,158
MA17,77/09/04,139,124,117,120,131,148,166,179,185,186,181,172,160,153,151,156,165,179,190,200,205,199,187,171
MA17,77/09/05,153,138,125,120,124,134,145,161,171,178,178,172,166,159,157,157,161,171,181,191,197,196,191,178
MA17,77/09/06,163,148,135,127,123,126,135,144,154,164,169,172,172,168,167,166,168,172,178,183,190,193,191,185
MA17,77/09/07,177,166,153,140,131,126,126,131,140,151,162,172,177,180,181,181,180,177,176,178,183,186,189,193
MA17,77/09/08,192,185,175,162,148,134,127,126,130,140,152,166,180,187,192,196,192,187,182,179,177,180,184,190
MA17,77/09/09,194,196,191,183,170,154,138,127,121,125,135,152,167,183,194,201,197,190,181,171,166,163,167,176
MA17,77/09/10,184,193,198,193,180,161,141,122,111,108,117,131,152,174,190,203,207,200,187,171,160,151,152,162
MA17,77/09/11,174,190,204,209,202,182,160,136,116,102,102,116,134,159,186,203,211,206,192,173,157,143,140,148
MA17,77/09/12,164,183,203,217,217,205,183,156,130,109,101,106,123,150,179,202,215,214,203,182,160,141,129,130
MA17,77/09/13,145,167,190,212,222,216,201,177,150,124,106,103,114,137,167,195,216,222,211,191,167,144,125,118
MA17,77/09/14,126,149,174,201,220,227,219,198,170,140,116,103,107,128,155,183,208,221,220,205,179,154,131,116
MA17,77/09/15,117,132,157,186,212,228,232,220,197,169,141,120,115,126,150,180,206,225,229,218,197,168,139,115
MA17,77/09/16,103,107,128,158,185,211,224,223,209,187,163,141,128,129,147,171,199,218,230,225,207,182,155,131
MA17,77/09/17,116,110,122,144,171,196,218,230,222,205,182,164,154,150,156,174,200,222,238,242,231,209,183,160
MA17,77/09/18,138,124,122,135,159,185,210,227,234,228,217,202,188,176,172,180,198,219,237,250,249,237,209,187
MA17,77/09/19,166,146,136,137,151,172,198,218,233,238,233,223,216,209,203,206,216,231,246,258,261,254,237,216
MA17,77/09/20,194,170,150,140,141,150,166,184,200,212,218,217,213,206,197,192,191,196,206,215,222,223,217,206
MA17,77/09/21,189,172,154,141,131,129,136,147,161,176,187,197,201,202,200,196,193,191,191,194,200,207,209,205
MA17,77/09/22,197,186,171,155,138,127,121,120,127,139,155,169,182,190,194,191,185,178,172,169,170,174,181,187
MA17,77/09/23,190,188,180,166,151,135,121,114,112,120,133,151,170,184,196,198,191,182,170,162,156,157,162,174
MA17,77/09/24,187,198,200,192,177,157,138,122,113,112,121,139,162,183,202,210,208,197,180,164,152,148,151,163
MA17,77/09/25,178,194,206,210,202,183,160,137,118,109,110,122,144,170,193,209,214,204,186,167,149,136,134,143
MA17,77/09/26,161,181,201,213,213,203,180,157,133,118,113,118,138,163,188,210,219,217,198,174,149,130,118,123
MA17,77/09/27,140,166,192,213,219,216,204,183,157,137,124,123,133,155,182,206,221,223,210,190,165,139,120,112
MA17,77/09/28,121,144,172,196,212,218,209,190,163,141,122,114,120,136,161,187,207,216,211,191,166,140,116,101
MA17,77/09/29,104,121,147,175,203,218,220,208,187,165,144,132,130,143,163,188,213,225,224,210,187,160,133,112
MA17,77/09/30,104,111,133,160,191,212,223,219,203,182,162,146,140,144,159,183,205,223,227,219,200,174,145,122
MA17,77/10/01,105,105,118,140,170,195,212,218,208,194,173,160,151,149,157,173,195,210,221,218,203,180,155,132
MA17,77/10/02,115,107,113,129,153,176,196,205,204,193,177,162,153,148,153,168,184,201,213,216,205,189,166,145
MA17,77/10/03,124,111,108,116,135,156,179,193,200,196,186,178,168,162,164,171,183,197,208,212,210,198,180,164
MA17,77/10/04,144,133,124,127,136,154,171,189,199,204,200,192,183,179,177,180,188,197,206,214,214,208,195,180
MA17,77/10/05,162,148,136,129,130,140,153,168,180,189,194,195,194,188,185,184,186,188,193,201,204,202,198,189
MA17,77/10/06,177,166,153,144,139,139,146,156,167,179,190,194,196,195,194,192,190,188,189,190,193,196,196,194
MA17,77/10/07,189,181,169,157,148,141,138,141,150,162,174,185,193,198,199,196,192,183,178,175,178,180,186,191
MA17,77/10/08,194,193,188,177,165,152,142,136,141,149,162,178,194,205,209,207,201,190,179,172,168,169,173,181
MA17,77/10/09,191,199,201,196,182,167,151,138,132,134,143,160,182,199,209,211,203,191,175,161,148,143,148,158
MA17,77/10/10,176,193,202,203,195,178,158,140,127,123,129,143,166,188,207,214,212,201,180,160,140,129,132,141
MA17,77/10/11,162,185,206,215,213,199,175,152,131,118,117,127,150,175,198,214,216,205,183,157,131,113,110,117
MA17,77/10/12,137,164,192,212,221,215,195,170,142,123,112,117,138,163,194,216,225,217,195,168,136,112,099,101
MA17,77/10/13,116,142,175,203,222,226,212,191,165,140,123,121,131,152,181,209,224,225,210,183,152,122,099,089
MA17,77/10/14,096,119,150,183,211,225,225,211,188,164,143,130,130,147,172,199,222,231,223,200,169,136,107,088
MA17,77/10/15,086,099,123,153,187,215,228,226,209,186,164,148,142,149,166,190,213,230,232,221,196,164,129,104
MA17,77/10/16,091,093,107,131,162,191,215,227,221,204,183,164,152,151,162,178,199,216,224,221,202,173,144,116
MA17,77/10/17,094,086,092,104,129,157,182,198,203,195,181,168,157,152,155,165,180,197,211,214,205,185,160,133
MA17,77/10/18,111,097,093,099,113,135,158,178,193,197,190,182,173,168,165,168,179,189,201,211,208,197,182,162
MA17,77/10/19,140,122,111,106,112,125,141,160,176,187,193,193,187,180,175,174,176,182,187,196,201,199,192,180
MA17,77/10/20,165,147,133,122,119,123,132,145,159,174,183,189,192,190,186,181,179,174,174,178,182,186,188,185
MA17,77/10/21,180,170,157,143,131,125,122,128,142,157,171,185,195,202,199,191,182,173,166,163,167,170,176,182
MA17,77/10/22,186,185,178,163,151,138,126,122,126,136,150,168,183,194,200,197,187,173,160,148,144,148,159,171
MA17,77/10/23,185,193,195,187,175,159,142,132,126,131,144,162,181,197,209,210,203,185,166,148,137,133,143,160
MA17,77/10/24,177,196,206,212,203,189,172,152,138,134,140,158,180,200,216,223,217,199,177,151,130,118,120,135
MA17,77/10/25,156,182,202,214,214,204,189,167,147,133,132,142,161,184,204,215,214,201,180,149,120,101,098,107
MA17,77/10/26,129,156,181,200,212,210,198,176,156,139,131,135,149,172,195,212,222,212,192,163,131,106,091,094
MA17,77/10/27,111,138,165,193,211,215,206,189,168,148,132,128,140,163,185,206,217,214,199,169,136,107,084,079
MA17,77/10/28,090,113,141,172,195,211,212,199,180,156,140,130,133,151,171,194,211,213,203,179,149,118,093,077
MA17,77/10/29,077,095,121,152,181,201,210,205,189,170,152,138,135,147,165,188,206,215,210,192,164,134,106,085
MA17,77/10/30,076,085,109,135,165,191,206,210,200,184,168,151,144,148,162,182,201,211,212,199,179,151,122,097
MA17,77/10/31,082,083,099,123,152,177,197,206,203,192,178,163,153,151,158,174,192,206,214,207,190,168,143,117
MA17,77/11/01,098,092,095,111,136,160,181,197,203,197,184,171,159,154,157,167,181,193,203,203,195,177,158,135
MA17,77/11/02,116,9999,9999,9999,9999,9999,9999,9999,9999,9999,9999,9999,9999,9999,9999,9999,9999,9999,9999,9999,9999,9999,9999,9999
MA17,77/11/03,9999,9999,9999,9999,9999,9999,9999,9999,9999,9999,9999,9999,9999,9999,9999,9999,9999,9999,9999,9999,9999,9999,9999,9999
MA17,77/11/04,9999,9999,9999,9999,9999,9999,9999,9999,9999,9999,9999,9999,9999,9999,9999,9999,9999,9999,9999,9999,9999,9999,9999,9999
MA17,77/11/05,9999,9999,9999,9999,9999,9999,9999,9999,9999,9999,176,183,186,183,179,171,164,157,154,153,157,162,166,169
MA17,77/11/06,169,165,157,146,138,129,127,131,141,154,170,184,195,199,196,189,177,164,154,148,146,150,161,174
MA17,77/11/07,182,186,184,175,163,149,136,132,134,144,158,176,191,200,204,199,184,164,146,132,125,126,137,154
MA17,77/11/08,170,185,192,190,180,164,148,134,129,133,146,165,187,205,213,210,199,179,157,134,119,114,121,138
MA17,77/11/09,162,184,202,210,207,192,172,153,138,132,136,151,172,193,208,214,206,186,160,132,105,091,089,104
MA17,77/11/10,128,156,184,206,211,207,192,170,149,135,132,140,160,184,205,218,218,203,178,142,109,083,073,077
MA17,77/11/11,096,129,162,193,213,216,208,190,168,146,133,132,147,170,196,214,221,214,190,155,119,083,060,054
MA17,77/11/12,068,098,132,164,193,208,212,201,183,159,143,9999,9999,9999,9999,9999,9999,9999,9999,9999,9999,9999,9999,9999
MA17,77/11/13,9999,9999,9999,9999,9999,9999,9999,9999,9999,173,155,143,139,150,171,195,212,219,211,192,162,128,095,068
MA17,77/11/14,055,061,9999,9999,9999,9999,9999,9999,9999,9999,180,163,152,153,165,185,204,217,220,210,190,160,128,099
MA17,77/11/15,078,069,075,095,126,153,178,198,204,203,194,180,167,159,160,171,187,201,211,209,198,178,152,124
MA17,77/11/16,102,086,080,089,108,131,158,179,194,200,197,187,175,165,161,165,174,187,200,205,201,192,175,154
MA17,77/11/17,135,118,108,108,117,135,159,180,199,211,213,209,201,193,182,178,178,185,192,201,204,202,193,178
MA17,77/11/18,160,143,131,124,124,131,147,162,178,193,202,204,200,192,182,173,165,160,164,169,176,179,182,178
MA17,77/11/19,171,160,149,138,129,128,134,145,160,174,188,198,202,201,194,183,172,161,156,155,161,168,176,181
MA17,77/11/20,182,179,169,159,150,142,138,142,149,160,174,185,193,198,193,185,170,154,141,133,132,136,148,159
MA17,77/11/21,171,178,178,173,165,155,146,142,143,152,165,180,192,201,203,198,182,163,142,127,119,120,132,148
MA17,77/11/22,166,182,191,194,188,178,165,155,151,152,160,175,191,206,213,212,200,178,155,130,114,107,113,130
MA17,77/11/23,152,174,190,198,199,190,177,162,152,149,150,161,179,194,206,209,202,182,156,128,105,092,091,101
MA17,77/11/24,119,145,169,185,193,190,181,166,151,141,139,147,161,181,197,205,204,190,168,137,110,091,081,087
MA17,77/11/25,106,132,160,184,199,205,199,184,167,154,144,145,157,174,193,208,212,203,182,154,123,096,080,075
MA17,77/11/26,087,113,142,171,192,204,202,193,176,159,147,142,148,166,185,204,215,213,200,175,142,109,086,078
MA17,77/11/27,084,104,133,165,196,215,223,219,206,188,173,162,162,174,193,213,228,232,224,200,171,140,111,094
MA17,77/11/28,087,102,128,159,186,210,224,225,216,202,185,172,165,172,188,208,224,232,226,208,182,152,124,100
MA17,77/11/29,091,099,120,145,174,199,216,224,217,206,189,176,165,165,177,194,211,223,226,214,196,171,143,119
MA17,77/11/30,102,099,110,131,158,184,206,217,220,211,196,180,169,164,169,182,196,208,217,213,200,181,155,130
MA17,77/12/01,111,100,100,112,133,159,184,200,208,207,198,186,173,165,162,170,181,196,203,206,202,190,161,152
MA17,77/12/02,130,117,114,120,134,154,177,197,209,214,211,202,189,178,172,171,175,182,190,196,198,192,181,163
MA17,77/12/03,145,131,120,117,122,135,152,172,187,197,199,194,187,176,168,162,158,162,167,174,181,181,178,170
MA17,77/12/04,159,147,135,127,126,132,145,162,178,191,200,201,198,190,181,170,163,160,160,164,169,176,181,182
MA17,77/12/05,177,169,159,150,142,140,145,156,171,185,199,206,208,204,194,182,167,154,147,146,152,161,170,178
MA17,77/12/06,182,183,178,170,158,150,147,148,156,170,184,197,204,206,200,188,171,153,137,127,127,135,147,163
MA17,77/12/07,177,190,195,189,182,170,159,153,154,164,179,194,207,215,214,206,187,165,143,124,114,115,126,147
MA17,77/12/08,169,191,205,211,208,196,182,173,165,166,176,193,209,224,230,227,214,188,159,132,111,103,107,126
MA17,77/12/09,151,179,205,221,225,221,208,191,176,167,167,179,198,218,233,238,229,208,177,143,112,090,083,090
MA17,77/12/10,114,145,176,201,217,220,212,198,181,163,156,158,172,194,213,226,226,215,189,153,117,086,067,066
MA17,77/12/11,080,110,144,179,206,221,223,216,198,179,164,157,162,178,197,217,226,223,206,174,139,101,072,058
MA17,77/12/12,057,077,106,142,178,202,216,218,206,186,168,154,150,160,180,202,218,225,218,196,165,127,091,066
MA17,77/12/13,055,062,086,116,152,184,207,219,217,205,187,169,161,162,173,191,209,222,224,213,191,160,126,096
MA17,77/12/14,078,075,085,107,138,169,194,209,214,208,194,176,162,155,156,169,186,202,211,209,198,174,146,117
MA17,77/12/15,093,081,081,095,117,143,170,191,202,203,196,179,164,153,150,157,170,184,196,201,198,185,167,143
MA17,77/12/16,121,103,096,102,115,138,162,185,202,207,207,196,179,161,9999,9999,9999,9999,9999,9999,9999,9999,9999,9999
MA17,77/12/17,9999,9999,9999,9999,9999,9999,9999,9999,9999,9999,9999,9999,9999,9999,9999,9999,9999,9999,9999,9999,9999,9999,9999,9999
MA17,77/12/18,9999,9999,9999,9999,9999,9999,9999,9999,9999,9999,9999,9999,9999,9999,9999,9999,9999,9999,9999,9999,9999,9999,9999,9999
MA17,77/12/19,9999,9999,9999,9999,9999,9999,9999,9999,9999,9999,9999,9999,9999,9999,9999,9999,9999,9999,9999,9999,9999,9999,9999,9999
MA17,77/12/20,9999,9999,9999,9999,9999,9999,9999,9999,9999,9999,9999,9999,9999,9999,9999,9999,9999,9999,9999,9999,9999,9999,9999,9999
MA17,77/12/21,9999,9999,9999,9999,9999,9999,9999,9999,9999,9999,9999,9999,9999,9999,9999,9999,9999,9999,9999,9999,9999,9999,9999,9999
MA17,77/12/22,9999,9999,9999,9999,9999,9999,9999,9999,9999,9999,9999,9999,9999,9999,9999,9999,193,170,146,121,104,095,099,112
MA17,77/12/23,131,154,174,189,198,196,188,177,166,161,162,172,184,197,207,211,204,187,162,133,111,095,091,101
MA17,77/12/24,119,144,169,191,203,208,202,190,177,168,164,168,179,195,209,219,219,208,185,155,126,104,091,092
MA17,77/12/25,108,133,162,189,211,221,220,210,197,185,174,173,182,196,212,224,230,224,203,176,145,115,094,085
MA17,77/12/26,094,113,138,168,192,208,212,205,191,175,161,153,154,165,183,201,212,212,199,175,144,112,087,072
MA17,77/12/27,072,085,111,142,171,192,204,203,193,178,162,150,148,157,173,191,206,213,206,187,162,130,102,079
MA17,77/12/28,072,079,101,129,159,182,198,201,194,179,163,148,140,143,154,171,186,197,198,185,167,139,109,084
MA17,77/12/29,070,070,086,110,140,168,188,199,197,187,171,155,143,141,149,165,182,197,204,198,187,166,139,114
MA17,77/12/30,097,090,097,115,142,169,192,208,212,205,193,173,158,150,153,163,176,190,200,202,193,176,154,129
MA17,77/12/31,107,095,093,105,124,150,176,195,204,203,195,177,163,153,147,153,163,179,193,202,207,198,184,166
