MA17,64/01/01,040,056,085,115,131,175,190,194,183,170,157,147,143,149,163,179,194,202,195,177,152,117,083,055
MA17,64/01/02,042,046,064,092,120,154,176,188,185,175,162,151,141,143,153,167,179,191,193,183,164,134,104,074
MA17,64/01/03,053,050,059,080,109,138,164,178,181,174,162,150,141,138,143,154,169,180,187,186,174,156,128,101
MA17,64/01/04,081,069,070,082,103,130,152,170,180,178,168,154,142,134,134,138,148,160,169,172,169,156,138,116
MA17,64/01/05,095,082,077,081,095,116,139,158,170,172,166,157,146,137,131,131,136,146,154,160,164,160,150,138
MA17,64/01/06,123,110,100,099,108,122,140,158,170,177,176,167,157,146,137,132,132,137,142,148,155,158,155,148
MA17,64/01/07,139,127,120,116,118,127,140,151,164,174,178,176,168,159,147,138,132,128,128,134,140,144,147,148
MA17,64/01/08,147,143,136,130,126,127,132,142,153,163,170,172,167,158,149,138,129,121,116,114,119,126,134,143
MA17,64/01/09,148,150,150,146,142,140,141,146,153,161,168,174,174,170,160,148,134,120,109,103,104,110,120,132
MA17,64/01/10,144,152,155,154,151,144,142,140,142,149,157,164,170,172,168,158,144,126,107,095,088,090,098,112
MA17,64/01/11,129,143,154,160,161,156,151,146,143,146,152,159,168,174,175,168,154,133,111,094,080,074,079,094
MA17,64/01/12,115,135,153,166,171,168,161,152,145,142,146,155,166,176,182,178,167,147,123,099,082,072,074,088
MA17,64/01/13,108,135,157,177,185,188,182,176,165,158,156,160,171,186,200,203,194,175,151,123,098,083,079,088
MA17,64/01/14,108,134,164,187,201,204,198,186,175,165,161,164,175,188,201,206,201,186,161,131,102,079,066,070
MA17,64/01/15,085,112,141,168,188,198,194,183,169,156,147,146,155,170,185,198,199,186,164,135,104,077,060,058
MA17,64/01/16,070,082,122,150,175,188,192,190,178,162,147,139,142,152,170,185,196,198,188,167,139,109,082,067
MA17,64/01/17,064,077,098,128,158,185,199,204,196,184,169,158,154,162,176,194,210,220,211,193,171,144,115,092
MA17,64/01/18,082,087,106,132,162,186,203,210,203,192,172,157,151,153,164,183,197,208,210,200,182,157,131,107
MA17,64/01/19,095,095,104,125,152,181,200,210,211,204,190,172,160,152,154,164,177,191,202,202,193,175,150,125
MA17,64/01/20,106,093,091,099,119,143,166,184,192,188,175,160,144,132,128,132,143,155,167,174,174,164,148,128
MA17,64/01/21,107,094,090,094,108,127,147,166,178,179,173,160,143,130,121,118,123,132,144,155,162,162,152,140
MA17,64/01/22,126,114,107,107,112,125,141,154,167,177,179,173,161,145,132,121,115,115,123,133,145,155,160,158
MA17,64/01/23,152,146,140,135,133,139,149,161,173,184,190,188,180,167,152,137,124,115,115,119,128,139,151,159
MA17,64/01/24,163,164,159,154,149,148,150,156,166,175,182,186,182,174,160,144,126,110,100,097,102,116,130,147
MA17,64/01/25,162,172,176,174,170,166,164,163,166,173,180,187,193,192,186,173,153,133,110,094,086,089,103,122
MA17,64/01/26,143,162,178,187,188,183,177,168,163,164,169,177,186,194,194,186,169,143,114,088,074,067,075,093
MA17,64/01/27,118,144,168,183,191,190,182,172,162,156,157,166,176,188,196,194,182,159,128,096,074,058,056,068
MA17,64/01/28,092,128,152,176,192,196,194,180,173,160,153,157,169,183,197,208,207,192,169,141,110,083,069,070
MA17,64/01/29,085,108,145,179,202,214,216,204,190,175,164,163,170,182,195,211,218,206,189,160,126,090,068,058
MA17,64/01/30,062,087,117,151,178,196,200,194,180,166,150,143,148,162,179,196,208,209,196,173,141,106,076,060
MA17,64/01/31,066,084,110,140,170,192,205,206,201,186,170,156,148,151,163,181,200,212,215,204,184,157,127,101
MA17,64/02/01,086,084,100,121,152,181,204,212,208,196,179,160,148,146,156,172,193,208,216,212,198,176,148,124
MA17,64/02/02,104,098,106,125,152,178,200,211,208,198,180,162,148,142,147,159,177,190,202,204,194,176,156,136
MA17,64/02/03,116,106,110,124,144,166,186,198,201,197,186,168,152,139,134,137,147,160,175,185,188,184,172,157
MA17,64/02/04,140,127,117,120,133,150,168,185,195,196,188,175,160,144,134,130,136,146,155,165,170,171,166,158
MA17,64/02/05,147,136,130,130,138,150,164,178,190,194,188,175,161,146,134,128,126,129,134,142,150,156,157,154
MA17,64/02/06,148,144,140,136,139,146,154,163,171,177,176,168,160,148,138,127,120,116,118,123,132,140,147,152
MA17,64/02/07,156,157,156,155,156,160,166,174,180,185,187,185,179,170,159,149,138,130,123,120,124,133,143,153
MA17,64/02/08,161,167,170,171,170,170,170,171,174,178,182,182,180,173,164,152,139,128,116,108,108,114,124,137
MA17,64/02/09,152,163,171,175,175,174,171,167,165,164,169,174,178,180,178,170,159,145,130,116,104,100,107,120
MA17,64/02/10,139,159,176,186,190,190,184,178,172,169,172,177,184,188,192,188,174,155,135,113,097,090,089,101
MA17,64/02/11,120,143,164,180,190,190,184,177,169,158,161,170,180,192,200,198,189,174,152,129,106,092,092,099
MA17,64/02/12,118,144,168,186,200,204,197,189,172,159,153,155,166,177,188,196,195,183,160,134,105,083,069,070
MA17,64/02/13,084,106,135,160,181,192,192,180,164,147,137,136,145,157,173,186,193,188,169,140,112,085,066,061
MA17,64/02/14,072,094,121,150,175,193,192,181,165,148,133,127,134,146,166,185,197,195,182,156,125,093,072,058
MA17,64/02/15,065,081,104,134,162,182,190,186,176,156,137,120,114,120,137,159,179,193,194,182,159,130,100,078
MA17,64/02/16,066,069,085,111,138,166,187,191,184,167,144,125,113,112,123,142,165,183,193,192,176,153,126,100
MA17,64/02/17,082,080,090,115,141,159,191,200,198,183,161,138,119,113,119,136,158,178,191,191,182,163,137,116
MA17,64/02/18,096,089,093,109,131,156,176,188,190,177,159,137,117,105,103,112,131,150,168,178,179,169,152,134
MA17,64/02/19,117,107,104,110,127,151,169,182,186,178,163,142,123,107,098,100,111,127,143,158,166,167,160,149
MA17,64/02/20,136,127,123,128,138,155,171,182,187,185,173,157,139,123,113,104,101,106,118,131,144,155,160,161
MA17,64/02/21,157,150,144,140,141,148,156,165,175,180,178,170,158,142,126,110,099,094,096,104,116,128,140,150
MA17,64/02/22,155,157,156,153,152,155,158,163,169,174,176,175,168,156,141,124,109,097,092,091,097,107,122,138
MA17,64/02/23,150,159,165,166,163,160,158,157,160,163,168,170,171,166,154,138,121,103,086,076,074,082,096,116
MA17,64/02/24,136,152,164,168,170,168,159,150,149,147,150,157,164,169,170,164,150,130,108,088,072,067,073,092
MA17,64/02/25,114,139,160,174,182,183,178,169,159,149,148,156,166,178,187,188,178,157,130,105,082,068,067,078
MA17,64/02/26,100,127,154,174,186,188,182,168,156,144,138,142,153,168,180,191,187,171,146,118,090,068,056,066
MA17,64/02/27,084,108,140,168,185,190,184,176,158,142,128,125,136,151,172,190,199,200,184,160,129,098,074,065
MA17,64/02/28,072,094,124,152,178,192,195,184,176,145,128,120,125,138,158,182,197,201,191,179,138,105,080,065
MA17,64/02/29,068,086,113,142,168,188,192,182,166,141,121,109,107,118,141,164,186,196,193,177,150,122,096,079
MA17,64/03/01,075,085,106,133,162,182,191,186,174,152,129,110,101,107,122,144,170,186,196,192,176,152,128,105
MA17,64/03/02,092,092,107,128,154,181,195,197,184,164,142,122,108,102,112,129,150,172,186,190,180,163,142,120
MA17,64/03/03,104,098,109,123,142,164,180,188,180,164,142,122,104,095,096,111,128,148,162,173,172,160,145,130
MA17,64/03/04,116,108,111,123,140,162,176,183,181,171,154,134,116,103,098,101,115,131,145,158,166,166,158,148
MA17,64/03/05,138,130,128,135,146,162,176,186,188,184,168,152,136,121,112,109,116,127,141,154,163,166,164,158
MA17,64/03/06,152,146,144,147,154,164,174,182,184,180,170,158,144,134,120,110,107,110,117,126,135,144,151,155
MA17,64/03/07,156,154,154,152,154,160,166,173,178,179,176,169,160,148,137,127,121,117,117,123,133,142,151,159
MA17,64/03/08,166,170,174,176,176,175,176,177,179,181,182,179,174,166,155,145,135,126,119,117,120,128,138,150
MA17,64/03/09,162,172,178,181,180,177,174,170,170,170,172,175,176,173,165,153,139,127,115,108,106,111,121,136
MA17,64/03/10,149,162,173,179,181,178,174,166,156,155,156,159,165,171,170,164,153,137,118,104,093,088,094,106
MA17,64/03/11,124,144,166,178,182,178,169,156,146,140,139,146,157,168,176,177,168,147,126,104,084,072,076,093
MA17,64/03/12,112,131,156,172,182,182,169,154,139,126,124,132,148,165,176,184,176,158,136,113,085,068,064,073
MA17,64/03/13,092,120,147,168,181,184,175,160,138,118,112,115,129,149,169,186,192,185,167,143,115,089,075,073
MA17,64/03/14,086,113,141,171,191,201,196,177,155,132,116,113,122,141,165,188,202,202,189,167,139,106,085,078
MA17,64/03/15,083,106,134,164,190,202,202,188,164,139,118,108,108,118,140,166,192,208,210,198,175,146,116,094
MA17,64/03/16,086,092,114,140,170,193,206,205,190,166,139,118,103,103,119,144,169,192,206,204,190,165,137,113
MA17,64/03/17,097,096,107,130,154,179,194,197,186,164,135,108,086,080,088,109,136,163,184,193,186,171,151,130
MA17,64/03/18,110,101,105,120,142,162,181,190,182,166,139,113,086,072,072,082,104,129,151,168,174,170,157,140
MA17,64/03/19,125,116,114,122,137,156,172,182,184,167,147,123,098,081,072,074,085,106,128,147,161,164,159,151
MA17,64/03/20,142,135,132,136,148,161,175,184,186,178,165,147,128,110,096,090,096,111,130,148,163,173,178,178
MA17,64/03/21,175,170,167,166,170,176,182,186,188,183,174,160,144,129,114,102,094,094,100,112,126,139,150,159
MA17,64/03/22,164,164,164,164,164,165,167,170,172,174,173,169,161,149,134,119,105,095,089,092,098,111,124,138
MA17,64/03/23,152,163,168,170,168,163,159,156,156,157,159,162,160,156,150,136,122,107,091,083,080,086,099,118
MA17,64/03/24,137,155,165,170,168,163,155,147,140,138,143,148,157,161,162,155,143,125,107,089,078,078,087,105
MA17,64/03/25,130,153,172,182,185,181,171,160,149,145,147,155,166,180,187,188,178,162,139,117,098,085,085,100
MA17,64/03/26,118,142,165,180,186,184,171,156,138,126,122,129,143,161,177,187,187,175,155,130,106,087,080,087
MA17,64/03/27,107,133,160,183,196,197,188,169,147,126,114,115,131,150,169,183,190,186,170,146,118,093,077,076
MA17,64/03/28,089,112,137,164,180,182,172,155,129,106,090,086,095,114,138,161,179,186,180,163,139,117,096,082
MA17,64/03/29,085,102,126,155,173,184,186,170,147,126,102,086,085,096,119,145,172,181,186,176,154,130,108,090
MA17,64/03/30,086,098,116,142,166,179,180,170,144,124,098,081,074,076,100,124,151,174,182,176,162,140,120,104
MA17,64/03/31,096,099,114,136,158,174,181,175,156,130,102,082,072,073,087,112,133,156,172,177,171,154,137,118
MA17,64/04/01,108,110,119,136,157,174,184,180,166,143,118,097,081,076,084,101,122,147,167,176,176,168,153,140
MA17,64/04/02,130,126,130,145,160,174,184,184,173,153,130,105,088,078,078,087,106,126,145,157,162,159,149,138
MA17,64/04/03,129,125,126,135,148,161,172,175,170,155,136,118,100,086,082,087,098,115,132,146,158,164,160,156
MA17,64/04/04,152,146,144,150,160,170,180,184,182,172,149,144,128,116,105,099,102,111,122,134,144,153,155,154
MA17,64/04/05,152,150,148,147,150,154,160,162,161,158,150,138,125,113,104,098,094,096,103,112,123,133,142,150
MA17,64/04/06,155,157,158,157,157,157,158,159,159,158,156,151,144,134,124,113,107,101,100,104,112,122,133,145
MA17,64/04/07,155,162,166,166,164,160,156,153,151,150,152,153,151,146,137,128,114,101,092,088,088,094,106,120
MA17,64/04/08,136,150,158,160,156,148,139,131,127,126,130,136,141,146,144,136,125,110,098,085,082,084,097,114
MA17,64/04/09,136,153,166,173,172,164,152,137,125,120,124,133,144,154,160,156,145,130,110,092,078,074,080,096
MA17,64/04/10,117,140,162,174,174,166,151,132,116,106,107,117,133,150,166,173,166,152,132,110,090,078,076,092
MA17,64/04/11,112,138,166,183,188,183,166,144,120,105,100,108,127,151,171,186,189,182,163,137,110,090,080,086
MA17,64/04/12,105,130,156,178,190,186,171,147,122,096,082,082,096,121,148,173,181,9999,9999,9999,9999,9999,9999,9999
MA17,64/04/13,9999,9999,9999,9999,9999,9999,9999,9999,9999,9999,080,068,072,090,118,150,176,193,195,182,160,133,109,094
MA17,64/04/14,096,110,134,158,179,190,190,174,145,113,082,062,056,067,094,126,158,183,195,182,178,156,133,116
MA17,64/04/15,110,116,132,152,176,191,195,186,162,131,098,072,056,056,074,100,132,161,182,194,191,178,159,142
MA17,64/04/16,131,130,138,154,173,190,198,193,176,149,119,090,068,057,062,080,104,134,157,174,181,175,163,151
MA17,64/04/17,141,137,140,150,165,179,188,187,176,157,134,105,082,066,064,071,088,113,138,158,170,174,171,164
MA17,64/04/18,157,152,152,158,168,179,188,190,186,174,155,136,112,093,081,078,082,092,110,130,146,160,165,166
MA17,64/04/19,165,161,157,156,158,162,168,173,173,170,161,150,134,116,100,088,084,084,092,104,120,136,148,157
MA17,64/04/20,164,166,164,162,161,160,160,162,164,164,162,158,152,142,129,115,102,095,094,096,106,120,136,148
MA17,64/04/21,160,169,171,170,166,159,153,151,148,147,150,154,156,154,149,138,125,112,101,094,096,104,117,136
MA17,64/04/22,153,167,175,178,172,163,154,146,140,137,143,150,160,168,170,165,153,138,123,110,104,106,115,130
MA17,64/04/23,151,170,182,188,185,174,160,144,131,124,126,134,146,160,170,174,167,151,132,113,098,093,096,111
MA17,64/04/24,130,149,169,178,178,168,152,134,112,101,101,110,126,144,162,173,173,162,144,124,104,093,090,101
MA17,64/04/25,121,142,162,175,178,170,150,130,106,089,084,088,105,126,148,166,175,173,160,141,121,106,098,104
MA17,64/04/26,119,140,162,182,188,184,168,144,121,098,087,087,100,121,144,168,186,192,188,170,148,128,116,113
MA17,64/04/27,123,140,161,182,192,190,176,150,122,095,077,071,077,094,120,147,170,183,181,169,150,129,114,104
MA17,64/04/28,111,126,145,164,178,183,174,155,126,116,075,065,066,078,102,130,153,170,178,172,158,140,123,112
MA17,64/04/29,112,123,141,158,174,180,176,160,135,107,083,066,060,070,090,115,142,160,174,178,168,154,138,126
MA17,64/04/30,122,126,140,155,171,181,182,172,151,124,097,076,065,065,077,096,123,144,163,172,172,164,153,141
MA17,64/05/01,133,131,137,149,163,177,182,177,162,142,116,093,078,070,076,090,110,135,154,171,178,177,170,160
MA17,64/05/02,153,150,152,160,172,182,189,188,180,163,142,119,100,088,086,093,108,129,148,166,177,180,177,170
MA17,64/05/03,164,159,158,162,170,178,186,187,182,168,152,132,114,100,093,094,102,116,133,150,163,171,173,172
MA17,64/05/04,168,164,160,159,162,166,172,175,172,166,156,142,126,113,101,098,098,104,114,126,140,156,164,169
MA17,64/05/05,172,170,168,166,162,162,163,165,165,164,160,154,144,133,122,113,106,103,107,114,127,140,155,166
MA17,64/05/06,173,178,177,174,167,162,159,156,157,158,160,161,159,153,144,133,122,113,109,110,115,128,143,158
MA17,64/05/07,172,181,183,179,170,160,150,144,140,142,148,155,161,165,160,154,140,129,116,108,108,116,130,146
MA17,64/05/08,164,178,187,187,179,166,152,137,129,127,133,145,160,171,176,175,163,148,130,117,108,110,118,133
MA17,64/05/09,153,173,187,193,189,176,159,137,120,110,114,126,154,172,186,192,187,175,156,138,122,117,120,136
MA17,64/05/10,157,180,198,208,205,192,170,140,118,105,106,121,144,170,194,210,213,202,186,164,146,134,131,142
MA17,64/05/11,162,185,208,222,224,213,189,156,130,106,096,100,124,152,182,9999,9999,9999,9999,9999,9999,9999,9999,9999
MA17,64/05/12,9999,9999,9999,9999,9999,9999,9999,168,132,097,072,062,069,092,122,159,188,203,206,196,178,158,142,130
MA17,64/05/13,131,144,164,185,202,207,198,174,140,104,072,052,050,065,094,126,160,185,198,200,191,175,158,143
MA17,64/05/14,140,146,162,179,198,208,204,188,162,129,096,070,054,053,070,099,129,159,184,196,198,192,180,167
MA17,64/05/15,159,159,166,179,194,206,210,198,178,148,116,090,068,064,069,089,118,148,172,188,195,192,182,171
MA17,64/05/16,162,160,164,174,184,194,199,195,182,162,134,106,082,068,064,072,093,119,144,166,180,184,182,175
MA17,64/05/17,166,162,162,167,174,183,190,191,186,174,155,134,113,094,083,080,088,107,127,149,168,180,184,186
MA17,64/05/18,182,178,174,172,174,178,185,190,190,186,178,164,148,130,116,109,108,114,125,142,160,176,186,190
MA17,64/05/19,190,188,184,179,175,176,176,180,182,183,184,179,170,159,144,133,124,121,124,134,146,164,177,189
MA17,64/05/20,196,196,192,185,175,168,164,162,165,170,175,180,179,176,168,156,144,134,128,130,137,152,167,180
MA17,64/05/21,192,196,196,190,179,166,157,150,148,152,158,169,180,185,186,182,171,158,146,139,136,142,156,171
MA17,64/05/22,187,198,203,200,192,176,160,146,138,136,140,152,166,180,192,194,191,179,165,152,143,143,150,164
MA17,64/05/23,181,196,207,209,203,189,168,150,134,124,125,137,154,172,191,202,204,199,188,172,158,152,154,163
MA17,64/05/24,179,196,211,220,216,205,185,149,128,117,118,129,149,170,193,209,216,209,200,185,171,162,162,167
MA17,64/05/25,181,200,214,223,220,206,184,162,134,117,112,117,136,158,194,206,220,222,214,202,186,172,166,167
MA17,64/05/26,180,195,213,225,226,218,198,172,140,117,104,104,114,136,163,190,211,221,221,207,190,174,164,160
MA17,64/05/27,166,180,196,212,218,212,196,175,144,115,093,084,087,104,130,158,184,202,208,205,193,179,165,157
MA17,64/05/28,158,168,184,198,212,214,204,185,159,128,104,089,087,097,118,145,172,194,208,210,204,192,180,169
MA17,64/05/29,167,172,184,200,215,222,217,204,180,152,125,106,095,100,114,136,163,188,206,214,212,206,192,180
MA17,64/05/30,175,174,180,193,208,217,208,208,188,162,137,115,101,100,108,126,147,172,190,204,208,204,195,184
MA17,64/05/31,175,173,176,184,196,208,213,207,192,172,152,127,110,102,104,113,130,154,172,188,199,201,196,187
MA17,64/06/01,180,174,172,176,185,195,202,203,195,183,164,146,126,113,108,114,124,140,160,179,192,200,200,195
MA17,64/06/02,188,181,176,176,178,184,192,196,194,187,174,157,140,125,116,115,118,133,147,164,179,190,197,197
MA17,64/06/03,195,190,184,177,176,179,184,190,194,192,189,180,168,158,146,136,134,137,146,158,174,190,201,207
MA17,64/06/04,208,206,198,189,180,175,174,177,182,185,187,187,180,172,161,150,140,134,134,142,152,167,180,192
MA17,64/06/05,198,199,192,182,170,159,151,148,150,156,162,170,174,174,168,158,146,135,128,126,131,143,160,176
MA17,64/06/06,188,195,194,185,170,154,140,127,124,129,140,155,168,178,183,177,169,155,141,133,132,138,152,167
MA17,64/06/07,184,194,200,196,181,162,138,119,106,104,113,130,152,172,186,192,187,178,163,151,141,140,148,160
MA17,64/06/08,178,194,204,205,194,177,152,124,096,088,092,111,138,165,187,200,204,198,185,169,155,147,149,159
MA17,64/06/09,175,193,209,214,206,188,161,129,097,078,072,082,108,138,170,195,212,216,207,194,176,164,158,162
MA17,64/06/10,174,192,210,221,220,208,184,149,112,084,065,064,078,105,136,172,196,211,213,205,190,174,163,162
MA17,64/06/11,167,181,199,212,220,216,200,168,132,100,069,056,060,076,108,142,176,200,213,214,206,190,178,166
MA17,64/06/12,166,174,190,206,220,224,215,196,164,128,092,068,057,059,079,109,142,173,194,204,204,195,182,168
MA17,64/06/13,163,164,174,188,204,214,216,206,185,153,120,090,068,060,066,086,115,145,172,190,197,196,187,174
MA17,64/06/14,166,162,164,174,187,200,207,208,191,168,140,113,091,078,076,086,118,135,161,183,195,199,195,185
MA17,64/06/15,175,168,167,171,181,192,202,203,200,188,169,146,124,106,094,094,104,124,146,168,185,194,194,190
MA17,64/06/16,180,171,164,161,166,173,181,187,188,184,176,160,142,126,113,107,109,118,135,156,174,186,192,190
MA17,64/06/17,184,173,164,156,154,154,160,165,171,174,172,168,159,147,134,124,119,119,127,141,158,173,186,191
MA17,64/06/18,190,183,174,163,154,149,148,151,156,163,168,173,173,169,160,150,140,136,136,144,154,168,181,188
MA17,64/06/19,192,190,182,168,155,144,136,133,135,140,150,160,167,171,170,163,153,146,142,142,148,160,172,182
MA17,64/06/20,191,193,190,180,164,151,138,127,124,128,137,150,164,178,184,186,180,171,161,156,156,161,171,182
MA17,64/06/21,194,202,202,195,180,160,140,125,113,111,117,130,148,166,179,187,186,179,169,160,154,155,162,174
MA17,64/06/22,185,195,199,193,180,161,138,117,101,093,096,108,126,149,164,180,187,185,173,161,151,149,152,160
MA17,64/06/23,173,185,192,191,182,166,142,119,096,082,079,082,099,120,144,166,179,184,178,168,156,145,142,144
MA17,64/06/24,154,170,182,188,186,175,153,128,101,078,070,071,082,106,132,156,176,186,187,178,166,153,144,144
MA17,64/06/25,153,168,182,190,193,184,168,142,114,090,072,068,077,096,123,152,175,190,194,190,180,168,159,154
MA17,64/06/26,160,173,186,198,206,203,190,165,135,108,084,073,075,090,116,146,170,188,197,194,188,175,162,154
MA17,64/06/27,153,160,173,187,199,203,197,178,152,124,097,079,074,080,100,125,154,180,198,207,207,198,184,171
MA17,64/06/28,164,166,176,189,202,210,206,194,174,147,120,096,082,082,094,110,136,162,181,194,196,189,177,163
MA17,64/06/29,153,151,154,163,176,189,194,192,178,157,132,107,087,077,076,088,106,133,157,174,185,184,176,164
MA17,64/06/30,152,144,143,148,157,170,181,184,179,164,146,122,102,088,082,088,104,125,148,166,180,183,179,170
MA17,64/07/01,157,146,140,139,146,156,168,175,175,168,154,135,115,099,091,092,101,118,138,158,173,182,182,176
MA17,64/07/02,166,153,143,136,138,145,155,162,170,170,166,156,140,124,114,109,108,116,131,149,167,181,188,188
MA17,64/07/03,184,172,158,145,138,137,141,150,159,166,168,166,160,149,135,129,124,124,132,146,162,176,186,190
MA17,64/07/04,187,178,164,145,132,124,122,126,134,146,156,162,164,160,153,143,132,128,130,138,151,165,176,185
MA17,64/07/05,187,182,169,152,135,118,108,104,109,119,135,150,165,170,172,168,157,149,143,142,147,158,171,182
MA17,64/07/06,190,192,187,172,148,127,105,092,089,097,114,135,157,173,183,186,179,172,162,155,155,158,169,180
MA17,64/07/07,194,201,199,187,167,140,112,087,074,075,086,110,135,160,180,192,194,189,178,168,160,159,166,177
MA17,64/07/08,191,204,208,202,188,165,132,113,086,070,070,083,110,140,173,197,210,214,208,197,184,177,174,178
MA17,64/07/09,190,204,217,224,220,203,175,140,108,080,069,070,084,116,150,181,205,218,218,206,190,177,168,168
MA17,64/07/10,175,189,203,214,219,210,187,153,115,081,059,053,061,083,118,153,182,201,213,210,197,180,166,160
MA17,64/07/11,162,173,188,204,214,214,202,180,146,109,077,056,050,059,084,115,151,179,197,203,198,194,168,156
MA17,64/07/12,152,156,169,185,200,210,208,195,170,137,103,077,060,062,076,102,132,162,185,198,198,189,174,160
MA17,64/07/13,150,151,159,172,188,202,205,199,182,160,140,113,090,076,075,087,108,137,161,182,191,191,182,167
MA17,64/07/14,151,142,140,146,160,174,187,193,190,180,160,137,114,097,090,094,106,132,155,176,192,196,191,180
MA17,64/07/15,164,152,145,145,150,160,173,183,188,182,174,157,139,120,110,110,118,132,151,171,185,194,190,182
MA17,64/07/16,169,155,142,136,136,144,154,163,170,172,169,162,150,136,127,120,123,131,144,160,174,183,188,182
MA17,64/07/17,173,159,146,133,127,128,132,138,147,153,158,159,157,151,144,138,134,135,141,150,164,176,185,186
MA17,64/07/18,180,171,158,144,134,127,126,128,134,143,150,158,164,165,163,157,153,151,153,158,168,176,187,192
MA17,64/07/19,189,183,172,158,144,131,123,120,122,129,138,149,160,168,172,169,165,161,158,158,162,167,173,180
MA17,64/07/20,182,180,173,160,146,130,112,102,096,099,109,123,139,153,163,168,166,161,155,149,149,151,157,163
MA17,64/07/21,170,174,173,163,150,130,108,091,082,080,087,102,121,140,154,167,171,168,161,152,145,144,147,156
MA17,64/07/22,166,174,178,175,164,146,122,100,082,072,074,086,106,132,153,170,180,181,175,165,154,148,146,152
MA17,64/07/23,164,175,183,184,178,163,140,120,098,078,067,070,085,108,133,160,178,187,186,180,169,157,150,151
MA17,64/07/24,158,170,183,191,195,188,172,146,116,091,074,068,077,098,124,153,174,190,194,191,179,165,152,148
MA17,64/07/25,153,164,177,190,198,196,181,160,128,100,078,064,066,084,108,135,163,182,191,190,180,167,150,141
MA17,64/07/26,142,151,164,181,192,197,191,173,148,108,080,064,060,072,096,123,151,173,187,189,180,166,150,139
MA17,64/07/27,134,141,153,170,187,194,192,181,156,126,096,075,064,069,084,111,138,165,183,190,185,174,155,142
MA17,64/07/28,132,135,144,160,178,191,195,190,174,146,117,092,077,075,084,105,132,156,178,189,191,182,165,147
MA17,64/07/29,134,129,135,146,164,180,192,196,185,167,148,123,102,090,088,098,118,142,165,184,193,192,182,166
MA17,64/07/30,146,132,128,132,144,162,178,186,188,182,166,146,126,110,102,104,116,134,158,176,190,192,184,170
MA17,64/07/31,152,136,126,122,127,138,152,168,175,175,170,157,141,127,117,114,120,133,151,170,183,191,188,180
MA17,64/08/01,164,146,133,122,119,121,134,146,156,167,170,167,159,147,137,132,130,137,148,163,178,188,192,189
MA17,64/08/02,178,164,145,128,116,112,114,124,137,150,162,168,172,169,163,156,152,152,156,166,178,188,196,197
MA17,64/08/03,191,180,164,147,128,114,107,107,115,129,145,159,170,176,178,174,169,164,161,164,172,178,188,194
MA17,64/08/04,195,190,179,161,140,118,102,092,090,097,114,132,150,166,178,182,182,178,170,164,162,170,176,184
MA17,64/08/05,190,193,189,178,159,135,110,088,074,074,082,101,126,151,171,187,195,192,184,175,166,164,169,176
MA17,64/08/06,185,196,200,196,185,161,133,104,080,064,064,078,102,132,158,182,195,200,194,184,171,163,157,163
MA17,64/08/07,172,185,199,204,200,186,160,127,094,069,056,056,072,100,134,163,187,198,199,190,177,162,152,148
MA17,64/08/08,155,169,187,200,204,200,184,154,118,083,058,049,055,076,109,144,171,190,199,192,179,164,148,139
MA17,64/08/09,140,152,171,188,203,208,198,176,144,110,079,060,056,068,090,126,157,181,193,193,184,166,145,134
MA17,64/08/10,128,136,152,173,193,205,204,193,168,135,103,079,064,066,083,108,138,164,184,190,184,168,148,132
MA17,64/08/11,121,121,129,147,170,188,197,195,181,158,131,102,082,076,083,104,130,155,179,189,188,176,159,138
MA17,64/08/12,122,118,120,134,151,170,184,188,187,173,139,125,105,094,095,107,128,152,174,188,191,184,168,149
MA17,64/08/13,131,120,118,124,136,152,167,178,180,173,160,142,125,114,111,116,129,146,166,179,187,186,176,158
MA17,64/08/14,140,126,116,114,120,133,148,160,166,169,164,155,144,134,126,126,135,147,164,178,186,189,184,174
MA17,64/08/15,158,142,128,119,120,125,135,147,156,162,166,165,160,152,146,143,146,154,167,178,188,191,190,183
MA17,64/08/16,172,157,143,131,124,121,126,131,139,148,157,161,163,163,160,157,156,157,163,171,179,185,187,184
MA17,64/08/17,176,166,152,138,127,119,115,116,121,130,140,149,156,161,165,166,164,164,163,165,170,175,178,180
MA17,64/08/18,179,173,164,152,137,123,113,106,106,111,122,136,151,162,169,176,175,172,168,164,166,169,173,178
MA17,64/08/19,182,182,176,168,154,137,120,107,100,100,108,122,138,156,172,181,186,185,177,170,164,165,168,176
MA17,64/08/20,183,189,192,188,178,160,140,122,109,100,106,116,134,156,176,192,200,199,190,180,170,164,164,168
MA17,64/08/21,178,190,197,200,194,180,157,134,112,096,090,096,112,138,162,186,200,202,196,186,172,162,158,160
MA17,64/08/22,170,184,196,206,208,196,176,147,122,096,083,083,097,120,145,174,195,204,202,190,175,160,152,149
MA17,64/08/23,156,171,188,206,213,208,192,167,136,108,086,079,086,108,135,166,189,204,207,199,182,162,148,140
MA17,64/08/24,146,160,181,204,216,218,210,186,158,128,103,088,087,103,125,158,188,209,215,210,194,174,152,142
MA17,64/08/25,141,151,170,193,214,225,223,206,178,150,121,102,096,105,122,154,183,208,220,217,203,181,160,140
MA17,64/08/26,133,138,155,177,201,218,224,217,197,167,136,112,100,101,117,140,169,192,209,213,202,182,157,136
MA17,64/08/27,122,121,131,148,172,194,208,208,194,172,147,121,108,104,110,125,149,173,193,206,204,190,170,145
MA17,64/08/28,124,113,110,120,139,161,178,192,195,185,168,148,128,117,114,124,142,161,182,196,199,192,177,155
MA17,64/08/29,133,115,106,109,121,139,158,176,184,186,178,163,150,140,136,138,148,165,182,194,202,199,186,168
MA17,64/08/30,148,130,117,110,112,122,139,155,168,175,177,171,164,155,150,151,157,166,178,187,197,198,192,180
MA17,64/08/31,164,144,127,116,109,109,118,130,144,158,169,173,174,173,171,170,174,177,184,188,193,197,194,190
MA17,64/09/01,183,168,151,134,118,109,106,110,119,132,147,160,172,179,183,184,182,181,179,179,185,188,191,191
MA17,64/09/02,188,183,170,154,136,119,106,099,099,109,122,142,159,175,186,192,192,187,183,180,178,180,184,191
MA17,64/09/03,195,198,194,181,164,141,120,104,090,090,102,120,142,165,183,195,199,197,186,176,170,168,170,176
MA17,64/09/04,188,197,202,200,187,166,140,116,094,082,082,096,117,144,172,190,199,198,192,180,168,158,155,160
MA17,64/09/05,175,192,205,211,208,192,166,146,110,090,083,090,110,138,168,191,208,209,200,188,173,156,147,148
MA17,64/09/06,158,178,197,212,217,208,190,162,132,102,082,076,087,110,142,171,196,207,206,192,173,152,138,131
MA17,64/09/07,138,153,171,199,216,222,213,191,161,128,102,088,088,102,130,165,191,209,213,203,181,157,135,126
MA17,64/09/08,123,134,156,180,204,217,219,208,181,152,121,100,093,104,124,154,182,203,212,207,188,162,140,122
MA17,64/09/09,114,119,134,157,182,202,215,212,197,170,144,121,110,114,131,156,183,206,219,219,204,182,156,134
MA17,64/09/10,122,117,128,148,171,194,211,214,207,187,164,143,129,126,135,153,175,195,208,211,202,183,158,133
MA17,64/09/11,115,107,111,114,145,167,184,193,192,180,164,147,134,130,134,146,164,180,194,201,197,182,161,139
MA17,64/09/12,120,110,106,114,127,144,162,174,178,176,169,154,147,141,142,148,162,176,188,195,195,186,170,150
MA17,64/09/13,132,118,109,108,116,131,148,160,171,175,173,166,160,156,156,160,168,180,191,199,201,198,185,170
MA17,64/09/14,154,141,129,124,125,132,141,152,162,170,174,174,172,170,169,170,175,180,185,191,194,194,188,178
MA17,64/09/15,165,152,140,131,124,123,127,132,140,151,160,167,172,175,178,177,177,178,179,181,181,181,182,178
MA17,64/09/16,172,164,156,143,132,123,118,118,123,131,142,155,166,176,180,182,179,174,170,169,169,170,171,173
MA17,64/09/17,173,169,163,152,139,125,113,106,103,109,119,132,148,163,174,178,178,175,168,162,156,156,160,166
MA17,64/09/18,173,177,176,170,157,142,124,111,102,099,106,118,138,156,176,187,191,188,178,166,156,151,152,158
MA17,64/09/19,169,181,189,190,183,170,150,130,112,102,100,110,130,154,178,196,202,199,188,174,161,151,147,152
MA17,64/09/20,163,179,194,200,197,185,164,137,115,097,090,096,113,137,165,189,201,201,191,174,154,137,133,134
MA17,64/09/21,146,167,187,204,210,204,187,162,135,115,101,097,108,128,156,182,203,213,207,191,168,146,132,126
MA17,64/09/22,134,150,174,197,214,221,209,190,162,132,110,097,102,120,145,175,202,216,214,199,176,148,128,116
MA17,64/09/23,116,131,154,180,203,215,217,200,176,147,123,107,103,112,132,162,188,205,210,200,178,150,126,110
MA17,64/09/24,102,110,128,158,185,208,212,206,187,163,138,121,112,118,137,163,188,210,216,205,187,162,134,111
MA17,64/09/25,098,100,114,140,170,196,218,223,210,193,173,154,140,138,149,167,188,210,223,222,208,183,154,124
MA17,64/09/26,106,097,102,118,146,171,193,204,204,192,177,164,152,148,150,164,182,200,213,216,207,188,164,135
MA17,64/09/27,112,097,092,102,120,144,166,183,190,190,182,169,159,154,155,161,172,186,196,204,202,192,174,151
MA17,64/09/28,128,110,100,098,106,118,139,158,173,184,186,181,175,171,171,175,178,186,198,203,204,200,188,171
MA17,64/09/29,152,133,115,105,101,108,118,128,148,163,172,176,178,175,174,176,178,182,184,188,192,192,187,180
MA17,64/09/30,168,156,142,126,115,108,105,110,123,139,151,160,173,181,185,187,188,188,187,184,185,187,189,190
MA17,64/10/01,189,186,176,163,148,131,119,112,113,120,133,151,167,182,194,200,200,196,188,183,179,177,179,185
MA17,64/10/02,191,195,196,189,175,156,136,120,110,107,114,137,159,177,192,200,199,193,182,170,159,154,155,164
MA17,64/10/03,177,190,196,194,184,166,144,114,096,089,097,115,140,164,184,197,198,188,172,158,141,133,132,142
MA17,64/10/04,159,177,193,200,197,182,156,131,106,090,086,096,119,146,173,192,197,192,176,154,135,122,115,119
MA17,64/10/05,133,156,180,198,206,201,184,156,129,106,095,097,115,140,168,195,211,212,200,178,151,130,115,111
MA17,64/10/06,122,143,167,195,211,218,211,194,163,138,118,109,117,135,159,186,207,215,210,190,164,134,111,099
MA17,64/10/07,100,116,143,170,194,210,210,195,172,148,126,112,112,124,147,174,196,210,206,190,164,135,108,093
MA17,64/10/08,093,105,128,156,183,202,208,202,186,163,142,129,125,134,152,178,201,212,214,201,176,148,121,105
MA17,64/10/09,098,104,121,144,168,194,207,208,195,178,158,145,140,146,158,179,199,213,216,207,187,161,135,115
MA17,64/10/10,101,100,111,129,153,175,194,200,197,184,167,154,146,147,158,172,188,201,206,200,184,162,136,114
MA17,64/10/11,098,096,102,117,134,155,171,179,180,175,166,155,148,147,152,162,174,185,192,191,180,165,145,122
MA17,64/10/12,108,100,099,104,118,136,153,165,172,172,169,164,158,156,160,167,174,183,189,191,187,177,162,143
MA17,64/10/13,129,116,110,111,116,128,142,156,166,172,175,174,172,170,170,174,180,184,189,192,192,196,188,165
MA17,64/10/14,151,139,130,124,123,126,135,146,158,168,176,181,184,186,188,186,188,189,189,190,190,187,183,176
MA17,64/10/15,167,158,148,138,130,126,126,128,137,147,159,170,178,184,187,187,185,180,177,174,172,172,172,173
MA17,64/10/16,172,168,161,152,141,131,124,121,123,134,144,159,173,186,194,197,194,186,177,169,164,162,167,173
MA17,64/10/17,179,184,180,174,163,148,134,125,122,123,135,152,170,186,199,204,202,192,180,166,155,152,157,167
MA17,64/10/18,179,190,197,193,186,168,152,134,116,114,123,139,160,182,198,204,200,188,169,150,135,128,129,142
MA17,64/10/19,158,174,188,196,190,174,150,128,110,100,104,120,142,165,189,204,205,193,173,148,126,112,109,120
MA17,64/10/20,139,166,188,201,202,190,167,143,120,104,101,109,128,156,181,203,210,201,181,153,124,103,094,099
MA17,64/10/21,120,148,175,202,212,208,194,170,146,125,110,109,122,146,172,198,214,213,200,171,141,110,088,080
MA17,64/10/22,089,113,146,176,203,214,210,194,170,144,125,115,120,135,162,190,209,216,206,185,151,118,092,074
MA17,64/10/23,074,091,118,155,186,208,216,209,191,167,146,133,132,139,157,182,201,213,212,196,164,132,101,076
MA17,64/10/24,066,074,092,122,153,181,201,208,200,185,164,148,140,144,154,172,191,206,210,202,181,151,119,091
MA17,64/10/25,070,062,073,093,123,152,179,193,196,188,172,157,148,147,155,165,182,195,202,200,186,164,135,108
MA17,64/10/26,084,069,068,077,098,122,150,171,184,185,179,168,160,157,159,166,179,191,198,198,192,176,154,131
MA17,64/10/27,109,091,082,081,090,105,126,146,161,172,177,174,170,167,166,171,176,183,190,194,192,185,173,157
MA17,64/10/28,140,123,111,102,100,104,116,130,146,160,172,178,180,180,179,178,178,179,182,185,187,186,184,180
MA17,64/10/29,168,155,140,128,119,115,116,124,136,151,167,178,186,189,189,187,182,177,172,170,170,171,174,175
MA17,64/10/30,174,168,158,145,130,118,110,109,114,125,142,158,173,183,186,185,177,167,158,150,147,148,154,164
MA17,64/10/31,171,174,175,162,148,132,116,109,105,112,126,145,163,178,185,183,176,162,149,133,125,124,130,143
MA17,64/11/01,158,173,178,175,168,152,133,118,109,109,120,138,158,178,194,200,192,177,160,139,124,118,121,135
MA17,64/11/02,154,174,192,200,198,185,168,145,128,120,126,138,169,182,201,209,204,188,166,140,118,104,102,112
MA17,64/11/03,131,158,180,196,200,192,184,152,133,120,116,125,143,164,187,200,202,191,168,140,113,091,084,091
MA17,64/11/04,108,136,161,187,200,198,187,166,146,132,123,126,141,162,186,204,210,202,183,154,123,100,088,088
MA17,64/11/05,102,127,155,182,205,212,210,195,175,157,146,142,150,165,188,210,222,222,210,186,156,127,105,095
MA17,64/11/06,099,118,146,174,202,217,223,216,202,182,168,157,156,166,184,204,217,218,210,189,160,132,106,088
MA17,64/11/07,085,094,116,125,172,194,206,206,197,183,167,156,153,160,173,195,210,218,213,197,174,146,118,098
MA17,64/11/08,087,090,104,128,155,178,196,204,198,187,176,165,160,161,169,182,198,209,208,197,178,155,128,106
MA17,64/11/09,089,085,094,109,132,158,176,190,194,188,181,172,166,165,170,182,194,203,210,204,188,170,147,126
MA17,64/11/10,112,102,106,118,136,158,176,190,196,196,192,184,182,179,180,185,194,202,206,205,198,183,164,142
MA17,64/11/11,126,115,111,112,122,136,152,169,183,190,190,187,185,182,182,183,186,192,196,198,195,187,175,158
MA17,64/11/12,145,133,125,122,123,130,143,158,171,182,189,192,191,191,190,188,188,188,190,191,191,190,183,174
MA17,64/11/13,163,153,144,136,132,133,140,150,164,176,186,194,199,200,200,196,192,186,182,180,181,181,182,180
MA17,64/11/14,176,168,160,150,141,135,133,136,145,158,174,186,196,202,203,198,191,180,169,160,156,158,163,169
MA17,64/11/15,174,175,171,162,150,139,130,126,128,138,152,171,184,194,198,195,187,171,155,142,136,136,144,156
MA17,64/11/16,169,178,181,176,164,152,136,125,123,126,138,158,177,192,200,199,189,171,148,129,116,114,122,138
MA17,64/11/17,158,177,187,190,184,172,154,134,124,124,133,150,170,190,206,211,204,184,158,133,113,104,105,118
MA17,64/11/18,142,168,192,206,207,197,180,162,144,136,139,150,170,194,212,221,216,201,174,144,117,097,093,103
MA17,64/11/19,128,159,189,212,224,221,210,194,172,156,150,156,171,192,212,226,217,214,190,156,121,094,079,080
MA17,64/11/20,098,125,158,186,210,216,213,201,181,164,153,150,159,178,200,219,226,220,200,169,132,099,074,062
MA17,64/11/21,070,096,126,164,195,216,224,218,206,192,175,168,170,184,204,225,236,238,228,203,169,132,102,078
MA17,64/11/22,070,078,104,140,174,202,220,224,219,205,190,178,173,180,193,210,224,231,228,211,185,150,115,087
MA17,64/11/23,069,066,080,107,142,171,197,214,218,212,203,192,187,188,193,209,222,231,233,223,204,177,146,116
MA17,64/11/24,096,085,086,102,124,153,180,199,209,212,209,200,193,190,191,197,206,214,217,214,204,186,164,137
MA17,64/11/25,114,100,093,096,109,130,151,171,186,194,198,193,190,184,182,184,189,193,198,200,198,190,176,158
MA17,64/11/26,140,124,114,109,115,124,141,161,178,191,198,198,195,191,186,182,180,181,183,185,185,185,181,173
MA17,64/11/27,162,149,136,125,118,119,128,141,156,173,182,189,190,188,184,177,170,165,162,161,162,166,170,172
MA17,64/11/28,170,167,157,146,135,129,128,135,146,159,174,185,193,195,193,185,174,164,155,149,149,154,162,170
MA17,64/11/29,177,179,177,169,158,146,140,135,140,149,163,179,192,199,199,192,180,164,148,135,130,132,140,155
MA17,64/11/30,168,181,190,190,182,171,158,151,149,155,168,185,199,210,214,210,198,182,160,142,129,105,131,146
MA17,64/12/01,163,182,197,202,199,190,177,164,155,153,159,173,190,204,212,213,203,185,160,134,116,106,108,121
MA17,64/12/02,141,162,184,198,202,196,186,167,156,150,153,163,178,196,205,209,204,187,161,133,110,092,089,098
MA17,64/12/03,118,142,167,188,198,198,189,174,160,150,148,153,165,182,198,206,204,190,167,136,110,087,076,080
MA17,64/12/04,096,120,149,174,192,198,196,182,168,153,145,146,155,168,186,200,202,192,170,142,112,086,069,065
MA17,64/12/05,075,094,118,147,170,184,188,183,170,157,145,141,144,156,170,185,195,195,183,160,132,105,080,065
MA17,64/12/06,064,074,099,122,152,175,188,190,182,173,161,153,151,159,171,187,201,205,199,181,158,130,104,084
MA17,64/12/07,076,081,098,122,150,172,192,198,196,186,173,163,157,157,167,182,196,204,203,192,170,147,118,096
MA17,64/12/08,081,079,089,106,132,156,176,191,192,187,176,165,159,158,161,173,186,196,201,194,178,156,131,108
MA17,64/12/09,093,084,089,100,120,145,168,184,192,191,185,173,165,160,163,169,178,190,194,194,184,166,146,125
MA17,64/12/10,104,093,088,084,107,127,148,164,178,184,182,174,166,159,156,159,164,173,179,182,177,168,154,139
MA17,64/12/11,120,106,100,100,106,122,141,160,178,190,192,188,182,177,172,170,171,175,178,182,184,180,172,158
MA17,64/12/12,144,130,118,112,112,119,134,148,162,175,181,184,180,172,165,159,154,150,150,153,156,158,157,153
MA17,64/12/13,143,133,123,115,110,113,119,129,142,155,168,176,177,174,166,160,148,140,137,135,140,146,155,159
MA17,64/12/14,159,156,149,137,130,124,123,127,139,151,165,176,183,184,180,170,154,138,126,120,122,129,142,155
MA17,64/12/15,165,172,170,164,155,145,138,134,139,150,162,176,190,197,195,185,168,146,123,109,103,106,118,134
MA17,64/12/16,155,170,178,178,170,158,145,134,130,134,144,158,174,186,190,184,168,144,116,093,076,074,084,104
MA17,64/12/17,127,152,173,185,185,178,166,154,142,140,146,159,175,190,202,206,196,175,144,116,090,077,077,094
MA17,64/12/18,120,150,180,202,212,212,204,190,176,166,163,171,187,203,219,226,220,200,170,132,096,072,061,066
MA17,64/12/19,084,114,147,179,199,207,207,195,180,163,154,154,165,180,198,211,213,204,179,143,106,074,049,040
MA17,64/12/20,052,076,106,142,175,195,203,201,190,174,160,152,154,168,186,202,211,210,194,167,132,095,066,042
MA17,64/12/21,036,051,076,110,146,178,194,200,196,184,172,158,156,163,177,193,206,213,207,189,163,127,092,062
MA17,64/12/22,048,048,065,095,127,160,182,194,196,187,174,165,157,154,162,172,186,198,200,194,180,156,121,090
MA17,64/12/23,066,054,056,072,096,124,152,172,185,186,178,166,156,150,151,158,168,180,188,189,183,170,146,120
MA17,64/12/24,096,078,072,077,093,116,123,168,183,189,187,178,166,158,156,154,159,168,175,180,182,178,163,145
MA17,64/12/25,126,108,098,094,100,113,134,153,172,183,186,181,172,162,153,149,147,150,156,161,168,168,165,156
MA17,64/12/26,144,130,117,109,106,113,124,140,158,176,182,179,173,164,155,147,140,138,138,144,150,157,160,160
MA17,64/12/27,155,148,139,130,124,126,134,145,158,174,183,184,183,175,166,154,143,133,129,127,134,142,151,160
MA17,64/12/28,164,165,162,154,148,144,143,150,160,172,181,188,191,187,179,165,150,134,122,116,118,125,136,148
MA17,64/12/29,160,170,173,168,163,158,154,152,156,161,171,181,188,190,188,177,163,144,125,110,103,104,112,124
MA17,64/12/30,141,158,171,175,174,169,162,156,154,158,164,173,182,190,194,189,176,157,134,114,102,098,102,116
MA17,64/12/31,134,155,174,185,189,186,179,171,164,162,165,172,183,194,201,200,187,170,145,120,100,089,091,099
