0161,08/01/01,207,199,190,184,182,187,197,212,224,236,240,236,227,215,201,188,177,172,169,170,176,183,190,195
0161,08/01/02,198,197,194,190,188,187,192,200,211,221,228,229,224,214,202,187,173,160,151,148,151,158,168,179
0161,08/01/03,188,195,200,200,197,194,194,197,203,211,219,223,223,218,211,199,183,167,152,142,138,142,153,166
0161,08/01/04,181,194,204,210,211,208,204,200,201,204,212,218,222,221,216,206,191,172,152,133,123,122,129,144
0161,08/01/05,163,181,197,209,217,218,213,206,201,200,204,210,219,224,225,220,209,189,167,142,125,115,116,130
0161,08/01/06,148,170,193,210,222,225,222,215,206,199,198,203,212,221,230,229,220,204,180,153,128,111,106,113
0161,08/01/07,130,152,178,202,219,229,231,224,214,203,195,196,205,218,229,236,232,219,197,169,140,116,103,102
0161,08/01/08,115,137,167,196,217,234,241,237,226,213,203,198,201,213,228,241,245,239,220,192,160,130,108,099
0161,08/01/09,103,122,149,178,207,230,241,240,230,218,202,192,191,201,216,233,244,245,232,206,177,141,113,094
0161,08/01/10,092,104,126,155,185,211,228,233,228,214,198,183,177,182,197,214,230,237,233,214,188,155,124,099
0161,08/01/11,088,091,110,138,167,197,220,229,228,218,201,184,173,172,183,200,218,234,238,229,210,182,151,123
0161,08/01/12,106,101,111,132,160,188,216,233,238,233,219,201,181,173,175,188,205,223,234,233,221,201,175,148
0161,08/01/13,125,111,113,126,148,174,202,221,231,230,219,202,184,169,165,172,186,203,218,225,223,211,192,168
0161,08/01/14,145,128,122,129,144,167,191,210,222,224,216,201,181,161,149,148,158,172,189,201,208,205,195,179
0161,08/01/15,162,146,136,136,146,164,185,203,219,226,223,210,194,174,156,148,148,155,166,179,192,200,202,197
0161,08/01/16,187,177,167,161,164,175,191,206,220,229,230,223,210,191,172,156,147,145,150,160,172,183,192,197
0161,08/01/17,198,195,190,185,183,186,195,204,214,221,225,222,213,199,180,162,145,133,127,128,136,150,164,178
0161,08/01/18,188,195,198,199,198,196,197,202,208,215,221,223,220,213,199,180,160,140,124,113,112,120,134,152
0161,08/01/19,170,188,201,208,210,210,205,202,202,204,208,213,216,216,209,197,179,155,128,107,093,092,101,119
0161,08/01/20,144,168,192,208,217,220,218,211,205,203,205,210,217,224,228,222,208,185,157,128,105,091,090,104
0161,08/01/21,125,155,185,210,225,235,233,226,216,207,202,202,211,223,233,238,233,215,188,154,123,096,084,085
0161,08/01/22,102,129,160,191,217,233,236,230,218,204,193,191,198,212,229,243,247,239,216,185,148,115,093,085
0161,08/01/23,092,115,146,180,211,233,243,241,229,213,199,190,193,205,222,241,256,258,245,219,186,152,119,101
0161,08/01/24,097,113,139,172,207,236,252,255,245,227,208,194,188,194,208,226,246,255,251,232,205,170,135,108
0161,08/01/25,096,100,119,147,178,207,228,236,231,217,197,179,166,165,177,197,218,235,242,236,218,192,161,131
0161,08/01/26,111,106,114,135,166,195,220,232,232,219,201,178,163,156,161,177,197,218,232,234,223,205,180,155
0161,08/01/27,133,121,125,142,166,194,218,235,237,228,210,189,169,158,155,164,182,201,217,225,222,209,193,172
0161,08/01/28,154,141,138,147,166,188,210,226,233,228,213,193,173,157,150,152,165,180,196,208,213,211,202,189
0161,08/01/29,176,165,160,164,177,196,217,234,243,244,231,213,194,176,164,160,162,174,187,198,205,209,207,199
0161,08/01/30,191,184,179,178,185,197,212,225,234,237,231,218,201,184,170,162,160,163,171,180,189,196,200,201
0161,08/01/31,198,195,191,190,193,200,210,219,225,228,227,219,207,192,176,163,154,148,147,149,156,165,174,182
0161,08/02/01,187,191,193,194,196,199,204,210,216,219,220,217,209,198,187,173,161,150,141,137,139,145,155,165
0161,08/02/02,177,187,195,200,203,201,200,200,203,206,209,210,207,203,195,184,171,154,140,128,123,125,134,148
0161,08/02/03,165,181,195,206,212,213,210,205,203,203,206,210,214,216,215,209,198,181,161,142,126,118,122,133
0161,08/02/04,152,175,197,213,222,223,219,212,204,199,197,201,208,215,220,219,210,193,170,145,123,110,105,114
0161,08/02/05,133,159,185,207,222,229,225,216,205,193,188,190,197,210,221,227,224,210,185,157,126,105,094,096
0161,08/02/06,111,135,165,194,216,227,229,220,207,191,177,177,184,200,216,231,237,230,212,184,152,121,102,095
0161,08/02/07,105,125,157,188,217,235,240,232,217,198,182,175,179,192,212,231,245,245,232,206,173,138,110,094
0161,08/02/08,095,111,138,170,201,225,236,233,218,198,177,163,160,171,191,214,234,243,238,216,186,150,118,096
0161,08/02/09,090,096,118,147,181,208,226,229,219,197,173,152,143,147,165,189,216,236,243,233,212,183,152,124
0161,08/02/10,109,109,126,150,182,211,232,239,231,212,186,162,144,138,148,168,194,220,233,235,219,194,165,137
0161,08/02/11,119,115,125,144,169,197,221,233,232,216,192,166,144,133,135,149,173,201,221,232,230,216,195,173
0161,08/02/12,155,146,149,161,182,207,231,246,248,238,218,194,169,150,142,147,164,185,206,223,230,228,216,199
0161,08/02/13,181,167,162,168,181,200,219,233,239,234,217,195,171,147,132,126,131,144,163,181,195,202,203,197
0161,08/02/14,190,182,178,180,189,200,215,228,236,236,226,210,190,168,148,136,130,133,144,157,171,183,191,195
0161,08/02/15,196,194,192,192,196,202,211,220,227,230,225,215,203,187,167,150,137,129,127,134,144,156,169,180
0161,08/02/16,189,195,200,203,206,207,211,214,217,219,220,217,212,201,187,171,153,137,124,117,117,126,140,158
0161,08/02/17,175,190,202,211,214,214,212,209,207,205,206,210,212,212,205,193,176,157,135,115,104,102,110,127
0161,08/02/18,149,173,193,208,214,216,212,204,196,191,191,195,202,210,215,212,201,179,154,126,105,092,093,105
0161,08/02/19,128,156,183,205,219,222,218,207,195,185,181,185,195,209,222,229,226,210,185,154,122,100,092,097
0161,08/02/20,116,143,175,203,223,233,230,219,202,187,176,176,185,201,222,239,247,242,222,192,158,125,105,098
0161,08/02/21,109,132,162,194,220,233,232,220,200,178,162,154,160,175,196,218,235,239,226,202,168,134,107,094
0161,08/02/22,096,116,145,177,206,227,232,224,204,181,160,147,145,159,180,206,230,244,244,228,200,165,136,116
0161,08/02/23,110,122,147,178,210,235,247,246,230,206,182,164,156,161,177,204,230,245,252,245,226,198,166,140
0161,08/02/24,125,127,143,170,200,224,238,239,226,204,176,151,133,130,143,163,191,215,228,231,220,198,171,146
0161,08/02/25,128,124,135,157,182,207,224,230,221,200,173,147,128,120,126,144,168,191,210,219,217,202,184,165
0161,08/02/26,149,144,151,165,189,214,233,242,237,220,196,170,150,139,138,149,168,190,212,227,234,231,221,208
0161,08/02/27,193,183,181,189,205,223,238,246,244,230,210,187,164,146,138,140,150,165,182,196,203,203,198,188
0161,08/02/28,179,173,173,177,188,202,217,226,229,221,205,186,165,148,137,133,138,147,159,172,183,190,192,191
0161,08/02/29,187,183,182,186,193,203,214,223,226,223,215,200,185,170,158,150,148,152,158,166,175,182,190,195
0161,08/03/01,199,201,202,204,208,212,218,223,225,224,218,211,201,189,176,163,153,147,145,145,150,157,166,176
0161,08/03/02,185,193,199,204,206,207,208,208,208,208,206,203,199,193,186,173,161,150,142,137,136,141,150,163
0161,08/03/03,179,194,206,215,220,219,216,211,208,207,207,210,212,213,210,202,190,174,158,142,131,129,137,151
0161,08/03/04,171,191,209,221,227,226,220,211,202,197,196,201,209,217,222,219,209,192,170,148,130,120,121,135
0161,08/03/05,155,180,204,222,233,233,225,212,198,186,183,187,197,211,222,228,224,209,184,155,127,110,104,112
0161,08/03/06,131,157,185,208,223,227,221,205,186,169,161,163,176,194,214,229,235,224,203,172,143,116,103,104
0161,08/03/07,120,145,176,205,227,237,231,215,191,169,154,150,160,180,206,229,243,243,226,198,163,130,107,099
0161,08/03/08,108,129,159,192,217,233,234,219,196,166,143,130,133,150,176,207,232,245,241,220,189,153,124,107
0161,08/03/09,107,122,149,180,210,231,236,224,200,170,140,118,114,125,149,181,213,238,245,236,214,185,156,134
0161,08/03/10,125,134,155,183,213,235,249,243,223,191,159,132,116,119,137,167,198,226,243,245,232,209,182,159
0161,08/03/11,143,144,156,177,203,227,243,243,228,200,167,134,112,103,112,132,162,192,217,230,230,216,198,178
0161,08/03/12,163,158,164,179,198,218,234,239,229,209,181,147,119,101,096,107,126,152,176,195,204,204,195,183
0161,08/03/13,172,164,165,174,188,206,220,227,225,212,190,163,138,116,104,102,112,129,151,172,187,195,197,194
0161,08/03/14,188,183,184,189,198,210,222,230,232,224,209,190,168,147,132,123,123,130,143,158,175,188,196,202
0161,08/03/15,203,203,203,205,209,214,219,223,225,222,215,203,188,170,153,139,128,123,124,130,142,154,169,179
0161,08/03/16,190,197,202,205,207,209,211,212,212,212,211,208,203,195,184,171,156,143,134,129,132,140,152,168
0161,08/03/17,186,199,211,215,216,212,208,202,198,197,197,201,203,204,201,191,176,157,139,125,117,118,128,145
0161,08/03/18,166,187,203,213,216,211,202,192,183,178,180,186,196,205,211,210,200,180,157,134,117,108,112,127
0161,08/03/19,148,174,196,213,220,217,205,190,176,165,164,170,183,200,215,224,223,210,187,160,134,119,115,124
0161,08/03/20,145,171,198,220,230,230,219,202,181,164,155,157,170,191,211,229,237,232,214,187,159,133,119,121
0161,08/03/21,138,162,190,216,232,237,227,207,182,160,145,142,153,176,202,226,244,247,235,214,186,158,140,133
0161,08/03/22,143,164,192,220,240,249,244,225,201,173,152,143,147,167,193,221,245,257,254,237,212,183,161,150
0161,08/03/23,152,171,194,219,239,249,247,231,206,177,151,133,131,144,167,194,220,239,245,238,220,197,173,157
0161,08/03/24,153,163,183,207,230,245,247,233,212,183,156,136,127,133,152,179,204,228,240,240,229,209,189,172
0161,08/03/25,162,167,181,202,224,240,245,239,220,194,164,138,123,123,135,157,186,212,228,236,232,219,201,186
0161,08/03/26,175,175,184,199,219,236,244,243,227,204,177,151,132,123,129,145,167,191,213,225,229,222,210,197
0161,08/03/27,186,182,186,197,211,226,236,237,227,208,183,159,137,123,121,130,145,165,185,201,211,213,206,197
0161,08/03/28,190,186,187,195,207,220,230,234,229,215,197,173,154,138,130,132,140,153,167,180,192,200,200,197
0161,08/03/29,192,187,186,189,196,205,213,218,216,210,196,180,161,144,132,127,130,137,147,159,171,181,187,193
0161,08/03/30,195,196,195,196,201,205,210,215,215,211,203,193,182,167,153,145,140,140,143,150,160,172,183,193
0161,08/03/31,202,209,213,215,216,217,217,219,219,219,218,213,205,196,187,176,166,159,154,154,158,167,180,194
0161,08/04/01,207,217,224,226,225,221,216,212,210,209,209,213,215,213,206,197,185,169,156,146,142,147,158,174
0161,08/04/02,191,207,219,224,222,215,203,193,184,181,185,192,201,210,212,208,197,180,162,146,136,134,143,160
0161,08/04/03,182,206,224,235,236,227,211,195,182,175,177,187,202,217,229,232,226,211,189,165,147,134,135,149
0161,08/04/04,170,197,219,236,241,233,215,193,172,155,151,160,177,200,221,237,241,231,211,186,159,139,132,136
0161,08/04/05,154,180,207,228,241,238,220,194,163,139,126,128,146,171,200,224,240,240,225,200,172,145,129,127
0161,08/04/06,141,164,192,218,235,237,223,197,164,130,108,103,114,140,173,207,232,243,239,222,196,169,146,137
0161,08/04/07,141,161,186,213,234,244,237,214,181,143,111,097,099,119,149,185,218,243,251,246,228,207,184,169
0161,08/04/08,167,179,200,225,251,264,263,245,213,176,140,112,100,107,130,161,196,226,245,246,238,222,200,183
0161,08/04/09,175,179,190,211,231,247,250,241,218,186,148,115,095,092,104,132,164,197,223,237,240,232,219,205
0161,08/04/10,196,195,202,217,236,251,258,255,240,213,183,149,124,109,111,123,149,176,203,224,237,240,233,223
0161,08/04/11,215,211,214,222,234,247,256,257,248,229,204,174,149,126,116,116,127,146,166,186,204,213,216,213
0161,08/04/12,209,205,204,208,214,223,230,233,230,222,206,186,163,141,124,117,116,124,136,153,170,185,195,201
0161,08/04/13,204,204,202,202,203,206,210,214,214,210,203,193,178,162,146,132,123,121,125,135,148,164,178,191
0161,08/04/14,201,207,210,209,205,203,202,203,205,207,208,207,203,195,184,170,156,144,138,137,143,155,170,185
0161,08/04/15,199,209,214,213,208,201,193,188,185,187,191,197,202,204,201,192,179,163,148,139,138,144,156,172
0161,08/04/16,191,206,216,219,214,202,190,180,173,172,176,185,197,208,214,213,204,189,172,157,146,144,151,165
0161,08/04/17,184,203,218,226,224,213,198,180,165,157,159,168,184,201,216,225,224,213,196,175,158,149,150,163
0161,08/04/18,182,203,224,237,239,230,214,190,170,159,156,162,181,205,226,241,248,243,229,208,188,173,165,170
0161,08/04/19,186,206,227,241,246,237,220,195,169,146,138,142,159,181,206,226,241,244,235,215,194,174,163,163
0161,08/04/20,176,196,218,236,244,240,224,199,169,143,126,125,137,160,189,217,239,250,249,237,219,200,185,181
0161,08/04/21,189,204,225,245,258,258,247,224,196,165,144,133,138,155,182,212,238,255,261,254,239,221,201,188
0161,08/04/22,186,196,213,232,248,253,246,226,199,165,139,122,120,130,155,184,213,236,250,249,240,224,207,193
0161,08/04/23,188,193,206,224,240,251,248,234,208,178,148,124,114,118,134,159,186,213,231,237,234,223,208,194
0161,08/04/24,187,190,199,215,231,243,246,236,218,190,161,136,118,113,123,142,166,193,216,229,234,229,219,206
0161,08/04/25,197,194,198,208,222,233,240,235,221,198,172,146,124,113,115,126,148,168,189,205,213,214,209,200
0161,08/04/26,192,187,187,194,204,214,223,224,216,200,179,157,136,123,120,124,137,156,176,193,207,215,216,211
0161,08/04/27,205,200,199,202,208,216,223,226,222,211,197,176,157,139,130,129,134,147,162,177,191,202,207,207
0161,08/04/28,205,202,198,197,199,203,208,211,211,207,197,184,168,153,140,133,131,136,144,156,169,184,194,201
0161,08/04/29,203,203,201,198,194,192,191,192,194,195,192,187,179,169,158,147,139,135,136,144,154,168,181,194
0161,08/04/30,203,209,207,203,196,188,182,179,180,183,189,192,192,189,181,170,157,146,139,138,144,155,169,184
0161,08/05/01,200,209,213,209,200,188,174,166,162,166,173,184,193,199,199,192,179,165,150,141,139,145,159,177
0161,08/05/02,195,211,220,220,211,195,176,158,148,146,154,168,187,203,213,215,207,193,174,158,148,148,155,172
0161,08/05/03,194,215,229,233,226,210,185,158,139,131,134,150,172,196,217,229,229,218,201,180,162,153,154,165
0161,08/05/04,186,208,227,236,234,217,190,159,128,111,107,119,143,174,202,226,237,237,225,206,186,170,163,167
0161,08/05/05,184,206,227,242,245,233,209,177,143,112,097,098,117,148,182,217,241,252,251,238,218,199,187,184
0161,08/05/06,192,209,228,243,251,245,226,195,157,117,092,081,086,108,142,179,212,236,247,244,230,214,198,188
0161,08/05/07,190,202,220,237,251,253,243,220,185,147,114,092,085,096,122,157,192,224,245,252,248,236,221,207
0161,08/05/08,201,205,216,230,245,253,250,237,207,172,137,105,088,087,100,128,162,194,221,237,243,238,228,216
0161,08/05/09,206,204,210,220,233,243,247,240,222,195,163,130,104,091,093,107,131,160,188,211,224,228,223,215
0161,08/05/10,206,199,200,206,217,227,235,236,227,210,187,161,132,112,104,106,121,142,166,189,207,218,221,218
0161,08/05/11,213,206,203,204,210,218,225,229,228,220,206,187,164,143,127,120,123,134,150,170,188,205,215,218
0161,08/05/12,215,209,203,199,199,200,204,208,211,210,207,199,185,170,154,143,139,143,151,165,181,198,210,218
0161,08/05/13,221,220,213,207,200,197,196,197,199,203,207,208,205,197,185,173,162,156,155,162,173,188,200,213
0161,08/05/14,220,221,217,208,197,188,182,180,181,186,192,200,205,208,206,199,188,176,168,168,172,182,196,210
0161,08/05/15,221,226,224,218,205,189,175,165,161,165,173,185,199,210,216,215,208,197,185,177,176,181,192,205
0161,08/05/16,220,229,233,228,216,199,181,163,153,151,157,171,189,206,221,227,226,218,204,191,183,183,190,201
0161,08/05/17,217,232,239,239,228,210,188,167,150,144,147,159,177,200,221,234,241,236,226,212,200,192,194,201
0161,08/05/18,215,229,240,245,239,224,202,175,152,136,133,141,157,180,206,227,240,243,236,223,208,197,192,196
0161,08/05/19,205,219,234,244,243,232,213,187,159,134,124,126,140,163,191,217,236,247,246,238,225,211,202,201
0161,08/05/20,209,223,240,255,262,261,251,230,203,178,156,148,152,171,195,221,246,262,266,259,243,227,212,204
0161,08/05/21,204,214,227,242,252,250,235,212,182,152,130,118,118,133,157,185,212,233,244,245,236,223,209,199
0161,08/05/22,196,202,214,230,241,246,239,221,195,165,137,120,114,122,141,166,194,217,233,240,237,227,214,202
0161,08/05/23,196,199,208,220,233,241,240,226,203,175,147,125,114,114,127,147,172,198,217,230,232,228,216,206
0161,08/05/24,199,198,204,214,226,235,238,231,215,192,167,143,127,121,125,140,161,185,207,225,234,237,232,223
0161,08/05/25,214,209,211,218,228,240,248,249,241,225,204,182,163,150,146,152,166,183,204,223,237,243,241,233
0161,08/05/26,225,216,213,214,220,228,236,240,237,227,210,189,168,153,146,147,156,171,189,209,224,234,237,233
0161,08/05/27,226,217,209,206,207,212,219,225,227,224,214,201,185,168,156,149,150,158,172,188,203,216,225,227
0161,08/05/28,224,216,207,199,195,195,199,205,210,212,213,207,197,184,171,162,155,155,163,175,190,205,218,226
0161,08/05/29,230,226,217,206,195,188,186,190,196,203,211,216,216,211,201,191,181,174,173,178,190,204,219,231
0161,08/05/30,237,237,229,215,198,182,171,167,170,180,192,204,214,219,217,207,195,183,176,174,180,191,207,223
0161,08/05/31,234,239,236,223,205,184,165,153,149,154,169,187,206,221,229,230,220,208,196,187,185,191,202,218
0161,08/06/01,231,241,243,235,216,192,165,142,129,126,135,154,179,203,222,232,234,227,215,201,190,187,191,202
0161,08/06/02,217,230,237,234,221,199,167,136,111,099,100,115,139,169,197,218,230,232,224,212,199,189,187,195
0161,08/06/03,207,224,237,242,234,217,188,153,120,097,088,093,113,141,174,207,229,243,244,236,222,208,199,199
0161,08/06/04,207,220,237,248,248,237,213,179,140,106,085,079,088,112,145,181,214,237,250,251,242,231,217,209
0161,08/06/05,210,219,234,249,258,257,243,216,179,142,111,092,087,098,123,155,192,223,244,255,256,246,233,222
0161,08/06/06,216,219,230,244,258,265,261,245,219,184,149,121,105,103,115,141,171,203,230,249,256,252,241,228
0161,08/06/07,217,212,216,227,240,251,255,249,231,202,169,139,116,105,108,125,150,178,206,226,240,244,237,226
0161,08/06/08,214,207,205,210,220,233,242,246,239,222,197,168,143,126,120,127,142,165,190,213,228,236,236,228
0161,08/06/09,215,205,199,199,204,213,223,231,233,226,211,191,169,149,138,136,144,157,176,199,217,229,232,229
0161,08/06/10,218,206,196,189,188,193,200,209,215,216,212,201,187,170,156,148,150,157,171,190,207,220,228,227
0161,08/06/11,220,210,198,187,182,182,185,191,199,207,210,209,205,195,184,173,168,170,178,190,205,219,229,233
0161,08/06/12,230,221,208,194,182,174,173,175,181,188,196,202,205,204,200,192,184,179,181,188,199,212,224,231
0161,08/06/13,231,226,215,200,183,168,158,155,158,165,177,188,198,205,209,208,203,196,191,191,197,206,216,226
0161,08/06/14,231,231,223,209,192,174,158,148,143,147,157,171,188,202,212,216,214,208,201,195,192,197,204,213
0161,08/06/15,222,226,223,213,197,178,157,139,128,125,132,148,166,185,203,213,219,217,211,204,197,195,200,209
0161,08/06/16,219,228,230,226,212,194,170,147,129,120,121,132,151,174,198,215,226,229,225,216,205,199,198,202
0161,08/06/17,212,222,230,231,223,206,183,155,130,112,107,113,130,154,179,202,218,228,228,220,210,200,193,193
0161,08/06/18,202,214,225,232,230,218,195,168,140,115,102,101,113,136,164,190,213,228,232,228,217,205,196,191
0161,08/06/19,196,208,220,231,236,230,213,188,157,129,110,100,107,123,151,180,207,225,234,235,227,215,204,196
0161,08/06/20,197,205,216,229,238,238,227,205,178,146,122,106,101,112,135,161,190,213,230,235,232,221,208,196
0161,08/06/21,192,196,207,221,233,241,237,221,198,167,139,116,106,109,125,149,177,202,222,233,235,226,214,202
0161,08/06/22,193,194,203,216,230,241,245,238,219,192,163,138,122,117,125,147,173,199,224,241,248,245,233,217
0161,08/06/23,205,199,202,212,225,239,247,246,234,214,187,160,137,127,128,140,161,186,210,229,241,241,234,222
0161,08/06/24,208,197,194,198,209,222,234,241,239,229,209,187,165,151,146,150,164,184,206,227,242,249,246,235
0161,08/06/25,219,206,197,194,198,208,219,229,233,229,218,201,184,167,158,155,161,174,192,210,228,238,240,234
0161,08/06/26,220,205,191,182,181,186,196,208,218,221,220,212,199,186,173,166,166,173,186,202,220,233,239,238
0161,08/06/27,228,213,196,182,173,170,174,183,194,205,212,215,212,206,195,186,181,180,187,196,209,222,232,235
0161,08/06/28,231,219,202,182,165,154,149,152,161,175,187,200,208,209,206,200,193,188,188,193,202,214,226,233
0161,08/06/29,234,230,216,196,174,154,140,135,138,151,168,188,205,219,228,232,227,220,216,213,216,224,234,243
0161,08/06/30,250,250,242,226,202,176,151,132,124,127,141,161,184,206,229,234,237,232,224,215,211,211,218,226
0161,08/07/01,235,242,242,233,213,189,159,129,109,101,106,123,150,178,205,227,240,244,240,231,222,216,215,220
0161,08/07/02,230,240,247,247,236,216,186,152,122,101,091,097,118,147,179,210,231,244,246,238,227,216,209,209
0161,08/07/03,216,229,241,248,247,234,208,174,137,106,087,082,090,114,147,182,211,233,244,242,230,215,203,199
0161,08/07/04,202,213,229,243,252,251,237,209,172,135,104,087,086,100,127,161,197,224,240,245,239,224,209,196
0161,08/07/05,191,198,211,228,243,252,248,230,202,166,131,103,089,091,113,136,169,202,226,238,239,229,213,196
0161,08/07/06,186,185,194,209,227,241,248,242,222,191,161,129,105,098,105,125,155,187,214,232,237,232,218,199
0161,08/07/07,184,177,178,188,205,222,235,238,231,212,186,157,131,117,116,129,153,182,208,228,237,236,226,206
0161,08/07/08,188,175,171,175,187,203,218,229,230,223,207,186,164,145,138,142,156,178,201,221,234,238,231,216
0161,08/07/09,198,181,170,166,171,183,197,210,219,220,213,200,184,169,159,157,165,179,198,217,230,238,237,225
0161,08/07/10,209,192,177,167,164,169,179,191,201,208,210,207,199,189,180,175,177,184,196,212,227,236,238,233
0161,08/07/11,220,205,187,173,163,161,164,172,183,193,201,205,206,203,199,195,193,197,203,214,226,235,240,238
0161,08/07/12,230,218,202,186,172,163,159,161,167,177,188,199,206,211,213,212,209,208,209,214,220,228,235,238
0161,08/07/13,235,227,213,197,182,166,155,150,150,158,169,182,196,207,215,219,219,217,214,213,215,221,226,232
0161,08/07/14,234,232,224,211,195,177,160,146,138,140,147,162,180,197,212,223,228,228,223,217,213,214,218,225
0161,08/07/15,231,234,232,225,210,192,169,150,136,130,133,144,162,185,206,223,233,236,232,223,215,211,212,216
0161,08/07/16,224,232,238,236,226,208,187,161,139,128,124,133,151,173,197,219,235,243,243,235,224,216,211,213
0161,08/07/17,221,232,241,245,242,228,207,180,155,135,123,124,135,158,183,210,231,245,250,243,231,218,208,205
0161,08/07/18,211,223,235,246,249,243,226,202,171,144,123,119,126,146,170,199,223,242,250,248,236,221,207,199
0161,08/07/19,201,211,224,239,248,249,237,215,183,154,128,114,117,131,155,183,210,233,244,246,238,222,206,194
0161,08/07/20,191,198,211,228,242,250,247,230,201,170,141,123,115,122,142,170,198,224,239,245,241,227,211,194
0161,08/07/21,186,188,197,213,233,246,251,243,223,194,165,140,127,126,138,159,186,215,236,247,246,236,217,197
0161,08/07/22,183,179,184,197,215,233,245,246,234,212,184,157,137,131,138,155,176,202,226,242,247,241,226,206
0161,08/07/23,184,173,172,181,198,217,233,243,241,228,208,183,163,150,149,160,178,201,224,241,250,248,236,216
0161,08/07/24,193,177,168,168,180,197,217,231,237,235,222,203,185,171,165,171,183,201,222,239,250,251,242,225
0161,08/07/25,203,183,168,163,165,178,193,210,222,228,225,217,204,192,183,183,191,203,216,232,244,250,247,236
0161,08/07/26,217,196,176,160,154,159,169,184,197,210,217,218,215,208,201,200,202,208,218,229,239,246,247,240
0161,08/07/27,227,207,187,167,153,148,148,156,168,182,195,206,213,216,216,215,213,214,217,225,231,237,242,241
0161,08/07/28,234,222,204,182,163,149,140,141,148,158,174,189,207,221,230,236,237,236,234,233,234,238,242,244
0161,08/07/29,243,239,228,211,191,169,150,138,132,135,147,164,184,205,224,236,242,243,238,233,229,229,232,238
0161,08/07/30,245,249,248,238,220,198,175,154,138,126,129,141,163,187,213,235,250,255,252,244,236,229,224,227
0161,08/07/31,235,245,252,255,245,226,198,170,143,121,111,115,133,159,189,217,239,250,252,244,232,220,212,211
0161,08/08/01,217,231,246,257,261,252,229,198,165,136,118,109,117,137,168,198,225,245,252,248,236,221,208,200
0161,08/08/02,202,214,232,250,262,265,253,230,195,163,136,118,117,130,157,187,218,242,254,255,242,226,210,197
0161,08/08/03,193,199,215,236,253,266,265,248,221,188,159,135,125,132,151,179,210,237,255,259,249,232,213,198
0161,08/08/04,186,187,197,217,238,256,265,261,244,216,189,163,145,140,151,173,201,229,247,257,250,236,213,193
0161,08/08/05,178,172,177,193,212,233,249,253,244,225,201,177,159,150,156,171,195,221,243,254,254,240,219,196
0161,08/08/06,181,171,169,181,196,216,233,245,246,237,220,200,182,172,170,181,198,220,240,254,256,247,230,207
0161,08/08/07,188,174,167,169,180,196,213,227,234,232,225,211,198,188,184,187,199,215,234,247,255,251,237,217
0161,08/08/08,196,178,168,165,170,179,193,206,217,223,222,216,207,200,196,196,203,216,228,241,247,248,239,223
0161,08/08/09,207,189,175,168,165,169,178,189,198,207,210,211,211,208,205,204,207,213,221,230,237,240,236,226
0161,08/08/10,212,195,180,168,160,158,160,166,175,184,194,200,204,208,209,210,213,215,219,225,230,234,235,230
0161,08/08/11,222,209,196,182,170,160,155,154,158,165,176,188,198,208,215,219,221,221,220,220,222,224,225,226
0161,08/08/12,223,218,208,195,181,166,154,146,143,146,157,170,184,199,213,223,228,227,222,218,215,215,217,221
0161,08/08/13,224,225,221,212,199,182,165,150,140,136,142,155,173,193,211,225,233,233,229,221,213,209,209,214
0161,08/08/14,221,228,231,228,217,200,179,158,141,132,133,144,161,182,206,226,238,244,239,228,217,209,207,210
0161,08/08/15,219,230,239,243,240,225,202,178,154,135,129,133,149,172,198,222,241,251,250,238,223,211,203,205
0161,08/08/16,212,225,241,252,255,248,227,200,172,147,134,130,140,162,188,219,239,255,257,247,231,214,199,193
0161,08/08/17,199,213,231,248,258,257,244,218,187,154,132,118,122,140,166,196,223,241,249,242,225,202,184,173
0161,08/08/18,173,186,206,228,245,255,249,232,203,170,143,126,122,135,160,188,217,238,249,248,234,212,188,171
0161,08/08/19,165,172,189,212,235,252,257,250,230,202,173,152,141,144,161,186,213,240,254,257,245,224,199,177
0161,08/08/20,164,162,172,193,217,239,253,253,239,216,189,165,151,149,159,179,205,231,251,257,250,231,202,172
0161,08/08/21,154,147,153,169,194,218,237,246,242,229,206,184,167,159,163,178,200,225,244,255,252,237,209,182
0161,08/08/22,156,140,136,144,162,186,210,226,234,230,217,201,187,180,179,188,204,224,242,253,256,248,230,206
0161,08/08/23,181,161,151,148,156,172,192,211,226,234,234,226,216,207,202,204,212,224,238,249,254,250,237,219
0161,08/08/24,198,177,159,148,146,151,164,180,196,208,216,220,220,217,214,214,217,223,231,239,244,245,239,227
0161,08/08/25,210,192,173,158,146,142,145,154,166,182,191,202,210,215,218,220,221,224,227,231,235,237,236,231
0161,08/08/26,221,208,193,177,160,146,138,135,140,152,166,182,198,212,222,226,229,228,226,224,224,227,229,230
0161,08/08/27,230,226,217,204,186,167,148,134,127,131,143,162,184,205,226,240,247,246,241,233,227,224,226,231
0161,08/08/28,237,242,243,236,221,200,173,150,133,125,127,142,164,189,214,235,247,250,245,233,222,213,210,214
0161,08/08/29,224,236,246,249,242,225,198,169,143,124,117,124,143,169,199,222,240,245,240,227,210,197,189,191
0161,08/08/30,201,217,235,248,250,242,222,193,162,134,119,116,129,154,184,213,235,245,242,229,210,190,178,176
0161,08/08/31,184,199,221,242,255,257,245,220,189,158,134,124,129,148,175,203,231,247,247,237,219,195,177,165
0161,08/09/01,167,180,201,224,246,258,256,242,214,183,158,141,137,150,173,201,227,246,252,245,225,200,176,160
0161,08/09/02,154,161,179,204,229,247,255,250,231,203,179,160,150,156,175,199,225,245,256,251,234,211,184,162
0161,08/09/03,152,153,166,187,212,234,249,252,241,223,201,180,170,168,181,200,223,243,256,255,241,219,193,168
0161,08/09/04,152,146,151,168,190,212,229,239,237,225,208,193,180,174,180,195,214,232,244,247,239,219,195,170
0161,08/09/05,153,143,142,152,169,189,207,219,223,219,208,196,186,181,184,193,206,222,234,240,236,223,203,182
0161,08/09/06,162,147,141,143,154,168,186,201,210,215,214,209,200,195,194,199,208,219,229,237,238,230,215,198
0161,08/09/07,181,164,152,148,152,160,170,183,194,203,207,209,208,207,208,210,215,221,228,234,237,234,225,212
0161,08/09/08,199,185,173,162,159,160,165,174,184,194,201,208,213,217,219,220,222,225,227,230,232,231,227,220
0161,08/09/09,210,198,187,174,164,157,155,158,164,172,183,193,204,212,218,222,223,222,221,220,220,221,219,217
0161,08/09/10,212,206,198,187,175,163,154,148,147,153,161,176,190,205,218,225,227,226,220,216,213,210,211,213
0161,08/09/11,216,217,214,207,195,179,164,151,144,144,152,166,185,204,221,234,239,237,230,221,213,210,210,215
0161,08/09/12,223,230,235,234,225,208,189,168,152,146,147,159,179,202,224,241,250,248,238,222,209,200,197,202
0161,08/09/13,212,225,237,241,237,224,202,178,155,139,133,141,158,180,207,228,241,243,235,218,199,185,178,181
0161,08/09/14,191,209,226,239,242,235,218,192,165,141,128,128,142,164,191,218,238,246,239,222,200,178,165,163
0161,08/09/15,174,193,215,236,248,249,237,214,184,156,136,131,138,158,185,212,236,248,245,230,206,181,161,152
0161,08/09/16,158,175,201,227,250,259,256,240,211,182,157,144,144,159,182,210,235,252,255,243,220,191,162,144
0161,08/09/17,142,153,176,205,233,253,259,252,230,201,176,157,151,160,178,204,229,247,254,244,223,192,163,138
0161,08/09/18,127,132,150,178,208,234,250,252,240,220,196,176,165,166,180,201,225,245,255,250,233,204,174,146
0161,08/09/19,125,122,132,154,183,210,234,248,247,238,220,201,187,182,189,205,225,244,255,256,244,221,193,166
0161,08/09/20,143,130,131,143,165,188,210,230,239,238,230,217,206,199,202,212,226,242,254,258,254,239,216,187
0161,08/09/21,161,140,131,132,145,164,187,209,226,236,237,234,227,222,220,222,230,239,249,256,255,246,230,209
0161,08/09/22,186,165,152,145,145,154,167,184,200,212,220,225,227,224,222,223,228,234,240,244,245,242,234,221
0161,08/09/23,206,188,172,157,148,146,150,159,172,186,199,212,222,231,236,240,240,240,238,238,242,239,237,233
0161,08/09/24,225,213,198,182,167,155,147,146,150,161,174,190,204,218,229,234,233,228,223,218,214,214,216,219
0161,08/09/25,222,221,216,206,191,173,158,147,143,147,157,173,193,212,229,239,241,238,228,218,211,208,211,216
0161,08/09/26,229,238,243,241,231,213,191,171,156,151,156,168,188,211,232,247,251,245,232,216,200,189,187,192
0161,08/09/27,205,219,230,235,230,211,186,161,139,128,129,142,162,187,212,229,237,234,220,201,182,170,166,172
0161,08/09/28,187,207,227,242,248,242,223,197,170,147,136,139,155,178,203,224,237,237,223,203,180,160,149,148
0161,08/09/29,160,179,203,226,241,244,236,214,187,163,146,141,151,171,196,219,238,243,233,212,187,161,143,136
0161,08/09/30,144,163,188,214,236,246,245,231,208,182,162,151,155,171,193,217,237,246,242,225,198,171,149,134
0161,08/10/01,134,149,172,198,227,247,255,249,233,212,190,176,174,183,202,225,244,255,254,238,213,183,158,141
0161,08/10/02,132,139,158,182,208,232,245,247,237,222,202,187,180,185,198,218,237,250,252,241,218,190,164,143
0161,08/10/03,131,131,142,162,186,212,229,238,235,225,211,197,188,188,197,212,230,244,249,243,227,203,178,155
0161,08/10/04,139,133,137,153,172,196,216,228,232,228,220,210,202,199,203,214,227,240,247,246,235,215,192,169
0161,08/10/05,152,142,139,146,160,177,195,211,219,221,217,211,204,201,203,209,220,230,238,239,235,221,202,184
0161,08/10/06,168,157,150,151,159,172,188,203,214,220,223,222,219,217,219,223,230,236,242,244,241,232,219,202
0161,08/10/07,187,174,165,160,159,164,173,184,194,204,210,214,217,217,218,220,223,225,227,229,228,223,217,207
0161,08/10/08,196,186,175,167,161,160,162,168,178,189,201,210,216,220,221,221,220,217,216,215,214,214,212,211
0161,08/10/09,205,199,190,180,169,162,157,156,159,169,180,195,208,219,226,228,225,219,213,208,205,206,209,213
0161,08/10/10,215,213,207,196,183,170,160,154,153,160,170,186,202,218,230,235,233,224,213,202,195,193,199,207
0161,08/10/11,216,224,227,223,212,198,182,169,161,160,166,181,200,218,234,242,241,231,214,197,183,177,180,189
0161,08/10/12,204,219,228,229,220,204,183,163,149,142,146,159,180,203,221,234,235,227,209,189,170,159,159,168
0161,08/10/13,186,207,226,238,240,231,213,191,169,155,151,156,174,196,219,237,244,237,216,192,168,148,137,143
0161,08/10/14,161,185,211,234,245,245,233,211,187,166,153,152,165,185,210,231,244,242,227,202,175,147,129,123
0161,08/10/15,136,160,190,220,243,252,249,234,211,188,169,160,166,182,204,227,246,251,239,214,183,151,122,107
0161,08/10/16,110,129,159,193,224,245,251,245,228,206,185,172,172,183,201,225,244,251,247,227,197,166,134,110
0161,08/10/17,100,108,130,162,195,225,244,249,243,228,207,190,183,187,200,218,237,250,251,238,216,186,153,122
0161,08/10/18,102,099,111,136,165,198,223,239,241,235,222,207,197,196,202,215,232,243,249,244,227,201,172,144
0161,08/10/19,119,105,107,120,142,169,196,217,228,230,225,218,210,206,209,217,230,239,246,245,237,218,196,171
0161,08/10/20,145,127,118,121,134,154,177,198,214,224,229,229,225,221,220,223,230,237,241,244,242,232,218,198
0161,08/10/21,177,156,142,133,134,143,158,176,193,209,219,226,229,229,226,224,224,224,227,229,230,227,220,210
0161,08/10/22,197,182,167,152,143,140,144,154,168,185,198,210,218,223,225,223,219,215,212,211,211,214,215,214
0161,08/10/23,211,204,193,179,165,154,147,149,157,172,186,203,215,225,231,232,227,216,207,200,197,200,206,212
0161,08/10/24,217,218,216,208,197,183,170,162,162,171,184,202,221,235,243,245,240,230,214,203,195,192,197,206
0161,08/10/25,217,228,233,232,222,207,189,174,164,163,171,184,205,221,232,237,233,220,203,187,175,168,171,182
0161,08/10/26,199,218,232,240,237,228,211,193,178,169,172,184,202,222,239,246,243,232,214,192,173,160,156,164
0161,08/10/27,181,201,224,239,243,239,223,205,188,177,174,182,197,216,235,247,247,235,214,188,165,150,144,149
0161,08/10/28,166,188,212,235,249,251,242,225,207,190,184,186,197,216,236,251,259,251,234,207,180,158,144,141
0161,08/10/29,153,174,201,229,252,264,265,255,238,218,204,199,206,220,239,258,270,268,253,230,198,168,144,133
0161,08/10/30,136,154,178,208,234,252,259,254,240,223,207,198,199,209,225,244,259,262,253,233,204,172,146,127
0161,08/10/31,124,135,158,185,214,238,252,255,247,233,216,202,198,204,216,234,251,258,255,241,216,184,159,138
0161,08/11/01,128,133,150,174,202,226,246,253,251,241,228,213,205,206,214,227,242,251,250,238,215,189,162,142
0161,08/11/02,128,127,138,158,181,206,227,242,245,240,230,220,211,209,214,224,238,249,252,245,228,207,181,157
0161,08/11/03,139,130,134,146,165,187,208,224,234,235,229,220,213,210,213,220,230,241,247,245,236,218,196,173
0161,08/11/04,153,140,135,141,153,169,188,204,216,221,222,218,213,208,207,209,215,221,226,227,221,211,196,178
0161,08/11/05,161,147,139,136,141,153,168,183,198,209,215,217,215,212,209,208,209,213,217,220,220,216,206,194
0161,08/11/06,181,167,156,150,148,152,162,175,188,201,211,217,221,220,217,214,210,207,206,206,208,209,207,204
0161,08/11/07,196,187,177,166,161,159,162,169,180,192,206,216,224,227,224,218,211,203,198,195,195,197,202,204
0161,08/11/08,205,202,194,184,174,165,160,160,167,178,190,203,214,223,226,221,211,199,188,180,176,179,189,200
0161,08/11/09,209,214,214,205,193,181,169,162,162,169,181,196,212,226,233,230,219,201,183,167,159,159,169,184
0161,08/11/10,200,213,222,222,214,200,185,172,164,165,176,192,208,223,234,236,225,205,180,158,143,136,144,161
0161,08/11/11,181,204,223,233,234,223,206,191,176,168,171,183,201,221,238,246,238,215,187,157,133,120,120,133
0161,08/11/12,157,187,216,236,248,248,236,219,202,186,182,188,203,223,242,255,254,239,210,176,142,118,108,114
0161,08/11/13,135,166,199,230,251,259,255,241,222,205,194,192,201,217,236,252,259,252,229,194,156,123,099,095
0161,08/11/14,106,133,167,201,233,253,261,256,240,222,208,200,203,215,232,249,260,261,246,217,179,143,110,092
0161,08/11/15,091,106,135,170,204,231,249,255,249,236,221,211,207,214,226,242,257,264,260,241,212,177,143,115
0161,08/11/16,102,104,120,148,181,214,241,255,258,251,240,229,222,222,228,240,254,264,267,259,238,209,177,146
0161,08/11/17,121,111,114,131,157,185,214,235,247,249,242,233,225,221,223,232,244,254,260,259,247,228,202,176
0161,08/11/18,151,132,126,130,147,169,194,216,233,242,243,238,232,227,225,228,234,242,248,252,249,239,224,203
0161,08/11/19,179,158,145,138,142,155,172,193,211,223,230,231,227,221,216,214,215,217,222,225,227,226,219,207
0161,08/11/20,191,173,158,147,143,147,157,171,188,204,214,220,219,214,208,202,197,195,196,199,203,206,210,210
0161,08/11/21,205,196,185,174,166,163,166,176,189,203,216,227,231,231,225,214,204,195,188,186,186,191,197,204
0161,08/11/22,207,205,198,189,178,168,163,163,171,183,197,209,217,220,216,207,194,181,170,163,163,169,180,192
0161,08/11/23,204,213,219,217,210,199,190,185,185,191,201,216,228,237,238,232,217,199,179,163,154,153,161,174
0161,08/11/24,191,207,218,223,220,212,202,192,187,188,195,207,221,234,240,236,224,205,182,163,149,146,151,167
0161,08/11/25,187,207,227,238,243,239,229,217,206,199,202,210,222,235,244,245,237,221,196,171,150,137,135,146
0161,08/11/26,164,188,210,230,242,244,237,226,213,203,200,205,215,229,242,248,245,230,207,177,149,128,120,126
0161,08/11/27,142,166,192,218,237,245,246,236,225,213,205,206,214,227,241,254,257,247,227,198,168,143,126,124
0161,08/11/28,136,158,187,217,241,260,270,267,256,242,233,230,234,247,261,272,278,274,258,230,196,167,142,130
0161,08/11/29,129,143,166,191,216,237,249,251,243,230,218,211,211,220,235,250,262,264,254,233,205,175,150,133
0161,08/11/30,128,137,157,182,210,235,251,258,254,242,229,218,212,215,225,237,247,251,245,226,201,172,145,123
0161,08/12/01,114,117,132,153,178,203,223,234,236,228,217,206,199,199,207,220,233,243,244,235,215,191,164,141
0161,08/12/02,125,120,127,143,166,191,214,231,238,236,230,220,211,208,211,220,232,242,248,244,233,215,191,168
0161,08/12/03,149,138,136,147,165,187,208,226,238,243,239,231,222,216,214,218,227,236,242,243,237,224,205,185
0161,08/12/04,164,152,142,149,160,176,195,214,229,239,240,236,228,220,213,213,216,222,229,235,236,232,220,206
0161,08/12/05,190,176,166,163,168,180,196,213,230,244,251,251,247,240,232,225,221,222,225,232,238,241,238,228
0161,08/12/06,215,202,191,183,179,181,189,202,216,230,238,243,240,233,222,211,202,196,194,196,201,206,209,209
0161,08/12/07,204,196,186,176,170,168,171,179,192,205,217,225,227,224,215,203,189,177,170,168,172,182,192,202
0161,08/12/08,209,211,209,202,193,186,182,183,191,202,215,226,232,232,226,213,195,176,160,151,151,159,173,190
0161,08/12/09,204,216,220,220,213,203,196,190,191,197,209,220,231,237,236,225,208,184,160,142,133,135,149,168
0161,08/12/10,190,211,227,234,235,227,216,206,202,202,210,222,234,246,250,245,229,205,176,146,125,116,120,139
0161,08/12/11,163,194,219,240,249,249,241,230,221,215,216,222,234,247,258,263,256,236,206,171,140,117,111,118
0161,08/12/12,140,168,200,231,252,261,258,248,235,223,215,216,224,237,251,260,259,246,218,183,143,110,092,090
0161,08/12/13,102,128,163,197,227,248,258,255,243,230,218,213,217,228,243,258,266,263,245,215,177,138,108,092
0161,08/12/14,091,108,136,172,208,238,259,265,259,245,230,219,216,224,238,252,265,269,262,242,208,170,132,105
0161,08/12/15,093,097,117,146,181,215,242,256,259,251,237,223,214,214,222,237,252,265,269,259,237,206,170,137
0161,08/12/16,113,102,107,128,157,189,218,238,247,244,234,222,210,204,206,216,230,242,250,250,240,220,193,163
0161,08/12/17,134,118,113,121,142,168,197,221,236,242,237,224,210,200,197,202,211,223,235,242,242,234,219,197
0161,08/12/18,173,155,145,145,155,175,199,222,241,251,253,245,232,219,209,206,209,215,223,230,235,233,224,212
0161,08/12/19,193,176,162,156,159,169,186,206,223,236,239,235,224,212,200,192,187,189,194,201,207,212,214,211
0161,08/12/20,203,192,181,173,170,173,183,199,214,227,235,235,228,217,204,192,183,179,177,179,185,192,201,206
0161,08/12/21,209,207,201,194,187,186,189,198,210,221,230,234,233,225,213,199,185,174,166,164,168,175,186,197
0161,08/12/22,207,213,215,214,210,206,205,208,213,221,230,238,239,236,226,211,194,176,159,149,143,145,153,167
0161,08/12/23,180,194,203,209,208,204,201,198,200,206,214,224,230,235,233,224,208,190,170,153,142,139,145,159
0161,08/12/24,177,196,213,223,228,226,221,214,209,207,211,218,227,233,235,230,216,197,174,150,133,125,127,139
0161,08/12/25,158,181,203,220,232,237,234,225,217,211,213,219,228,239,248,249,243,227,204,176,154,135,131,137
0161,08/12/26,152,174,198,216,231,238,239,231,219,208,201,202,209,221,233,240,238,225,203,174,146,121,106,105
0161,08/12/27,117,137,165,194,217,231,237,234,224,213,204,201,204,216,230,243,248,242,224,199,168,138,117,107
0161,08/12/28,111,129,153,182,210,233,245,245,238,224,211,203,204,212,225,240,251,253,241,219,189,157,131,114
0161,08/12/29,110,120,143,169,200,223,240,245,239,227,212,201,197,203,215,231,246,252,248,231,207,176,147,123
0161,08/12/30,113,117,134,159,188,216,238,247,246,236,222,207,199,201,210,226,242,255,257,248,227,200,171,146
0161,08/12/31,129,125,133,152,177,204,226,240,242,235,222,207,193,190,195,207,223,239,248,246,233,212,187,161
